0 0.482031 0.606771 0.076563 0.132292
0 0.157031 0.606250 0.080469 0.113542
0 0.334375 0.604688 0.087500 0.107292
0 0.224414 0.713542 0.079297 0.111458
1 0.607422 0.729688 0.084375 0.116667
0 0.870898 0.737240 0.082422 0.113021
0 0.218750 0.739062 0.099219 0.107292
0 0.242773 0.843490 0.085547 0.118229
0 0.205078 0.180208 0.085156 0.125000
0 0.353516 0.194531 0.082031 0.114062
0 0.736523 0.264062 0.091797 0.121875
0 0.542578 0.330469 0.084375 0.115104
0 0.791797 0.342969 0.092188 0.127604
0 0.846094 0.056510 0.086719 0.105729
0 0.185938 0.474219 0.085938 0.116146
0 0.215039 0.057031 0.088672 0.105729
0 0.258398 0.481250 0.076172 0.114583
1 0.598047 0.497135 0.083594 0.098437
0 0.489063 0.525521 0.083594 0.125000
