0 0.404229 0.646766 0.050995 0.049751
0 0.556281 0.652052 0.056592 0.052861
0 0.639614 0.669154 0.059080 0.062189
0 0.351990 0.676928 0.053483 0.056592
0 0.918843 0.679415 0.069030 0.057836
0 0.488806 0.686878 0.053483 0.046642
0 0.425684 0.695585 0.045398 0.056592
0 0.894279 0.696206 0.054726 0.055348
0 0.049129 0.699627 0.052239 0.057214
0 0.409515 0.701182 0.050373 0.055348
0 0.564366 0.711754 0.064055 0.066542
0 0.847015 0.703358 0.053483 0.048507
0 0.199938 0.723259 0.060323 0.055970
0 0.791356 0.725746 0.047886 0.043532
0 0.395211 0.101057 0.054104 0.060323
0 0.344216 0.737873 0.064055 0.054104
0 0.175995 0.097015 0.055970 0.049751
0 0.743159 0.757152 0.057214 0.052861
0 0.939988 0.764925 0.059080 0.060945
0 0.147077 0.764303 0.052861 0.049751
0 0.808769 0.104478 0.062811 0.060945
0 0.047575 0.770833 0.061567 0.060323
0 0.283582 0.777052 0.048507 0.064055
0 0.356654 0.797264 0.057836 0.058458
0 0.881841 0.800373 0.048507 0.050995
0 0.331157 0.809701 0.055348 0.057214
0 0.064055 0.815299 0.057214 0.044776
0 0.727301 0.825560 0.056592 0.062811
0 0.206157 0.823072 0.051617 0.054104
1 0.938122 0.826803 0.069030 0.059080
0 0.042910 0.837065 0.058458 0.058458
0 0.036070 0.858209 0.055970 0.046020
0 0.274565 0.863806 0.060323 0.053483
0 0.884017 0.861629 0.040423 0.046642
0 0.435945 0.871269 0.050995 0.059701
0 0.859764 0.112251 0.064055 0.052861
0 0.194963 0.896144 0.050373 0.059701
0 0.744714 0.894279 0.049129 0.049751
0 0.207400 0.926306 0.054104 0.051617
0 0.577114 0.124378 0.042289 0.063433
0 0.857898 0.131530 0.052861 0.046642
0 0.108520 0.145211 0.060323 0.056592
0 0.273321 0.161692 0.070274 0.075871
0 0.801306 0.166356 0.049129 0.051617
0 0.118470 0.175684 0.055348 0.051617
0 0.525808 0.184701 0.075249 0.069652
0 0.457711 0.182214 0.054726 0.057214
0 0.767413 0.207400 0.068408 0.057836
0 0.431592 0.046953 0.058458 0.056592
0 0.953980 0.245025 0.041045 0.074627
0 0.052239 0.235386 0.049751 0.055348
0 0.067475 0.243781 0.046642 0.064677
0 0.131219 0.239428 0.049751 0.052239
0 0.499378 0.049751 0.055970 0.055970
0 0.716729 0.247823 0.049129 0.054104
0 0.935012 0.257463 0.059080 0.058458
0 0.472015 0.262438 0.060945 0.067164
0 0.791356 0.046331 0.044154 0.046642
0 0.974813 0.273943 0.045398 0.041667
0 0.694341 0.282027 0.052861 0.051617
0 0.420087 0.308769 0.051617 0.052861
0 0.482587 0.315920 0.057214 0.054726
0 0.544465 0.056592 0.062811 0.054726
0 0.033582 0.323694 0.064677 0.060323
0 0.428172 0.328358 0.055348 0.052239
0 0.947761 0.338619 0.050995 0.052861
0 0.899565 0.346082 0.056592 0.060323
0 0.517102 0.343284 0.052861 0.052239
0 0.196517 0.349813 0.059701 0.054104
0 0.692164 0.350124 0.062189 0.053483
0 0.365672 0.350746 0.055970 0.053483
0 0.164179 0.363184 0.058458 0.065920
0 0.120958 0.366294 0.061567 0.063433
0 0.953358 0.361007 0.042289 0.051617
0 0.573072 0.379042 0.057836 0.059080
0 0.747201 0.383396 0.046642 0.059080
0 0.725124 0.386816 0.050995 0.050995
0 0.500311 0.399565 0.052861 0.054104
0 0.928172 0.397388 0.057836 0.043532
0 0.216418 0.413557 0.063433 0.063433
0 0.922264 0.419465 0.054726 0.055348
0 0.628109 0.425995 0.055970 0.053483
0 0.120647 0.435323 0.053483 0.052239
0 0.804415 0.432836 0.049129 0.046020
0 0.551928 0.442164 0.066542 0.054726
0 0.062811 0.445585 0.054726 0.055348
0 0.852301 0.449005 0.052861 0.054726
0 0.478856 0.465174 0.058458 0.064677
0 0.848570 0.486007 0.052861 0.050373
0 0.736629 0.486007 0.046642 0.049129
0 0.109142 0.499689 0.071517 0.059080
0 0.530162 0.501244 0.057836 0.059701
0 0.827114 0.515236 0.055970 0.050373
0 0.801306 0.520833 0.044154 0.054104
0 0.185012 0.519279 0.057836 0.049751
0 0.111007 0.078047 0.060323 0.056592
0 0.180037 0.538246 0.057836 0.066542
0 0.312500 0.545087 0.061567 0.057836
0 0.498445 0.546642 0.050373 0.049751
1 0.079913 0.561256 0.069030 0.061567
0 0.519590 0.561878 0.050373 0.054104
1 0.095771 0.584888 0.037313 0.074005
0 0.546020 0.586443 0.057214 0.053483
0 0.747512 0.085821 0.054726 0.053483
0 0.913246 0.645833 0.062811 0.061567
