0 0.421020 0.651430 0.077114 0.056592
0 0.808769 0.651741 0.059080 0.048507
0 0.869714 0.666356 0.062811 0.065299
0 0.758396 0.669154 0.057836 0.057214
0 0.094527 0.679415 0.073383 0.076493
0 0.697761 0.690920 0.067164 0.065920
0 0.330224 0.687189 0.072139 0.058458
0 0.194963 0.708333 0.080224 0.062189
0 0.407960 0.714241 0.073383 0.070274
0 0.299751 0.715174 0.063433 0.063433
0 0.599192 0.714863 0.065299 0.062811
0 0.825871 0.717351 0.069652 0.065299
0 0.033582 0.741604 0.063433 0.072761
0 0.694963 0.750311 0.050373 0.064055
0 0.894279 0.108209 0.068408 0.072139
0 0.262749 0.760261 0.071517 0.067786
0 0.093905 0.774565 0.079602 0.087687
0 0.387127 0.769590 0.074005 0.070274
0 0.881530 0.768968 0.060323 0.055348
0 0.512749 0.786692 0.077736 0.090796
0 0.739739 0.779229 0.064055 0.064677
0 0.956468 0.776430 0.074627 0.054104
0 0.453047 0.792910 0.077736 0.085821
0 0.813433 0.782338 0.068408 0.062189
0 0.580224 0.793221 0.068408 0.081468
0 0.061256 0.110075 0.062811 0.067164
0 0.050373 0.807525 0.078358 0.076493
0 0.351057 0.798507 0.075249 0.053483
0 0.793221 0.109764 0.059080 0.061567
0 0.830535 0.819341 0.059080 0.056592
0 0.923507 0.833333 0.072139 0.067164
0 0.587065 0.828980 0.073383 0.058458
0 0.364117 0.836132 0.075249 0.070274
0 0.717973 0.837065 0.055348 0.060945
0 0.248756 0.112562 0.055970 0.059701
0 0.796642 0.863184 0.063433 0.057214
0 0.643657 0.888371 0.069652 0.075249
0 0.449316 0.894900 0.076493 0.073383
0 0.864428 0.904229 0.067164 0.069652
0 0.350124 0.121580 0.068408 0.067786
0 0.722015 0.914801 0.077114 0.074627
0 0.280162 0.917289 0.083955 0.077114
0 0.133396 0.914490 0.077736 0.065299
0 0.193097 0.927550 0.077736 0.077736
0 0.065609 0.921642 0.070274 0.063433
0 0.788868 0.942475 0.075249 0.074005
0 0.902052 0.954602 0.095149 0.084577
0 0.071206 0.951182 0.056592 0.050373
0 0.416667 0.123445 0.058458 0.057836
0 0.669154 0.130286 0.062189 0.060323
0 0.452425 0.138060 0.078980 0.067164
0 0.169465 0.155162 0.061567 0.067786
0 0.198072 0.152363 0.051617 0.058458
0 0.594216 0.157027 0.062811 0.059080
0 0.101679 0.163557 0.055348 0.060945
0 0.793843 0.045087 0.066542 0.062811
0 0.862251 0.173197 0.071517 0.071517
0 0.262749 0.183147 0.062811 0.065299
0 0.447139 0.186567 0.060945 0.072139
0 0.930970 0.185323 0.058458 0.065920
0 0.636505 0.181903 0.059080 0.051617
0 0.041978 0.190609 0.061567 0.054104
0 0.611940 0.196206 0.068408 0.057836
0 0.874067 0.226368 0.061567 0.054726
0 0.411692 0.240983 0.072139 0.060323
0 0.258396 0.244403 0.060323 0.060945
0 0.862562 0.053172 0.062189 0.062811
0 0.955535 0.250000 0.061567 0.063433
0 0.797575 0.266791 0.075249 0.074627
0 0.331779 0.258706 0.060323 0.055970
0 0.574938 0.265858 0.060323 0.061567
0 0.165112 0.276119 0.072761 0.073383
0 0.632774 0.273010 0.057836 0.063433
0 0.762438 0.285759 0.072139 0.074005
0 0.488184 0.281095 0.057214 0.060945
0 0.332090 0.061878 0.069652 0.071517
0 0.895833 0.295709 0.060323 0.062811
0 0.219838 0.297886 0.061567 0.062189
0 0.354167 0.301617 0.061567 0.062189
0 0.424751 0.306281 0.064677 0.062811
0 0.951493 0.315920 0.059701 0.063433
0 0.565299 0.325871 0.068408 0.068408
0 0.317475 0.332400 0.060323 0.055348
0 0.275498 0.338308 0.065920 0.064677
0 0.779229 0.348881 0.070896 0.072139
0 0.148321 0.353856 0.074005 0.067164
0 0.361629 0.354789 0.061567 0.065299
0 0.215796 0.361940 0.070896 0.064677
0 0.715485 0.367226 0.060323 0.065299
0 0.303172 0.361629 0.072761 0.050373
0 0.925373 0.371580 0.063433 0.064055
0 0.827736 0.375622 0.069652 0.062189
0 0.415423 0.380286 0.060945 0.052861
0 0.564055 0.385883 0.065920 0.062811
0 0.261816 0.408271 0.062189 0.060323
0 0.111940 0.413868 0.063433 0.070274
0 0.632463 0.413246 0.067164 0.067786
1 0.405162 0.412002 0.069030 0.061567
0 0.717973 0.412935 0.067786 0.060945
0 0.780162 0.419776 0.072761 0.062189
0 0.198383 0.425995 0.068408 0.072139
0 0.853856 0.425995 0.065920 0.070896
0 0.690299 0.437189 0.064677 0.070896
0 0.575560 0.434701 0.071517 0.055970
0 0.794154 0.447450 0.073383 0.062811
0 0.333333 0.459266 0.063433 0.064055
0 0.254353 0.464241 0.058458 0.062811
0 0.484764 0.464552 0.064055 0.063433
0 0.556903 0.473881 0.062811 0.062189
0 0.666356 0.075560 0.069030 0.061567
0 0.951493 0.479478 0.064677 0.054726
0 0.145211 0.076803 0.059080 0.062811
0 0.079602 0.491294 0.072139 0.074627
0 0.629975 0.498134 0.064677 0.060945
0 0.142724 0.511816 0.070274 0.059701
0 0.516791 0.515236 0.057214 0.062811
0 0.434391 0.517724 0.067786 0.062811
0 0.261505 0.520522 0.067786 0.060945
0 0.111629 0.079913 0.056592 0.061567
0 0.321206 0.522077 0.061567 0.060323
0 0.229478 0.521766 0.072139 0.057214
0 0.864117 0.522699 0.057836 0.057836
0 0.577114 0.535137 0.060945 0.060323
0 0.681903 0.544465 0.064055 0.070274
0 0.425062 0.540734 0.066542 0.059080
0 0.872201 0.551617 0.066542 0.055970
0 0.382774 0.555970 0.057836 0.064677
0 0.171020 0.563433 0.060945 0.073383
1 0.266480 0.570274 0.065299 0.059701
0 0.727923 0.087065 0.074005 0.065920
0 0.968284 0.083022 0.058458 0.057836
0 0.921953 0.579291 0.065299 0.060323
0 0.507774 0.589863 0.059080 0.067786
0 0.560634 0.588930 0.061567 0.059701
0 0.774254 0.590796 0.055970 0.062189
1 0.687811 0.596393 0.062189 0.065920
0 0.859142 0.595771 0.062811 0.062189
0 0.430659 0.600746 0.066542 0.058458
0 0.614739 0.601057 0.056592 0.051617
0 0.123134 0.623756 0.062189 0.065920
0 0.319030 0.626555 0.065920 0.071517
0 0.949316 0.636816 0.059080 0.059701
0 0.648010 0.646766 0.057214 0.057214
