0 0.950810 0.559156 0.063657 0.081276
0 0.030478 0.578447 0.060185 0.109568
0 0.124807 0.577160 0.068287 0.090535
0 0.428627 0.569702 0.051698 0.066358
0 0.567708 0.586677 0.061343 0.082819
0 0.662809 0.587706 0.062500 0.082819
0 0.194830 0.602623 0.070216 0.086934
0 0.221644 0.607510 0.055941 0.084362
0 0.827160 0.041409 0.054784 0.071502
0 0.264082 0.050926 0.065972 0.090535
1 0.371721 0.101852 0.069059 0.090535
0 0.637153 0.601852 0.065972 0.070988
0 0.805170 0.635288 0.060185 0.084362
0 0.193673 0.634774 0.072531 0.074074
0 0.868248 0.652778 0.062114 0.093621
0 0.744213 0.648405 0.057099 0.077675
0 0.107253 0.652778 0.056327 0.082305
0 0.523920 0.661008 0.064815 0.092593
0 0.257716 0.658179 0.060185 0.083848
0 0.668981 0.680298 0.064815 0.088992
0 0.460841 0.682613 0.063657 0.085391
0 0.729745 0.703961 0.049769 0.075617
0 0.919946 0.713735 0.068287 0.093107
0 0.825424 0.720422 0.064429 0.086934
0 0.145833 0.728652 0.070216 0.070473
0 0.747299 0.728652 0.054012 0.069444
0 0.665123 0.742284 0.070216 0.083333
0 0.540123 0.742284 0.055556 0.073045
0 0.229552 0.751029 0.070988 0.086420
0 0.515239 0.114455 0.067515 0.083848
0 0.769869 0.782922 0.057485 0.085391
0 0.620370 0.786008 0.056327 0.080247
0 0.416474 0.804012 0.065201 0.101852
0 0.592207 0.798354 0.065586 0.079218
0 0.369406 0.803241 0.066744 0.086934
0 0.162037 0.795525 0.044753 0.069444
0 0.875000 0.814300 0.070988 0.091564
0 0.685185 0.808899 0.060185 0.074588
0 0.922454 0.819444 0.070216 0.083333
0 0.146219 0.826132 0.069444 0.082305
0 0.728009 0.822531 0.053241 0.074074
0 0.826389 0.828189 0.066358 0.083333
0 0.483218 0.844907 0.069059 0.099280
0 0.615548 0.842078 0.065201 0.085391
0 0.063465 0.851595 0.069830 0.087963
0 0.709684 0.845936 0.052855 0.071502
0 0.336420 0.860597 0.060957 0.076132
0 0.407022 0.871142 0.064043 0.096193
0 0.323495 0.885031 0.062114 0.080761
0 0.909336 0.899691 0.064043 0.082305
0 0.715856 0.898405 0.054398 0.063272
0 0.748071 0.904835 0.059414 0.075103
0 0.840471 0.901235 0.056713 0.065844
0 0.681134 0.912551 0.058256 0.079218
0 0.041088 0.920782 0.063657 0.089506
0 0.342593 0.940586 0.063272 0.084877
0 0.965856 0.946502 0.059799 0.087449
0 0.206211 0.948560 0.060571 0.089506
0 0.913387 0.135288 0.066744 0.088477
0 0.800926 0.126286 0.057870 0.068416
0 0.180941 0.144290 0.068673 0.102366
0 0.290509 0.144547 0.065586 0.090535
0 0.829668 0.141204 0.053627 0.073560
0 0.840278 0.154064 0.067901 0.095165
0 0.452546 0.150977 0.060185 0.082819
0 0.103009 0.150977 0.066358 0.072531
0 0.573688 0.172068 0.065586 0.100309
0 0.731096 0.168724 0.072531 0.093621
0 0.464699 0.052469 0.060571 0.080247
0 0.261574 0.165895 0.060185 0.079733
0 0.897184 0.183642 0.072145 0.081276
0 0.104167 0.189300 0.058642 0.080247
0 0.630980 0.189300 0.058256 0.072016
0 0.777392 0.207562 0.060957 0.081790
0 0.162037 0.212706 0.059414 0.090021
0 0.888310 0.219393 0.068287 0.085905
0 0.799190 0.223765 0.050540 0.085391
0 0.419560 0.225823 0.066744 0.088477
0 0.588542 0.230710 0.057485 0.079733
0 0.216821 0.240741 0.070216 0.087449
0 0.308063 0.249228 0.063657 0.083848
0 0.647762 0.263117 0.063272 0.087963
0 0.571373 0.262088 0.050926 0.068416
0 0.867091 0.281121 0.063657 0.094136
0 0.709684 0.301440 0.067515 0.092593
0 0.373843 0.297582 0.056327 0.083848
0 0.778742 0.302984 0.070602 0.082305
0 0.502894 0.310700 0.063657 0.091564
1 0.328318 0.311728 0.048611 0.088477
0 0.067515 0.329218 0.071759 0.099794
0 0.196566 0.338220 0.058256 0.093107
0 0.605131 0.338220 0.067515 0.086934
0 0.827353 0.067644 0.060571 0.073560
0 0.767940 0.358282 0.065201 0.095165
0 0.380980 0.344136 0.065201 0.058642
0 0.908951 0.363683 0.059414 0.090535
0 0.346836 0.078961 0.060185 0.094136
0 0.868827 0.378858 0.067901 0.082819
0 0.385031 0.377572 0.058642 0.065844
0 0.130401 0.396091 0.069444 0.090535
0 0.170139 0.393776 0.060957 0.074588
0 0.069830 0.419239 0.062500 0.093621
0 0.675733 0.419496 0.066744 0.091049
0 0.810957 0.418724 0.073302 0.084362
0 0.246914 0.417695 0.065586 0.078189
0 0.491512 0.424126 0.060185 0.085905
1 0.414545 0.427984 0.065201 0.090535
0 0.264468 0.430556 0.057485 0.088477
0 0.502122 0.450874 0.065972 0.076646
0 0.612847 0.454990 0.059028 0.071502
0 0.369985 0.489198 0.069444 0.085391
0 0.815972 0.484825 0.056327 0.067387
0 0.187307 0.512088 0.064429 0.086934
0 0.260224 0.515432 0.071373 0.086420
0 0.614969 0.522634 0.061728 0.097737
0 0.942130 0.521091 0.070216 0.088477
0 0.542631 0.518261 0.059028 0.072531
0 0.873457 0.516204 0.061728 0.066358
0 0.297261 0.525720 0.070602 0.081276
0 0.871528 0.545525 0.077932 0.093107
