0 0.274609 0.107813 0.082031 0.109375
0 0.490430 0.580729 0.092578 0.088542
0 0.805273 0.613802 0.101172 0.107813
0 0.433398 0.643490 0.080859 0.111979
0 0.763672 0.109896 0.079687 0.101042
0 0.571289 0.655208 0.081641 0.109375
0 0.632422 0.097135 0.089063 0.073438
0 0.707031 0.688281 0.092188 0.118229
0 0.763672 0.712500 0.078906 0.114583
0 0.529297 0.753125 0.086719 0.129167
0 0.924805 0.765104 0.083984 0.113542
0 0.139648 0.769010 0.083984 0.116146
1 0.459570 0.779167 0.055078 0.114583
0 0.639844 0.788802 0.085156 0.127604
0 0.789844 0.837240 0.077344 0.116146
0 0.852148 0.840885 0.078516 0.123438
0 0.047852 0.870052 0.080078 0.100521
0 0.196484 0.892708 0.071875 0.116667
0 0.650000 0.913281 0.092969 0.118229
0 0.340820 0.928646 0.083203 0.115625
1 0.933789 0.155729 0.085547 0.127083
0 0.225781 0.152865 0.082812 0.116146
0 0.686328 0.156250 0.089063 0.110417
1 0.403320 0.154948 0.099609 0.091146
0 0.515625 0.196094 0.089844 0.107813
0 0.733789 0.223958 0.091016 0.105208
0 0.394531 0.214062 0.114062 0.080208
0 0.544336 0.075000 0.079297 0.107292
0 0.283789 0.255469 0.074609 0.082812
0 0.429883 0.268229 0.094922 0.095833
1 0.949023 0.276302 0.084766 0.108854
1 0.390820 0.077344 0.087109 0.106771
0 0.704297 0.295312 0.103125 0.107292
0 0.336328 0.295833 0.092969 0.094792
0 0.251172 0.309375 0.077344 0.076042
1 0.520508 0.335677 0.083984 0.098437
0 0.051953 0.338281 0.077344 0.099479
0 0.302930 0.341146 0.087109 0.089583
0 0.763086 0.372396 0.079297 0.108333
0 0.223242 0.372917 0.087891 0.105208
0 0.576562 0.384115 0.079687 0.101562
1 0.502734 0.440885 0.075781 0.106771
0 0.581250 0.479427 0.089844 0.100521
1 0.474805 0.506510 0.108203 0.074479
0 0.094141 0.097135 0.097656 0.097396
0 0.060352 0.567708 0.075391 0.119792
