1 0.911458 0.560185 0.069059 0.085391
0 0.215664 0.574331 0.060957 0.083848
0 0.634259 0.587706 0.061728 0.092078
0 0.060957 0.599537 0.065586 0.100309
0 0.342400 0.598508 0.071373 0.096193
1 0.520062 0.602623 0.060957 0.081790
0 0.966435 0.607253 0.063272 0.079733
0 0.701003 0.615484 0.064043 0.095165
0 0.411265 0.617027 0.065586 0.095165
0 0.874035 0.616512 0.061343 0.090021
0 0.231674 0.616255 0.069830 0.083333
0 0.161844 0.616255 0.064429 0.082305
0 0.478974 0.643519 0.059799 0.082305
0 0.755787 0.640689 0.054784 0.068416
0 0.180556 0.649177 0.063272 0.085391
0 0.040123 0.058128 0.068673 0.103909
0 0.679398 0.658693 0.070216 0.077675
0 0.626350 0.657150 0.059799 0.073560
0 0.841435 0.663066 0.069444 0.081276
0 0.036458 0.679012 0.059799 0.088477
0 0.368056 0.682870 0.060957 0.092078
0 0.543403 0.684928 0.066744 0.093107
0 0.724151 0.695730 0.060957 0.099280
0 0.894290 0.678755 0.045525 0.051955
0 0.305556 0.703704 0.065586 0.092593
0 0.227623 0.708076 0.060185 0.090021
0 0.483989 0.699846 0.054398 0.070473
0 0.961613 0.713735 0.065201 0.095165
0 0.101659 0.713735 0.069059 0.086934
0 0.448110 0.717335 0.064429 0.084877
0 0.589892 0.728909 0.071759 0.091564
0 0.896412 0.727366 0.059799 0.082305
0 0.698302 0.733796 0.057099 0.080761
0 0.479167 0.730967 0.056327 0.065844
0 0.243056 0.101337 0.049383 0.061728
0 0.229360 0.743570 0.061343 0.076646
0 0.348573 0.110597 0.059028 0.079218
0 0.401042 0.757459 0.053627 0.080761
0 0.871721 0.753858 0.068287 0.060185
0 0.704475 0.772377 0.064043 0.085905
0 0.559799 0.109311 0.055556 0.072531
0 0.273148 0.782150 0.073302 0.087963
0 0.378858 0.779064 0.046296 0.077675
0 0.855517 0.783951 0.065972 0.079218
1 0.080826 0.790123 0.060571 0.084362
1 0.137731 0.120628 0.057870 0.091049
0 0.383102 0.117284 0.057099 0.083333
0 0.968364 0.798611 0.060185 0.070473
0 0.636767 0.810957 0.072917 0.093107
0 0.445409 0.800154 0.047454 0.062243
0 0.913387 0.816101 0.065972 0.081790
0 0.143326 0.821245 0.065972 0.086934
0 0.435378 0.839249 0.059028 0.079733
0 0.235918 0.852623 0.072145 0.099280
0 0.786265 0.855710 0.067130 0.088992
0 0.114776 0.858282 0.067515 0.094136
0 0.480903 0.852109 0.065972 0.072531
0 0.695409 0.852623 0.045139 0.065329
0 0.403742 0.859568 0.063657 0.077160
0 0.874228 0.869342 0.068673 0.091564
0 0.804977 0.123457 0.066744 0.081276
1 0.033758 0.876543 0.060571 0.084362
0 0.647762 0.887088 0.065586 0.084877
0 0.933449 0.911265 0.059028 0.087963
0 0.423225 0.129887 0.064815 0.085905
0 0.689622 0.909722 0.059028 0.078704
0 0.456597 0.924126 0.061343 0.094136
0 0.335069 0.924640 0.067515 0.091049
0 0.111883 0.919496 0.054784 0.073560
0 0.492091 0.131173 0.062886 0.084362
0 0.775270 0.127829 0.059028 0.077675
0 0.667438 0.132973 0.063272 0.084877
0 0.242670 0.935442 0.051698 0.055041
0 0.179205 0.951646 0.052083 0.085391
0 0.642168 0.951132 0.069059 0.080247
0 0.216049 0.949331 0.046296 0.071502
0 0.352045 0.961163 0.058256 0.077675
0 0.930556 0.158436 0.057099 0.082305
0 0.613233 0.158179 0.059028 0.078704
0 0.751350 0.171811 0.065972 0.092593
0 0.043403 0.163066 0.064429 0.074074
0 0.328897 0.051183 0.057485 0.074588
0 0.817515 0.185185 0.063272 0.092593
0 0.514082 0.173611 0.058256 0.067387
0 0.271219 0.187500 0.057870 0.072531
0 0.861883 0.192644 0.065586 0.081790
0 0.602816 0.192901 0.048997 0.063786
0 0.652778 0.200360 0.046296 0.077675
0 0.342785 0.203189 0.063657 0.080247
0 0.526427 0.199074 0.062886 0.068930
0 0.075039 0.207819 0.062114 0.080247
0 0.147762 0.216564 0.065586 0.088477
0 0.280093 0.216821 0.060957 0.084877
0 0.967978 0.225051 0.060957 0.093107
0 0.052662 0.222479 0.069830 0.077675
0 0.749807 0.056842 0.056713 0.075617
0 0.387731 0.056327 0.061728 0.074588
0 0.209298 0.236883 0.060571 0.086934
0 0.393519 0.236368 0.058642 0.084877
0 0.843557 0.240226 0.060571 0.076132
0 0.444252 0.243827 0.056713 0.076132
0 0.289352 0.238426 0.058642 0.064300
0 0.572531 0.256687 0.062500 0.091564
0 0.476659 0.262088 0.064429 0.080761
0 0.881752 0.277263 0.068287 0.093621
0 0.177855 0.294496 0.060185 0.093107
0 0.352045 0.288580 0.056713 0.068930
0 0.284529 0.311986 0.067515 0.105453
0 0.502315 0.070473 0.065586 0.087449
0 0.238619 0.313529 0.062886 0.085905
0 0.951196 0.309156 0.053627 0.068930
0 0.334491 0.314558 0.054784 0.076646
0 0.533758 0.321245 0.065201 0.083848
0 0.705633 0.322274 0.058642 0.083848
0 0.373264 0.323302 0.063657 0.083848
0 0.687693 0.334619 0.057485 0.075617
0 0.569252 0.342078 0.066744 0.088477
0 0.400463 0.337963 0.052469 0.080247
0 0.941358 0.340792 0.064815 0.080761
0 0.469907 0.360854 0.064815 0.084877
0 0.861497 0.363426 0.064815 0.090021
0 0.697724 0.354424 0.063657 0.070988
0 0.045332 0.357253 0.040509 0.056070
0 0.104167 0.374486 0.062500 0.080247
0 0.754630 0.396605 0.069444 0.091564
0 0.640818 0.403035 0.067130 0.095165
0 0.230903 0.397891 0.059799 0.081790
0 0.179398 0.406893 0.072531 0.091564
0 0.082755 0.399691 0.061343 0.075103
0 0.923804 0.412037 0.073688 0.098765
0 0.297068 0.404321 0.067901 0.083333
0 0.369985 0.423097 0.064815 0.082819
0 0.392554 0.430556 0.057485 0.079218
0 0.250965 0.443930 0.065972 0.085391
0 0.429398 0.443416 0.067130 0.081276
0 0.703511 0.451646 0.065972 0.087449
0 0.560957 0.078961 0.063272 0.075617
0 0.788966 0.479938 0.050154 0.084362
0 0.293596 0.482767 0.063272 0.086934
0 0.767361 0.481996 0.052469 0.074074
0 0.649691 0.498457 0.061728 0.089506
0 0.141590 0.498457 0.065586 0.087449
1 0.917824 0.493827 0.057099 0.075103
0 0.328125 0.507459 0.069830 0.090021
0 0.725502 0.082047 0.062886 0.070473
0 0.212191 0.513632 0.064815 0.078704
0 0.070988 0.522119 0.064815 0.086420
0 0.399498 0.528549 0.062886 0.084877
0 0.957176 0.529064 0.041667 0.071502
0 0.718364 0.552726 0.068673 0.088992
