0 0.877488 0.030162 0.070896 0.060323
0 0.428172 0.673818 0.056592 0.065299
0 0.194963 0.696206 0.055348 0.070274
0 0.632152 0.696206 0.069030 0.070274
0 0.238184 0.695274 0.058458 0.059701
0 0.708022 0.720149 0.067786 0.065920
0 0.389303 0.722326 0.062189 0.056592
0 0.576803 0.737873 0.072761 0.072761
0 0.909204 0.739117 0.059701 0.061567
0 0.139614 0.106032 0.070274 0.070274
0 0.414490 0.738495 0.062811 0.059080
0 0.951493 0.750000 0.068408 0.054726
0 0.683147 0.102612 0.060323 0.057214
0 0.153918 0.776430 0.059080 0.060323
0 0.875311 0.798197 0.080224 0.070274
0 0.474502 0.112251 0.065920 0.071517
0 0.293221 0.813433 0.064055 0.049751
0 0.710199 0.841107 0.069652 0.062811
0 0.494092 0.844838 0.066542 0.067786
0 0.805348 0.855100 0.075871 0.074627
0 0.900187 0.112562 0.066542 0.054726
0 0.555659 0.892724 0.066542 0.065299
0 0.434080 0.923197 0.075871 0.076493
0 0.587998 0.120025 0.064055 0.059701
0 0.905473 0.948694 0.075871 0.069030
0 0.664490 0.949627 0.075249 0.065920
0 0.093905 0.046331 0.070896 0.069030
0 0.871580 0.153918 0.070274 0.061567
0 0.031716 0.161692 0.060945 0.064677
0 0.668843 0.158271 0.055348 0.056592
0 0.125622 0.182214 0.063433 0.060945
0 0.651119 0.184391 0.055970 0.054104
0 0.155784 0.204602 0.059080 0.064677
0 0.463308 0.205846 0.068408 0.062189
0 0.718595 0.209266 0.054104 0.065299
0 0.757463 0.209888 0.052239 0.060323
0 0.064988 0.216418 0.065299 0.065920
0 0.244403 0.231343 0.064677 0.068408
0 0.712687 0.228856 0.054726 0.052239
0 0.386816 0.270522 0.080846 0.083333
0 0.034515 0.310634 0.062811 0.065299
0 0.488184 0.313744 0.054726 0.067786
0 0.558458 0.321517 0.055970 0.069652
0 0.103856 0.335199 0.065920 0.064677
0 0.492226 0.362562 0.045398 0.057214
0 0.199005 0.375622 0.060945 0.065920
0 0.463619 0.380908 0.042910 0.060323
0 0.426306 0.402985 0.081468 0.072139
0 0.532649 0.397077 0.050373 0.050373
0 0.504664 0.417600 0.057836 0.057836
0 0.583333 0.430970 0.063433 0.067164
0 0.089863 0.428794 0.059080 0.061567
0 0.864428 0.447450 0.069652 0.061567
0 0.094216 0.459266 0.050373 0.054104
0 0.540734 0.467040 0.057836 0.064677
0 0.607898 0.032960 0.060323 0.057214
0 0.508396 0.481032 0.051617 0.052861
0 0.190609 0.495025 0.064055 0.062189
0 0.896144 0.491604 0.057214 0.054104
0 0.956779 0.509328 0.065299 0.060945
0 0.339863 0.509639 0.056592 0.056592
1 0.429726 0.502177 0.116915 0.036692
0 0.211443 0.524876 0.068408 0.062189
0 0.393657 0.544154 0.059701 0.064677
0 0.833333 0.563433 0.074627 0.062189
0 0.038868 0.574938 0.059080 0.062811
0 0.234764 0.588619 0.062811 0.061567
0 0.556281 0.586443 0.059080 0.055970
0 0.173197 0.622201 0.069030 0.071517
1 0.435012 0.089241 0.064055 0.060323
0 0.858831 0.627177 0.063433 0.066542
0 0.054726 0.633396 0.064677 0.075249
0 0.613806 0.636816 0.065920 0.058458
0 0.704913 0.641169 0.067786 0.060945
0 0.920398 0.643346 0.070896 0.060323
0 0.305970 0.653296 0.069652 0.065299
