1 0.392701 0.138323 0.084199 0.088063
1 0.802102 0.857109 0.103656 0.105500
0 0.008754 0.082065 0.017508 0.090526
0 0.473082 0.989497 0.086656 0.017276
0 0.103748 0.674143 0.067551 0.093693
0 0.209281 0.799922 0.079000 0.093260
0 0.007691 0.674932 0.015383 0.086885
0 0.991076 0.567104 0.017480 0.089531
0 0.752980 0.224284 0.081461 0.086099
0 0.967100 0.010448 0.065801 0.019312
0 0.630334 0.895102 0.076371 0.099526
0 0.766426 0.755635 0.067680 0.095156
0 0.273154 0.991128 0.086590 0.016120
0 0.976918 0.539109 0.046164 0.099229
0 0.266199 0.008448 0.074867 0.015500
0 0.201682 0.012435 0.075512 0.022755
0 0.123039 0.030484 0.081648 0.056917
0 0.943959 0.255156 0.073223 0.111323
0 0.989963 0.139076 0.020074 0.124307
0 0.015350 0.412232 0.030699 0.091641
0 0.985879 0.634378 0.027031 0.098453
0 0.684537 0.648443 0.076652 0.102490
0 0.615043 0.019844 0.071023 0.038563
0 0.023670 0.024826 0.047340 0.044609
0 0.385734 0.611477 0.070430 0.096089
0 0.640561 0.979359 0.091668 0.041281
0 0.249074 0.186745 0.074875 0.101510
0 0.982771 0.043310 0.034457 0.074755
0 0.138424 0.952615 0.073793 0.084813
0 0.025541 0.520951 0.050129 0.118307
0 0.757891 0.054406 0.078625 0.081865
0 0.978223 0.843482 0.043555 0.099964
0 0.927523 0.683789 0.069219 0.096443
0 0.561781 0.305622 0.062898 0.098609
0 0.215918 0.080844 0.085430 0.092156
0 0.412027 0.817333 0.078047 0.095885
0 0.233508 0.786273 0.079727 0.106505
0 0.804066 0.987245 0.080711 0.024885
0 0.345762 0.542508 0.071320 0.102370
0 0.252656 0.898461 0.081422 0.120745
0 0.056896 0.019841 0.080465 0.038474
0 0.508793 0.273336 0.084102 0.133193
0 0.502254 0.543628 0.078094 0.094016
0 0.787807 0.649086 0.085715 0.105880
0 0.610521 0.103000 0.076941 0.089229
0 0.898070 0.341820 0.076578 0.094953
0 0.035830 0.788422 0.070066 0.117583
0 0.988607 0.437794 0.022785 0.117891
0 0.480225 0.969953 0.080410 0.055646
0 0.669104 0.614818 0.069684 0.091812
0 0.901234 0.016857 0.076680 0.032453
0 0.957568 0.677591 0.072441 0.099057
0 0.816168 0.032820 0.079336 0.065130
0 0.789590 0.148620 0.077867 0.095188
0 0.022502 0.963747 0.045004 0.071401
0 0.167152 0.664680 0.076391 0.090432
0 0.510268 0.037570 0.093090 0.075141
0 0.848648 0.099555 0.081656 0.083786
0 0.081199 0.622448 0.066219 0.100917
0 0.096494 0.294052 0.069152 0.088292
0 0.884525 0.978245 0.077613 0.041656
0 0.202924 0.958367 0.085902 0.081068
0 0.530711 0.936000 0.073195 0.096104
0 0.443482 0.804904 0.076254 0.100557
0 0.796486 0.769703 0.071223 0.094135
0 0.418490 0.618914 0.078332 0.089641
0 0.523768 0.083240 0.078082 0.089448
0 0.691701 0.124648 0.077059 0.129432
0 0.188932 0.722628 0.078129 0.096953
0 0.679711 0.022096 0.081383 0.044193
0 0.900939 0.382708 0.074441 0.092573
0 0.556996 0.610214 0.081883 0.100375
0 0.322973 0.026578 0.079094 0.051969
0 0.387191 0.958885 0.081945 0.082229
0 0.965266 0.242737 0.068031 0.097182
0 0.592115 0.305607 0.070426 0.088609
0 0.117357 0.064701 0.082535 0.105672
0 0.770711 0.097495 0.081023 0.093344
0 0.369736 0.814849 0.072105 0.099135
0 0.499182 0.398128 0.074527 0.094536
0 0.977291 0.966331 0.045418 0.063870
0 0.503072 0.492133 0.079629 0.093484
0 0.104758 0.893721 0.064562 0.086568
0 0.032129 0.169823 0.064258 0.097448
0 0.135637 0.863818 0.074383 0.107302
0 0.927877 0.584505 0.071723 0.095750
0 0.272119 0.067357 0.072215 0.105776
0 0.279355 0.176956 0.083328 0.097495
0 0.718773 0.966708 0.083734 0.066583
0 0.214662 0.469961 0.085168 0.108755
0 0.839602 0.728078 0.069133 0.122021
0 0.570631 0.423000 0.089879 0.124417
0 0.071090 0.467432 0.082609 0.095948
0 0.633096 0.848299 0.074465 0.102453
0 0.893543 0.740685 0.077344 0.102859
0 0.868131 0.047422 0.081434 0.088031
0 0.045479 0.084370 0.080598 0.105000
0 0.442635 0.314870 0.087324 0.101167
0 0.314217 0.563615 0.075574 0.095396
0 0.142496 0.614367 0.068641 0.099109
0 0.768459 0.265281 0.077730 0.110219
0 0.028947 0.623503 0.057895 0.100901
0 0.684355 0.404146 0.071820 0.091323
0 0.348410 0.085523 0.073750 0.101339
0 0.207193 0.561992 0.098777 0.097922
0 0.650729 0.440258 0.074926 0.082276
0 0.738238 0.450805 0.071484 0.108016
0 0.394416 0.031721 0.073293 0.063443
0 0.910963 0.790526 0.074551 0.106719
0 0.563000 0.957555 0.078953 0.083828
0 0.901730 0.498914 0.075477 0.089651
0 0.190730 0.883266 0.073336 0.088083
0 0.623701 0.148263 0.077465 0.093818
0 0.440678 0.194453 0.069941 0.098083
0 0.362684 0.901396 0.083727 0.088073
0 0.147500 0.499721 0.072141 0.095943
0 0.805670 0.428583 0.083668 0.101958
0 0.030689 0.881729 0.061379 0.098229
0 0.203316 0.122518 0.074172 0.088911
0 0.519359 0.758888 0.082008 0.093714
0 0.452264 0.097284 0.078777 0.113318
0 0.234873 0.627701 0.083480 0.067391
0 0.650625 0.530281 0.073781 0.100656
0 0.452893 0.390891 0.069496 0.084833
0 0.299100 0.771313 0.079246 0.101490
0 0.073525 0.191542 0.076879 0.104677
0 0.123787 0.341630 0.083090 0.098958
0 0.881055 0.873070 0.073531 0.112224
0 0.243869 0.273247 0.084996 0.103318
0 0.499098 0.855047 0.075219 0.102958
0 0.139650 0.764987 0.074082 0.104891
0 0.050990 0.705326 0.080301 0.107016
0 0.251805 0.380029 0.074812 0.094047
0 0.091400 0.797966 0.054371 0.098057
0 0.180611 0.294599 0.074105 0.094073
0 0.630385 0.360258 0.062668 0.099859
0 0.133523 0.253997 0.076961 0.090620
0 0.292590 0.408042 0.073469 0.090010
0 0.976941 0.752146 0.045937 0.093948
0 0.944330 0.148130 0.074980 0.105708
0 0.389516 0.243531 0.070586 0.098823
0 0.878717 0.259047 0.075395 0.107542
0 0.822387 0.247185 0.079742 0.091891
0 0.595910 0.523073 0.073148 0.111615
0 0.708131 0.492536 0.074301 0.106187
0 0.067023 0.967182 0.073258 0.065635
0 0.023346 0.334000 0.045910 0.093094
0 0.568400 0.856719 0.080371 0.114156
0 0.775682 0.942945 0.085051 0.111859
0 0.967758 0.339120 0.064484 0.089135
0 0.189449 0.367214 0.070906 0.093583
0 0.308887 0.682990 0.074766 0.092969
0 0.682990 0.228458 0.074691 0.089417
0 0.841654 0.929167 0.072887 0.094396
0 0.328830 0.248096 0.062301 0.098693
0 0.132775 0.158852 0.072152 0.091484
0 0.343771 0.399625 0.078590 0.109865
0 0.843537 0.458128 0.069910 0.091474
0 0.615725 0.647203 0.070918 0.102719
0 0.558465 0.180378 0.079453 0.110505
0 0.309096 0.952813 0.079332 0.091073
0 0.828395 0.340091 0.073695 0.106766
0 0.116266 0.417617 0.077031 0.087307
0 0.757664 0.360159 0.073867 0.117401
0 0.430131 0.461503 0.077168 0.090380
0 0.823723 0.542526 0.079844 0.112698
0 0.368045 0.726190 0.081473 0.100328
0 0.757416 0.557081 0.074855 0.091297
0 0.566291 0.701932 0.074746 0.093760
0 0.239432 0.694609 0.080168 0.093937
0 0.279252 0.490914 0.073590 0.093807
0 0.495273 0.155195 0.069781 0.090766
0 0.943229 0.436346 0.071387 0.091005
0 0.617156 0.229630 0.077531 0.099229
0 0.685393 0.725839 0.079246 0.099708
0 0.430959 0.540310 0.088184 0.099911
0 0.848254 0.171682 0.081180 0.082740
0 0.485688 0.658354 0.077406 0.102667
0 0.420096 0.685896 0.073637 0.093479
0 0.311586 0.869393 0.072742 0.100047
0 0.697133 0.890966 0.074664 0.104276
0 0.370889 0.321130 0.076223 0.088802
0 0.282543 0.309464 0.079094 0.091635
0 0.681936 0.317315 0.072121 0.100734
0 0.034133 0.254169 0.068266 0.103255
