0 0.023921 0.032215 0.047268 0.063060
0 0.012258 0.108079 0.023979 0.117843
0 0.276007 0.010572 0.068435 0.021134
0 0.559132 0.988773 0.056768 0.018213
0 0.836538 0.033069 0.055039 0.064917
0 0.869629 0.987634 0.061982 0.020926
0 0.408704 0.016678 0.061690 0.031486
0 0.869100 0.783558 0.081232 0.149097
0 0.699055 0.984701 0.063896 0.026579
0 0.925250 0.973440 0.065406 0.050917
0 0.565930 0.400819 0.068948 0.103917
0 0.192728 0.018183 0.081690 0.034440
0 0.288831 0.927505 0.080708 0.132315
0 0.979652 0.231921 0.040482 0.107056
0 0.402249 0.973965 0.050008 0.049847
0 0.019095 0.965829 0.038190 0.068343
0 0.309509 0.965197 0.070414 0.069153
0 0.026908 0.184081 0.053773 0.104847
0 0.599844 0.057028 0.059500 0.113093
0 0.873318 0.197995 0.057089 0.107852
0 0.487482 0.033102 0.059062 0.065278
0 0.103391 0.974794 0.074427 0.048856
0 0.886223 0.042523 0.064341 0.084111
0 0.976223 0.329275 0.047544 0.106968
0 0.748719 0.032387 0.057234 0.064708
0 0.391392 0.861655 0.073221 0.121671
0 0.770358 0.963755 0.076326 0.070815
0 0.351746 0.916035 0.054456 0.124995
0 0.844111 0.239572 0.065362 0.125468
0 0.418917 0.361604 0.056021 0.113301
0 0.177814 0.970933 0.059049 0.056134
0 0.797117 0.047803 0.051078 0.093579
0 0.379676 0.334572 0.063930 0.127468
0 0.958790 0.163597 0.073206 0.128167
0 0.697383 0.043336 0.060792 0.084949
0 0.350837 0.032947 0.069794 0.065366
0 0.111870 0.038428 0.071490 0.076782
0 0.975762 0.948299 0.048477 0.101912
0 0.931242 0.880345 0.059630 0.127440
0 0.543236 0.656644 0.076805 0.103528
0 0.574163 0.238421 0.065221 0.120352
0 0.159445 0.569563 0.061266 0.106634
0 0.972400 0.067090 0.055201 0.103051
0 0.173776 0.392333 0.075516 0.139361
0 0.442362 0.069472 0.070031 0.133222
0 0.183922 0.235613 0.069188 0.105514
0 0.586228 0.501500 0.056763 0.115898
0 0.424352 0.255444 0.055870 0.110130
0 0.737206 0.730972 0.076344 0.133343
0 0.316105 0.213762 0.067789 0.114838
0 0.170227 0.890454 0.065271 0.138667
0 0.223128 0.591185 0.065198 0.103352
0 0.376818 0.219435 0.062589 0.129306
0 0.115990 0.890498 0.063630 0.128495
0 0.319849 0.696944 0.064089 0.109083
0 0.869400 0.916454 0.065133 0.113278
0 0.789835 0.871729 0.068940 0.128644
0 0.476848 0.283826 0.059138 0.104606
0 0.127052 0.473683 0.063453 0.116032
0 0.223629 0.934222 0.056648 0.122009
0 0.559456 0.791852 0.069068 0.113741
0 0.447406 0.951322 0.062885 0.096745
0 0.251855 0.205750 0.064721 0.111287
0 0.485487 0.393016 0.066224 0.126662
0 0.264781 0.844063 0.067734 0.129162
0 0.524102 0.483750 0.069656 0.109083
0 0.155960 0.123637 0.079336 0.125847
0 0.819564 0.325123 0.073305 0.122995
0 0.214999 0.501933 0.086732 0.102921
0 0.663202 0.117912 0.073826 0.124806
0 0.500637 0.109757 0.065721 0.119208
0 0.836158 0.115567 0.072669 0.126588
0 0.540647 0.568338 0.076383 0.094889
0 0.349499 0.120863 0.059878 0.106273
0 0.719878 0.222954 0.062000 0.108315
0 0.543592 0.055725 0.060529 0.110625
0 0.254868 0.411398 0.075997 0.130824
0 0.404374 0.108613 0.062357 0.120236
0 0.245091 0.303556 0.071349 0.101685
0 0.472163 0.872690 0.060034 0.098537
0 0.605322 0.165280 0.059951 0.105995
0 0.644969 0.801167 0.066609 0.124361
0 0.288986 0.078519 0.072195 0.116472
0 0.534174 0.322567 0.056969 0.092088
0 0.454542 0.181204 0.066083 0.104731
0 0.785095 0.222556 0.065133 0.118630
0 0.751574 0.315549 0.062237 0.120514
0 0.603007 0.338039 0.079664 0.118903
0 0.120077 0.330426 0.063539 0.122444
0 0.514582 0.223181 0.064685 0.120111
0 0.694319 0.353201 0.062977 0.112356
0 0.514362 0.945394 0.067318 0.107565
0 0.211530 0.820458 0.061529 0.131019
0 0.747174 0.120579 0.069745 0.117481
