0 0.990605 0.707208 0.018789 0.082729
0 0.788687 0.950656 0.073375 0.096573
0 0.470412 0.749992 0.074684 0.103307
0 0.326533 0.862990 0.077168 0.093729
0 0.079369 0.812708 0.068613 0.096042
0 0.034984 0.113570 0.067719 0.095943
0 0.664283 0.553911 0.085496 0.099865
0 0.133137 0.193870 0.086039 0.102750
0 0.152084 0.429336 0.081277 0.107911
0 0.520266 0.678789 0.072453 0.090380
0 0.406729 0.338839 0.076246 0.106219
0 0.570861 0.041188 0.071465 0.081906
0 0.945355 0.736208 0.067938 0.095688
0 0.106402 0.045161 0.070023 0.090323
0 0.870357 0.329161 0.071574 0.090104
0 0.227881 0.449263 0.082652 0.114068
0 0.966697 0.353398 0.065715 0.092839
0 0.878209 0.709021 0.072262 0.094979
0 0.190371 0.636177 0.072852 0.088812
0 0.501066 0.594276 0.081766 0.081208
0 0.250471 0.818242 0.072051 0.097016
0 0.225918 0.911893 0.069562 0.092120
0 0.971578 0.907469 0.055773 0.093771
0 0.445049 0.837737 0.076527 0.085099
0 0.322697 0.517969 0.070441 0.087021
0 0.086096 0.912422 0.081348 0.103385
0 0.113303 0.261661 0.071340 0.088594
0 0.778834 0.480737 0.086105 0.109130
0 0.394961 0.457755 0.071125 0.111344
0 0.525457 0.104656 0.066945 0.094979
0 0.081258 0.394893 0.072656 0.090714
0 0.144332 0.784388 0.070227 0.086516
0 0.858877 0.623685 0.064895 0.091255
0 0.603580 0.852984 0.085309 0.111094
0 0.257529 0.327206 0.068082 0.086734
0 0.922771 0.140878 0.070957 0.094339
0 0.802047 0.704307 0.074000 0.087688
0 0.113619 0.521091 0.080762 0.090401
0 0.239570 0.203391 0.065797 0.098760
0 0.819762 0.395823 0.076930 0.095750
0 0.555725 0.271651 0.069676 0.090677
0 0.682012 0.198297 0.070531 0.103417
0 0.687225 0.465469 0.074379 0.088771
0 0.697852 0.771453 0.066609 0.083052
0 0.540303 0.785979 0.068762 0.090990
0 0.361830 0.596354 0.071973 0.098969
0 0.406609 0.208789 0.069914 0.093568
0 0.636041 0.651792 0.090082 0.103615
0 0.969875 0.105404 0.059977 0.107922
0 0.132777 0.340440 0.067406 0.082307
0 0.196459 0.338677 0.061160 0.107240
0 0.787787 0.611286 0.078395 0.101990
0 0.626365 0.749544 0.074176 0.089047
0 0.527926 0.448419 0.075242 0.099922
0 0.879955 0.054805 0.082199 0.097401
0 0.877666 0.962854 0.066770 0.074292
0 0.211021 0.055924 0.070168 0.091328
0 0.818645 0.189529 0.070133 0.096620
0 0.316838 0.622763 0.059652 0.108130
0 0.805154 0.325057 0.068637 0.089177
0 0.415318 0.641552 0.082777 0.107646
0 0.442160 0.967406 0.071039 0.064260
0 0.635207 0.972901 0.073125 0.054198
0 0.700449 0.035294 0.066766 0.070057
0 0.477244 0.376539 0.080387 0.104859
0 0.765215 0.047141 0.070516 0.088906
0 0.705479 0.972172 0.070785 0.055656
0 0.019686 0.634909 0.039371 0.084661
0 0.918408 0.950349 0.076059 0.094385
0 0.337207 0.380120 0.069945 0.081323
0 0.951631 0.259240 0.071512 0.114646
0 0.633178 0.073177 0.070254 0.101854
0 0.968078 0.833544 0.063844 0.086026
0 0.467695 0.059609 0.082242 0.097927
0 0.020691 0.337406 0.041383 0.093333
0 0.327891 0.431818 0.065281 0.084927
0 0.042496 0.541784 0.075938 0.110224
0 0.228775 0.022508 0.064918 0.045016
0 0.024504 0.232568 0.049008 0.099354
0 0.154775 0.019109 0.061566 0.037167
0 0.021307 0.014490 0.042613 0.028646
0 0.683791 0.350711 0.079449 0.106120
0 0.380768 0.740706 0.092973 0.107828
0 0.135248 0.870474 0.079223 0.085771
0 0.877486 0.020823 0.073082 0.041646
0 0.505045 0.013211 0.083402 0.026422
0 0.379154 0.036620 0.087645 0.073240
0 0.011217 0.388245 0.021910 0.089615
0 0.699301 0.315227 0.066938 0.095047
0 0.155736 0.991201 0.077449 0.017286
0 0.767781 0.019484 0.075242 0.037500
0 0.005619 0.053602 0.010496 0.086693
0 0.003910 0.154620 0.007820 0.095042
0 0.173973 0.841531 0.061516 0.068323
