0 0.956098 0.033495 0.085820 0.066296
0 0.781895 0.039343 0.084857 0.078167
0 0.878421 0.963625 0.091273 0.072463
0 0.370862 0.044278 0.084995 0.087204
0 0.895309 0.377845 0.092711 0.130764
0 0.777323 0.947354 0.083057 0.105292
0 0.356272 0.926660 0.070201 0.146412
0 0.902076 0.554903 0.090016 0.141657
0 0.073663 0.554377 0.088107 0.138514
0 0.975573 0.806282 0.048776 0.156194
0 0.918445 0.872731 0.083422 0.136861
0 0.804164 0.333801 0.088937 0.146370
0 0.421406 0.895498 0.074318 0.156273
0 0.518061 0.943447 0.070909 0.111606
0 0.061755 0.842720 0.075932 0.133755
0 0.582783 0.208479 0.084513 0.165088
0 0.184259 0.680019 0.076607 0.113574
0 0.852794 0.090007 0.079526 0.147523
0 0.190892 0.280778 0.078107 0.139111
0 0.647380 0.899799 0.075411 0.146829
0 0.734813 0.850176 0.083417 0.151667
0 0.659350 0.599688 0.078758 0.153755
0 0.777543 0.148060 0.084466 0.138685
0 0.863730 0.251326 0.077924 0.149431
0 0.707948 0.713859 0.083828 0.144403
0 0.545180 0.072722 0.085677 0.145444
0 0.071022 0.305303 0.086753 0.151514
0 0.495688 0.470766 0.087000 0.126569
0 0.483370 0.334998 0.086766 0.160329
0 0.386656 0.320076 0.092906 0.137069
0 0.247352 0.751856 0.076354 0.141435
0 0.296479 0.084032 0.077448 0.138352
0 0.582201 0.634375 0.084948 0.156676
0 0.242747 0.884014 0.075740 0.127009
0 0.413281 0.575019 0.081906 0.123972
0 0.045264 0.974218 0.089242 0.048685
0 0.351361 0.185778 0.084648 0.146287
0 0.327495 0.705699 0.075813 0.135083
0 0.023840 0.139319 0.047659 0.131935
0 0.974263 0.526238 0.051411 0.128106
0 0.154082 0.862530 0.085852 0.148903
1 0.419124 0.714803 0.070753 0.123986
0 0.217086 0.406507 0.081042 0.142968
0 0.488857 0.695600 0.081542 0.135134
0 0.563663 0.842556 0.089169 0.149537
0 0.232152 0.974454 0.087971 0.049370
0 0.416379 0.452174 0.075409 0.125468
0 0.137355 0.966560 0.077518 0.065296
0 0.211943 0.585213 0.074203 0.124296
0 0.690447 0.984634 0.080169 0.029630
0 0.989592 0.385620 0.020815 0.136870
0 0.011142 0.013347 0.022284 0.026694
