0 0.850710 0.854963 0.079169 0.135398
1 0.776973 0.459771 0.075237 0.140356
1 0.933811 0.660148 0.080758 0.130454
1 0.238753 0.070433 0.083875 0.136764
1 0.969628 0.597944 0.059865 0.154528
1 0.501669 0.706914 0.087563 0.133255
1 0.479354 0.590743 0.076635 0.128532
1 0.162249 0.087213 0.080596 0.160648
1 0.552508 0.148352 0.083026 0.158176
1 0.367654 0.808509 0.089448 0.151537
0 0.539030 0.932664 0.098784 0.116190
0 0.114557 0.964067 0.078062 0.071301
0 0.124176 0.886734 0.099810 0.115236
0 0.040553 0.034972 0.081107 0.069574
0 0.523227 0.822831 0.098708 0.128523
0 0.155432 0.778243 0.076604 0.140634
0 0.929486 0.787933 0.088758 0.139560
0 0.080326 0.789630 0.078010 0.118463
0 0.325322 0.590190 0.091930 0.141444
0 0.522819 0.045852 0.084185 0.091130
0 0.225703 0.912104 0.082021 0.138449
0 0.442871 0.467769 0.076383 0.139861
0 0.936898 0.482218 0.093203 0.159491
0 0.973617 0.895009 0.052766 0.162111
0 0.226570 0.763667 0.066245 0.116102
0 0.192514 0.371910 0.089034 0.141486
0 0.514014 0.304044 0.085055 0.142940
0 0.294151 0.710692 0.077641 0.134431
0 0.719622 0.652532 0.080984 0.143139
0 0.045007 0.934458 0.082404 0.128065
0 0.850346 0.481037 0.084276 0.151537
0 0.408396 0.938625 0.079302 0.122444
0 0.332137 0.289440 0.074154 0.125787
0 0.365096 0.193618 0.087365 0.133255
0 0.865514 0.712150 0.078070 0.144505
0 0.283174 0.841155 0.080031 0.130412
0 0.188880 0.216657 0.082734 0.137537
0 0.334663 0.940669 0.077758 0.118662
0 0.082232 0.126361 0.091906 0.154741
0 0.789977 0.711389 0.078474 0.156667
0 0.031249 0.233241 0.062497 0.152176
0 0.812053 0.246894 0.082320 0.131778
0 0.712543 0.512655 0.077164 0.134282
0 0.145674 0.577312 0.086135 0.154282
0 0.555668 0.611569 0.082049 0.160889
0 0.635798 0.644900 0.078461 0.155690
0 0.523681 0.449206 0.087180 0.143366
0 0.434855 0.106866 0.087003 0.156917
0 0.767563 0.130002 0.090635 0.151495
0 0.227581 0.627116 0.082411 0.148333
0 0.279257 0.377542 0.081174 0.140843
0 0.085224 0.663632 0.082047 0.135616
0 0.714654 0.376382 0.092651 0.142273
0 0.262809 0.510458 0.081497 0.132583
0 0.672022 0.064671 0.079294 0.128630
0 0.640682 0.495097 0.074271 0.157509
0 0.588837 0.327303 0.073211 0.151532
0 0.350181 0.062516 0.083815 0.124606
0 0.682469 0.257019 0.081844 0.156269
0 0.621680 0.192356 0.077708 0.151750
0 0.782212 0.026692 0.091174 0.053384
0 0.006600 0.956715 0.012758 0.083356
1 0.827469 0.353928 0.088042 0.123912
0 0.981469 0.733970 0.037063 0.164977
0 0.117708 0.032329 0.088594 0.064046
0 0.622855 0.978275 0.074711 0.043449
1 0.485716 0.182498 0.068391 0.126495
0 0.016370 0.845519 0.032740 0.155426
0 0.874930 0.587204 0.105964 0.124343
0 0.294548 0.038113 0.061232 0.076227
