0 0.823069 0.177676 0.074305 0.121676
0 0.886465 0.492704 0.074102 0.136815
0 0.478094 0.652870 0.086479 0.158574
0 0.459030 0.081931 0.071982 0.121639
0 0.166577 0.565549 0.068596 0.121523
0 0.408844 0.570616 0.078349 0.131093
0 0.326596 0.653808 0.076849 0.132208
0 0.759072 0.670042 0.091664 0.174907
0 0.759324 0.235049 0.077289 0.130829
0 0.557823 0.109104 0.091437 0.147523
0 0.667387 0.166021 0.073820 0.125884
0 0.091704 0.659141 0.065716 0.113921
0 0.314461 0.524412 0.066104 0.115157
0 0.561250 0.663192 0.075036 0.136199
0 0.185805 0.699118 0.073911 0.130681
0 0.377802 0.204118 0.074380 0.128218
0 0.832331 0.876435 0.083823 0.151389
0 0.384784 0.065926 0.079182 0.129694
0 0.969217 0.489083 0.061565 0.118296
0 0.539034 0.301912 0.072177 0.129148
0 0.143018 0.445377 0.081719 0.144208
0 0.272944 0.177361 0.082060 0.134444
0 0.469178 0.220553 0.074982 0.125310
0 0.390188 0.805361 0.074125 0.132176
0 0.570689 0.825884 0.085893 0.144620
0 0.899591 0.250310 0.076844 0.131306
0 0.687760 0.300674 0.080641 0.138144
0 0.079479 0.422285 0.070865 0.126995
0 0.265589 0.345769 0.081380 0.140657
0 0.932228 0.720063 0.079711 0.134671
0 0.964861 0.138873 0.070279 0.142690
0 0.812701 0.432597 0.088844 0.143833
0 0.738523 0.466201 0.078422 0.146023
0 0.067146 0.778220 0.081682 0.137569
0 0.910371 0.011396 0.072284 0.022792
1 0.622460 0.587324 0.070753 0.130259
0 0.006654 0.220477 0.013026 0.137139
0 0.710092 0.016134 0.084966 0.032213
0 0.964262 0.022822 0.070945 0.045644
0 0.014507 0.797738 0.028982 0.129032
0 0.541415 0.024259 0.075727 0.048519
0 0.061214 0.040162 0.073385 0.079852
0 0.900682 0.102062 0.079714 0.133505
0 0.199656 0.047569 0.072974 0.093676
0 0.268501 0.050146 0.071716 0.097819
0 0.632988 0.043611 0.065951 0.085389
0 0.196632 0.178567 0.073398 0.133523
0 0.254366 0.614333 0.064242 0.155972
0 0.714076 0.589690 0.090042 0.132444
0 0.034118 0.555794 0.067758 0.113486
0 0.655276 0.680542 0.074479 0.131926
0 0.759396 0.073560 0.076047 0.147120
0 0.832155 0.057535 0.088716 0.114644
0 0.883371 0.624998 0.087872 0.131032
0 0.704379 0.762896 0.075060 0.153032
0 0.814135 0.559009 0.075453 0.117148
0 0.662132 0.491058 0.085372 0.163366
0 0.062211 0.257706 0.080688 0.141134
0 0.970746 0.926106 0.058508 0.143935
0 0.607957 0.243970 0.077565 0.154847
