0 0.963087 0.736868 0.073716 0.149375
0 0.785187 0.577109 0.095677 0.153523
0 0.365889 0.428266 0.080659 0.141329
0 0.942047 0.168917 0.082198 0.153222
0 0.033971 0.547056 0.067943 0.132333
0 0.665736 0.421250 0.093773 0.147833
0 0.642772 0.554308 0.082898 0.136338
0 0.922171 0.860778 0.076185 0.160019
0 0.297040 0.642924 0.086372 0.138440
0 0.829026 0.381488 0.080729 0.131477
0 0.719618 0.503736 0.078898 0.151704
0 0.197837 0.940833 0.080836 0.117398
0 0.533122 0.856808 0.076521 0.135838
0 0.333013 0.883238 0.084885 0.132338
0 0.486479 0.306505 0.079906 0.161870
0 0.894247 0.256856 0.086146 0.145139
0 0.771803 0.096926 0.082034 0.148509
0 0.384288 0.673627 0.094424 0.146282
0 0.714296 0.948701 0.082565 0.101810
0 0.552212 0.675951 0.087065 0.154782
0 0.078268 0.760664 0.095401 0.150051
0 0.416268 0.331958 0.076766 0.161620
0 0.463760 0.894475 0.076823 0.144032
0 0.723445 0.202914 0.087432 0.173764
0 0.110236 0.617296 0.079940 0.175685
0 0.041039 0.872211 0.076563 0.140616
0 0.584371 0.782007 0.083820 0.160931
0 0.678625 0.291877 0.084250 0.141162
0 0.297940 0.509111 0.084979 0.160222
0 0.436701 0.195722 0.084172 0.147519
0 0.782746 0.279653 0.079523 0.143028
0 0.958770 0.597315 0.081029 0.144065
0 0.361958 0.248521 0.082365 0.179449
0 0.532031 0.163600 0.087812 0.156134
0 0.865344 0.507991 0.082495 0.152056
0 0.942202 0.360528 0.086789 0.142769
0 0.332048 0.756852 0.081674 0.144093
0 0.641003 0.700822 0.088698 0.165394
0 0.661280 0.852715 0.088497 0.164634
0 0.402156 0.808528 0.076479 0.140685
0 0.832730 0.932403 0.077721 0.134676
0 0.035400 0.677727 0.070732 0.147343
0 0.614766 0.237271 0.075031 0.142088
0 0.893434 0.686935 0.082232 0.156259
0 0.927796 0.486704 0.094971 0.170259
0 0.028074 0.319123 0.056148 0.154273
0 0.011859 0.193720 0.023406 0.144023
0 0.914949 0.017556 0.076966 0.034722
0 0.472590 0.016556 0.086352 0.032722
1 0.363401 0.562970 0.093031 0.153995
0 0.343307 0.974380 0.080083 0.050620
0 0.266375 0.971218 0.079448 0.056185
0 0.039094 0.038472 0.067229 0.076944
0 0.979828 0.222058 0.040344 0.158856
0 0.022198 0.956273 0.044047 0.087370
0 0.644956 0.962565 0.071521 0.071722
0 0.125060 0.953815 0.074911 0.092370
0 0.413461 0.958745 0.077339 0.081407
0 0.353855 0.049215 0.082133 0.098431
0 0.109820 0.880472 0.077901 0.138333
0 0.639563 0.045468 0.082172 0.090935
0 0.542796 0.477095 0.079930 0.140301
0 0.470557 0.091308 0.079495 0.135014
0 0.009521 0.061021 0.019042 0.122042
0 0.653928 0.147025 0.074247 0.129653
0 0.567141 0.947940 0.089469 0.104120
0 0.158809 0.792509 0.074622 0.177833
0 0.991491 0.375264 0.017018 0.164157
0 0.780313 0.444190 0.082542 0.142620
0 0.401241 0.088287 0.086602 0.175880
0 0.977453 0.908204 0.045026 0.156000
0 0.487124 0.744046 0.096904 0.165333
0 0.263083 0.014579 0.079120 0.029157
0 0.015579 0.451199 0.031159 0.141806
0 0.004134 0.859431 0.008268 0.138426
0 0.970837 0.987653 0.058326 0.022787
