0 0.517687 0.969682 0.069789 0.060635
0 0.638729 0.393607 0.061660 0.100036
0 0.974775 0.336891 0.050449 0.084604
0 0.153770 0.518521 0.064836 0.115094
0 0.142455 0.646148 0.067426 0.105797
0 0.654168 0.752773 0.084102 0.090714
0 0.008842 0.851701 0.017402 0.095380
0 0.520094 0.855951 0.064727 0.084870
0 0.635957 0.605456 0.071133 0.095578
0 0.618330 0.923130 0.067980 0.085802
0 0.216178 0.870094 0.070230 0.089854
0 0.211689 0.360849 0.068832 0.083771
0 0.956939 0.710797 0.070770 0.086906
0 0.383814 0.190344 0.101863 0.164438
0 0.037666 0.733909 0.070918 0.084724
0 0.890875 0.207115 0.073188 0.080115
0 0.770193 0.366982 0.064363 0.090495
0 0.965463 0.795703 0.069074 0.090854
0 0.291072 0.335646 0.085293 0.088125
0 0.820941 0.336284 0.072461 0.077307
0 0.582145 0.971646 0.069062 0.055292
0 0.842707 0.766664 0.078781 0.125620
0 0.744602 0.697417 0.071016 0.078344
0 0.214939 0.775664 0.081527 0.104286
0 0.917205 0.554372 0.090480 0.101714
0 0.741014 0.147591 0.078645 0.097953
0 0.725988 0.460503 0.073937 0.099047
0 0.094346 0.436573 0.075020 0.096000
0 0.633559 0.827773 0.069227 0.092297
0 0.291102 0.805276 0.076031 0.090115
0 0.946758 0.044740 0.065047 0.086615
0 0.271453 0.414060 0.077008 0.104141
0 0.344832 0.700177 0.076461 0.098490
0 0.659764 0.482359 0.067809 0.096958
0 0.906361 0.127240 0.074832 0.089448
0 0.202520 0.439422 0.072328 0.084552
0 0.611113 0.725242 0.066055 0.089234
0 0.036203 0.649109 0.070602 0.090396
0 0.586975 0.406727 0.065402 0.103776
0 0.256529 0.957768 0.073410 0.084391
