1 0.275845 0.925924 0.079091 0.147884
0 0.987249 0.363525 0.024565 0.149764
0 0.278047 0.030139 0.094604 0.060278
0 0.183598 0.922586 0.098648 0.145810
0 0.970259 0.187153 0.058102 0.173111
0 0.012219 0.165153 0.023328 0.155630
0 0.227905 0.482657 0.089674 0.139287
0 0.432009 0.027347 0.088997 0.054694
0 0.466413 0.969634 0.091888 0.058167
0 0.227346 0.833215 0.093755 0.148782
0 0.987285 0.757505 0.024346 0.136037
0 0.101878 0.054426 0.085771 0.107111
0 0.789969 0.973359 0.097260 0.051431
0 0.388102 0.129447 0.050552 0.162366
0 0.155590 0.558856 0.085081 0.174926
0 0.966755 0.900426 0.066490 0.170722
0 0.659437 0.180220 0.080005 0.137394
0 0.945069 0.272178 0.089185 0.196208
0 0.925717 0.406389 0.099747 0.151148
0 0.820733 0.038525 0.094279 0.075542
0 0.802721 0.386194 0.067521 0.160259
0 0.042579 0.766516 0.076513 0.128495
0 0.975109 0.644185 0.049323 0.156750
0 0.038854 0.075380 0.077021 0.145991
0 0.334775 0.768037 0.086372 0.155120
0 0.648831 0.493139 0.080995 0.167843
0 0.733013 0.124863 0.094839 0.176866
0 0.562814 0.683167 0.089440 0.168565
0 0.298980 0.614736 0.071367 0.176778
0 0.341236 0.897162 0.077930 0.128704
0 0.574592 0.498736 0.093544 0.156713
0 0.814365 0.136676 0.090667 0.152519
0 0.590629 0.385111 0.089732 0.133157
0 0.615810 0.926632 0.102984 0.141347
0 0.699168 0.858079 0.082487 0.157333
0 0.449695 0.106660 0.084979 0.164060
0 0.396602 0.716178 0.078516 0.175236
0 0.364171 0.590988 0.085445 0.169116
0 0.486091 0.609873 0.086990 0.180208
0 0.668529 0.369144 0.091182 0.169250
0 0.631039 0.070451 0.091797 0.140903
0 0.865432 0.225164 0.087719 0.160523
0 0.923371 0.950375 0.080367 0.098574
0 0.706673 0.502509 0.085852 0.136954
0 0.318042 0.471060 0.095557 0.145602
0 0.487445 0.861782 0.088839 0.167648
0 0.072534 0.202005 0.080651 0.138417
0 0.062676 0.597303 0.097201 0.162532
0 0.628177 0.646076 0.080531 0.164384
0 0.822198 0.852583 0.086594 0.161769
0 0.590493 0.262380 0.085711 0.144370
0 0.893737 0.840831 0.079583 0.148292
0 0.510824 0.399935 0.090576 0.155120
1 0.328437 0.079831 0.091323 0.151347
1 0.226021 0.592935 0.087094 0.156907
1 0.029448 0.306125 0.058896 0.158361
1 0.202345 0.202208 0.089935 0.174676
1 0.561707 0.807796 0.091732 0.156778
1 0.712806 0.268669 0.086201 0.142977
