0 0.869095 0.539162 0.081154 0.132676
0 0.731199 0.320669 0.076940 0.149449
0 0.672641 0.446644 0.093146 0.124685
0 0.805750 0.654088 0.077000 0.135028
0 0.901951 0.638322 0.074328 0.127384
0 0.736142 0.949762 0.079956 0.100477
0 0.950217 0.849076 0.086867 0.125986
0 0.728617 0.629866 0.080453 0.142602
0 0.533362 0.066778 0.087505 0.133556
0 0.405697 0.028873 0.085549 0.057745
0 0.422879 0.661139 0.078128 0.148204
0 0.940258 0.483900 0.073010 0.139421
0 0.940620 0.718456 0.088760 0.148690
0 0.557339 0.707197 0.080464 0.134375
0 0.892322 0.079016 0.077549 0.125245
0 0.887324 0.412961 0.084701 0.144106
0 0.875447 0.200451 0.086461 0.142884
0 0.363495 0.834444 0.075708 0.116657
0 0.699555 0.078914 0.080698 0.138477
0 0.491228 0.664248 0.085029 0.146995
0 0.326770 0.925275 0.082664 0.137671
0 0.229404 0.127891 0.081010 0.141384
0 0.304857 0.679100 0.083703 0.161866
0 0.987763 0.185706 0.023771 0.132236
0 0.702944 0.756718 0.082289 0.145361
0 0.990632 0.423303 0.018185 0.141894
0 0.758961 0.039356 0.082328 0.078713
0 0.571158 0.302762 0.093836 0.184727
0 0.659367 0.665419 0.076958 0.131477
0 0.667480 0.554250 0.100362 0.124370
0 0.518818 0.185616 0.081219 0.125176
0 0.288577 0.824711 0.085529 0.141088
0 0.978095 0.537817 0.043810 0.128773
0 0.881957 0.929662 0.077815 0.139435
0 0.448310 0.471111 0.082182 0.154759
0 0.492414 0.309134 0.077891 0.150361
0 0.507023 0.543037 0.081484 0.136167
0 0.432945 0.247319 0.076771 0.141778
0 0.950163 0.951319 0.088758 0.097361
0 0.358639 0.717606 0.077211 0.142889
0 0.158336 0.908428 0.085120 0.129069
0 0.613233 0.165324 0.079596 0.156213
0 0.653385 0.323113 0.088672 0.155727
0 0.684512 0.207907 0.088659 0.147657
0 0.299965 0.071220 0.084867 0.142440
0 0.170531 0.063632 0.080615 0.125421
0 0.344672 0.403817 0.089755 0.156671
0 0.288302 0.310838 0.083130 0.140454
0 0.374956 0.125336 0.088036 0.147375
0 0.411158 0.403773 0.081216 0.180685
0 0.235155 0.037106 0.090091 0.074213
0 0.402589 0.561891 0.087656 0.161986
0 0.525643 0.428542 0.090484 0.141361
1 0.336671 0.540238 0.087768 0.147097
0 0.033803 0.046199 0.066419 0.091556
0 0.168138 0.171484 0.085729 0.134106
0 0.626418 0.790065 0.080638 0.150352
0 0.251500 0.935926 0.088844 0.128148
0 0.688143 0.882150 0.085073 0.137727
0 0.775307 0.761002 0.078693 0.144940
0 0.992383 0.065313 0.015234 0.130403
0 0.826897 0.315470 0.090753 0.164995
0 0.820249 0.105956 0.077424 0.140588
1 0.840490 0.823120 0.077516 0.137648
