0 0.560729 0.990130 0.096043 0.017969
0 0.442502 0.403003 0.097059 0.105391
0 0.051902 0.713479 0.072016 0.092885
0 0.858887 0.575734 0.067531 0.089510
0 0.248611 0.236909 0.070691 0.093651
0 0.434963 0.227602 0.073527 0.080453
0 0.614564 0.361786 0.065309 0.084073
0 0.849770 0.388581 0.081750 0.104943
0 0.985766 0.128331 0.028469 0.096234
0 0.541289 0.856745 0.073500 0.108813
0 0.013721 0.760518 0.027441 0.134505
0 0.025738 0.070417 0.049797 0.115823
0 0.434723 0.062870 0.097633 0.109562
0 0.954783 0.264552 0.077027 0.108219
0 0.638164 0.471625 0.083148 0.171875
0 0.919430 0.939883 0.092609 0.101266
0 0.107752 0.041107 0.125824 0.082214
1 0.198197 0.734055 0.064145 0.085526
0 0.905604 0.048039 0.070082 0.089870
0 0.945469 0.130747 0.076563 0.120120
0 0.244682 0.542076 0.074434 0.085057
0 0.418313 0.299620 0.132914 0.113969
0 0.018023 0.146622 0.035258 0.094807
0 0.699092 0.434779 0.082879 0.105297
0 0.954021 0.527057 0.081676 0.127042
0 0.367908 0.111529 0.085223 0.115620
0 0.857344 0.110945 0.079242 0.136693
0 0.010145 0.402464 0.020289 0.148292
0 0.911486 0.445130 0.072457 0.111646
0 0.044895 0.948096 0.089789 0.101193
0 0.981490 0.563690 0.036246 0.094453
0 0.692959 0.690664 0.100457 0.108870
0 0.710254 0.324232 0.072297 0.132443
0 0.964002 0.631617 0.066215 0.098641
0 0.711896 0.593305 0.077262 0.096734
0 0.867365 0.958023 0.058426 0.071526
0 0.820844 0.708469 0.070047 0.085000
0 0.335467 0.595779 0.072879 0.085849
0 0.463178 0.947664 0.059434 0.070755
0 0.247729 0.631109 0.055895 0.090656
0 0.296631 0.819823 0.068918 0.085562
0 0.693682 0.085245 0.100559 0.109375
0 0.986662 0.276984 0.026215 0.108958
0 0.825473 0.974310 0.071687 0.051380
0 0.147088 0.642622 0.085262 0.119359
0 0.958664 0.796385 0.079352 0.115385
0 0.019885 0.923768 0.038324 0.093484
0 0.327191 0.431576 0.069883 0.095286
0 0.905367 0.361284 0.070531 0.112578
0 0.189881 0.284039 0.092684 0.110776
0 0.292557 0.455815 0.063473 0.082807
0 0.877592 0.678669 0.074863 0.092047
0 0.159816 0.393984 0.082211 0.120115
0 0.304619 0.358818 0.074645 0.095427
0 0.256855 0.832273 0.089281 0.111495
0 0.241352 0.739742 0.061383 0.102672
0 0.370857 0.233089 0.078855 0.091229
0 0.343643 0.881586 0.071121 0.112089
0 0.115689 0.743693 0.075660 0.109792
0 0.353477 0.788870 0.077125 0.099677
0 0.453826 0.137099 0.062504 0.080083
0 0.554807 0.486443 0.079223 0.141135
0 0.705811 0.860198 0.074191 0.110677
0 0.137787 0.247380 0.067246 0.087365
0 0.395111 0.450852 0.093730 0.103307
0 0.540199 0.717141 0.077680 0.109156
0 0.129617 0.954302 0.087742 0.091396
0 0.972424 0.694797 0.055152 0.101927
0 0.025467 0.844505 0.050582 0.089448
0 0.397457 0.625781 0.096852 0.127365
0 0.718266 0.934042 0.157086 0.131333
0 0.193990 0.076422 0.077051 0.136125
0 0.212525 0.480430 0.076160 0.102464
0 0.608705 0.287266 0.077941 0.106365
0 0.461240 0.731466 0.107785 0.119745
0 0.206877 0.919201 0.081035 0.100870
0 0.704654 0.246841 0.069395 0.092870
0 0.388109 0.938909 0.072273 0.105891
0 0.104521 0.888091 0.098176 0.105318
0 0.466811 0.471930 0.082379 0.089349
0 0.322656 0.239854 0.082703 0.088323
0 0.611701 0.202508 0.075332 0.104036
0 0.051236 0.256401 0.081387 0.103792
0 0.356965 0.702135 0.076164 0.115292
0 0.196824 0.138656 0.068703 0.086885
0 0.734559 0.153750 0.067289 0.094438
0 0.858414 0.307099 0.068633 0.106604
0 0.849180 0.218846 0.064453 0.094432
0 0.805701 0.622664 0.066512 0.088682
0 0.739510 0.734411 0.065871 0.080281
0 0.858414 0.850495 0.072875 0.076417
0 0.900512 0.816063 0.075000 0.071698
0 0.259844 0.091182 0.094242 0.111542
0 0.488357 0.227536 0.084746 0.107427
