1 0.310115 0.546572 0.085260 0.154514
0 0.368879 0.248528 0.082872 0.125130
0 0.438207 0.029093 0.072789 0.057991
0 0.119159 0.977403 0.074854 0.042694
0 0.723070 0.965100 0.086349 0.069477
0 0.297552 0.973676 0.087250 0.051731
0 0.589065 0.316426 0.106797 0.118824
0 0.380379 0.038475 0.068753 0.076551
0 0.379555 0.307007 0.078641 0.129773
0 0.041672 0.967921 0.070563 0.064102
0 0.376905 0.126762 0.085596 0.133218
0 0.958576 0.947157 0.076365 0.104667
0 0.425671 0.123986 0.070409 0.146120
0 0.968042 0.710648 0.063354 0.133796
0 0.872181 0.959868 0.091268 0.079431
0 0.745182 0.916426 0.089115 0.125009
0 0.906922 0.431875 0.081792 0.144083
0 0.717289 0.773475 0.072302 0.164569
0 0.489257 0.434576 0.079201 0.156255
0 0.251423 0.055856 0.074674 0.111620
0 0.582642 0.868495 0.086477 0.152537
0 0.373500 0.638507 0.090146 0.141634
0 0.290042 0.422144 0.083661 0.137315
0 0.516922 0.787093 0.072078 0.156417
0 0.749125 0.543701 0.082698 0.145505
0 0.443583 0.421340 0.076740 0.139514
0 0.897857 0.310840 0.075875 0.138606
0 0.344195 0.688792 0.076651 0.116833
0 0.680004 0.705648 0.084602 0.148269
0 0.490992 0.066618 0.075688 0.119782
0 0.568659 0.407523 0.082354 0.123898
0 0.179465 0.333512 0.078654 0.138606
0 0.353659 0.392014 0.084766 0.143972
0 0.627841 0.948405 0.079708 0.102079
0 0.241423 0.556065 0.078081 0.147472
0 0.217621 0.427618 0.082633 0.162440
0 0.462755 0.676294 0.086542 0.139736
0 0.144264 0.188736 0.080503 0.128944
0 0.311030 0.173366 0.081612 0.122935
0 0.279746 0.299153 0.072143 0.118620
0 0.974087 0.507296 0.051659 0.137343
0 0.486417 0.185898 0.082750 0.139991
0 0.378111 0.517081 0.066148 0.115505
0 0.271948 0.678669 0.083828 0.156829
0 0.339632 0.912449 0.083044 0.141463
0 0.538986 0.922007 0.079753 0.140560
0 0.223784 0.249699 0.061099 0.107907
0 0.794715 0.746035 0.089732 0.145301
0 0.856930 0.225882 0.084536 0.146708
0 0.588704 0.588063 0.073768 0.122449
0 0.321695 0.062785 0.080703 0.125569
0 0.854341 0.869572 0.092922 0.144403
0 0.547892 0.510139 0.077763 0.122157
0 0.085974 0.584854 0.083229 0.145542
0 0.133165 0.068019 0.091857 0.135620
0 0.045829 0.187637 0.080159 0.137569
0 0.086320 0.879428 0.077979 0.139708
0 0.026017 0.560674 0.051909 0.132625
0 0.833634 0.592623 0.080826 0.143199
0 0.108478 0.337822 0.075878 0.131949
0 0.005730 0.408382 0.011294 0.132264
0 0.678604 0.403991 0.078240 0.139019
0 0.025751 0.864625 0.051503 0.155426
0 0.151759 0.455171 0.074206 0.137352
0 0.159238 0.012850 0.080831 0.025699
0 0.692734 0.194951 0.098453 0.215662
0 0.992552 0.895917 0.014896 0.126046
0 0.449868 0.795958 0.094888 0.156509
0 0.965904 0.235162 0.068156 0.135213
0 0.993707 0.970667 0.012586 0.058667
0 0.928596 0.622725 0.081953 0.154042
