0 0.308020 0.231820 0.065305 0.091745
0 0.381285 0.965029 0.073859 0.069943
0 0.940055 0.836365 0.071438 0.094458
0 0.283158 0.903510 0.078348 0.104552
0 0.713012 0.950638 0.070758 0.098724
0 0.888709 0.904810 0.073129 0.096547
0 0.856135 0.580365 0.077027 0.092135
0 0.709215 0.609349 0.067555 0.110990
0 0.860578 0.771422 0.075695 0.093333
0 0.831910 0.299690 0.078906 0.098661
0 0.954281 0.921826 0.068031 0.089339
0 0.187525 0.136607 0.071676 0.090901
0 0.190375 0.849940 0.067461 0.092922
0 0.039201 0.806578 0.072480 0.092656
0 0.569916 0.801414 0.069668 0.107505
0 0.976512 0.388208 0.046977 0.095802
0 0.678281 0.493341 0.068641 0.103849
0 0.812197 0.102852 0.072473 0.099922
0 0.901746 0.274656 0.073578 0.097260
0 0.297281 0.134966 0.077219 0.097328
0 0.078625 0.890357 0.069820 0.091745
0 0.389486 0.759049 0.068848 0.093286
0 0.461336 0.123893 0.078375 0.099974
0 0.617709 0.316445 0.071605 0.093609
0 0.445096 0.686586 0.071160 0.092380
0 0.821639 0.885885 0.067121 0.094583
0 0.420859 0.905461 0.069187 0.091224
0 0.051742 0.305036 0.074305 0.091521
0 0.689414 0.212305 0.071180 0.090932
0 0.964068 0.632773 0.065715 0.085234
0 0.761646 0.774526 0.070074 0.095573
0 0.931857 0.466875 0.070785 0.093385
0 0.081551 0.422146 0.075938 0.091542
0 0.892064 0.060482 0.073949 0.089068
0 0.241277 0.212865 0.070000 0.094583
0 0.495527 0.516247 0.071000 0.093026
0 0.452193 0.803042 0.069996 0.094510
0 0.800437 0.503966 0.063766 0.097349
0 0.706941 0.729628 0.066156 0.097880
0 0.373125 0.290742 0.074719 0.110849
0 0.918867 0.370323 0.068164 0.100417
0 0.512680 0.760146 0.070156 0.097635
0 0.636240 0.779706 0.071684 0.091443
0 0.212900 0.945945 0.075215 0.106193
0 0.646541 0.868479 0.070488 0.097448
0 0.777516 0.625560 0.064039 0.097839
0 0.192670 0.296505 0.066723 0.098729
0 0.547383 0.615680 0.071836 0.087328
0 0.864443 0.464375 0.066723 0.086781
0 0.824275 0.964352 0.078129 0.070422
0 0.714988 0.081029 0.071414 0.085516
0 0.706400 0.851057 0.061965 0.106594
0 0.684002 0.323169 0.063457 0.094411
0 0.831559 0.668815 0.059953 0.093245
0 0.561697 0.527453 0.071934 0.100073
0 0.748699 0.484464 0.067164 0.087427
0 0.439082 0.319581 0.067586 0.085578
0 0.745664 0.404159 0.067219 0.088182
0 0.405045 0.598711 0.065848 0.087359
0 0.523047 0.159826 0.078945 0.102078
0 0.854152 0.381602 0.071094 0.092922
0 0.476426 0.404870 0.073727 0.098417
0 0.909537 0.972245 0.081473 0.053646
0 0.979934 0.711180 0.040133 0.096349
0 0.644541 0.612076 0.065770 0.086651
0 0.411775 0.436469 0.068316 0.101000
0 0.148496 0.743396 0.071656 0.085687
0 0.259857 0.302430 0.069363 0.083672
0 0.564842 0.267328 0.066996 0.098010
0 0.614451 0.483805 0.062410 0.098297
0 0.145572 0.915099 0.063410 0.078365
0 0.301582 0.534823 0.071250 0.097844
0 0.243139 0.480039 0.068527 0.116120
0 0.510043 0.328667 0.073383 0.088823
0 0.501703 0.966932 0.073203 0.065469
0 0.119621 0.498885 0.073969 0.089010
0 0.644541 0.698690 0.069199 0.082786
0 0.626723 0.146076 0.075242 0.091974
0 0.874846 0.166992 0.077918 0.099547
0 0.292164 0.424607 0.072547 0.092755
0 0.657627 0.974115 0.072098 0.050542
0 0.945406 0.028568 0.076539 0.054969
0 0.479592 0.600385 0.060113 0.081052
0 0.540297 0.036664 0.086906 0.072859
0 0.802738 0.415885 0.061750 0.085687
0 0.131746 0.826083 0.085539 0.095240
0 0.124539 0.299073 0.070289 0.090719
0 0.899141 0.668029 0.073672 0.095568
0 0.399754 0.169302 0.087742 0.108271
0 0.164969 0.581503 0.073906 0.094922
0 0.166184 0.663969 0.079656 0.088917
0 0.039104 0.726000 0.073613 0.098823
0 0.019578 0.223339 0.038367 0.087427
0 0.763936 0.867172 0.059168 0.086510
0 0.334176 0.367555 0.071484 0.089693
0 0.134443 0.976914 0.072816 0.046172
0 0.504729 0.249438 0.072277 0.081938
0 0.983246 0.969109 0.033352 0.061781
0 0.439805 0.228792 0.063219 0.078531
0 0.188260 0.493190 0.064129 0.089953
0 0.101820 0.779086 0.065422 0.088734
0 0.576742 0.097339 0.060937 0.078823
0 0.094619 0.696292 0.072168 0.079052
0 0.701279 0.020193 0.080027 0.039031
0 0.096549 0.631552 0.083527 0.093167
0 0.252145 0.984492 0.069570 0.030849
0 0.991381 0.884536 0.017121 0.088010
0 0.876086 0.009383 0.073008 0.018766
0 0.759969 0.983076 0.064133 0.033849
1 0.319779 0.752750 0.070855 0.097812
1 0.554078 0.426299 0.069930 0.093411
0 0.328447 0.992294 0.076848 0.014089
0 0.006232 0.775010 0.010746 0.109302
