0 0.947080 0.849383 0.069168 0.089005
0 0.538121 0.399143 0.075312 0.086526
0 0.868850 0.644102 0.067035 0.096276
0 0.840586 0.963227 0.061680 0.073547
0 0.009010 0.291529 0.016973 0.118714
0 0.412768 0.394471 0.070684 0.098932
0 0.015195 0.458810 0.029703 0.097328
0 0.488602 0.487773 0.065484 0.089734
0 0.935309 0.440646 0.072141 0.097750
0 0.498721 0.808880 0.079551 0.080052
0 0.154438 0.258854 0.073164 0.104990
0 0.976920 0.296333 0.042418 0.100448
0 0.266463 0.702365 0.074668 0.094188
0 0.070506 0.794805 0.070215 0.090911
0 0.867740 0.020984 0.078988 0.041969
0 0.183479 0.809367 0.068402 0.095474
0 0.579928 0.879747 0.062777 0.094911
0 0.120230 0.011141 0.074453 0.022281
0 0.223686 0.966159 0.067113 0.065099
0 0.501953 0.587688 0.072820 0.088146
0 0.015010 0.960833 0.027684 0.078333
0 0.282486 0.793909 0.077738 0.096276
0 0.858199 0.312221 0.062945 0.101411
0 0.062182 0.461518 0.066270 0.086828
0 0.416754 0.165302 0.076375 0.095708
0 0.124969 0.436133 0.070766 0.099193
0 0.631973 0.955594 0.066117 0.088812
0 0.894131 0.693682 0.064613 0.097542
0 0.794426 0.454784 0.079094 0.098036
0 0.788299 0.404776 0.064613 0.092094
1 0.953529 0.048008 0.062941 0.095849
0 0.918791 0.140875 0.074637 0.096302
0 0.670457 0.125971 0.069820 0.093099
0 0.973717 0.387672 0.051691 0.100323
0 0.677607 0.758727 0.073410 0.100651
0 0.835252 0.558328 0.069816 0.099906
0 0.730684 0.494971 0.067578 0.088599
0 0.523908 0.032745 0.072379 0.065490
0 0.752938 0.315706 0.071141 0.088505
0 0.555307 0.225807 0.065895 0.082958
0 0.276801 0.621917 0.072164 0.092479
0 0.347902 0.426417 0.067547 0.094979
0 0.402824 0.717706 0.070602 0.085901
0 0.975260 0.160451 0.049480 0.113672
0 0.473098 0.365672 0.072344 0.094969
0 0.198512 0.191924 0.063352 0.079995
0 0.400543 0.530552 0.080609 0.091510
0 0.033570 0.362622 0.066273 0.093214
0 0.072145 0.710260 0.063719 0.081062
0 0.778943 0.755846 0.069074 0.095339
0 0.339566 0.279773 0.089555 0.091359
0 0.967100 0.519477 0.063832 0.095359
0 0.018234 0.059492 0.036469 0.105849
0 0.549113 0.681857 0.074453 0.093120
0 0.341734 0.668328 0.075227 0.110167
0 0.970018 0.613117 0.057621 0.101714
0 0.103121 0.280599 0.076977 0.094427
0 0.275412 0.396771 0.065137 0.090437
0 0.517904 0.304414 0.070668 0.103318
0 0.599406 0.298591 0.070977 0.104766
0 0.709465 0.671414 0.067375 0.094734
0 0.778293 0.647117 0.074789 0.092620
0 0.060918 0.934359 0.071055 0.093688
0 0.466771 0.913378 0.067512 0.088953
0 0.864244 0.428253 0.071215 0.088099
0 0.688322 0.435081 0.067949 0.090984
0 0.907062 0.784219 0.073102 0.099885
0 0.537701 0.960125 0.070395 0.074104
0 0.363570 0.104628 0.070602 0.090818
0 0.478756 0.726419 0.077840 0.094391
0 0.270262 0.487490 0.070773 0.085250
0 0.658654 0.619240 0.072379 0.098292
0 0.086979 0.536526 0.063824 0.090010
0 0.496422 0.194729 0.068875 0.093344
0 0.597678 0.053854 0.066090 0.090573
0 0.896873 0.088060 0.072652 0.099141
0 0.455660 0.636482 0.078367 0.088026
0 0.884613 0.521846 0.074008 0.104349
0 0.365334 0.220172 0.068770 0.095062
0 0.209676 0.310544 0.070687 0.094578
0 0.394953 0.070253 0.088398 0.099057
0 0.063557 0.345870 0.072918 0.087135
0 0.340781 0.368341 0.067414 0.085297
0 0.415418 0.448367 0.077734 0.084839
0 0.155393 0.968961 0.071543 0.062078
0 0.226418 0.860419 0.080141 0.091724
0 0.268379 0.884036 0.070508 0.091260
0 0.924740 0.326180 0.074395 0.112422
0 0.178471 0.655534 0.077926 0.092922
0 0.101045 0.157188 0.067902 0.087844
0 0.664535 0.226674 0.068484 0.097703
0 0.614402 0.431372 0.079953 0.093151
0 0.092027 0.624469 0.078094 0.094479
0 0.252705 0.148255 0.082496 0.092563
0 0.168834 0.114313 0.073238 0.091281
0 0.215652 0.425201 0.073758 0.098995
0 0.684068 0.338518 0.074762 0.097766
0 0.781232 0.203987 0.083301 0.105297
0 0.241527 0.052073 0.069570 0.088813
0 0.804072 0.093924 0.085965 0.115693
0 0.660641 0.067505 0.059047 0.088271
0 0.792363 0.308628 0.068719 0.106016
0 0.112146 0.785318 0.066355 0.089469
0 0.240541 0.266651 0.082129 0.095385
0 0.802615 0.846797 0.073051 0.089063
0 0.907311 0.977549 0.081621 0.044901
0 0.859596 0.870195 0.054215 0.085161
0 0.950762 0.936294 0.067211 0.075755
0 0.972502 0.966042 0.054996 0.067917
0 0.777158 0.968518 0.071301 0.062964
0 0.746893 0.966289 0.078355 0.067422
0 0.689150 0.917229 0.074270 0.093083
0 0.716814 0.770674 0.062012 0.088130
0 0.544881 0.796419 0.071668 0.100016
1 0.219406 0.550591 0.072195 0.093651
1 0.470688 0.109779 0.072602 0.102672
1 0.426766 0.834482 0.076414 0.091974
0 0.142594 0.918130 0.077398 0.099208
0 0.842605 0.783938 0.065578 0.089594
0 0.389500 0.615078 0.067562 0.084865
0 0.306264 0.957979 0.069293 0.084042
0 0.608311 0.779820 0.064824 0.104797
0 0.152342 0.526339 0.076863 0.100729
0 0.608115 0.170279 0.069746 0.095141
0 0.725773 0.044638 0.083172 0.087891
0 0.183078 0.034760 0.066000 0.069521
0 0.370867 0.921997 0.075891 0.095453
0 0.043783 0.126549 0.064770 0.089911
0 0.765113 0.560174 0.066336 0.083974
0 0.652957 0.531427 0.069078 0.087052
0 0.025348 0.867547 0.050258 0.095813
0 0.213014 0.741786 0.068652 0.082385
0 0.575193 0.518807 0.068926 0.086896
0 0.051279 0.019003 0.075238 0.038005
0 0.971807 0.739656 0.050527 0.083927
0 0.353064 0.029211 0.072090 0.058422
0 0.015734 0.608643 0.028937 0.105234
0 0.691760 0.850190 0.071207 0.089099
0 0.926387 0.224878 0.067773 0.083839
0 0.392830 0.982016 0.079246 0.031917
