0 0.841082 0.620901 0.112219 0.127344
0 0.917270 0.098560 0.095016 0.120536
0 0.671604 0.264013 0.106715 0.139443
0 0.292404 0.054617 0.096496 0.109141
0 0.027416 0.069961 0.054465 0.124714
0 0.030170 0.259047 0.060324 0.130250
0 0.256607 0.781651 0.105715 0.146458
0 0.016318 0.650565 0.032637 0.121859
0 0.750244 0.963094 0.102496 0.073115
0 0.350883 0.734354 0.106641 0.148771
0 0.456604 0.208365 0.097270 0.135771
0 0.233205 0.914021 0.109176 0.140510
0 0.063314 0.042930 0.103340 0.085307
0 0.994535 0.457615 0.010828 0.130510
0 0.750934 0.659773 0.097852 0.125922
0 0.373932 0.158656 0.095207 0.125833
0 0.743707 0.143313 0.110086 0.123313
0 0.500104 0.046281 0.102668 0.091969
0 0.426590 0.894242 0.109031 0.135036
0 0.153482 0.727586 0.101496 0.136818
0 0.478461 0.363945 0.109258 0.136026
0 0.618969 0.514411 0.102000 0.129771
0 0.041586 0.400266 0.083172 0.132260
0 0.587348 0.018211 0.104930 0.036422
0 0.754393 0.789523 0.103285 0.142797
0 0.948389 0.875469 0.098785 0.127740
0 0.486412 0.981135 0.103012 0.037729
0 0.091732 0.843964 0.097520 0.127344
0 0.038037 0.544706 0.075848 0.127609
0 0.937291 0.498948 0.098355 0.121938
0 0.544770 0.790185 0.099484 0.150307
0 0.036316 0.764268 0.072633 0.136984
0 0.791215 0.318435 0.110758 0.138589
0 0.645436 0.640443 0.106746 0.132490
0 0.556615 0.132253 0.100707 0.128547
0 0.908426 0.965549 0.107617 0.068328
0 0.178268 0.017878 0.102887 0.035755
0 0.842459 0.498734 0.105777 0.135135
0 0.970684 0.189596 0.058609 0.122516
0 0.687035 0.425620 0.109414 0.132552
0 0.071566 0.181695 0.096422 0.110172
0 0.428129 0.643034 0.096273 0.116276
0 0.533877 0.464799 0.098754 0.137682
0 0.952979 0.747664 0.094043 0.131172
0 0.172031 0.400659 0.120102 0.150839
0 0.354617 0.500784 0.101273 0.126234
0 0.640766 0.772779 0.105477 0.138849
0 0.861398 0.722094 0.099633 0.115542
0 0.967750 0.026992 0.064273 0.053724
0 0.834205 0.199576 0.106879 0.131141
0 0.670322 0.909430 0.104207 0.133339
0 0.575594 0.941122 0.093078 0.116870
1 0.557963 0.290898 0.097465 0.127526
0 0.456801 0.535687 0.094305 0.126792
0 0.929570 0.370693 0.106461 0.129677
0 0.040643 0.938086 0.081285 0.123828
0 0.085129 0.634789 0.102156 0.128411
0 0.452109 0.761633 0.105953 0.142734
0 0.273723 0.177747 0.110633 0.146411
0 0.365898 0.014615 0.108414 0.029229
0 0.848623 0.893792 0.101996 0.125687
