0 0.755629 0.564880 0.061844 0.113312
0 0.094027 0.950143 0.080102 0.099714
0 0.482178 0.991016 0.079730 0.017969
0 0.412992 0.928542 0.085281 0.114271
0 0.437449 0.788250 0.057602 0.090781
0 0.853662 0.719263 0.070371 0.112432
0 0.467896 0.092599 0.072801 0.094115
0 0.207992 0.653570 0.070117 0.090953
0 0.009061 0.055057 0.011980 0.089573
0 0.567100 0.449258 0.075613 0.083818
0 0.994813 0.437753 0.009461 0.089411
0 0.336840 0.992461 0.072227 0.015078
0 0.730428 0.379664 0.076582 0.095943
0 0.982781 0.132544 0.034437 0.093536
0 0.053187 0.248195 0.067469 0.088120
0 0.547211 0.975237 0.067820 0.049526
0 0.115531 0.269091 0.071250 0.092849
0 0.107174 0.020164 0.117480 0.040328
0 0.981164 0.902112 0.036492 0.087724
0 0.058479 0.955430 0.082488 0.089141
0 0.599572 0.080091 0.067621 0.094078
0 0.706213 0.484367 0.079754 0.104891
0 0.493408 0.626773 0.070855 0.098995
0 0.833408 0.736313 0.079324 0.104969
0 0.929846 0.062359 0.073887 0.097094
0 0.015840 0.098216 0.031148 0.105734
0 0.854244 0.897026 0.065770 0.083521
0 0.354766 0.279896 0.081602 0.076667
0 0.176182 0.914576 0.073879 0.104286
0 0.652965 0.419068 0.066227 0.099896
0 0.244811 0.566987 0.068254 0.092807
0 0.471047 0.523883 0.081453 0.109911
0 0.489861 0.328078 0.064457 0.098115
0 0.710818 0.985870 0.088410 0.026271
0 0.017986 0.969680 0.035973 0.060641
0 0.992623 0.061169 0.012410 0.091964
0 0.976934 0.523094 0.045063 0.085833
0 0.006420 0.643792 0.012840 0.119542
1 0.398932 0.617224 0.054855 0.080927
0 0.368504 0.396979 0.073531 0.088354
0 0.442018 0.099477 0.082691 0.092380
0 0.136766 0.910922 0.072516 0.125583
0 0.965764 0.963615 0.068184 0.072771
0 0.631658 0.739159 0.072410 0.091109
0 0.168436 0.645982 0.069051 0.095901
0 0.445053 0.516521 0.073934 0.106656
0 0.255371 0.084792 0.069875 0.098781
0 0.515203 0.928578 0.077250 0.112135
0 0.306541 0.778740 0.082527 0.087687
0 0.627074 0.310354 0.087273 0.119469
0 0.258469 0.366549 0.080812 0.097995
0 0.470953 0.424326 0.070828 0.109339
0 0.295387 0.181117 0.069734 0.093766
0 0.462727 0.623065 0.079523 0.099224
0 0.821289 0.120844 0.071945 0.101125
0 0.535965 0.553612 0.077672 0.106901
0 0.345205 0.314312 0.078926 0.103844
0 0.705898 0.797354 0.067922 0.090490
0 0.781996 0.906003 0.071812 0.083193
0 0.888527 0.432997 0.078266 0.110578
0 0.683129 0.028156 0.065211 0.056031
0 0.198443 0.220792 0.067848 0.104625
0 0.866896 0.945331 0.077879 0.101328
0 0.097084 0.531951 0.082895 0.103818
0 0.844881 0.247633 0.089871 0.105797
0 0.617584 0.693797 0.065832 0.092719
0 0.294779 0.894388 0.072629 0.094786
0 0.568332 0.532724 0.076508 0.103094
0 0.045512 0.600487 0.080148 0.091297
0 0.292338 0.700044 0.069824 0.093359
0 0.336516 0.856094 0.081062 0.104510
0 0.755303 0.396435 0.069191 0.100818
0 0.861918 0.600258 0.078742 0.105391
0 0.680949 0.543234 0.066977 0.094844
0 0.181521 0.756961 0.069168 0.099349
0 0.059559 0.514487 0.073391 0.092911
0 0.967070 0.308591 0.065859 0.089995
0 0.720912 0.902138 0.060098 0.100276
0 0.013914 0.351815 0.027414 0.097391
0 0.422588 0.958734 0.082910 0.082531
0 0.982887 0.715245 0.034227 0.106198
0 0.627119 0.899484 0.071879 0.087740
0 0.028568 0.817784 0.057137 0.093120
0 0.626666 0.446365 0.077309 0.099104
0 0.072346 0.764409 0.076027 0.083255
0 0.374963 0.041198 0.082996 0.082396
0 0.590725 0.855565 0.076465 0.111911
0 0.189193 0.350961 0.074855 0.086474
0 0.269387 0.665951 0.072586 0.094505
0 0.622084 0.621661 0.084441 0.113094
0 0.212926 0.455482 0.077742 0.090734
0 0.940563 0.886062 0.098289 0.095958
0 0.258461 0.195669 0.072281 0.079693
0 0.289758 0.093732 0.072328 0.102130
0 0.394691 0.200823 0.062109 0.103542
0 0.300762 0.489880 0.068672 0.097677
0 0.381045 0.137617 0.067355 0.084714
0 0.145006 0.284953 0.072605 0.099469
0 0.973625 0.604714 0.052750 0.102760
0 0.645348 0.218107 0.071430 0.093245
0 0.912223 0.150935 0.073828 0.084943
0 0.889500 0.241130 0.070891 0.085719
0 0.735979 0.270911 0.073184 0.096021
0 0.954059 0.144341 0.074680 0.096234
0 0.493957 0.839164 0.092516 0.100057
0 0.266309 0.875354 0.070875 0.097969
0 0.932357 0.444372 0.074426 0.095568
0 0.312719 0.577729 0.086117 0.099188
0 0.849541 0.849901 0.071105 0.098458
0 0.799611 0.575036 0.069793 0.104927
0 0.707486 0.714753 0.070465 0.094964
0 0.206289 0.727195 0.072742 0.080672
0 0.564057 0.080846 0.080902 0.093818
0 0.809369 0.465802 0.085590 0.105687
0 0.418139 0.701570 0.091910 0.094641
0 0.705252 0.242255 0.066441 0.106458
0 0.046832 0.152456 0.086766 0.112224
0 0.786662 0.200372 0.072160 0.111505
0 0.852648 0.376018 0.063016 0.090203
0 0.559303 0.407711 0.076277 0.121370
0 0.894988 0.329391 0.073805 0.095594
0 0.925518 0.706719 0.068629 0.096844
0 0.742197 0.720047 0.070809 0.085906
0 0.547324 0.768914 0.078273 0.120922
0 0.018115 0.919776 0.035785 0.109490
0 0.895982 0.015737 0.098449 0.031474
0 0.517406 0.133779 0.078586 0.098443
0 0.654699 0.829911 0.072148 0.107844
0 0.067609 0.364706 0.087016 0.126755
0 0.302586 0.027643 0.077586 0.054151
0 0.247553 0.950523 0.088215 0.098953
0 0.966059 0.805734 0.067883 0.088469
0 0.180045 0.807961 0.077816 0.091891
0 0.694777 0.583081 0.075914 0.086880
0 0.178533 0.479805 0.078316 0.086745
0 0.926943 0.786542 0.086613 0.095719
0 0.931305 0.307732 0.078672 0.096995
0 0.739143 0.830438 0.070676 0.093740
0 0.459605 0.898529 0.080758 0.115307
0 0.950908 0.513331 0.086488 0.095557
0 0.030455 0.273125 0.060910 0.093896
0 0.027201 0.481208 0.054402 0.095875
0 0.254348 0.253182 0.073016 0.107260
0 0.758750 0.039021 0.077484 0.078042
0 0.348816 0.158268 0.072531 0.103620
0 0.364764 0.440529 0.073324 0.107484
0 0.031947 0.711060 0.063730 0.086161
0 0.015082 0.196297 0.030164 0.099719
0 0.454982 0.321742 0.078934 0.103078
0 0.408385 0.790005 0.065691 0.107500
0 0.051828 0.061956 0.068156 0.091682
0 0.383160 0.548195 0.069547 0.117495
0 0.708406 0.130401 0.065094 0.095750
0 0.366900 0.725279 0.073590 0.105755
0 0.919617 0.634979 0.083422 0.093979
0 0.602150 0.162328 0.081113 0.083719
0 0.087496 0.819268 0.069117 0.095943
0 0.491496 0.038674 0.079734 0.077349
0 0.154098 0.136695 0.064656 0.090797
0 0.520703 0.194615 0.071766 0.096635
0 0.263896 0.468685 0.076145 0.099203
0 0.113967 0.695740 0.071051 0.095385
0 0.972660 0.211909 0.054680 0.096620
0 0.666797 0.139255 0.074812 0.096260
0 0.088695 0.434492 0.080016 0.099068
0 0.723850 0.075701 0.071574 0.088880
0 0.831717 0.041888 0.079949 0.083776
0 0.209746 0.574831 0.076906 0.108120
0 0.768691 0.303138 0.071203 0.092474
0 0.766510 0.650630 0.071715 0.102354
0 0.596182 0.962497 0.074168 0.075005
0 0.071094 0.686581 0.078805 0.096464
0 0.782010 0.966547 0.078301 0.066906
0 0.443998 0.204961 0.068121 0.092734
0 0.192027 0.078211 0.073180 0.092516
0 0.513467 0.357089 0.074293 0.092833
0 0.120939 0.830133 0.066473 0.092984
0 0.410398 0.353237 0.075766 0.094099
