0 0.359299 0.067463 0.082714 0.134926
0 0.455549 0.553542 0.076443 0.138009
0 0.787492 0.948787 0.082547 0.100222
0 0.759766 0.593759 0.084625 0.145056
0 0.612065 0.785986 0.098599 0.155676
0 0.792779 0.707704 0.088047 0.149685
0 0.521339 0.590130 0.086021 0.167000
0 0.952943 0.655741 0.088073 0.163815
0 0.506253 0.792625 0.086682 0.155880
0 0.816557 0.844333 0.085083 0.154889
0 0.956289 0.521866 0.087422 0.149065
0 0.153612 0.125282 0.092255 0.163380
0 0.676721 0.143565 0.086036 0.139704
0 0.877156 0.737653 0.088823 0.162009
0 0.492932 0.207162 0.086896 0.141194
0 0.764844 0.104329 0.090437 0.156361
0 0.897029 0.890861 0.095255 0.187722
0 0.830000 0.188116 0.082271 0.140769
0 0.184039 0.518856 0.075484 0.141694
0 0.767641 0.835593 0.078635 0.149370
0 0.084708 0.491005 0.099823 0.147213
0 0.625867 0.447903 0.081557 0.141380
0 0.203167 0.384134 0.095740 0.157991
0 0.091474 0.871963 0.082740 0.140000
0 0.449456 0.911370 0.085589 0.153148
0 0.876133 0.447454 0.084995 0.152389
0 0.570638 0.910032 0.088922 0.148935
0 0.216534 0.679259 0.093047 0.150852
0 0.046401 0.821023 0.085052 0.147065
0 0.271034 0.504588 0.091526 0.155972
0 0.068219 0.124241 0.084854 0.158667
0 0.956320 0.326898 0.087359 0.147667
0 0.467526 0.055639 0.077625 0.109111
0 0.838977 0.573644 0.085266 0.151639
0 0.827466 0.433787 0.087141 0.146537
0 0.654779 0.721671 0.093089 0.159472
0 0.528721 0.941713 0.090661 0.116574
0 0.964169 0.922690 0.071297 0.150009
0 0.108383 0.168921 0.075099 0.127676
0 0.130346 0.959477 0.088953 0.079806
0 0.895958 0.097241 0.092594 0.137370
0 0.965677 0.189657 0.068646 0.142259
0 0.737185 0.223269 0.084182 0.143926
0 0.701396 0.942759 0.087542 0.112926
0 0.080992 0.627625 0.087641 0.143139
0 0.271396 0.089227 0.096437 0.154343
0 0.249146 0.744060 0.080469 0.146139
0 0.298279 0.320875 0.091880 0.144250
0 0.313940 0.680074 0.085432 0.146481
0 0.207276 0.301931 0.090396 0.130824
0 0.701081 0.046028 0.086151 0.092056
0 0.024984 0.584042 0.049969 0.133046
0 0.090703 0.706176 0.080292 0.146315
0 0.191266 0.038755 0.085677 0.077509
0 0.240784 0.960856 0.095547 0.078287
0 0.975880 0.053167 0.047635 0.101037
0 0.025617 0.218912 0.051234 0.152898
0 0.109656 0.029333 0.088448 0.058667
0 0.121904 0.463685 0.086411 0.138741
0 0.134721 0.305431 0.087682 0.181824
0 0.924987 0.156301 0.078130 0.138213
0 0.879812 0.610708 0.083823 0.154991
0 0.604057 0.023134 0.086510 0.045287
0 0.024102 0.069199 0.048203 0.138398
0 0.344505 0.721819 0.076208 0.143620
0 0.984031 0.844755 0.031937 0.130861
0 0.020484 0.711944 0.040969 0.145759
0 0.973424 0.403208 0.053151 0.133824
0 0.839089 0.028671 0.082885 0.055231
0 0.402648 0.050958 0.071214 0.099120
0 0.326961 0.977542 0.096286 0.044917
0 0.295539 0.020292 0.090464 0.037269
0 0.994469 0.621042 0.011063 0.132769
0 0.015927 0.343134 0.031854 0.154583
0 0.889229 0.022917 0.102313 0.045833
0 0.201510 0.981875 0.082208 0.036250
0 0.613034 0.240954 0.095620 0.161389
0 0.414802 0.178653 0.086313 0.156880
0 0.536789 0.092236 0.087411 0.154528
0 0.385560 0.486412 0.082182 0.162602
0 0.381341 0.838801 0.093120 0.160324
0 0.320500 0.442519 0.084969 0.154130
0 0.695302 0.848259 0.083896 0.148074
0 0.312563 0.194282 0.083594 0.134213
0 0.230641 0.172139 0.095875 0.167500
0 0.434453 0.323704 0.084417 0.145685
0 0.784276 0.321778 0.090281 0.151333
0 0.408677 0.633051 0.087594 0.142306
0 0.580794 0.667551 0.087620 0.154898
0 0.700883 0.511306 0.085755 0.139722
0 0.686891 0.371792 0.086042 0.160676
0 0.152576 0.794440 0.084745 0.154713
0 0.617563 0.583782 0.089115 0.146380
0 0.864924 0.304028 0.088224 0.154352
0 0.280943 0.873667 0.086208 0.143981
0 0.433089 0.758389 0.082604 0.143963
0 0.577669 0.424009 0.095766 0.148426
0 0.009148 0.475514 0.018297 0.124231
1 0.465779 0.441361 0.125495 0.162759
