0 0.390671 0.823100 0.091945 0.159819
0 0.111082 0.567141 0.096966 0.149782
0 0.799777 0.493815 0.096529 0.166139
0 0.031327 0.232347 0.061523 0.145926
0 0.359578 0.240824 0.084573 0.137333
0 0.291866 0.174250 0.088544 0.154157
0 0.206673 0.602382 0.084102 0.150236
0 0.463867 0.408706 0.090500 0.154106
0 0.313906 0.539419 0.086937 0.142199
0 0.870464 0.410556 0.074766 0.144944
0 0.710383 0.387854 0.091948 0.155097
0 0.660279 0.517153 0.085896 0.142593
0 0.929792 0.599586 0.094844 0.172736
0 0.126645 0.417074 0.094581 0.151500
0 0.662688 0.159016 0.087391 0.152023
0 0.151404 0.223519 0.085828 0.143407
0 0.486003 0.097234 0.085667 0.147764
0 0.486290 0.891933 0.090633 0.152958
0 0.755296 0.945706 0.081326 0.108588
0 0.965555 0.782060 0.068422 0.156657
0 0.388473 0.476190 0.089799 0.157981
0 0.739475 0.192250 0.081044 0.159639
0 0.217704 0.929387 0.087388 0.140347
0 0.874361 0.905306 0.088320 0.129991
0 0.305708 0.685493 0.089422 0.141745
0 0.094677 0.284627 0.082802 0.145829
0 0.425829 0.181688 0.088148 0.162921
0 0.890947 0.768211 0.084586 0.147634
0 0.844271 0.644028 0.091219 0.147972
0 0.529223 0.506847 0.093456 0.149731
0 0.204212 0.122447 0.100284 0.153190
0 0.797945 0.842447 0.086703 0.154477
0 0.655354 0.666597 0.091198 0.152963
0 0.403654 0.052060 0.093094 0.104120
0 0.620059 0.345574 0.086742 0.138000
0 0.039139 0.658569 0.078279 0.155148
0 0.639591 0.987368 0.086677 0.022523
0 0.571496 0.227454 0.086956 0.141380
0 0.226363 0.479762 0.092138 0.139338
0 0.922852 0.296097 0.085703 0.142861
1 0.836948 0.079176 0.098911 0.154796
1 0.266046 0.382181 0.097336 0.152861
0 0.868118 0.982866 0.106747 0.034269
0 0.022289 0.924012 0.043438 0.147727
0 0.016646 0.106234 0.033234 0.135023
0 0.040013 0.028847 0.080026 0.057694
0 0.170059 0.031350 0.085247 0.062699
0 0.695767 0.041303 0.078154 0.082606
0 0.542008 0.028382 0.077948 0.056181
0 0.648316 0.808421 0.102992 0.151824
0 0.944582 0.443028 0.079633 0.140824
0 0.044193 0.869741 0.086177 0.147981
0 0.268431 0.829822 0.075315 0.128245
0 0.964773 0.055326 0.070453 0.108681
0 0.800658 0.275433 0.085643 0.145060
0 0.687900 0.917782 0.088451 0.156083
0 0.955861 0.954711 0.082268 0.090579
0 0.585115 0.608532 0.085781 0.150815
0 0.882586 0.180144 0.095802 0.145074
0 0.118730 0.733243 0.094227 0.142921
0 0.399988 0.952910 0.094456 0.094181
0 0.139228 0.885120 0.087393 0.140694
0 0.617730 0.055921 0.088294 0.110981
0 0.518465 0.717220 0.093648 0.166181
0 0.329389 0.341813 0.094737 0.148116
