0 0.571975 0.807859 0.069465 0.091115
0 0.939115 0.373133 0.076418 0.098026
0 0.894088 0.785865 0.075855 0.116104
0 0.767697 0.515146 0.073012 0.089917
0 0.582057 0.538711 0.076598 0.099255
0 0.610324 0.392461 0.078703 0.102026
0 0.601975 0.637594 0.073504 0.095375
0 0.142842 0.070529 0.076020 0.108734
0 0.877207 0.306354 0.079633 0.099708
0 0.622508 0.809638 0.061484 0.093589
0 0.189021 0.748271 0.070098 0.090615
0 0.649730 0.155422 0.069477 0.089979
0 0.178359 0.298971 0.069086 0.091182
0 0.076146 0.260643 0.076824 0.093995
0 0.591621 0.894833 0.069281 0.087490
0 0.371752 0.220792 0.067762 0.096219
0 0.068449 0.111289 0.075313 0.101422
0 0.817580 0.806245 0.076105 0.101906
0 0.502537 0.403138 0.072012 0.109026
0 0.034467 0.739427 0.068934 0.100333
0 0.870539 0.403844 0.073961 0.089406
0 0.402533 0.086721 0.078652 0.108714
0 0.249520 0.490482 0.077875 0.092807
0 0.286285 0.370990 0.070344 0.100594
0 0.961938 0.166404 0.076125 0.120286
0 0.391811 0.406982 0.069387 0.096339
0 0.430559 0.540023 0.078187 0.099891
0 0.521848 0.308354 0.065219 0.082073
0 0.266797 0.089724 0.083031 0.081490
0 0.439852 0.323307 0.072992 0.112365
0 0.145744 0.826221 0.072535 0.093182
0 0.945557 0.056508 0.071340 0.093484
0 0.733949 0.198284 0.064766 0.086557
0 0.398482 0.964672 0.077730 0.070656
0 0.431391 0.202974 0.053586 0.092333
0 0.115295 0.500419 0.082988 0.105526
0 0.024531 0.379078 0.049062 0.084365
0 0.573896 0.064424 0.063973 0.094839
0 0.818984 0.969435 0.070422 0.061120
0 0.565945 0.672240 0.075133 0.090094
0 0.982010 0.481234 0.035980 0.104750
0 0.664166 0.471216 0.071301 0.092036
0 0.905826 0.649367 0.078559 0.126318
0 0.980537 0.901938 0.038699 0.100094
0 0.717703 0.971570 0.076797 0.056120
0 0.421693 0.797292 0.064465 0.120271
0 0.107904 0.434339 0.068066 0.085177
0 0.127109 0.706552 0.076523 0.091823
0 0.871006 0.190359 0.064598 0.090729
0 0.452871 0.774349 0.063055 0.104125
0 0.016836 0.135617 0.032180 0.112984
0 0.137377 0.393094 0.077004 0.093573
0 0.246842 0.026099 0.056324 0.052198
0 0.516766 0.978651 0.063953 0.041271
0 0.988488 0.356203 0.022109 0.088865
0 0.542521 0.959411 0.087449 0.078240
0 0.987795 0.574977 0.022980 0.086193
0 0.668178 0.019448 0.074418 0.038896
0 0.009691 0.891193 0.019266 0.101792
0 0.900504 0.018708 0.063836 0.037417
0 0.009189 0.261411 0.018012 0.090792
0 0.008412 0.048742 0.016824 0.086349
0 0.006965 0.467318 0.013523 0.094760
0 0.097832 0.721990 0.059789 0.084729
0 0.178025 0.458781 0.065988 0.092688
0 0.117912 0.991557 0.073926 0.015927
0 0.834270 0.696529 0.075375 0.111911
0 0.337590 0.992682 0.077000 0.013510
0 0.875115 0.516081 0.070996 0.092161
0 0.334064 0.885060 0.066973 0.090089
0 0.354725 0.550221 0.070691 0.091620
0 0.034570 0.648690 0.067883 0.083526
0 0.973584 0.272456 0.052832 0.085568
0 0.367680 0.762224 0.062383 0.081125
0 0.664912 0.567831 0.087160 0.101276
0 0.339336 0.629339 0.070758 0.096729
0 0.325840 0.705219 0.075961 0.098021
0 0.396852 0.638034 0.077625 0.102516
0 0.484260 0.241888 0.074355 0.115443
0 0.754959 0.674987 0.076449 0.080682
0 0.845795 0.589547 0.075973 0.086167
0 0.756945 0.940625 0.066906 0.092333
0 0.800051 0.431240 0.073391 0.100719
0 0.342902 0.446378 0.065305 0.094245
