0 0.801283 0.982319 0.081607 0.034639
0 0.347621 0.114299 0.083497 0.159949
0 0.310625 0.282787 0.080500 0.143231
0 0.534029 0.147021 0.069953 0.144421
0 0.613147 0.179942 0.087081 0.146912
0 0.698728 0.227757 0.085982 0.158514
0 0.619615 0.050725 0.082406 0.101449
0 0.465477 0.167387 0.086130 0.150014
0 0.495411 0.286736 0.080474 0.133852
0 0.762569 0.412970 0.081549 0.154551
0 0.497552 0.583204 0.078396 0.158630
0 0.771371 0.580940 0.076565 0.149370
0 0.560039 0.635583 0.074969 0.147722
0 0.132919 0.114632 0.083984 0.145949
0 0.039975 0.448183 0.079909 0.148921
0 0.199154 0.255150 0.077286 0.165718
0 0.554368 0.477299 0.080654 0.163310
0 0.955431 0.699072 0.085487 0.152421
0 0.128034 0.265972 0.079625 0.161685
0 0.657514 0.339699 0.080513 0.144750
0 0.710005 0.938748 0.082156 0.122505
0 0.310982 0.533160 0.084719 0.171532
0 0.896987 0.442169 0.087078 0.165690
0 0.759603 0.772021 0.074003 0.165644
0 0.118954 0.940815 0.083055 0.117546
0 0.274564 0.410516 0.079857 0.138273
0 0.845464 0.612090 0.084583 0.153171
0 0.619762 0.657803 0.066461 0.152940
0 0.964686 0.959366 0.070201 0.080204
0 0.894448 0.145037 0.082089 0.154935
0 0.151318 0.450873 0.087776 0.153894
0 0.687572 0.679368 0.080409 0.143144
0 0.460669 0.035801 0.077630 0.070435
0 0.496789 0.784380 0.069906 0.128352
0 0.028277 0.614245 0.056555 0.156056
0 0.438257 0.779889 0.064362 0.181870
0 0.493855 0.419451 0.098190 0.152551
0 0.832887 0.826720 0.080940 0.147449
0 0.094241 0.816764 0.081612 0.141889
0 0.325178 0.781829 0.072409 0.142343
0 0.095395 0.048102 0.098305 0.096204
0 0.977096 0.306988 0.045807 0.138051
0 0.881870 0.960042 0.074042 0.077602
0 0.693104 0.815417 0.080635 0.136407
0 0.261974 0.042910 0.084214 0.082819
0 0.390775 0.960178 0.081237 0.079644
0 0.382708 0.811748 0.071260 0.186255
0 0.018293 0.227500 0.036586 0.153444
0 0.794504 0.033331 0.080935 0.066662
0 0.017717 0.838375 0.035435 0.168139
0 0.472482 0.974451 0.069380 0.051097
0 0.541012 0.974632 0.073716 0.050736
1 0.367993 0.605090 0.085081 0.157477
1 0.409703 0.315951 0.087609 0.159690
