0 0.059129 0.095056 0.084013 0.147843
0 0.209932 0.946551 0.092698 0.104426
0 0.533565 0.623454 0.073526 0.159454
0 0.343388 0.934146 0.095464 0.131708
0 0.455344 0.301604 0.085818 0.173088
0 0.583776 0.288644 0.082823 0.154389
0 0.975759 0.904815 0.048482 0.156981
0 0.262090 0.753743 0.098128 0.132514
0 0.585370 0.143028 0.083885 0.148778
0 0.494471 0.445539 0.092656 0.148727
0 0.948902 0.292213 0.102195 0.165833
0 0.618228 0.640590 0.092310 0.147227
0 0.831607 0.539470 0.086693 0.144116
0 0.195734 0.839894 0.091521 0.160546
0 0.873983 0.824127 0.089164 0.156181
0 0.040757 0.530345 0.078518 0.160810
0 0.407402 0.476370 0.090648 0.166065
0 0.047508 0.383005 0.091391 0.144185
0 0.382143 0.853387 0.059703 0.111282
1 0.322349 0.410016 0.084318 0.152403
0 0.909361 0.562051 0.078695 0.138898
0 0.784133 0.033634 0.087432 0.067269
1 0.521025 0.319465 0.077805 0.140125
0 0.296879 0.975866 0.084695 0.047537
0 0.049501 0.984850 0.093451 0.029366
0 0.804057 0.987854 0.099156 0.024292
0 0.404391 0.915174 0.043078 0.074810
0 0.918704 0.929123 0.081648 0.141514
0 0.467625 0.894391 0.086224 0.152069
0 0.738156 0.306063 0.085479 0.149255
0 0.852113 0.084604 0.085591 0.146014
0 0.808355 0.911282 0.088201 0.146019
0 0.318327 0.562171 0.076539 0.160870
0 0.768392 0.117606 0.090461 0.146426
0 0.747297 0.757225 0.082026 0.141551
0 0.675484 0.426931 0.084792 0.141667
0 0.505926 0.769292 0.091784 0.136370
0 0.583272 0.889722 0.087570 0.150963
0 0.772482 0.629762 0.083318 0.139653
0 0.607276 0.493854 0.087026 0.157782
0 0.660995 0.267081 0.082052 0.170282
0 0.113591 0.570882 0.080344 0.143292
0 0.790259 0.410671 0.084055 0.151593
0 0.283517 0.863382 0.084852 0.141273
0 0.277865 0.310949 0.093719 0.157343
0 0.041651 0.239748 0.083302 0.160523
0 0.960503 0.435894 0.078995 0.156454
0 0.119143 0.820461 0.082302 0.172699
0 0.054052 0.892373 0.087339 0.149579
0 0.256099 0.638093 0.078010 0.137537
0 0.380751 0.644451 0.082659 0.126032
0 0.012284 0.068192 0.024172 0.129588
0 0.124122 0.962097 0.081125 0.074778
0 0.634292 0.061870 0.078000 0.121750
0 0.906332 0.040856 0.085826 0.081630
0 0.955857 0.760350 0.083443 0.148088
