1 0.436333 0.141458 0.076151 0.138185
0 0.867241 0.983671 0.093695 0.030380
1 0.910697 0.713785 0.071971 0.175634
0 0.011240 0.520190 0.022479 0.132491
0 0.953910 0.970970 0.085461 0.055727
1 0.497025 0.417873 0.077810 0.161542
1 0.318309 0.056836 0.087648 0.113671
0 0.068105 0.022074 0.065060 0.043454
0 0.623587 0.675461 0.072982 0.151171
0 0.969288 0.023023 0.061331 0.046046
0 0.781146 0.966787 0.078042 0.066074
0 0.599533 0.030049 0.088867 0.059486
0 0.125240 0.026137 0.067068 0.051403
0 0.815233 0.026984 0.084091 0.053681
0 0.704896 0.959491 0.080094 0.080306
0 0.976979 0.186400 0.046042 0.154856
0 0.963906 0.713266 0.071844 0.170755
0 0.162673 0.588419 0.076133 0.133199
0 0.060268 0.699759 0.088885 0.137713
0 0.026021 0.047646 0.052042 0.094819
0 0.969974 0.582940 0.060052 0.148602
0 0.474780 0.853940 0.089747 0.148333
0 0.846979 0.718938 0.078255 0.177727
0 0.431375 0.935120 0.082182 0.128472
0 0.448923 0.733859 0.083341 0.131088
0 0.887467 0.044035 0.074924 0.087245
0 0.565926 0.885833 0.077445 0.132630
0 0.042124 0.939954 0.084247 0.119435
0 0.117169 0.931157 0.078885 0.134148
0 0.852874 0.483681 0.087659 0.125231
0 0.540574 0.672648 0.081940 0.136028
0 0.826246 0.154139 0.094299 0.162130
0 0.650539 0.517130 0.087411 0.160185
0 0.516591 0.276132 0.085417 0.170042
0 0.130008 0.734139 0.073781 0.137361
0 0.102258 0.620090 0.076797 0.134014
0 0.522721 0.787380 0.081740 0.130889
0 0.613414 0.264512 0.085417 0.148968
0 0.267887 0.614146 0.077857 0.136097
0 0.513815 0.947824 0.088474 0.103213
0 0.170324 0.259271 0.078258 0.161134
0 0.874241 0.373222 0.079076 0.127472
0 0.214612 0.442500 0.076495 0.160481
0 0.067279 0.827653 0.085026 0.157028
0 0.798540 0.374287 0.076513 0.132667
0 0.277927 0.128907 0.080328 0.154417
0 0.177988 0.102306 0.082685 0.143537
0 0.515202 0.147086 0.082909 0.141412
0 0.428145 0.468171 0.078227 0.138102
0 0.923667 0.239363 0.081776 0.148421
0 0.221965 0.207542 0.080242 0.140454
0 0.065388 0.468512 0.081094 0.151819
1 0.795423 0.568356 0.090695 0.147926
0 0.366850 0.155336 0.077513 0.177347
0 0.992404 0.809500 0.014870 0.121722
0 0.438083 0.326877 0.084573 0.145301
0 0.899574 0.570343 0.090299 0.133741
0 0.334682 0.538514 0.083266 0.148481
0 0.149786 0.407303 0.079172 0.138523
0 0.715977 0.363100 0.078229 0.134903
0 0.567708 0.520579 0.081573 0.152796
