0 0.320790 0.566558 0.072190 0.181227
0 0.369852 0.378817 0.073521 0.164338
0 0.515956 0.958428 0.076557 0.081051
0 0.268849 0.346521 0.076297 0.161144
0 0.773725 0.575313 0.102633 0.159792
0 0.978220 0.611808 0.043560 0.167894
0 0.869945 0.443773 0.072391 0.159898
0 0.126462 0.417616 0.072987 0.193259
0 0.956178 0.714428 0.083445 0.136551
0 0.962211 0.838708 0.074286 0.130472
0 0.068882 0.231396 0.078138 0.156644
0 0.179712 0.392507 0.075977 0.170634
0 0.025341 0.495850 0.050682 0.149931
0 0.492163 0.643282 0.071352 0.167935
0 0.845030 0.920687 0.084935 0.141616
0 0.812451 0.476056 0.076719 0.158306
0 0.189467 0.504581 0.085169 0.127986
0 0.382529 0.939937 0.080083 0.118634
0 0.367583 0.503370 0.092875 0.132204
0 0.932892 0.178662 0.081732 0.155287
0 0.502884 0.304407 0.078836 0.159500
0 0.425259 0.576731 0.084523 0.159435
0 0.104142 0.637620 0.083482 0.145454
0 0.561560 0.249331 0.074802 0.161505
0 0.672592 0.359664 0.079003 0.139847
0 0.152047 0.744444 0.082318 0.129676
0 0.566337 0.485391 0.081529 0.136782
0 0.385608 0.768275 0.085133 0.138079
0 0.612557 0.715731 0.080411 0.138917
0 0.630961 0.567345 0.072854 0.145282
0 0.356372 0.116593 0.080068 0.142157
0 0.179415 0.870296 0.082508 0.140963
0 0.887901 0.776634 0.079813 0.136185
0 0.563852 0.611782 0.084995 0.144935
0 0.689445 0.908829 0.085120 0.137167
0 0.438749 0.357681 0.079419 0.156565
0 0.135000 0.221669 0.076542 0.148718
0 0.256578 0.556664 0.078458 0.145588
0 0.536598 0.754470 0.080846 0.147440
0 0.846535 0.246986 0.080831 0.151861
0 0.593203 0.358898 0.089682 0.158056
0 0.241928 0.160968 0.082956 0.147741
0 0.450562 0.220528 0.083099 0.148889
0 0.159975 0.090762 0.089831 0.145171
0 0.768749 0.846530 0.082018 0.144375
0 0.782893 0.331829 0.084979 0.149593
1 0.296217 0.719648 0.094898 0.175611
0 0.615613 0.840477 0.083273 0.131519
0 0.463958 0.759764 0.083224 0.170444
0 0.038840 0.730058 0.075497 0.152514
0 0.241171 0.808468 0.085768 0.170194
0 0.555449 0.089995 0.077888 0.134787
0 0.305646 0.887354 0.080266 0.141968
0 0.173305 0.613468 0.085917 0.137333
0 0.813828 0.701319 0.086307 0.166380
0 0.740487 0.463009 0.083932 0.155028
0 0.375833 0.647933 0.088411 0.141884
0 0.209038 0.966898 0.068430 0.066204
0 0.694526 0.693090 0.082255 0.134514
0 0.986491 0.369938 0.026591 0.162042
0 0.004983 0.690056 0.009961 0.145731
0 0.498501 0.515549 0.083940 0.158838
0 0.702522 0.563634 0.087263 0.170972
0 0.198052 0.222150 0.076271 0.157986
0 0.578141 0.020356 0.078359 0.040713
0 0.006353 0.393639 0.012388 0.155241
0 0.856385 0.042248 0.079911 0.084458
0 0.279898 0.967287 0.082042 0.065426
0 0.962184 0.035109 0.075633 0.070218
0 0.234424 0.303153 0.080234 0.147083
0 0.040086 0.372484 0.080172 0.174514
0 0.107956 0.031060 0.078755 0.061037
0 0.687932 0.791231 0.092734 0.130806
0 0.319520 0.373993 0.066742 0.202014
0 0.950652 0.562634 0.083211 0.134833
0 0.909333 0.350412 0.086505 0.158343
0 0.252027 0.432824 0.097049 0.142204
0 0.081232 0.465516 0.068359 0.197912
0 0.590490 0.958590 0.081109 0.080727
0 0.147092 0.961516 0.081091 0.075051
0 0.966792 0.442109 0.066417 0.154125
0 0.869392 0.647627 0.081341 0.180292
