0 0.720068 0.321155 0.087303 0.120931
0 0.861400 0.439588 0.069198 0.201852
0 0.836807 0.119720 0.148306 0.103760
0 0.189973 0.522461 0.080918 0.115334
0 0.714097 0.961353 0.086103 0.073220
0 0.994894 0.891602 0.010189 0.106970
0 0.179535 0.421309 0.071902 0.091415
0 0.010010 0.322585 0.019803 0.120355
0 0.737623 0.974426 0.085818 0.050612
0 0.914975 0.013637 0.075598 0.027274
0 0.560822 0.557065 0.077276 0.113915
0 0.655544 0.010311 0.063573 0.020622
0 0.989066 0.966834 0.021829 0.066240
0 0.990210 0.515406 0.019579 0.103436
1 0.476441 0.336782 0.104533 0.134501
0 0.986480 0.643012 0.026948 0.099563
0 0.007413 0.520283 0.014711 0.130597
0 0.214716 0.023236 0.080012 0.046471
0 0.988912 0.069141 0.022029 0.091543
0 0.363690 0.974432 0.075567 0.050931
0 0.980835 0.807479 0.036856 0.097150
0 0.990048 0.197181 0.019626 0.106842
0 0.973459 0.607482 0.053083 0.095890
0 0.526071 0.466764 0.079425 0.103591
0 0.336873 0.950836 0.071084 0.096055
0 0.015031 0.184537 0.030062 0.097274
0 0.059014 0.876199 0.081863 0.097829
0 0.184219 0.562595 0.070652 0.121816
0 0.031231 0.842233 0.062461 0.108169
0 0.036831 0.646847 0.072481 0.092716
0 0.474618 0.969100 0.094545 0.061800
0 0.971518 0.458809 0.056964 0.104059
0 0.083326 0.976368 0.087099 0.047181
0 0.428926 0.952798 0.082897 0.094403
0 0.950756 0.129797 0.084035 0.109110
0 0.950588 0.036541 0.075220 0.073081
0 0.944142 0.186875 0.072056 0.093997
0 0.346206 0.269779 0.077512 0.094825
0 0.540291 0.371307 0.075667 0.097325
0 0.898320 0.907528 0.070467 0.101199
0 0.386535 0.032184 0.076998 0.064367
0 0.787415 0.912258 0.085648 0.100782
0 0.399402 0.804514 0.075872 0.108483
0 0.601420 0.417184 0.090054 0.094779
0 0.681260 0.225602 0.074047 0.093354
0 0.798721 0.128169 0.072411 0.108868
0 0.810920 0.960231 0.077650 0.079537
0 0.549153 0.034990 0.083623 0.069362
0 0.463794 0.769375 0.092242 0.111476
0 0.594983 0.566062 0.085536 0.122680
0 0.604902 0.339812 0.080297 0.087124
0 0.088592 0.407050 0.104352 0.120694
0 0.468551 0.606283 0.092643 0.105458
0 0.954697 0.840481 0.076416 0.118997
0 0.336408 0.094239 0.068781 0.105669
0 0.499495 0.518426 0.078542 0.114722
0 0.055793 0.521175 0.084356 0.109480
0 0.214583 0.185764 0.093881 0.089038
0 0.283927 0.598724 0.081103 0.106492
0 0.643686 0.269604 0.086385 0.104486
0 0.219834 0.404424 0.081836 0.117675
0 0.947081 0.409807 0.088769 0.111373
0 0.237307 0.522449 0.068179 0.101903
0 0.671194 0.508290 0.089927 0.125900
0 0.513779 0.793331 0.077998 0.093956
0 0.853304 0.487562 0.070305 0.106276
0 0.454850 0.660149 0.082731 0.105298
0 0.832213 0.187055 0.080575 0.102227
0 0.063293 0.109205 0.086377 0.101301
0 0.026439 0.947145 0.052631 0.105463
0 0.781987 0.251523 0.070594 0.103477
0 0.091817 0.662863 0.088187 0.095026
0 0.316555 0.508236 0.094853 0.107840
0 0.880299 0.833809 0.078947 0.097351
0 0.727016 0.144925 0.078144 0.115602
0 0.110993 0.557785 0.080752 0.129820
0 0.870152 0.640926 0.079410 0.114784
0 0.038924 0.300622 0.077106 0.111019
0 0.514371 0.209979 0.074715 0.127377
0 0.538594 0.715509 0.078978 0.111965
0 0.475453 0.048449 0.081979 0.096744
0 0.255571 0.044547 0.091397 0.089095
0 0.800309 0.580162 0.079228 0.113904
0 0.868218 0.386299 0.073519 0.097485
0 0.953655 0.306831 0.082874 0.101955
0 0.871800 0.102909 0.077998 0.110180
0 0.269703 0.917004 0.087222 0.113997
0 0.708752 0.430864 0.087388 0.115977
0 0.227492 0.674686 0.090633 0.118405
0 0.221921 0.829645 0.081752 0.116492
0 0.791844 0.703508 0.089313 0.110082
0 0.142025 0.878390 0.085579 0.129146
0 0.802541 0.813074 0.076701 0.108966
0 0.600600 0.679745 0.079217 0.104923
0 0.577787 0.897405 0.094117 0.103421
0 0.148079 0.077572 0.086389 0.129990
0 0.727608 0.618711 0.082878 0.115952
0 0.725442 0.044892 0.080127 0.089702
0 0.356096 0.604308 0.093032 0.100828
0 0.140133 0.752335 0.084016 0.106842
0 0.465851 0.867649 0.092951 0.112377
0 0.422012 0.267960 0.076100 0.101291
0 0.675586 0.723477 0.080640 0.111317
0 0.409149 0.126170 0.093160 0.117124
0 0.789446 0.401484 0.083754 0.121960
0 0.300480 0.410669 0.091215 0.109928
0 0.341215 0.330869 0.088279 0.108817
