0 0.605509 0.242433 0.103940 0.126338
0 0.269587 0.494826 0.074180 0.137838
0 0.429988 0.781303 0.082513 0.141856
0 0.028488 0.566704 0.054055 0.161398
0 0.649142 0.469368 0.080367 0.132903
0 0.025837 0.930419 0.051674 0.125023
0 0.981699 0.964789 0.036602 0.066486
0 0.044064 0.087653 0.088128 0.137843
0 0.657125 0.128206 0.082375 0.142625
0 0.935665 0.213127 0.096586 0.124662
0 0.845579 0.661301 0.089935 0.132630
0 0.956079 0.328481 0.077930 0.114926
0 0.173234 0.176750 0.089807 0.137000
0 0.614204 0.592447 0.082586 0.139894
0 0.857112 0.528928 0.077292 0.126801
0 0.447796 0.639407 0.078357 0.137056
0 0.399065 0.447347 0.094896 0.128417
0 0.217480 0.644713 0.084383 0.146056
0 0.957154 0.451248 0.084312 0.124190
0 0.832113 0.058336 0.088997 0.111949
0 0.632082 0.028998 0.089398 0.057255
0 0.190182 0.832264 0.100604 0.117361
0 0.790549 0.748755 0.071693 0.153370
0 0.026811 0.378366 0.053378 0.123870
0 0.251824 0.951021 0.096815 0.096727
0 0.983842 0.549310 0.032164 0.137565
0 0.194411 0.419898 0.091125 0.135509
0 0.620016 0.872947 0.090182 0.146662
0 0.729889 0.528153 0.088966 0.129241
0 0.233495 0.086650 0.122083 0.128523
0 0.443171 0.921370 0.093836 0.131333
0 0.957027 0.857600 0.085404 0.149477
0 0.842129 0.834961 0.085346 0.127958
0 0.300173 0.312634 0.093352 0.121954
0 0.687105 0.933694 0.089716 0.129139
0 0.279970 0.193968 0.091596 0.124593
0 0.565831 0.791889 0.078927 0.128796
0 0.948156 0.080539 0.090667 0.130208
0 0.094345 0.896602 0.082154 0.148241
0 0.562551 0.372600 0.078513 0.136718
0 0.889706 0.937782 0.077078 0.124231
0 0.105160 0.551345 0.096398 0.133875
0 0.730211 0.738667 0.071422 0.155407
0 0.141277 0.314398 0.078112 0.130444
0 0.664400 0.327729 0.110799 0.150236
0 0.746853 0.380762 0.087888 0.148681
0 0.325156 0.044396 0.080047 0.086569
0 0.414478 0.077155 0.083883 0.138634
0 0.653573 0.729183 0.085453 0.141931
1 0.302835 0.623662 0.078997 0.128417
