0 0.471502 0.339698 0.079777 0.095052
0 0.035281 0.434201 0.070492 0.096818
0 0.958867 0.294440 0.073828 0.096495
0 0.428580 0.417341 0.073465 0.103484
0 0.496195 0.536773 0.082578 0.092005
0 0.879590 0.614557 0.069438 0.094948
0 0.281301 0.916307 0.072133 0.094833
0 0.258174 0.677964 0.082910 0.103063
0 0.258664 0.453977 0.072570 0.093557
0 0.534951 0.791464 0.070738 0.092771
0 0.426133 0.144078 0.075297 0.105323
0 0.195109 0.399438 0.075805 0.097927
0 0.709559 0.774138 0.073609 0.090536
0 0.183217 0.129875 0.079316 0.107708
0 0.760188 0.286656 0.073367 0.099271
0 0.884402 0.374807 0.071516 0.098021
0 0.557902 0.696810 0.070875 0.097099
0 0.470992 0.849607 0.068906 0.102964
0 0.627025 0.712740 0.073754 0.096792
0 0.890145 0.206521 0.079062 0.093406
0 0.537746 0.250221 0.072094 0.092714
0 0.957211 0.637255 0.079211 0.111677
0 0.957945 0.784570 0.066922 0.104286
0 0.033178 0.880677 0.066348 0.103917
0 0.879842 0.085724 0.070574 0.103646
0 0.408420 0.818659 0.069746 0.100734
1 0.358002 0.921135 0.071059 0.096302
1 0.392129 0.288682 0.092266 0.085250
0 0.994271 0.787607 0.011457 0.100161
1 0.844480 0.742180 0.075820 0.101339
0 0.637152 0.010190 0.078930 0.020255
1 0.382812 0.355474 0.075109 0.084740
1 0.690205 0.119208 0.076684 0.097865
1 0.322852 0.536589 0.088203 0.094333
1 0.507959 0.447875 0.081027 0.106188
0 0.456533 0.991094 0.074043 0.017813
1 0.555119 0.599984 0.084691 0.107187
0 0.823746 0.981401 0.097125 0.036594
1 0.139068 0.361099 0.067832 0.092385
0 0.871609 0.006594 0.075789 0.013187
0 0.089141 0.904117 0.065477 0.096578
0 0.902855 0.767151 0.064516 0.124063
0 0.377305 0.085451 0.070203 0.091099
0 0.597314 0.968695 0.077176 0.062443
0 0.734467 0.057659 0.069504 0.099682
0 0.560543 0.504216 0.065672 0.091839
0 0.641813 0.476096 0.077078 0.098203
0 0.282879 0.598201 0.067266 0.089318
0 0.153582 0.667497 0.070070 0.091505
0 0.822004 0.655734 0.073719 0.093521
0 0.183693 0.294682 0.080316 0.104219
0 0.649674 0.180674 0.067832 0.092578
0 0.034631 0.520435 0.068668 0.083703
0 0.824221 0.039242 0.072676 0.078484
0 0.831445 0.138253 0.081219 0.095724
0 0.223186 0.201995 0.070348 0.089333
0 0.021078 0.687372 0.041969 0.094391
0 0.324994 0.976982 0.066566 0.046036
0 0.477709 0.210914 0.064855 0.102651
0 0.800074 0.574302 0.071406 0.090448
0 0.022281 0.362193 0.044562 0.097073
0 0.952805 0.186107 0.064914 0.095682
0 0.092816 0.273878 0.077633 0.094099
0 0.896232 0.870906 0.079887 0.096323
0 0.688086 0.617180 0.076758 0.101016
0 0.143391 0.048195 0.071563 0.096391
0 0.549715 0.376258 0.074453 0.099130
0 0.503674 0.110339 0.074941 0.103802
0 0.203010 0.901734 0.077223 0.098583
0 0.079545 0.578789 0.069738 0.091255
0 0.102078 0.443812 0.072352 0.096438
1 0.337643 0.245510 0.070199 0.091854
1 0.358092 0.421906 0.075098 0.085740
1 0.360367 0.168313 0.080125 0.101771
0 0.078613 0.011529 0.078500 0.022641
0 0.991311 0.666375 0.017379 0.111740
1 0.722506 0.943823 0.069684 0.103760
1 0.374969 0.728534 0.078461 0.106828
1 0.149521 0.220362 0.070238 0.090880
1 0.412047 0.226771 0.077188 0.093063
0 0.766166 0.011714 0.073020 0.023427
0 0.987900 0.513466 0.024027 0.105714
0 0.010340 0.288714 0.020680 0.096729
1 0.948213 0.078326 0.072293 0.094203
1 0.076072 0.362651 0.071598 0.100469
1 0.424262 0.913888 0.068180 0.091036
0 0.023504 0.599831 0.046969 0.090641
1 0.487852 0.944492 0.074445 0.101682
0 0.530168 0.981674 0.067570 0.036307
0 0.009193 0.973893 0.017176 0.052214
1 0.519020 0.616315 0.074953 0.104193
1 0.342930 0.624490 0.071367 0.098583
1 0.944490 0.519651 0.069301 0.097885
1 0.699844 0.223323 0.074367 0.098010
0 0.935750 0.018018 0.075578 0.035776
1 0.537602 0.884289 0.076180 0.104224
1 0.616104 0.551651 0.076363 0.107792
1 0.890156 0.288839 0.071188 0.085229
1 0.820033 0.370581 0.065410 0.092849
1 0.807543 0.218362 0.073977 0.098422
0 0.984936 0.140484 0.030129 0.093667
0 0.342152 0.478766 0.103656 0.103854
0 0.801207 0.791651 0.091250 0.088219
0 0.241328 0.966711 0.072906 0.065589
0 0.711021 0.862677 0.084645 0.098781
0 0.062135 0.789034 0.071723 0.103068
0 0.914373 0.451557 0.072902 0.083302
0 0.949588 0.381357 0.069121 0.091797
0 0.212967 0.044484 0.078887 0.088885
0 0.884871 0.956479 0.074969 0.087042
0 0.589947 0.179367 0.065559 0.103693
0 0.811063 0.467255 0.077633 0.104646
0 0.117311 0.965148 0.072840 0.069703
0 0.066699 0.664206 0.066672 0.093328
0 0.666455 0.043878 0.083035 0.087755
0 0.388926 0.975414 0.071414 0.048703
0 0.050865 0.963943 0.072215 0.069937
1 0.778689 0.715443 0.068957 0.094979
0 0.238162 0.540177 0.072535 0.094937
