0 0.745685 0.016421 0.096208 0.032843
1 0.324197 0.324037 0.082029 0.153352
0 0.157717 0.017199 0.105945 0.034398
0 0.883143 0.030049 0.099021 0.057931
0 0.010319 0.416234 0.020039 0.174153
1 0.594984 0.844215 0.098807 0.156597
0 0.414337 0.038583 0.094815 0.076917
0 0.012426 0.202877 0.023622 0.157042
0 0.985633 0.392954 0.028734 0.149491
0 0.566671 0.631373 0.090602 0.170699
0 0.886785 0.945907 0.084143 0.105713
0 0.019091 0.659868 0.038182 0.133523
0 0.558699 0.956537 0.085685 0.086111
0 0.964197 0.919345 0.071607 0.144949
0 0.263590 0.204153 0.077555 0.134685
0 0.977350 0.604968 0.044898 0.155176
0 0.128483 0.268400 0.078034 0.114977
0 0.255368 0.957924 0.082940 0.084153
0 0.389630 0.248921 0.091229 0.134019
0 0.446270 0.743944 0.083232 0.134463
0 0.088283 0.956162 0.093326 0.087380
0 0.637824 0.621810 0.081503 0.186472
0 0.423870 0.125706 0.095333 0.150236
0 0.510566 0.347206 0.087602 0.148190
0 0.282340 0.096324 0.105659 0.142269
0 0.652990 0.200056 0.081250 0.138426
0 0.267531 0.385405 0.091984 0.128005
0 0.366281 0.777426 0.085578 0.148648
0 0.127897 0.675512 0.086940 0.138727
0 0.296699 0.810002 0.071836 0.125995
0 0.903299 0.437373 0.090943 0.142625
0 0.181178 0.196162 0.088227 0.163185
0 0.069379 0.050880 0.085586 0.101759
0 0.541965 0.760514 0.096820 0.138185
0 0.713750 0.446558 0.095422 0.140134
0 0.057221 0.220424 0.080365 0.159560
0 0.473089 0.876694 0.091714 0.137750
0 0.814129 0.790551 0.087539 0.147370
0 0.408266 0.383704 0.097182 0.146833
0 0.705861 0.569502 0.086367 0.148449
0 0.611340 0.073162 0.091201 0.143287
0 0.039378 0.880227 0.078755 0.134972
0 0.359983 0.938481 0.085779 0.123037
0 0.955174 0.194164 0.086214 0.149014
0 0.397076 0.525299 0.081031 0.139505
0 0.729555 0.294312 0.091312 0.154569
0 0.822102 0.927187 0.086255 0.143477
0 0.691508 0.906530 0.098755 0.147634
0 0.790814 0.648771 0.085607 0.134903
0 0.271971 0.518347 0.091385 0.148509
0 0.180656 0.476630 0.094568 0.157861
0 0.058217 0.740907 0.077961 0.128306
0 0.779081 0.181021 0.095781 0.167079
0 0.340760 0.616947 0.090724 0.158736
0 0.841862 0.532720 0.087094 0.137236
0 0.883161 0.711759 0.087984 0.166250
0 0.946063 0.793016 0.084177 0.146875
0 0.122585 0.380988 0.084966 0.131588
0 0.226324 0.840671 0.085789 0.168861
0 0.171633 0.976984 0.088411 0.040894
0 0.699693 0.084544 0.092010 0.143912
0 0.310802 0.020880 0.100307 0.041759
0 0.056102 0.452741 0.087844 0.155815
0 0.639335 0.341956 0.085581 0.130403
0 0.731917 0.779861 0.085635 0.150361
0 0.737012 0.975451 0.093846 0.041181
0 0.458953 0.976637 0.089245 0.042458
0 0.006109 0.546421 0.011995 0.136926
