0 0.004286 0.719333 0.008573 0.128463
0 0.004802 0.480972 0.009604 0.140148
0 0.987987 0.019787 0.024026 0.039574
0 0.122805 0.976019 0.088464 0.046500
0 0.219224 0.972458 0.072448 0.054306
0 0.292604 0.015852 0.089156 0.031537
0 0.013508 0.962088 0.026609 0.075250
0 0.731505 0.970338 0.086479 0.059324
0 0.724253 0.029579 0.080870 0.059157
0 0.982344 0.710917 0.034760 0.140000
0 0.367349 0.965370 0.090156 0.069259
0 0.018396 0.861935 0.036792 0.134111
0 0.799508 0.041856 0.069182 0.083713
0 0.487560 0.039565 0.080776 0.079130
0 0.981974 0.121792 0.035302 0.132380
0 0.638844 0.956343 0.082979 0.087315
0 0.017927 0.601264 0.035854 0.129343
0 0.538086 0.961977 0.079255 0.074787
0 0.026677 0.211199 0.052510 0.131380
0 0.023909 0.074579 0.047818 0.138657
0 0.961729 0.611981 0.076542 0.120537
0 0.557344 0.494296 0.085510 0.143333
0 0.464688 0.959060 0.080104 0.078676
0 0.965698 0.498384 0.068604 0.118898
0 0.043357 0.728366 0.074464 0.128676
0 0.641458 0.044106 0.072927 0.087583
0 0.063141 0.596273 0.065167 0.143269
0 0.653789 0.879620 0.075953 0.129037
0 0.902500 0.318236 0.079021 0.147898
0 0.914924 0.879088 0.070786 0.174194
0 0.179076 0.251431 0.075693 0.122917
0 0.815286 0.375694 0.073510 0.107630
0 0.340885 0.208870 0.075469 0.135593
0 0.025919 0.349986 0.051578 0.141824
0 0.922083 0.055343 0.079333 0.110685
0 0.572203 0.071306 0.072604 0.139944
0 0.227518 0.368861 0.076880 0.130630
0 0.869049 0.438810 0.085943 0.129639
0 0.844247 0.935556 0.078234 0.128889
0 0.634484 0.572032 0.081458 0.125787
0 0.377591 0.696273 0.088026 0.146065
0 0.238497 0.852352 0.076609 0.145389
0 0.504740 0.561963 0.071885 0.147111
0 0.456487 0.274042 0.078849 0.118787
0 0.725323 0.815097 0.081094 0.138306
0 0.084956 0.428023 0.081703 0.146935
0 0.261857 0.688796 0.082474 0.138241
0 0.637760 0.185755 0.083229 0.130454
0 0.967000 0.890931 0.066000 0.152917
0 0.291497 0.936838 0.084609 0.126324
0 0.132034 0.548069 0.083432 0.130917
0 0.514008 0.367083 0.078828 0.131796
0 0.545839 0.850667 0.080865 0.149444
0 0.506737 0.129806 0.072891 0.130981
0 0.845669 0.767620 0.079349 0.122426
0 0.714880 0.131787 0.081417 0.142426
0 0.428839 0.562727 0.084417 0.147731
0 0.089419 0.238685 0.079286 0.134907
0 0.963310 0.275023 0.073380 0.152028
0 0.614227 0.799912 0.074391 0.150602
0 0.823836 0.651806 0.080068 0.122889
0 0.256258 0.468481 0.091339 0.143611
0 0.789211 0.172361 0.083391 0.149574
0 0.688799 0.491435 0.085547 0.134407
0 0.170156 0.911264 0.083531 0.141824
0 0.220375 0.575523 0.076437 0.126120
0 0.927703 0.727819 0.085542 0.122546
0 0.415229 0.167315 0.085260 0.151481
0 0.434964 0.404181 0.083958 0.139991
0 0.857958 0.183593 0.089156 0.152185
0 0.363768 0.463792 0.085161 0.139676
0 0.471867 0.709111 0.079984 0.153704
0 0.314813 0.803292 0.075594 0.134620
0 0.732922 0.285093 0.087510 0.147481
0 0.783523 0.904991 0.084505 0.145648
0 0.555299 0.707088 0.083203 0.132954
0 0.808495 0.518023 0.083500 0.142769
0 0.169234 0.116181 0.090688 0.155028
0 0.397560 0.838037 0.082828 0.137056
0 0.882469 0.573532 0.083875 0.140843
0 0.116010 0.693787 0.086240 0.142463
1 0.313727 0.378472 0.101984 0.164204
1 0.600237 0.431875 0.112307 0.177731
0 0.263378 0.106315 0.084901 0.152352
0 0.672310 0.697157 0.087870 0.135444
0 0.086255 0.848551 0.087031 0.138009
0 0.157766 0.393301 0.074094 0.146509
