0 0.055260 0.961771 0.082146 0.074931
0 0.641977 0.067475 0.081896 0.132755
0 0.960371 0.736491 0.076477 0.140583
0 0.077344 0.106789 0.079630 0.142319
0 0.884810 0.441486 0.076016 0.132537
0 0.183944 0.762437 0.075076 0.123505
0 0.062323 0.325928 0.068562 0.129495
0 0.768320 0.740574 0.082938 0.151889
0 0.336478 0.931500 0.073258 0.127694
0 0.476578 0.053743 0.067766 0.107486
0 0.058604 0.713130 0.086896 0.133361
0 0.068155 0.562326 0.077732 0.144514
0 0.361438 0.549299 0.080099 0.141042
0 0.261203 0.263690 0.078359 0.147028
0 0.707229 0.137727 0.083870 0.133111
0 0.059401 0.790169 0.069927 0.131755
0 0.845027 0.141025 0.085581 0.151292
0 0.772174 0.160671 0.076646 0.146370
0 0.759661 0.627109 0.073141 0.153542
0 0.895717 0.740056 0.087081 0.129167
0 0.122572 0.363852 0.068841 0.141907
0 0.504415 0.799727 0.080076 0.145306
0 0.775344 0.466185 0.077849 0.143981
0 0.972357 0.940222 0.055286 0.119343
0 0.286148 0.566370 0.078203 0.128435
0 0.901181 0.240752 0.086633 0.149347
0 0.460375 0.562567 0.078870 0.153708
0 0.567836 0.687653 0.087349 0.144926
0 0.423930 0.427782 0.069849 0.127194
0 0.458560 0.725215 0.079281 0.135523
0 0.143548 0.546273 0.084346 0.142870
0 0.216875 0.244697 0.080026 0.143375
0 0.028667 0.214079 0.057333 0.146065
0 0.967259 0.303646 0.065414 0.136523
0 0.337815 0.423475 0.078505 0.137486
0 0.129786 0.652676 0.080229 0.148056
0 0.383794 0.776454 0.083583 0.142213
0 0.342195 0.680731 0.081964 0.127593
0 0.283069 0.405287 0.079727 0.138583
0 0.764051 0.291773 0.081914 0.137407
0 0.319363 0.168169 0.086440 0.139801
0 0.264816 0.690711 0.073685 0.131282
0 0.210426 0.379993 0.072367 0.124921
0 0.774181 0.083039 0.074445 0.125523
0 0.705878 0.383329 0.074380 0.157759
0 0.233701 0.059377 0.079156 0.118755
0 0.380020 0.055743 0.080549 0.111486
0 0.751089 0.940384 0.073484 0.116778
0 0.496703 0.673356 0.089813 0.119704
0 0.049534 0.498456 0.083115 0.138681
0 0.938402 0.077968 0.057513 0.155935
0 0.978827 0.435403 0.042091 0.143963
0 0.575027 0.313449 0.076846 0.128315
0 0.255143 0.523373 0.075615 0.127356
0 0.924121 0.681919 0.079732 0.131106
0 0.369997 0.906468 0.068505 0.124509
0 0.827792 0.638333 0.077240 0.150324
0 0.436975 0.907345 0.078461 0.160792
0 0.811238 0.439785 0.072893 0.131671
0 0.689842 0.681903 0.085570 0.149370
0 0.652681 0.175963 0.071805 0.117833
0 0.642678 0.316775 0.076008 0.153171
0 0.557546 0.048058 0.080258 0.096116
0 0.685491 0.493956 0.076112 0.150366
0 0.890876 0.509951 0.078773 0.130875
0 0.514397 0.144810 0.070862 0.123667
0 0.906120 0.372919 0.074109 0.137403
0 0.238372 0.854669 0.077880 0.139810
0 0.841117 0.051898 0.082026 0.103796
0 0.398686 0.315650 0.078607 0.123125
0 0.493132 0.345479 0.076753 0.122468
1 0.510320 0.232757 0.109193 0.126616
0 0.640314 0.411475 0.072549 0.127097
0 0.413375 0.183113 0.071005 0.121245
0 0.166814 0.478727 0.079310 0.128806
0 0.650176 0.547081 0.071935 0.112375
0 0.597546 0.807595 0.087029 0.134375
0 0.533085 0.557354 0.074701 0.145829
0 0.306121 0.049528 0.077992 0.099056
0 0.586503 0.140292 0.076078 0.117583
0 0.136279 0.289822 0.081250 0.141431
0 0.857424 0.283127 0.074490 0.132699
0 0.149595 0.153588 0.079909 0.127926
0 0.833359 0.588870 0.076010 0.128259
0 0.984396 0.629350 0.030974 0.128912
0 0.481536 0.972713 0.087953 0.050556
0 0.203122 0.721273 0.067458 0.116296
0 0.005685 0.743590 0.011344 0.122847
0 0.989969 0.346500 0.020062 0.139241
0 0.436292 0.288475 0.079922 0.122644
0 0.444866 0.160299 0.070414 0.134245
0 0.993483 0.807924 0.012935 0.138847
0 0.015695 0.083211 0.031391 0.139847
0 0.976694 0.579806 0.046612 0.132306
0 0.261430 0.816532 0.071839 0.116667
0 0.681956 0.938394 0.071865 0.116889
0 0.737866 0.785014 0.074768 0.129269
0 0.565874 0.947743 0.077638 0.104514
0 0.975712 0.166632 0.048570 0.139921
0 0.742621 0.018775 0.079878 0.036681
0 0.397919 0.537854 0.066031 0.120921
0 0.923988 0.899528 0.073060 0.149370
0 0.978581 0.053243 0.042641 0.106375
0 0.767440 0.893949 0.072255 0.125213
0 0.488212 0.407850 0.075341 0.121745
0 0.015672 0.350505 0.031344 0.150528
0 0.632207 0.774301 0.075914 0.133963
0 0.222349 0.964051 0.080500 0.070343
0 0.095694 0.058438 0.074221 0.116597
0 0.838017 0.855019 0.076987 0.166398
0 0.166102 0.902560 0.079318 0.139343
0 0.498220 0.523755 0.074445 0.124139
0 0.657296 0.902697 0.074117 0.129477
0 0.177538 0.123470 0.072799 0.128292
