0 0.426138 0.013419 0.084750 0.026838
0 0.005286 0.076838 0.010427 0.151352
1 0.539042 0.562398 0.111495 0.168111
0 0.024831 0.317803 0.049661 0.137079
0 0.811212 0.015595 0.082128 0.030403
0 0.987327 0.626116 0.024857 0.114889
0 0.013521 0.685350 0.027042 0.140366
0 0.987480 0.247301 0.024758 0.128926
0 0.909806 0.383801 0.076055 0.129954
0 0.149536 0.261262 0.083630 0.137208
0 0.898289 0.026454 0.080427 0.052639
0 0.923600 0.963007 0.069586 0.070986
0 0.118854 0.474579 0.065703 0.104481
0 0.087665 0.957593 0.079216 0.082741
0 0.928603 0.327519 0.084977 0.138343
0 0.975719 0.957588 0.048177 0.084269
0 0.328368 0.959266 0.088310 0.079671
0 0.035194 0.374262 0.070195 0.142560
0 0.540039 0.446155 0.079094 0.120051
0 0.439426 0.094109 0.078404 0.153968
0 0.546432 0.288144 0.094974 0.137250
0 0.493503 0.051384 0.092661 0.101602
0 0.625728 0.109315 0.073419 0.142759
0 0.979083 0.113389 0.041599 0.141065
0 0.385974 0.691870 0.082781 0.135963
0 0.028908 0.938486 0.057159 0.123028
0 0.275401 0.832313 0.084333 0.156894
0 0.518331 0.212562 0.080193 0.135968
0 0.670734 0.157764 0.076495 0.150519
0 0.235572 0.602139 0.076253 0.158769
0 0.173579 0.065178 0.078055 0.130356
0 0.787702 0.141560 0.079393 0.167028
0 0.551665 0.116819 0.094310 0.141722
0 0.743371 0.941039 0.077857 0.117097
0 0.507017 0.382833 0.079221 0.128000
0 0.912832 0.868051 0.086904 0.140926
0 0.126578 0.116183 0.077391 0.128227
0 0.590277 0.373116 0.068982 0.108880
0 0.114587 0.363382 0.076185 0.142227
0 0.068118 0.265817 0.075357 0.142088
0 0.078482 0.756738 0.074917 0.138486
0 0.212118 0.187190 0.098534 0.160870
0 0.348367 0.822544 0.079380 0.149190
0 0.372491 0.105352 0.082758 0.142194
0 0.024611 0.802958 0.049143 0.139352
0 0.195768 0.662113 0.072068 0.131042
0 0.363255 0.605868 0.090062 0.156079
0 0.859928 0.125537 0.081081 0.153833
0 0.028122 0.157019 0.056177 0.130593
0 0.612388 0.525546 0.076089 0.142204
0 0.194665 0.844752 0.087299 0.149181
0 0.277628 0.277808 0.080198 0.144940
0 0.730835 0.679586 0.070680 0.141060
0 0.752823 0.838759 0.078021 0.128824
0 0.743887 0.521028 0.092346 0.196380
0 0.291814 0.662988 0.081956 0.144745
0 0.596164 0.736414 0.084813 0.146347
0 0.654784 0.421706 0.086313 0.154505
0 0.449214 0.578655 0.085714 0.144616
0 0.818900 0.313634 0.090612 0.163148
0 0.606089 0.882012 0.085922 0.150301
0 0.958211 0.466926 0.082672 0.150241
0 0.957632 0.703366 0.080544 0.135139
0 0.440246 0.773005 0.077820 0.141648
0 0.847264 0.782569 0.095367 0.160130
0 0.702113 0.294176 0.092878 0.157981
0 0.385562 0.481981 0.077552 0.135259
0 0.825064 0.465130 0.089060 0.155870
0 0.669487 0.795190 0.085734 0.125824
0 0.455734 0.292086 0.091057 0.155282
