0 0.660564 0.584937 0.068246 0.081219
0 0.338541 0.952073 0.075105 0.092417
0 0.185877 0.560391 0.064715 0.094552
0 0.306406 0.140479 0.066070 0.086771
0 0.188312 0.280188 0.067227 0.091115
0 0.601717 0.630383 0.068676 0.093078
0 0.012424 0.975591 0.023684 0.048818
0 0.725098 0.930237 0.061000 0.082839
0 0.670867 0.169318 0.075102 0.090510
0 0.120791 0.789711 0.073082 0.088151
0 0.129900 0.503755 0.073293 0.083656
0 0.284975 0.481440 0.073262 0.089953
0 0.895650 0.529378 0.070020 0.084755
0 0.339768 0.781221 0.073590 0.078495
0 0.344021 0.862859 0.072770 0.085469
0 0.419156 0.713349 0.072883 0.088229
0 0.471082 0.254242 0.075117 0.102672
0 0.753344 0.106195 0.067102 0.091859
0 0.971514 0.570135 0.056582 0.096542
0 0.511283 0.387391 0.067723 0.088917
0 0.762379 0.651409 0.065664 0.086828
0 0.517988 0.600904 0.072023 0.087120
0 0.385541 0.635307 0.070793 0.085958
0 0.344828 0.417003 0.070273 0.087068
0 0.710377 0.520477 0.070090 0.091318
0 0.549850 0.689320 0.069738 0.088484
0 0.817732 0.394719 0.071355 0.090094
0 0.447590 0.588930 0.065469 0.100109
0 0.726975 0.986961 0.068152 0.025245
0 0.018479 0.914419 0.036957 0.072578
0 0.015783 0.427896 0.030941 0.085792
0 0.640199 0.022099 0.062375 0.044198
0 0.673432 0.666893 0.071613 0.089797
0 0.797076 0.985922 0.071457 0.026406
0 0.990410 0.390724 0.019180 0.090604
0 0.139537 0.986341 0.067996 0.027318
0 0.016346 0.744938 0.032691 0.091490
0 0.852697 0.021164 0.067043 0.040172
0 0.705043 0.021557 0.079133 0.042115
0 0.989459 0.825341 0.021082 0.089661
0 0.873580 0.253469 0.072855 0.092281
0 0.016006 0.833323 0.031488 0.085375
0 0.244391 0.546112 0.066555 0.098505
0 0.986549 0.290154 0.026902 0.086203
0 0.129537 0.330865 0.071605 0.084323
0 0.800629 0.902604 0.062508 0.081490
0 0.829535 0.810029 0.063102 0.097797
0 0.824508 0.527799 0.062805 0.080161
0 0.404238 0.975617 0.070172 0.046682
0 0.009898 0.024760 0.018516 0.049521
0 0.025568 0.132750 0.051137 0.088010
0 0.007004 0.218359 0.014008 0.090500
0 0.155291 0.841464 0.062715 0.087396
0 0.342354 0.705641 0.079145 0.075854
0 0.422885 0.218758 0.068145 0.101370
0 0.373529 0.321599 0.063566 0.093875
0 0.773363 0.481591 0.065047 0.091484
0 0.843967 0.180026 0.084848 0.083396
0 0.440404 0.332690 0.069277 0.083068
0 0.846918 0.306031 0.082367 0.087531
0 0.716137 0.721995 0.067953 0.082417
0 0.798937 0.725594 0.075742 0.078729
0 0.917119 0.439880 0.067324 0.086333
0 0.766914 0.801271 0.069938 0.083635
0 0.635686 0.503562 0.075449 0.084062
0 0.177053 0.742378 0.059309 0.092141
0 0.426719 0.034565 0.065680 0.069130
0 0.884820 0.370568 0.066523 0.084542
0 0.409457 0.825000 0.067164 0.091927
0 0.492730 0.865206 0.065070 0.081672
0 0.854283 0.099536 0.069668 0.084854
0 0.960631 0.711039 0.065082 0.079328
0 0.799365 0.044271 0.065223 0.086906
0 0.274992 0.667995 0.075062 0.087552
0 0.867582 0.703122 0.069680 0.085422
0 0.383566 0.534638 0.062273 0.081911
0 0.067502 0.874870 0.077879 0.085354
0 0.992297 0.200630 0.014898 0.090010
0 0.151375 0.928794 0.073805 0.084016
0 0.246053 0.807039 0.069496 0.090234
0 0.207307 0.096323 0.071199 0.093187
0 0.526834 0.032672 0.070934 0.064562
0 0.954445 0.165693 0.073789 0.093969
0 0.833299 0.623042 0.078090 0.093719
0 0.932369 0.960482 0.071340 0.078672
0 0.112197 0.085875 0.066676 0.088792
0 0.320861 0.574172 0.072520 0.091104
0 0.273832 0.389016 0.072063 0.090437
0 0.419986 0.116758 0.069395 0.090943
0 0.933342 0.287372 0.068176 0.090630
0 0.096924 0.260227 0.072426 0.085339
0 0.439707 0.918141 0.070164 0.091021
0 0.566727 0.851536 0.075992 0.100698
0 0.537098 0.474023 0.072781 0.091724
0 0.649105 0.910596 0.073906 0.088203
0 0.893867 0.851534 0.069203 0.091141
0 0.597416 0.090901 0.066715 0.088396
0 0.289992 0.053893 0.070523 0.089036
0 0.111365 0.633367 0.069301 0.089922
0 0.967486 0.071617 0.065027 0.089703
0 0.568432 0.955703 0.063809 0.082583
0 0.931182 0.628076 0.072395 0.092057
0 0.978791 0.917966 0.041598 0.087214
0 0.618830 0.423641 0.081207 0.084646
0 0.197346 0.186833 0.068871 0.082937
0 0.371166 0.184646 0.071793 0.086135
0 0.256643 0.263997 0.071113 0.091370
0 0.208852 0.421802 0.066031 0.079823
0 0.694166 0.374898 0.072105 0.087745
0 0.031686 0.504615 0.063371 0.088771
0 0.437947 0.418172 0.067637 0.084563
0 0.114518 0.415872 0.069371 0.085599
