0 0.837462 0.182375 0.082779 0.142991
0 0.569007 0.493653 0.081190 0.141148
0 0.319035 0.885097 0.075393 0.129778
0 0.110710 0.538079 0.086727 0.135500
0 0.652344 0.474301 0.085344 0.137019
0 0.666678 0.303498 0.076747 0.147745
0 0.788197 0.644736 0.086247 0.148759
0 0.799609 0.316002 0.083859 0.131949
0 0.646083 0.600583 0.077260 0.133481
0 0.946841 0.070468 0.088531 0.140769
0 0.314826 0.075123 0.074766 0.138079
0 0.655108 0.783579 0.078643 0.137917
0 0.039383 0.764046 0.078766 0.145454
0 0.414944 0.869678 0.085581 0.144745
0 0.348651 0.171137 0.077604 0.117032
0 0.673792 0.912620 0.079964 0.137361
0 0.906831 0.509493 0.089661 0.136551
0 0.942872 0.765062 0.084948 0.132810
0 0.619697 0.181178 0.079721 0.154597
0 0.092565 0.660831 0.083995 0.129329
1 0.806039 0.064266 0.087938 0.127440
1 0.115212 0.175394 0.088674 0.147954
0 0.664215 0.987204 0.085076 0.023185
0 0.990905 0.033060 0.018190 0.066111
0 0.005723 0.950227 0.011237 0.099546
1 0.958992 0.414528 0.082016 0.151426
0 0.055312 0.065998 0.056182 0.120718
1 0.606010 0.370650 0.079880 0.141153
1 0.021717 0.534014 0.043435 0.142324
0 0.317385 0.976928 0.071901 0.045819
0 0.984518 0.630127 0.030792 0.161431
1 0.924365 0.636544 0.093333 0.137060
1 0.299391 0.265565 0.081255 0.138861
0 0.823150 0.975067 0.094956 0.049866
1 0.529260 0.240833 0.085474 0.146093
1 0.376732 0.286972 0.084839 0.142889
0 0.477285 0.030843 0.081805 0.060324
1 0.717225 0.558229 0.083518 0.138875
0 0.977001 0.253706 0.045898 0.145653
0 0.392685 0.957498 0.088734 0.084782
0 0.027699 0.396109 0.055398 0.165310
0 0.118779 0.385565 0.080120 0.152667
0 0.797066 0.796803 0.082544 0.149153
0 0.302422 0.753933 0.082005 0.160032
0 0.864796 0.880523 0.087456 0.143407
0 0.437626 0.152111 0.090185 0.141972
0 0.110138 0.867201 0.086151 0.141968
0 0.722659 0.050343 0.084255 0.100685
0 0.203326 0.760919 0.076339 0.158727
0 0.693986 0.160025 0.079227 0.160958
0 0.248457 0.945988 0.086846 0.107440
0 0.005647 0.219593 0.011294 0.141741
1 0.701578 0.685625 0.075146 0.130093
