0 0.881150 0.575815 0.066746 0.086057
0 0.044486 0.937867 0.074457 0.095464
0 0.298143 0.106812 0.070207 0.109094
0 0.617127 0.973615 0.057785 0.052771
0 0.824076 0.548089 0.058363 0.078990
0 0.556668 0.790555 0.068109 0.083609
0 0.095246 0.091505 0.072031 0.087802
0 0.315029 0.855500 0.066207 0.090250
0 0.436840 0.889289 0.062297 0.084036
0 0.623121 0.429255 0.067344 0.082000
0 0.306152 0.663299 0.068305 0.104130
0 0.382437 0.848964 0.061492 0.083854
0 0.329834 0.340164 0.065105 0.082193
0 0.177289 0.150680 0.063859 0.086036
0 0.099150 0.606898 0.081676 0.083911
0 0.541984 0.102445 0.064797 0.079224
0 0.615637 0.099589 0.073992 0.116010
0 0.595713 0.807112 0.055293 0.071984
0 0.681164 0.139185 0.067367 0.109568
0 0.015998 0.536331 0.029855 0.084391
0 0.889791 0.090398 0.066402 0.076297
0 0.905377 0.795992 0.058441 0.076161
0 0.715920 0.965346 0.067621 0.068745
0 0.028662 0.262117 0.054816 0.078141
0 0.785021 0.438128 0.070270 0.087411
0 0.372045 0.034880 0.068895 0.069760
0 0.915199 0.600367 0.065641 0.083214
0 0.836141 0.728294 0.060828 0.075661
0 0.750064 0.232234 0.078621 0.102250
0 0.222334 0.043594 0.060598 0.081521
0 0.423188 0.493177 0.059797 0.086854
0 0.940678 0.034732 0.071230 0.069464
0 0.800307 0.122776 0.070199 0.100729
0 0.179104 0.500242 0.063613 0.101307
0 0.802205 0.582292 0.062105 0.081771
0 0.759822 0.718333 0.058684 0.079813
0 0.041561 0.846648 0.062012 0.084672
0 0.374525 0.287359 0.058457 0.077740
0 0.652143 0.557643 0.060816 0.087724
0 0.685602 0.752451 0.057648 0.081776
0 0.255295 0.720490 0.057559 0.083229
0 0.269928 0.777273 0.062660 0.082599
0 0.483525 0.100333 0.052676 0.081542
0 0.357578 0.528047 0.071820 0.088469
0 0.442502 0.734216 0.065613 0.087349
0 0.871744 0.394727 0.055191 0.106964
0 0.681680 0.361372 0.065758 0.088078
0 0.600043 0.603586 0.063484 0.082599
0 0.553463 0.874911 0.065621 0.086135
0 0.021484 0.368357 0.041578 0.079380
0 0.527934 0.478549 0.075727 0.094807
0 0.781570 0.785753 0.065164 0.082828
0 0.453043 0.806495 0.057773 0.086396
0 0.856846 0.623747 0.068191 0.081339
0 0.729355 0.834872 0.063602 0.080057
0 0.179238 0.739685 0.064500 0.084297
0 0.882775 0.194656 0.072184 0.082969
0 0.866576 0.860359 0.064184 0.081833
0 0.842811 0.046164 0.068527 0.083266
0 0.947496 0.852701 0.067469 0.076109
0 0.423371 0.113633 0.064227 0.082214
0 0.471873 0.436102 0.068941 0.082516
0 0.246361 0.442771 0.065824 0.089615
0 0.115590 0.525562 0.064273 0.082188
0 0.961027 0.723966 0.064820 0.074953
0 0.088100 0.321445 0.057824 0.078359
0 0.365422 0.405404 0.069617 0.090047
0 0.959588 0.941776 0.064004 0.085083
0 0.083082 0.785896 0.067602 0.092969
0 0.597213 0.263266 0.068496 0.116448
0 0.032369 0.810182 0.055145 0.142073
0 0.372016 0.612617 0.064469 0.084370
0 0.176018 0.645411 0.076355 0.096219
0 0.233598 0.990708 0.059695 0.018563
0 0.025633 0.188284 0.051266 0.070432
0 0.530338 0.568060 0.067645 0.084932
0 0.649004 0.977445 0.059820 0.045109
0 0.066482 0.096044 0.068215 0.083266
0 0.736453 0.006654 0.067766 0.013307
0 0.391830 0.621802 0.060355 0.085031
0 0.551367 0.560768 0.063531 0.081464
0 0.098287 0.807641 0.072637 0.094250
0 0.984256 0.480732 0.029113 0.086255
0 0.489379 0.900359 0.068641 0.084781
0 0.555926 0.018062 0.069227 0.036073
0 0.468604 0.340833 0.068832 0.098938
0 0.478951 0.016896 0.058918 0.033344
0 0.995172 0.934271 0.009172 0.076844
0 0.465391 0.896138 0.068039 0.084005
0 0.382744 0.191234 0.068613 0.105667
0 0.901455 0.465380 0.063699 0.091875
0 0.045369 0.176445 0.068035 0.085630
0 0.548588 0.752117 0.061832 0.078432
0 0.677225 0.625633 0.068801 0.081422
0 0.365850 0.934060 0.067543 0.101245
0 0.899816 0.515969 0.061148 0.083177
0 0.976170 0.250602 0.046395 0.100859
0 0.905332 0.319385 0.067289 0.103990
0 0.313146 0.008766 0.062309 0.017531
0 0.207811 0.335104 0.069316 0.079771
0 0.027131 0.786357 0.050965 0.070839
0 0.730227 0.503810 0.068687 0.103703
0 0.212389 0.204234 0.073754 0.111156
0 0.023738 0.461685 0.044172 0.087182
0 0.049395 0.009581 0.061156 0.019161
0 0.994510 0.643755 0.010230 0.086406
0 0.986639 0.512651 0.026723 0.103094
0 0.006684 0.445625 0.012344 0.079208
0 0.459432 0.992437 0.072590 0.013250
0 0.004113 0.306133 0.008227 0.089005
0 0.220025 0.944320 0.065457 0.084422
0 0.163801 0.910674 0.064703 0.079859
0 0.626379 0.722687 0.069703 0.092344
0 0.831152 0.963891 0.064328 0.072219
0 0.136963 0.424818 0.065965 0.084854
0 0.123846 0.238664 0.071973 0.084297
