0 0.012284 0.500741 0.022969 0.171676
0 0.054040 0.957623 0.088773 0.081921
0 0.382648 0.831500 0.112755 0.165620
0 0.017810 0.744627 0.034984 0.162551
0 0.638275 0.026340 0.094768 0.052681
0 0.786982 0.583067 0.067031 0.100579
0 0.825585 0.545236 0.073471 0.123870
0 0.984415 0.512218 0.031169 0.142972
0 0.614882 0.124350 0.098430 0.162116
0 0.962822 0.393685 0.074357 0.169019
0 0.533322 0.451975 0.089497 0.139995
0 0.409762 0.670750 0.102732 0.137380
0 0.816482 0.065852 0.089240 0.129333
0 0.844616 0.276363 0.080695 0.139440
0 0.592624 0.359377 0.090268 0.154264
0 0.776221 0.167731 0.093250 0.152157
0 0.426850 0.783090 0.095398 0.138255
0 0.201451 0.827396 0.083932 0.159329
1 0.265203 0.755819 0.085802 0.143380
1 0.165691 0.692817 0.100977 0.164625
1 0.041862 0.615338 0.083724 0.150213
1 0.122190 0.332539 0.088755 0.138097
0 0.083387 0.844176 0.088706 0.146370
0 0.372885 0.937171 0.094547 0.125657
1 0.893441 0.580176 0.083310 0.152296
1 0.051604 0.426748 0.082401 0.150329
0 0.324926 0.511150 0.089081 0.161208
0 0.170147 0.428421 0.099971 0.142676
0 0.706375 0.221838 0.087578 0.149546
0 0.750424 0.333613 0.089177 0.130903
0 0.909327 0.352347 0.082919 0.136241
0 0.272784 0.602771 0.101688 0.144153
0 0.327868 0.699956 0.088878 0.147718
0 0.437826 0.536972 0.098984 0.141657
0 0.306361 0.902933 0.081852 0.145931
0 0.765716 0.496484 0.090609 0.141810
0 0.962715 0.614806 0.074570 0.162074
0 0.687969 0.404618 0.095167 0.166495
0 0.087048 0.706243 0.086956 0.164856
0 0.435612 0.939931 0.075901 0.119954
0 0.168966 0.086859 0.077635 0.152634
0 0.944504 0.109185 0.095966 0.133426
0 0.960178 0.251025 0.079643 0.157560
0 0.028618 0.889176 0.057237 0.173704
0 0.708072 0.081306 0.101466 0.152898
0 0.170684 0.236208 0.101159 0.146917
0 0.089551 0.106625 0.081461 0.157713
0 0.187479 0.943954 0.099771 0.109352
0 0.029113 0.081579 0.058227 0.149815
1 0.833909 0.646933 0.081271 0.127199
