1 0.924568 0.386146 0.099771 0.158394
0 0.213034 0.974692 0.076568 0.043421
0 0.407378 0.956505 0.093255 0.084269
0 0.588469 0.018206 0.096792 0.036412
0 0.989540 0.334509 0.020919 0.150046
0 0.278107 0.972826 0.092943 0.054347
0 0.971788 0.571979 0.056424 0.126079
0 0.506115 0.032472 0.081547 0.064944
0 0.973923 0.036285 0.052154 0.069190
0 0.987354 0.819600 0.025292 0.165718
0 0.340393 0.964058 0.069505 0.070468
0 0.708184 0.672502 0.123107 0.132856
0 0.977029 0.140067 0.045943 0.159782
0 0.969729 0.462822 0.060062 0.149144
0 0.561090 0.518130 0.094174 0.150407
0 0.836118 0.613630 0.098003 0.176787
0 0.918749 0.646891 0.092909 0.153968
0 0.526401 0.725817 0.114411 0.130264
0 0.488426 0.125586 0.093138 0.155273
0 0.972056 0.682808 0.054930 0.168060
0 0.959408 0.265611 0.079706 0.154630
0 0.149837 0.955769 0.084826 0.088463
0 0.442324 0.904819 0.104258 0.173056
0 0.079451 0.949838 0.078505 0.100324
0 0.845038 0.449792 0.089690 0.169389
0 0.904674 0.525002 0.104740 0.156329
0 0.602520 0.630042 0.108065 0.154426
0 0.405309 0.204782 0.099315 0.149287
0 0.872220 0.741120 0.088076 0.173454
0 0.704483 0.565579 0.089893 0.169269
0 0.708934 0.769157 0.095086 0.147769
0 0.035703 0.867771 0.071406 0.154671
0 0.781755 0.551069 0.085354 0.176167
0 0.792607 0.731264 0.089849 0.164296
0 0.943275 0.788907 0.095508 0.179500
0 0.565603 0.254081 0.099982 0.171125
0 0.616684 0.174773 0.097284 0.184806
0 0.491036 0.824495 0.092693 0.162472
0 0.491561 0.247113 0.094456 0.168940
0 0.633913 0.535350 0.080768 0.145560
0 0.304642 0.061238 0.089763 0.122477
0 0.354253 0.156678 0.110635 0.145634
0 0.428559 0.315366 0.096753 0.166241
0 0.484346 0.385664 0.080708 0.155801
0 0.622021 0.396132 0.089984 0.170681
0 0.530225 0.940104 0.097773 0.118588
0 0.568655 0.842190 0.091216 0.164537
0 0.472344 0.518188 0.097594 0.145032
0 0.620734 0.751063 0.093698 0.171523
0 0.547924 0.087280 0.090531 0.164644
0 0.552069 0.379660 0.083914 0.158079
0 0.518286 0.608319 0.090792 0.142037
