0 0.258837 0.017465 0.084930 0.034931
0 0.915763 0.527544 0.083432 0.145681
0 0.859102 0.756312 0.077620 0.136745
0 0.928544 0.804940 0.083167 0.131630
0 0.924417 0.282750 0.076974 0.139019
0 0.085725 0.733602 0.078607 0.139926
0 0.278643 0.830292 0.078297 0.134213
0 0.377318 0.911859 0.094000 0.140995
0 0.744862 0.573264 0.078937 0.138019
0 0.347931 0.062012 0.083513 0.121495
0 0.643047 0.140310 0.092708 0.128333
0 0.636065 0.890181 0.079885 0.137676
0 0.035521 0.897125 0.070755 0.130833
0 0.808643 0.845900 0.077776 0.133069
0 0.347568 0.267086 0.083109 0.137625
0 0.902066 0.928968 0.078914 0.130231
0 0.054092 0.462287 0.102992 0.149157
0 0.634734 0.267991 0.078620 0.131750
0 0.754121 0.710968 0.086940 0.140472
0 0.417064 0.235498 0.075320 0.156079
0 0.556055 0.845118 0.077016 0.133329
0 0.465049 0.633692 0.077036 0.151764
0 0.545488 0.719326 0.074784 0.123171
0 0.177931 0.939215 0.081216 0.118690
0 0.111612 0.881868 0.078365 0.138319
0 0.648732 0.670255 0.081990 0.132685
0 0.565682 0.433829 0.077333 0.129769
0 0.207742 0.094005 0.079875 0.133176
0 0.259770 0.715981 0.082977 0.122028
0 0.846095 0.094069 0.077049 0.138324
0 0.188279 0.502046 0.081990 0.139463
0 0.838328 0.365792 0.078339 0.131741
0 0.094010 0.367373 0.099531 0.119144
0 0.866496 0.208512 0.075716 0.127560
0 0.207180 0.633907 0.072646 0.129454
0 0.739105 0.440898 0.090602 0.146713
0 0.535250 0.179234 0.082891 0.140338
0 0.553121 0.304991 0.085867 0.131731
0 0.814786 0.497155 0.081656 0.144801
0 0.735466 0.169977 0.084479 0.133269
0 0.345503 0.777218 0.075229 0.124287
0 0.927303 0.119266 0.084174 0.154699
0 0.206796 0.289002 0.083451 0.144644
0 0.775083 0.301683 0.086943 0.141977
0 0.512719 0.537734 0.076958 0.126486
0 0.236180 0.414632 0.080401 0.129282
0 0.465185 0.171229 0.079755 0.149440
0 0.970776 0.564495 0.058448 0.141852
0 0.652591 0.407368 0.077656 0.125440
0 0.150668 0.171949 0.068753 0.123667
0 0.481289 0.421655 0.080411 0.131810
0 0.400505 0.389630 0.077766 0.135815
0 0.565187 0.080664 0.086026 0.125736
0 0.299312 0.362120 0.082130 0.148111
0 0.682370 0.583201 0.070359 0.145708
0 0.774211 0.071963 0.092375 0.141139
0 0.429807 0.063898 0.078229 0.124130
0 0.082281 0.264468 0.085865 0.114574
0 0.075180 0.160322 0.083219 0.132810
0 0.270301 0.953660 0.079544 0.090764
0 0.753496 0.956715 0.085862 0.084718
0 0.528552 0.960097 0.071151 0.076935
0 0.974973 0.042528 0.050055 0.083398
0 0.725013 0.857255 0.075464 0.135519
0 0.658618 0.041606 0.089383 0.082343
0 0.983053 0.727843 0.033591 0.131972
0 0.982173 0.376829 0.035143 0.145213
0 0.017741 0.696949 0.035482 0.147120
0 0.599042 0.970843 0.074115 0.056880
0 0.098815 0.059063 0.099755 0.116079
0 0.729639 0.027220 0.092633 0.054069
0 0.436462 0.967384 0.074284 0.064491
0 0.018831 0.540745 0.037661 0.146389
0 0.013189 0.170523 0.025487 0.140333
0 0.496326 0.033171 0.076490 0.063546
0 0.165383 0.023514 0.100385 0.047028
0 0.054745 0.014660 0.096120 0.029319
0 0.400732 0.018248 0.082500 0.036495
1 0.271742 0.579301 0.079089 0.133194
