0 0.431797 0.950243 0.081229 0.099514
0 0.429206 0.540366 0.090276 0.165565
0 0.507770 0.518384 0.089810 0.178861
0 0.763844 0.754025 0.097870 0.153069
0 0.836820 0.073595 0.080458 0.144634
0 0.173633 0.913502 0.085099 0.157412
0 0.554783 0.220150 0.081534 0.139745
0 0.588784 0.929815 0.090208 0.140259
0 0.535638 0.804759 0.099313 0.174185
0 0.134255 0.707442 0.088042 0.142514
0 0.203794 0.723400 0.091599 0.178792
0 0.083811 0.951079 0.084211 0.096667
0 0.445921 0.092535 0.095893 0.157060
0 0.469246 0.871377 0.088711 0.149523
0 0.599634 0.304266 0.087039 0.155986
0 0.810371 0.842958 0.092310 0.168907
0 0.903767 0.120632 0.089023 0.163134
0 0.658391 0.382273 0.099958 0.158463
0 0.038967 0.560377 0.077935 0.152338
0 0.664148 0.917826 0.086375 0.164347
0 0.036897 0.281574 0.073779 0.168694
0 0.296491 0.100900 0.084258 0.156542
0 0.106630 0.486553 0.080365 0.139819
0 0.738483 0.644093 0.097357 0.147028
0 0.780603 0.273074 0.098727 0.162028
0 0.440132 0.719005 0.075961 0.149250
0 0.316586 0.235713 0.097219 0.153037
0 0.559682 0.429826 0.078245 0.147125
0 0.089840 0.612398 0.083753 0.156824
0 0.951056 0.935500 0.087669 0.128907
0 0.236793 0.442419 0.090253 0.164931
0 0.306137 0.856993 0.091924 0.157699
0 0.734141 0.877259 0.083005 0.142602
0 0.286410 0.355012 0.092435 0.148375
0 0.512689 0.675125 0.094867 0.159843
0 0.353767 0.582102 0.083607 0.146213
0 0.017995 0.055088 0.035724 0.110176
0 0.431020 0.014461 0.083966 0.027903
0 0.097859 0.025213 0.073802 0.049602
0 0.397509 0.843190 0.084810 0.158880
1 0.460112 0.418174 0.088969 0.154486
0 0.773465 0.138468 0.100648 0.157972
0 0.730160 0.969551 0.085669 0.060546
0 0.884893 0.026984 0.084427 0.052866
0 0.018392 0.167053 0.036784 0.142718
0 0.047690 0.068069 0.080807 0.135787
0 0.243422 0.042613 0.085609 0.084347
0 0.228490 0.562444 0.102057 0.163139
0 0.296832 0.959537 0.079284 0.079611
0 0.238363 0.799576 0.098065 0.155060
0 0.692539 0.295113 0.099115 0.156477
0 0.956121 0.052713 0.086966 0.104435
0 0.515449 0.950896 0.089935 0.097773
0 0.799008 0.959303 0.075484 0.081282
0 0.166824 0.424553 0.083034 0.179310
0 0.285307 0.625674 0.083104 0.199347
0 0.613954 0.793296 0.079122 0.186454
0 0.112517 0.352544 0.109107 0.163431
0 0.685280 0.783192 0.084268 0.150190
0 0.217759 0.169926 0.088430 0.160343
0 0.515658 0.332671 0.086148 0.155213
0 0.529154 0.102525 0.091599 0.169875
0 0.844165 0.207081 0.093539 0.158523
0 0.445249 0.280088 0.086846 0.158750
0 0.162177 0.582410 0.088922 0.169292
0 0.753021 0.397472 0.096969 0.142769
0 0.657730 0.648414 0.086372 0.162532
0 0.870053 0.916007 0.092596 0.159884
0 0.100573 0.219282 0.093844 0.168991
0 0.637562 0.509660 0.094333 0.149856
0 0.714876 0.188285 0.090086 0.161523
0 0.043060 0.428384 0.085234 0.148954
0 0.242297 0.920400 0.080276 0.142671
0 0.359033 0.061822 0.081945 0.123644
0 0.127268 0.833495 0.090438 0.143759
0 0.742991 0.519708 0.100648 0.133741
0 0.361314 0.929845 0.079753 0.140310
0 0.344727 0.444576 0.086646 0.157208
