0 0.957819 0.379153 0.084362 0.141676
0 0.299747 0.594257 0.078740 0.140616
0 0.046957 0.498569 0.083018 0.141574
0 0.414754 0.510329 0.087466 0.152065
0 0.270198 0.850227 0.076885 0.123926
0 0.526086 0.512486 0.078438 0.141759
0 0.548783 0.952780 0.081560 0.093458
0 0.380216 0.955019 0.078568 0.088778
0 0.822029 0.919435 0.076156 0.144528
0 0.872639 0.602567 0.094107 0.154532
0 0.199535 0.864465 0.075690 0.157125
0 0.568411 0.762000 0.094005 0.151935
1 0.619561 0.638324 0.079695 0.143000
0 0.105046 0.579387 0.092221 0.141782
0 0.028996 0.649456 0.057914 0.145236
0 0.879174 0.294475 0.080510 0.153801
0 0.339573 0.460725 0.082458 0.148162
0 0.401385 0.362530 0.084307 0.153486
0 0.737044 0.558560 0.076854 0.140287
0 0.516745 0.853706 0.081682 0.140597
0 0.461150 0.751245 0.073393 0.140722
0 0.603699 0.889759 0.079367 0.147778
0 0.877457 0.457433 0.084997 0.162755
0 0.077228 0.787062 0.084617 0.171884
0 0.889335 0.921972 0.071971 0.131222
0 0.592190 0.491475 0.075823 0.142236
0 0.925408 0.753734 0.084737 0.145755
0 0.295027 0.017389 0.087846 0.034778
0 0.732078 0.420380 0.086547 0.151963
0 0.354236 0.057324 0.084784 0.113611
0 0.666699 0.543343 0.074549 0.129991
0 0.811280 0.524019 0.080253 0.140324
0 0.523723 0.378102 0.067331 0.148185
0 0.059530 0.978394 0.077982 0.040398
1 0.469479 0.076822 0.080500 0.138162
0 0.405740 0.135183 0.077146 0.142208
0 0.470944 0.198431 0.087419 0.131620
0 0.676322 0.925053 0.079664 0.142662
0 0.548362 0.634437 0.077943 0.131662
0 0.954111 0.623863 0.085893 0.145958
0 0.017806 0.948194 0.035529 0.102019
0 0.994915 0.325769 0.010148 0.142000
1 0.583652 0.356250 0.081586 0.147176
0 0.865753 0.807558 0.093031 0.135606
0 0.943030 0.501130 0.079049 0.136574
0 0.123993 0.684009 0.095419 0.125306
0 0.954820 0.112479 0.087422 0.144523
0 0.020483 0.776181 0.040966 0.133880
1 0.841775 0.703037 0.085195 0.140444
0 0.818826 0.393289 0.088125 0.154042
0 0.013962 0.422558 0.027924 0.136486
0 0.469535 0.434549 0.078258 0.157171
0 0.694788 0.667262 0.079727 0.141727
0 0.995654 0.085958 0.008693 0.151991
0 0.190656 0.579903 0.079750 0.146537
0 0.257374 0.720192 0.079023 0.137690
0 0.372402 0.611620 0.088664 0.144991
0 0.712608 0.803306 0.080435 0.135574
0 0.544678 0.227984 0.089622 0.154662
0 0.391089 0.728553 0.083193 0.134347
0 0.767665 0.712847 0.077779 0.146139
0 0.254288 0.494053 0.080487 0.159755
0 0.751492 0.914396 0.077818 0.159764
0 0.291714 0.948576 0.086448 0.102069
0 0.924620 0.018319 0.093859 0.036176
0 0.129669 0.921854 0.085109 0.132162
0 0.396165 0.851058 0.077664 0.128782
0 0.988263 0.551500 0.023073 0.153370
0 0.119280 0.797664 0.079242 0.135144
0 0.413393 0.039979 0.073328 0.078949
0 0.320448 0.773574 0.073479 0.145407
0 0.329958 0.155313 0.076938 0.135042
0 0.452949 0.928813 0.077659 0.132903
0 0.954130 0.251907 0.086146 0.137620
1 0.649400 0.420139 0.081924 0.155991
