0 0.880088 0.775112 0.100504 0.123047
1 0.490771 0.856633 0.137285 0.167453
0 0.958715 0.990372 0.082570 0.019255
0 0.023211 0.089727 0.045375 0.129484
0 0.028686 0.295943 0.057223 0.110396
0 0.397871 0.018299 0.103820 0.036016
0 0.610662 0.017432 0.107457 0.034677
0 0.240475 0.983341 0.112527 0.033276
0 0.502311 0.025612 0.105332 0.051047
0 0.608277 0.965615 0.138367 0.068771
0 0.024900 0.355951 0.049660 0.144516
0 0.983715 0.337776 0.032375 0.139375
0 0.893588 0.300909 0.104176 0.116036
0 0.212332 0.027117 0.110672 0.054234
0 0.063734 0.189807 0.096609 0.128365
0 0.108836 0.033133 0.103484 0.066078
0 0.801123 0.757044 0.102809 0.134974
0 0.971244 0.459505 0.057512 0.127448
0 0.969080 0.152023 0.061840 0.136328
0 0.075865 0.966854 0.117238 0.065542
0 0.285090 0.206250 0.105148 0.125677
0 0.253561 0.250604 0.114652 0.134010
0 0.940041 0.642701 0.100910 0.115849
0 0.023566 0.597750 0.047023 0.137240
0 0.958631 0.918977 0.082738 0.148453
0 0.025814 0.193932 0.051629 0.114917
0 0.793529 0.034391 0.106879 0.068188
0 0.475062 0.577404 0.096633 0.126516
0 0.653256 0.380339 0.104051 0.112344
0 0.889027 0.375305 0.110187 0.143516
0 0.421438 0.793440 0.101063 0.133891
0 0.273959 0.398766 0.109934 0.127833
0 0.681598 0.046654 0.096109 0.092880
0 0.955656 0.706237 0.088687 0.136255
0 0.509709 0.947380 0.116957 0.103167
0 0.801709 0.121005 0.112855 0.125187
0 0.735984 0.742979 0.113242 0.141990
0 0.794883 0.934273 0.124461 0.131130
0 0.314184 0.499409 0.112602 0.129786
0 0.809365 0.206904 0.106512 0.140318
0 0.597750 0.228065 0.093578 0.148453
0 0.103154 0.089547 0.109707 0.134719
0 0.090930 0.409521 0.104977 0.138104
0 0.319291 0.336622 0.111207 0.141214
0 0.254525 0.535578 0.098137 0.128229
0 0.715322 0.282836 0.104199 0.145234
0 0.095934 0.304307 0.104156 0.131771
0 0.909869 0.170120 0.117504 0.159781
0 0.852287 0.478810 0.108535 0.137755
0 0.644121 0.886391 0.114367 0.153927
0 0.494717 0.722982 0.098926 0.122318
0 0.537523 0.231029 0.102547 0.133776
0 0.155574 0.202182 0.106266 0.159531
0 0.946230 0.528276 0.106523 0.129365
0 0.514000 0.341484 0.105750 0.117750
0 0.563465 0.088549 0.102375 0.138380
0 0.155215 0.730932 0.125625 0.135677
0 0.034707 0.716799 0.069242 0.125672
0 0.244521 0.786667 0.116285 0.152042
0 0.841893 0.637237 0.103074 0.148828
0 0.656963 0.148495 0.095934 0.124260
0 0.460994 0.067594 0.109520 0.134646
0 0.274098 0.075294 0.109273 0.150589
0 0.091604 0.561523 0.115199 0.141151
0 0.045389 0.856286 0.090777 0.144500
0 0.538590 0.609289 0.117203 0.149703
0 0.746305 0.614859 0.102773 0.136729
0 0.414654 0.387461 0.115988 0.153620
0 0.341563 0.769435 0.104828 0.133839
0 0.327740 0.627711 0.120848 0.145484
0 0.354471 0.120313 0.094551 0.128552
0 0.410365 0.212510 0.110020 0.135135
0 0.514617 0.461286 0.109656 0.146219
0 0.670961 0.559641 0.098430 0.132250
0 0.621814 0.450927 0.111973 0.143260
0 0.240750 0.906500 0.119234 0.138125
