1 0.300316 0.517287 0.091206 0.181880
0 0.009186 0.129062 0.017659 0.142977
0 0.010415 0.034030 0.020831 0.061394
0 0.744336 0.021361 0.090661 0.042722
0 0.989717 0.767683 0.020565 0.161727
0 0.048706 0.025257 0.079615 0.050514
0 0.200447 0.764778 0.092211 0.163491
0 0.115910 0.322292 0.082023 0.111917
0 0.979152 0.219414 0.041315 0.172273
0 0.521509 0.234778 0.086055 0.140444
0 0.532082 0.153572 0.080112 0.126218
0 0.354988 0.046560 0.090341 0.093065
0 0.773599 0.735012 0.074083 0.134560
0 0.704630 0.524120 0.088682 0.123157
0 0.351121 0.672660 0.091091 0.163421
0 0.246418 0.189296 0.082576 0.127685
0 0.657536 0.041222 0.089474 0.081472
0 0.809803 0.604792 0.071096 0.138315
0 0.557982 0.040065 0.088839 0.079481
0 0.419172 0.314794 0.080437 0.175486
0 0.047788 0.790988 0.095576 0.150829
0 0.343479 0.161796 0.085026 0.144806
0 0.875591 0.058954 0.103313 0.115926
0 0.440197 0.628625 0.076846 0.141898
0 0.467868 0.856229 0.077471 0.144671
0 0.844391 0.562859 0.078937 0.156699
0 0.433007 0.947729 0.094690 0.104542
0 0.765816 0.296667 0.085659 0.156528
0 0.054294 0.512074 0.087641 0.147194
0 0.268775 0.321745 0.087466 0.161093
0 0.585340 0.288002 0.082872 0.156227
0 0.190160 0.283366 0.086758 0.135435
0 0.270116 0.877317 0.105086 0.156782
0 0.189154 0.075380 0.098677 0.150481
0 0.596806 0.399729 0.100039 0.171903
0 0.805525 0.870127 0.090128 0.172681
0 0.730121 0.702338 0.081977 0.143102
0 0.660349 0.192065 0.092234 0.159407
0 0.076109 0.204606 0.087120 0.161870
0 0.154983 0.473588 0.086956 0.167593
0 0.767053 0.441766 0.088690 0.153736
0 0.576368 0.938887 0.092414 0.120977
0 0.949669 0.117912 0.086333 0.159037
0 0.856237 0.182463 0.099833 0.151194
0 0.038788 0.644556 0.074951 0.155111
0 0.655333 0.677428 0.088292 0.171005
0 0.949895 0.485382 0.087612 0.157338
0 0.540012 0.810910 0.092810 0.172921
0 0.394293 0.792102 0.075997 0.145833
0 0.943451 0.838775 0.101786 0.170097
0 0.683743 0.902993 0.088492 0.172949
