0 0.116557 0.929106 0.075312 0.131731
0 0.783844 0.267310 0.074469 0.151935
0 0.435070 0.575593 0.089828 0.163981
0 0.671966 0.629986 0.088182 0.165287
0 0.739503 0.539588 0.081495 0.146676
0 0.953570 0.406847 0.079318 0.129231
0 0.319635 0.738060 0.087625 0.154602
0 0.627081 0.883130 0.082182 0.152167
0 0.373401 0.634690 0.090958 0.137046
0 0.665695 0.515625 0.089182 0.134250
0 0.655227 0.389421 0.108766 0.143657
0 0.448997 0.440384 0.070391 0.149787
0 0.865362 0.460958 0.098589 0.121509
0 0.596708 0.593574 0.110823 0.196537
0 0.957169 0.595889 0.081464 0.134981
0 0.241302 0.719269 0.098583 0.152315
0 0.291083 0.530778 0.079417 0.141296
0 0.232135 0.942148 0.088823 0.115704
0 0.247477 0.838060 0.096203 0.134435
0 0.546708 0.508917 0.078365 0.198241
0 0.619589 0.734407 0.093833 0.162019
0 0.609674 0.458463 0.075839 0.134222
0 0.985081 0.465690 0.029839 0.157935
0 0.333409 0.434370 0.089568 0.150833
0 0.176917 0.871708 0.076698 0.144713
0 0.489023 0.508787 0.072828 0.167222
1 0.358219 0.534079 0.089615 0.143250
0 0.661159 0.196259 0.083557 0.138037
0 0.394695 0.436282 0.068818 0.182935
0 0.724667 0.439611 0.095563 0.127944
0 0.739766 0.537370 0.080563 0.146630
0 0.886484 0.362519 0.091062 0.145556
0 0.983924 0.681764 0.030557 0.145731
0 0.281836 0.626194 0.110391 0.136500
0 0.039747 0.937130 0.078964 0.125741
0 0.953620 0.405778 0.080125 0.129074
0 0.885284 0.546292 0.089891 0.141991
0 0.650490 0.287361 0.094208 0.122333
0 0.810599 0.532954 0.076458 0.145519
0 0.849758 0.267190 0.087557 0.160102
0 0.807760 0.389491 0.104198 0.167370
0 0.588086 0.969565 0.078297 0.057981
0 0.955977 0.590491 0.083120 0.138630
0 0.660917 0.196755 0.082104 0.143546
0 0.725214 0.207319 0.088531 0.174917
0 0.725844 0.327778 0.095281 0.142889
0 0.725286 0.438662 0.095719 0.132157
