0 0.253243 0.112479 0.077003 0.142523
0 0.891426 0.244262 0.094023 0.143394
0 0.375068 0.773090 0.069708 0.121616
0 0.247182 0.383380 0.084099 0.136204
0 0.156348 0.427486 0.078737 0.146222
0 0.794983 0.754919 0.089138 0.153671
0 0.349237 0.388581 0.082380 0.147134
0 0.484632 0.549919 0.087487 0.151458
0 0.285641 0.570683 0.084948 0.145699
0 0.112138 0.039183 0.065130 0.073801
0 0.174483 0.966722 0.106008 0.065287
0 0.050220 0.631208 0.085003 0.130454
0 0.989199 0.158664 0.021602 0.148125
0 0.898413 0.780808 0.078987 0.127708
0 0.807475 0.482794 0.082893 0.184014
0 0.879311 0.833664 0.085419 0.153412
0 0.943674 0.881086 0.072734 0.132495
0 0.979836 0.445738 0.040250 0.140921
0 0.981589 0.557199 0.036818 0.121241
0 0.207598 0.647519 0.095466 0.174426
0 0.085798 0.463245 0.088352 0.149556
0 0.113694 0.539275 0.076706 0.137190
0 0.903521 0.970708 0.086995 0.055556
0 0.017010 0.155831 0.033880 0.158579
0 0.321835 0.172449 0.086570 0.139861
0 0.045462 0.036354 0.088211 0.072708
0 0.983156 0.775229 0.033688 0.136051
0 0.886831 0.640211 0.080625 0.149634
0 0.608462 0.314262 0.080409 0.145144
0 0.436728 0.718301 0.077664 0.137343
0 0.743367 0.175354 0.089849 0.152542
0 0.265581 0.273470 0.079797 0.144449
0 0.775719 0.906914 0.081969 0.134681
0 0.511393 0.350243 0.062047 0.138208
0 0.938117 0.762252 0.081573 0.140181
0 0.279201 0.958812 0.078875 0.081847
0 0.778380 0.329924 0.085161 0.140301
0 0.519306 0.237792 0.085466 0.144713
0 0.563615 0.177917 0.088276 0.154954
0 0.158533 0.725847 0.075862 0.135852
0 0.343009 0.274400 0.089617 0.154514
0 0.219753 0.244049 0.102984 0.159449
0 0.424346 0.945625 0.089536 0.107324
0 0.969134 0.889773 0.061086 0.132472
0 0.103556 0.298310 0.091383 0.188463
0 0.663497 0.718449 0.091557 0.201056
0 0.410784 0.507894 0.087667 0.153213
0 0.829270 0.925384 0.102654 0.143472
0 0.038182 0.710998 0.075859 0.135245
0 0.419352 0.434428 0.084760 0.150884
0 0.744645 0.064208 0.082336 0.128417
0 0.515367 0.052130 0.094063 0.103435
0 0.196496 0.543519 0.093253 0.133352
0 0.822987 0.328965 0.085917 0.145356
0 0.781427 0.236794 0.087167 0.130829
0 0.580090 0.924197 0.081768 0.149894
0 0.161522 0.878553 0.083201 0.146782
0 0.374579 0.641120 0.096102 0.154120
0 0.736204 0.734278 0.071154 0.117389
0 0.929779 0.493076 0.091500 0.146449
0 0.374935 0.881581 0.070146 0.120245
0 0.649419 0.947308 0.074062 0.104671
0 0.089363 0.125764 0.104185 0.154944
0 0.373957 0.112155 0.096102 0.142690
0 0.724944 0.423556 0.085185 0.157935
0 0.921259 0.078134 0.108872 0.155815
0 0.678868 0.081116 0.102523 0.147796
0 0.577195 0.418560 0.080786 0.123426
0 0.864437 0.421137 0.086844 0.161773
0 0.692167 0.283079 0.089510 0.165157
0 0.620214 0.173720 0.086859 0.152088
0 0.802626 0.107472 0.090529 0.164435
0 0.597620 0.059653 0.080990 0.119250
0 0.556712 0.797269 0.098508 0.154444
0 0.964510 0.267843 0.070979 0.173630
0 0.059758 0.839875 0.090000 0.144704
0 0.215729 0.798356 0.073880 0.142759
0 0.178776 0.093766 0.090365 0.179653
0 0.762022 0.619479 0.098227 0.151486
0 0.486121 0.861715 0.080258 0.144190
0 0.622763 0.516468 0.097833 0.147852
0 0.705910 0.874220 0.083174 0.134884
0 0.328579 0.013090 0.078409 0.025995
0 0.462077 0.075005 0.084294 0.146000
0 0.431076 0.258725 0.105990 0.152856
0 0.970682 0.975662 0.058635 0.047889
0 0.103258 0.605840 0.080891 0.135875
0 0.642542 0.303333 0.077344 0.145528
0 0.896967 0.557704 0.092154 0.135546
