0 0.049940 0.815764 0.099880 0.159398
0 0.506987 0.926412 0.099328 0.147176
0 0.959987 0.042009 0.078276 0.084019
0 0.644411 0.126606 0.116625 0.150269
0 0.431117 0.298472 0.108026 0.153519
0 0.849690 0.861417 0.096339 0.144000
0 0.013732 0.810329 0.027464 0.146417
0 0.030336 0.372005 0.060672 0.148750
0 0.174763 0.299005 0.088359 0.149157
0 0.907021 0.952546 0.086354 0.093796
0 0.450698 0.577718 0.094646 0.230102
0 0.051818 0.203398 0.092552 0.197407
0 0.012492 0.354046 0.023755 0.146074
1 0.659177 0.647449 0.096104 0.173139
0 0.240599 0.975806 0.109542 0.040352
0 0.863703 0.654435 0.085396 0.206519
0 0.769135 0.081880 0.104833 0.162667
0 0.361018 0.806389 0.089005 0.145444
0 0.373049 0.036676 0.094307 0.073333
0 0.774284 0.727523 0.092609 0.161843
0 0.430328 0.443245 0.097979 0.169028
0 0.965393 0.112093 0.068547 0.147000
0 0.380766 0.582741 0.095542 0.185389
0 0.829497 0.338708 0.084745 0.160213
0 0.888576 0.269287 0.089047 0.162204
0 0.278042 0.796380 0.091292 0.154963
0 0.872154 0.595801 0.079536 0.147787
0 0.585451 0.758944 0.101880 0.150926
0 0.783828 0.510968 0.090625 0.149843
0 0.083888 0.436926 0.096026 0.146852
0 0.753406 0.309588 0.094458 0.177972
0 0.126701 0.605421 0.087714 0.155454
0 0.134930 0.813245 0.087370 0.162139
0 0.587596 0.383014 0.084818 0.146176
0 0.348167 0.244333 0.084271 0.178685
0 0.963396 0.832778 0.073208 0.160148
0 0.563128 0.162181 0.091349 0.193157
0 0.226086 0.383653 0.085734 0.146546
0 0.215539 0.587421 0.079828 0.153343
0 0.080714 0.063556 0.096115 0.127111
0 0.693867 0.901699 0.097391 0.158046
0 0.425013 0.181681 0.078391 0.118324
0 0.259607 0.553264 0.088536 0.152343
0 0.617466 0.506542 0.090891 0.168417
0 0.558245 0.888153 0.082000 0.145139
0 0.465500 0.062810 0.090177 0.123509
0 0.961396 0.688634 0.077208 0.173380
0 0.757044 0.858227 0.090964 0.160639
0 0.838854 0.714097 0.080625 0.155454
0 0.541703 0.616620 0.105094 0.184500
0 0.960784 0.304111 0.078432 0.193667
0 0.615648 0.951546 0.107057 0.096907
0 0.030487 0.561000 0.060974 0.170833
0 0.673323 0.782394 0.094385 0.148083
0 0.288745 0.416662 0.103177 0.184009
0 0.034714 0.953574 0.069427 0.092852
0 0.144669 0.133486 0.089953 0.145639
0 0.697453 0.524208 0.084094 0.148269
0 0.971000 0.949986 0.057604 0.100028
0 0.134154 0.327162 0.099609 0.158213
0 0.275883 0.192491 0.094661 0.187407
0 0.054068 0.927968 0.089938 0.141972
0 0.833701 0.910083 0.086630 0.137556
0 0.367091 0.929847 0.090734 0.132398
0 0.158427 0.036477 0.079958 0.069639
0 0.337424 0.882037 0.081276 0.137370
0 0.060302 0.544944 0.082010 0.149463
0 0.989563 0.448056 0.020875 0.135519
0 0.977833 0.570833 0.044333 0.142889
