0 0.104494 0.250932 0.071145 0.095354
0 0.686096 0.121573 0.075121 0.089417
0 0.154270 0.188474 0.079133 0.106979
0 0.253926 0.048961 0.072031 0.091974
0 0.651504 0.203068 0.073609 0.091740
0 0.878408 0.071070 0.077098 0.098120
0 0.853898 0.929273 0.067883 0.085818
0 0.322557 0.229474 0.071855 0.095385
0 0.845467 0.717490 0.062535 0.116292
0 0.494705 0.404570 0.075004 0.098964
0 0.746242 0.316932 0.073719 0.093802
0 0.630543 0.295896 0.081805 0.095656
0 0.788652 0.399813 0.068672 0.088646
0 0.410887 0.219315 0.076336 0.092339
0 0.646959 0.906297 0.070676 0.114469
0 0.146605 0.566612 0.067758 0.087172
0 0.655102 0.633846 0.068492 0.087557
0 0.346441 0.802669 0.068594 0.091922
0 0.225939 0.214430 0.068613 0.092547
0 0.510293 0.683120 0.079914 0.081385
0 0.270553 0.140219 0.067480 0.092792
0 0.538205 0.144536 0.078395 0.087948
0 0.347949 0.601357 0.069562 0.094724
0 0.198301 0.432159 0.079914 0.101161
0 0.257617 0.300526 0.065750 0.080625
0 0.058588 0.509323 0.069574 0.089792
0 0.201092 0.914932 0.078551 0.082990
0 0.771051 0.758768 0.078859 0.108661
0 0.929133 0.822086 0.065141 0.108484
0 0.698816 0.568799 0.093953 0.103026
0 0.331512 0.696305 0.083023 0.096651
0 0.746271 0.047974 0.099832 0.095646
0 0.982479 0.366500 0.034668 0.093146
0 0.913482 0.977385 0.071238 0.045229
0 0.017656 0.965115 0.035313 0.069365
0 0.173055 0.019419 0.072891 0.038245
0 0.106545 0.982115 0.070137 0.035500
0 0.247469 0.986932 0.076539 0.024302
0 0.010184 0.880674 0.019656 0.098078
0 0.992004 0.866708 0.014797 0.085323
0 0.721359 0.925547 0.090383 0.110823
0 0.572123 0.609867 0.076934 0.099172
0 0.853330 0.578331 0.071941 0.094401
0 0.871146 0.294568 0.088480 0.102135
0 0.347182 0.128781 0.083707 0.098885
0 0.564709 0.872982 0.074480 0.096901
0 0.871609 0.816510 0.070367 0.095885
0 0.578859 0.059805 0.075281 0.093151
0 0.429016 0.792859 0.074852 0.097469
0 0.772057 0.149133 0.083215 0.109995
0 0.148086 0.337193 0.079664 0.106552
0 0.609521 0.513805 0.081637 0.107641
0 0.966904 0.228021 0.065348 0.090583
0 0.296402 0.950820 0.067281 0.086578
0 0.045500 0.077469 0.078547 0.107271
0 0.495182 0.532315 0.082699 0.108505
0 0.238662 0.593516 0.070738 0.092875
0 0.924881 0.619135 0.081230 0.108469
0 0.034715 0.194664 0.069430 0.103161
0 0.803648 0.863008 0.076539 0.095349
0 0.036461 0.666419 0.072922 0.099401
0 0.424869 0.695659 0.072230 0.088724
0 0.461811 0.878466 0.068879 0.084839
0 0.196613 0.823865 0.068664 0.097375
0 0.177732 0.089411 0.074879 0.096208
0 0.045186 0.316214 0.078020 0.088750
0 0.994988 0.770958 0.009992 0.095344
0 0.594389 0.006339 0.075949 0.012677
0 0.318924 0.481997 0.078832 0.102932
0 0.748494 0.488367 0.079895 0.110453
0 0.922684 0.512346 0.079406 0.097578
0 0.056084 0.812461 0.081473 0.110693
0 0.005781 0.119831 0.011547 0.101151
0 0.467488 0.991065 0.080367 0.017870
