0 0.084664 0.139433 0.088563 0.161644
0 0.510689 0.369468 0.086940 0.145306
0 0.226642 0.215049 0.085789 0.153727
0 0.627151 0.483100 0.102568 0.167810
0 0.659664 0.223824 0.087516 0.165630
0 0.385340 0.626606 0.091924 0.144398
0 0.466395 0.146931 0.095091 0.176620
0 0.826094 0.197935 0.091953 0.188167
0 0.951530 0.288914 0.095461 0.153273
0 0.683724 0.086431 0.100281 0.151389
0 0.560574 0.750109 0.090107 0.146292
0 0.795815 0.547560 0.093120 0.160278
0 0.247383 0.399627 0.091203 0.179894
0 0.742147 0.200516 0.098305 0.191931
0 0.526331 0.242194 0.098542 0.171667
0 0.882607 0.565472 0.088104 0.152241
0 0.036289 0.231507 0.072578 0.161014
0 0.685074 0.561039 0.070961 0.122199
0 0.286562 0.276301 0.088870 0.163231
0 0.380815 0.137560 0.091151 0.143806
0 0.409902 0.488604 0.111732 0.169718
0 0.895935 0.119880 0.103630 0.160565
0 0.958424 0.571456 0.083151 0.166273
0 0.171398 0.297891 0.092661 0.125310
0 0.846660 0.416046 0.086419 0.172593
0 0.572711 0.889887 0.090031 0.171394
0 0.163809 0.163692 0.090940 0.183329
0 0.769773 0.647021 0.098073 0.129542
0 0.236341 0.079083 0.102292 0.158167
0 0.328839 0.388801 0.101198 0.174565
0 0.943077 0.709100 0.098758 0.171282
0 0.644113 0.862611 0.082701 0.167222
0 0.325586 0.065178 0.090354 0.130190
0 0.598536 0.302329 0.082974 0.196769
0 0.646152 0.723299 0.104784 0.151829
0 0.669701 0.347787 0.091854 0.124380
0 0.505471 0.927074 0.082151 0.144620
0 0.789406 0.354676 0.102656 0.168074
0 0.025876 0.094944 0.051419 0.166639
0 0.382069 0.322014 0.105904 0.140306
0 0.901318 0.373206 0.086734 0.183319
0 0.453814 0.302914 0.085732 0.184088
0 0.659871 0.630977 0.109565 0.142083
0 0.359796 0.207500 0.126534 0.156889
0 0.859941 0.027877 0.089003 0.054356
0 0.983345 0.660440 0.033310 0.174185
0 0.155257 0.042752 0.099643 0.084903
0 0.968732 0.025778 0.062536 0.050963
0 0.496900 0.696787 0.094482 0.176593
