1 0.578165 0.530685 0.091773 0.161241
0 0.994987 0.433650 0.010026 0.152532
1 0.543434 0.077005 0.086565 0.154009
0 0.485587 0.245301 0.099091 0.157593
0 0.008143 0.564412 0.015818 0.142417
0 0.008773 0.408546 0.016792 0.160333
0 0.701574 0.106023 0.088659 0.162750
0 0.106344 0.047468 0.074453 0.092750
0 0.016595 0.741292 0.033190 0.153231
0 0.538104 0.332949 0.076641 0.174620
0 0.837143 0.541331 0.074771 0.149005
0 0.174784 0.189549 0.077885 0.170856
0 0.021697 0.183995 0.043393 0.164130
0 0.889146 0.358623 0.094583 0.167106
0 0.329456 0.526236 0.085333 0.171019
0 0.603831 0.307984 0.080198 0.169912
0 0.424060 0.108569 0.083479 0.171176
0 0.745917 0.909898 0.091141 0.153083
0 0.962612 0.361250 0.074641 0.145787
0 0.371217 0.133988 0.076794 0.155884
0 0.754245 0.769509 0.103021 0.164565
0 0.967525 0.644924 0.064951 0.147597
0 0.221595 0.292141 0.100654 0.151486
0 0.629848 0.642215 0.082831 0.162440
0 0.047263 0.427727 0.078870 0.164917
0 0.035862 0.931877 0.071047 0.133588
0 0.301151 0.182655 0.084203 0.165523
0 0.391674 0.607843 0.087578 0.176083
0 0.940133 0.224090 0.083250 0.139014
0 0.702904 0.605641 0.079552 0.155921
0 0.515685 0.945917 0.101193 0.105519
0 0.394129 0.950368 0.087487 0.099032
0 0.486885 0.561287 0.088875 0.164880
0 0.808471 0.677250 0.089026 0.140528
0 0.774122 0.061542 0.083422 0.123083
0 0.847572 0.928463 0.082107 0.142417
0 0.106616 0.190530 0.085018 0.158551
0 0.101538 0.711530 0.077216 0.142782
0 0.519870 0.844900 0.097609 0.128468
0 0.189893 0.634671 0.086719 0.154231
0 0.400904 0.834648 0.094943 0.154657
0 0.164491 0.397231 0.085122 0.161111
0 0.233320 0.498266 0.088885 0.156764
0 0.523241 0.707562 0.084742 0.146366
0 0.934206 0.802454 0.083297 0.144574
1 0.933887 0.510500 0.091398 0.172028
1 0.617654 0.459410 0.086724 0.157273
1 0.342962 0.404185 0.070904 0.160593
1 0.847832 0.170079 0.090721 0.167944
0 0.302255 0.343752 0.073719 0.180727
1 0.764816 0.517993 0.082711 0.140755
