0 0.019451 0.872917 0.038902 0.140635
0 0.029475 0.048346 0.058848 0.096214
0 0.008053 0.329836 0.016082 0.156807
0 0.993502 0.062701 0.012996 0.124693
0 0.063672 0.035732 0.102688 0.070818
0 0.987695 0.445974 0.024242 0.177667
0 0.993016 0.752823 0.013969 0.138375
0 0.629301 0.139581 0.105555 0.116422
0 0.363246 0.914872 0.108070 0.133672
0 0.109104 0.343870 0.111059 0.165958
0 0.773576 0.696581 0.118668 0.143589
0 0.546223 0.311964 0.094086 0.134302
0 0.856002 0.092336 0.105832 0.145505
0 0.854336 0.457122 0.123258 0.157536
0 0.601912 0.715940 0.098184 0.126016
0 0.166998 0.838161 0.117668 0.157219
0 0.942105 0.072898 0.103305 0.145797
0 0.545543 0.629776 0.092219 0.115594
0 0.113391 0.937469 0.107773 0.124260
0 0.124336 0.072240 0.119961 0.142729
0 0.800031 0.580685 0.101609 0.150526
0 0.286635 0.072680 0.112824 0.145005
0 0.739480 0.870784 0.114352 0.145026
0 0.946920 0.543656 0.105512 0.163260
0 0.637621 0.279219 0.113234 0.135208
0 0.145885 0.603779 0.125074 0.181047
0 0.669551 0.073484 0.108125 0.146969
0 0.890377 0.788484 0.114363 0.147385
0 0.763816 0.295065 0.103828 0.125380
0 0.653486 0.471271 0.110215 0.118240
0 0.556814 0.826505 0.109816 0.171396
0 0.246904 0.549740 0.120590 0.159135
0 0.954361 0.934906 0.091090 0.129458
0 0.888113 0.635846 0.093180 0.183005
0 0.444537 0.682323 0.112777 0.136177
0 0.681189 0.782466 0.113270 0.139755
0 0.420754 0.565128 0.127867 0.122411
0 0.471844 0.782505 0.112633 0.139490
0 0.147086 0.198010 0.109719 0.141823
0 0.738408 0.964854 0.115066 0.069792
0 0.745717 0.386500 0.122129 0.146333
0 0.230398 0.192383 0.115195 0.154297
0 0.070414 0.667815 0.104281 0.138328
0 0.526031 0.414620 0.118797 0.141750
0 0.302633 0.786708 0.094305 0.145354
0 0.971143 0.212362 0.057715 0.148766
0 0.589395 0.044414 0.111359 0.087432
0 0.243656 0.788284 0.097844 0.162401
0 0.033014 0.756419 0.065871 0.120578
0 0.040342 0.899927 0.080684 0.168802
0 0.022170 0.470643 0.044340 0.133120
0 0.023309 0.639237 0.046430 0.142932
0 0.597785 0.397990 0.077313 0.133365
0 0.694725 0.222586 0.120949 0.150651
0 0.029588 0.187169 0.059168 0.135474
0 0.172738 0.432224 0.112273 0.128500
0 0.634053 0.972107 0.111348 0.055786
0 0.207059 0.398135 0.115516 0.160750
