0 0.511785 0.015199 0.093180 0.030398
0 0.131406 0.972509 0.108932 0.054435
0 0.472806 0.976495 0.096096 0.045815
0 0.615922 0.017343 0.080875 0.034222
0 0.017246 0.298532 0.034492 0.140130
0 0.712878 0.213861 0.093391 0.143593
0 0.842553 0.043648 0.088716 0.087102
0 0.555855 0.063701 0.098716 0.126412
0 0.979536 0.509000 0.040911 0.146528
0 0.096928 0.056880 0.076857 0.112981
0 0.699776 0.051968 0.093026 0.102917
0 0.167490 0.054451 0.083958 0.108273
0 0.589138 0.147028 0.093161 0.158954
0 0.034858 0.064164 0.069643 0.127662
0 0.781365 0.826697 0.095802 0.144847
0 0.773335 0.259183 0.085544 0.165921
0 0.230810 0.143727 0.081719 0.175704
0 0.282858 0.948479 0.090695 0.102458
0 0.518716 0.707574 0.108328 0.139176
0 0.992185 0.939720 0.015615 0.120134
0 0.983102 0.175229 0.033797 0.136005
0 0.007079 0.148701 0.014096 0.149579
0 0.988510 0.038819 0.022479 0.077269
0 0.914793 0.978847 0.087518 0.041750
0 0.850564 0.975097 0.080336 0.048963
0 0.278454 0.808282 0.084180 0.151620
0 0.111758 0.396356 0.090672 0.154639
0 0.695837 0.728942 0.088424 0.155412
0 0.539339 0.431130 0.087120 0.163361
0 0.387625 0.583769 0.089484 0.153324
0 0.862546 0.525185 0.079357 0.136231
0 0.407331 0.126275 0.093490 0.144894
0 0.851535 0.833613 0.092201 0.144005
0 0.293538 0.545183 0.086977 0.143690
0 0.727161 0.389655 0.077922 0.137412
0 0.785828 0.546574 0.079911 0.144500
0 0.900031 0.202537 0.092349 0.151676
0 0.658191 0.929299 0.083357 0.141208
0 0.086784 0.525648 0.088667 0.144833
0 0.552917 0.793616 0.095630 0.155056
0 0.951297 0.747343 0.087724 0.144556
0 0.910245 0.360979 0.093260 0.167949
0 0.607092 0.855178 0.080503 0.136838
0 0.949945 0.888289 0.094526 0.155940
0 0.624964 0.640169 0.089099 0.157977
0 0.949082 0.616454 0.093320 0.140185
1 0.633138 0.195993 0.085130 0.133116
0 0.034053 0.607912 0.068107 0.131620
0 0.405914 0.712620 0.092120 0.145306
0 0.455397 0.622995 0.077919 0.139269
0 0.536316 0.589535 0.095888 0.142736
0 0.510264 0.246118 0.091378 0.147514
0 0.438849 0.929236 0.091948 0.138574
0 0.152650 0.586931 0.083622 0.155963
0 0.290376 0.686144 0.081570 0.125546
0 0.042734 0.941569 0.084479 0.116426
0 0.317996 0.081954 0.096107 0.157120
0 0.222470 0.904102 0.082143 0.149120
0 0.833411 0.317942 0.102203 0.153847
0 0.298553 0.205882 0.089164 0.137106
0 0.192007 0.701188 0.086758 0.142718
0 0.038445 0.421644 0.076891 0.150685
0 0.486270 0.501882 0.090128 0.151375
0 0.160669 0.265009 0.089724 0.155324
0 0.675988 0.300873 0.093643 0.147856
0 0.044043 0.714958 0.088086 0.144139
0 0.393305 0.844197 0.096089 0.148986
0 0.222503 0.577308 0.076359 0.131292
0 0.716746 0.871326 0.082872 0.164338
0 0.136909 0.889481 0.088818 0.144454
0 0.186487 0.463009 0.088464 0.138139
0 0.703327 0.534743 0.090872 0.157968
0 0.110195 0.754940 0.100188 0.152556
0 0.807079 0.713493 0.093924 0.137273
0 0.760783 0.095069 0.079305 0.125259
0 0.448184 0.321593 0.101258 0.162306
0 0.223612 0.338810 0.096859 0.154593
0 0.877919 0.656785 0.084479 0.149736
0 0.819609 0.933870 0.091677 0.128306
