0 0.900531 0.865671 0.081917 0.145287
0 0.261281 0.550282 0.081385 0.154454
0 0.048362 0.887116 0.091714 0.138435
0 0.708719 0.558764 0.086052 0.148917
0 0.569695 0.120907 0.079026 0.134852
0 0.267505 0.731417 0.074240 0.208870
0 0.465919 0.939056 0.089818 0.121889
0 0.652482 0.904199 0.086203 0.164898
0 0.085771 0.552824 0.085927 0.153630
0 0.501273 0.134500 0.078203 0.142278
0 0.044844 0.464060 0.089687 0.165139
0 0.056133 0.294079 0.086547 0.173417
0 0.629924 0.623782 0.086411 0.147028
0 0.417813 0.746718 0.080490 0.155731
0 0.324760 0.483569 0.090583 0.199306
0 0.515453 0.532315 0.076823 0.156111
0 0.776406 0.860236 0.086729 0.154880
0 0.826732 0.926690 0.081641 0.146620
0 0.583740 0.838500 0.085156 0.173815
0 0.478544 0.681366 0.082036 0.137861
0 0.586659 0.947338 0.079609 0.104435
0 0.145802 0.844653 0.091406 0.164583
0 0.223302 0.892611 0.094646 0.143037
0 0.191857 0.626296 0.086755 0.147815
0 0.638602 0.746245 0.096286 0.145120
0 0.403016 0.473440 0.085573 0.155657
0 0.334461 0.701602 0.086401 0.166204
0 0.516380 0.867093 0.089427 0.168833
0 0.204862 0.758699 0.096620 0.161880
0 0.213469 0.451856 0.089260 0.178898
0 0.132333 0.047463 0.078573 0.094926
0 0.027805 0.594208 0.055609 0.143991
0 0.098734 0.676259 0.095073 0.140926
0 0.629687 0.044653 0.072615 0.087880
0 0.978844 0.337972 0.039250 0.162704
0 0.729307 0.032778 0.084687 0.065481
0 0.962510 0.877505 0.074979 0.142731
0 0.019448 0.176565 0.038698 0.165722
0 0.414568 0.901370 0.084500 0.142426
0 0.022479 0.722412 0.044958 0.163361
0 0.907299 0.035292 0.093568 0.067824
0 0.810591 0.027884 0.088547 0.055769
0 0.882177 0.961486 0.078917 0.071917
0 0.933753 0.661528 0.103130 0.178500
0 0.575630 0.036444 0.083469 0.064185
0 0.985831 0.556639 0.026807 0.165722
0 0.520042 0.016477 0.069167 0.031213
0 0.076677 0.034639 0.063198 0.066426
0 0.454521 0.013833 0.075396 0.027667
0 0.983854 0.949694 0.029635 0.100611
0 0.020404 0.041338 0.040807 0.076565
0 0.016190 0.331662 0.032380 0.188731
1 0.250443 0.226884 0.087458 0.144676
0 0.039711 0.975236 0.079068 0.049528
0 0.016474 0.332060 0.032948 0.168787
0 0.472672 0.351917 0.080760 0.152167
0 0.221237 0.151722 0.088505 0.152315
0 0.724169 0.956102 0.082141 0.087796
0 0.101417 0.974722 0.090333 0.049741
0 0.199016 0.978843 0.098302 0.042315
0 0.982523 0.031782 0.032495 0.058398
0 0.992443 0.082759 0.014010 0.103926
0 0.186281 0.060866 0.084646 0.120250
0 0.945424 0.098782 0.078307 0.147157
0 0.701641 0.277750 0.092135 0.162889
0 0.275755 0.063556 0.087760 0.124944
0 0.923760 0.324741 0.081063 0.148778
0 0.920573 0.481667 0.086458 0.149574
0 0.362331 0.155986 0.087599 0.134694
0 0.318000 0.244347 0.071073 0.119009
0 0.098565 0.187319 0.092224 0.162602
0 0.653661 0.176519 0.090865 0.150000
0 0.961362 0.791384 0.076047 0.146639
0 0.794932 0.159639 0.079250 0.161500
0 0.852547 0.110921 0.076865 0.185343
0 0.144068 0.479162 0.075417 0.182213
0 0.713401 0.769505 0.072417 0.126361
0 0.067398 0.770468 0.074797 0.139361
0 0.125896 0.335139 0.081885 0.156667
0 0.825836 0.515755 0.082901 0.153657
0 0.451628 0.557653 0.080474 0.155843
0 0.770352 0.606074 0.079193 0.156259
