0 0.097428 0.809427 0.084121 0.087729
0 0.915051 0.203258 0.074930 0.097557
0 0.593820 0.934547 0.078133 0.094021
0 0.641848 0.803352 0.081219 0.101130
0 0.747467 0.372065 0.079504 0.099453
0 0.745121 0.176049 0.077398 0.096891
0 0.842590 0.271375 0.070312 0.094563
0 0.852715 0.172672 0.080258 0.103625
0 0.057496 0.108841 0.077000 0.083057
0 0.606379 0.165044 0.075867 0.098839
0 0.160197 0.603117 0.086605 0.095432
0 0.905594 0.298878 0.084242 0.103839
0 0.688893 0.315294 0.076629 0.094057
0 0.359123 0.833776 0.079121 0.107917
0 0.731877 0.566177 0.077090 0.107906
0 0.921537 0.559102 0.080168 0.101755
0 0.730059 0.454560 0.081477 0.098484
0 0.933531 0.648500 0.088484 0.103375
0 0.221010 0.731185 0.078379 0.114620
0 0.245984 0.358794 0.080016 0.099016
0 0.207674 0.444398 0.078113 0.100370
0 0.683230 0.895177 0.073156 0.106677
0 0.093094 0.255094 0.073961 0.094781
0 0.869875 0.703760 0.076039 0.103187
0 0.789844 0.523237 0.084523 0.103422
0 0.330543 0.343716 0.088977 0.107745
0 0.604068 0.257560 0.085363 0.110974
0 0.938639 0.119674 0.077691 0.100078
0 0.475436 0.413328 0.082082 0.111583
0 0.490119 0.190643 0.078020 0.108568
0 0.158988 0.776703 0.074852 0.110792
0 0.342770 0.590615 0.078891 0.098427
0 0.679297 0.222594 0.080648 0.113729
0 0.110752 0.074398 0.076293 0.092755
0 0.496451 0.950253 0.089879 0.097391
0 0.673152 0.519276 0.075789 0.108385
0 0.382258 0.198497 0.077414 0.098255
0 0.014201 0.354206 0.028402 0.095703
0 0.483521 0.618555 0.095996 0.107755
0 0.085461 0.343729 0.080352 0.105125
0 0.194160 0.968771 0.084211 0.058833
0 0.975289 0.304862 0.049422 0.090078
0 0.745707 0.267667 0.081852 0.103323
0 0.013170 0.536385 0.026340 0.091042
0 0.783145 0.021089 0.081500 0.042177
0 0.385717 0.017268 0.081262 0.032693
0 0.948082 0.039633 0.075945 0.078943
0 0.985187 0.802633 0.028219 0.094318
0 0.015775 0.457612 0.031551 0.090380
0 0.855285 0.041766 0.082570 0.083042
0 0.770971 0.681661 0.082160 0.099677
0 0.983506 0.475549 0.032988 0.098849
0 0.137418 0.972927 0.073172 0.052448
0 0.024348 0.270292 0.048695 0.102906
0 0.097953 0.939122 0.085469 0.086141
0 0.321254 0.930427 0.086711 0.088844
0 0.277754 0.964656 0.081258 0.070688
0 0.452756 0.809326 0.078137 0.104714
0 0.857285 0.977310 0.083750 0.043641
0 0.325930 0.025818 0.071398 0.049990
0 0.576145 0.023396 0.074102 0.046792
0 0.533959 0.384669 0.077145 0.102141
0 0.663143 0.719964 0.082879 0.113448
0 0.668656 0.415888 0.077109 0.104401
0 0.717336 0.023018 0.080320 0.046036
0 0.527916 0.861104 0.082230 0.103115
0 0.272729 0.434714 0.078980 0.117906
0 0.456693 0.028438 0.072910 0.054552
0 0.125408 0.021786 0.072465 0.042792
0 0.535236 0.770245 0.066316 0.099437
0 0.049205 0.516471 0.071738 0.096891
0 0.865992 0.477557 0.082461 0.103604
0 0.525102 0.533654 0.074500 0.097880
0 0.030199 0.705279 0.060398 0.090557
0 0.975885 0.886755 0.048230 0.097646
0 0.101396 0.885151 0.086371 0.086031
0 0.162367 0.517565 0.079211 0.098234
0 0.067670 0.182682 0.077230 0.087292
0 0.637900 0.372891 0.080746 0.094854
0 0.221395 0.024180 0.075125 0.048130
0 0.745234 0.868063 0.078875 0.109875
0 0.833391 0.608086 0.089789 0.105391
0 0.036469 0.038010 0.069227 0.076021
0 0.929469 0.753990 0.073719 0.109198
0 0.550393 0.326133 0.081035 0.103089
0 0.621814 0.466372 0.078879 0.106078
0 0.087781 0.648294 0.075375 0.096266
0 0.570398 0.466240 0.081531 0.101729
0 0.033600 0.963208 0.066332 0.072823
0 0.179135 0.074414 0.076559 0.102818
0 0.250666 0.072211 0.080832 0.104932
0 0.602902 0.073443 0.068289 0.107552
0 0.825410 0.100203 0.081422 0.094583
0 0.940643 0.953203 0.080902 0.092260
0 0.389059 0.145427 0.078414 0.079406
0 0.119215 0.499727 0.073398 0.119266
0 0.071412 0.571898 0.074012 0.095036
0 0.782381 0.901396 0.094199 0.093625
0 0.705475 0.810070 0.072855 0.102599
0 0.898359 0.898253 0.073969 0.087651
0 0.778514 0.764648 0.080746 0.095630
0 0.050281 0.758755 0.080383 0.098542
0 0.978635 0.158810 0.042730 0.118266
0 0.386477 0.435703 0.075016 0.101646
0 0.622049 0.889003 0.073770 0.103464
0 0.665146 0.123234 0.076098 0.108573
0 0.976078 0.714341 0.047477 0.101901
0 0.296357 0.208641 0.107355 0.106177
0 0.700520 0.649794 0.084719 0.106266
0 0.440359 0.562029 0.087430 0.097714
0 0.555771 0.618198 0.082566 0.110771
0 0.421979 0.963568 0.075941 0.071542
0 0.387775 0.524776 0.073082 0.096458
0 0.461930 0.096510 0.077391 0.100490
0 0.656889 0.038971 0.074223 0.077943
0 0.235684 0.642521 0.077219 0.091271
0 0.935893 0.468063 0.075066 0.104510
0 0.305895 0.497818 0.079438 0.113615
0 0.474650 0.286016 0.081246 0.113042
0 0.892107 0.821974 0.069699 0.092938
0 0.966662 0.242411 0.066676 0.109823
0 0.154006 0.229047 0.073754 0.104385
0 0.476912 0.879859 0.082473 0.084948
0 0.035033 0.879232 0.070066 0.104818
0 0.526586 0.048607 0.082359 0.097047
0 0.258984 0.275201 0.085492 0.100828
0 0.391559 0.655500 0.079203 0.091115
0 0.876090 0.381500 0.087773 0.107979
0 0.413203 0.293563 0.068359 0.098260
0 0.180543 0.359240 0.074234 0.099094
0 0.777002 0.968781 0.078676 0.060885
0 0.615205 0.655656 0.078715 0.103052
0 0.598387 0.552320 0.074586 0.094516
0 0.816984 0.440779 0.079687 0.092911
0 0.736357 0.091750 0.085715 0.097115
0 0.242199 0.820461 0.088445 0.114828
0 0.387469 0.065937 0.084164 0.092083
0 0.045162 0.415323 0.075621 0.101292
0 0.803473 0.327997 0.071406 0.100172
0 0.831248 0.838732 0.076590 0.097911
0 0.595904 0.755383 0.076707 0.112078
0 0.129713 0.152208 0.081410 0.094573
0 0.543469 0.132438 0.076242 0.093979
0 0.120475 0.686755 0.082027 0.103198
0 0.145248 0.307039 0.076566 0.088526
0 0.950760 0.371224 0.082246 0.093698
0 0.355975 0.718359 0.074363 0.090813
0 0.190883 0.865586 0.079664 0.110401
0 0.078285 0.991909 0.063656 0.014766
0 0.986451 0.034513 0.027098 0.061932
0 0.011539 0.618424 0.023078 0.100797
0 0.293918 0.692432 0.078141 0.104312
0 0.696713 0.992682 0.072246 0.012781
0 0.011279 0.803568 0.022559 0.104656
0 0.013605 0.092867 0.025078 0.104411
0 0.622812 0.989016 0.092969 0.020979
0 0.984525 0.964401 0.030598 0.066260
0 0.005186 0.176268 0.010371 0.085026
0 0.213918 0.207818 0.080008 0.105552
1 0.467605 0.706250 0.103539 0.114792
