0 0.971750 0.007849 0.056500 0.015479
0 0.682148 0.370346 0.047859 0.083391
0 0.176283 0.990047 0.068840 0.019906
0 0.188047 0.798560 0.072320 0.092839
0 0.262703 0.034443 0.072617 0.068885
0 0.339070 0.957893 0.079055 0.081089
0 0.035854 0.982086 0.071082 0.035828
0 0.729660 0.019526 0.072672 0.036979
0 0.969979 0.981596 0.060043 0.035036
0 0.979027 0.779141 0.040953 0.090229
0 0.648969 0.019828 0.072375 0.036510
0 0.014463 0.671971 0.028723 0.086266
0 0.361297 0.363242 0.074672 0.113422
0 0.016756 0.308328 0.033512 0.092521
0 0.151191 0.166573 0.064008 0.086594
0 0.452449 0.578607 0.078070 0.101984
0 0.908947 0.709305 0.076176 0.102245
0 0.838986 0.026969 0.078652 0.051396
0 0.546131 0.499482 0.067840 0.093068
0 0.043715 0.846844 0.087430 0.087031
0 0.123578 0.051362 0.059078 0.086964
0 0.389465 0.028339 0.075555 0.056177
0 0.338813 0.214753 0.083969 0.091193
0 0.233965 0.182432 0.081719 0.088094
0 0.808568 0.974362 0.071777 0.051276
0 0.840811 0.354203 0.078098 0.093479
0 0.553947 0.315974 0.073348 0.088375
0 0.243525 0.973565 0.072199 0.052870
0 0.707904 0.418641 0.069691 0.096615
0 0.709301 0.966703 0.083391 0.066594
0 0.528666 0.590068 0.072723 0.109646
0 0.979600 0.556799 0.040801 0.121745
0 0.734578 0.335221 0.070289 0.090797
0 0.818975 0.279112 0.077160 0.091224
0 0.898461 0.969560 0.071266 0.060880
0 0.097779 0.598203 0.066941 0.104667
0 0.447180 0.681008 0.067359 0.100411
0 0.041359 0.925260 0.082719 0.089104
0 0.927057 0.790026 0.067262 0.101969
0 0.322020 0.044198 0.072906 0.087500
0 0.609115 0.533453 0.076387 0.099552
0 0.508846 0.684195 0.065434 0.088734
0 0.329080 0.289831 0.075527 0.084349
0 0.081619 0.705362 0.077918 0.092943
0 0.560430 0.229852 0.076008 0.087703
0 0.595121 0.147284 0.073344 0.118141
0 0.134291 0.763378 0.065457 0.109641
0 0.324750 0.885539 0.076820 0.083755
0 0.454260 0.123654 0.075223 0.106432
0 0.870252 0.599956 0.071246 0.098943
0 0.412684 0.197706 0.074570 0.098630
0 0.503494 0.173271 0.066691 0.094458
0 0.507871 0.777870 0.070367 0.091156
0 0.877477 0.081289 0.072531 0.087328
0 0.425967 0.380203 0.070129 0.091698
0 0.402895 0.929966 0.067305 0.095422
0 0.747057 0.256219 0.075926 0.095896
0 0.420055 0.286638 0.067281 0.093724
0 0.376170 0.596846 0.073691 0.095870
0 0.388793 0.467099 0.073336 0.094010
0 0.183914 0.034344 0.076492 0.068323
0 0.574986 0.637714 0.069746 0.093927
0 0.664451 0.142508 0.072574 0.097516
0 0.645531 0.443164 0.069664 0.106432
0 0.443791 0.789701 0.069113 0.113130
0 0.911248 0.330206 0.069340 0.090245
0 0.803477 0.900326 0.076953 0.099380
0 0.620928 0.285310 0.071652 0.098672
0 0.071990 0.790495 0.070746 0.089427
0 0.830193 0.184307 0.076543 0.105052
0 0.344494 0.668044 0.070840 0.091495
0 0.621348 0.692870 0.076070 0.096635
0 0.916961 0.505370 0.074320 0.096708
0 0.853092 0.802503 0.078535 0.094380
0 0.725852 0.894099 0.072484 0.094198
0 0.968746 0.900810 0.062508 0.108766
0 0.202244 0.105667 0.076613 0.100156
0 0.839443 0.688026 0.077730 0.104198
0 0.750172 0.492745 0.075414 0.093635
0 0.235906 0.265693 0.071984 0.086313
0 0.614330 0.969357 0.071535 0.061286
0 0.939336 0.606292 0.072562 0.105563
0 0.879314 0.894362 0.073793 0.098755
0 0.029258 0.226745 0.058516 0.107948
0 0.092293 0.222922 0.073773 0.108104
0 0.738992 0.637755 0.080156 0.086708
0 0.149842 0.657536 0.069145 0.104333
0 0.901244 0.175313 0.074410 0.102240
0 0.194887 0.390536 0.074211 0.110333
0 0.578283 0.417815 0.076598 0.112839
0 0.134047 0.435633 0.080492 0.101745
0 0.498604 0.051135 0.072387 0.101385
0 0.081096 0.125000 0.081754 0.092094
0 0.059252 0.038125 0.075348 0.074948
0 0.212053 0.627500 0.074637 0.103052
0 0.579949 0.882180 0.074953 0.097286
0 0.172207 0.520375 0.082953 0.106844
0 0.567641 0.052521 0.073758 0.100219
0 0.123311 0.959953 0.073871 0.079698
0 0.782787 0.748672 0.079332 0.104792
0 0.266512 0.402328 0.076859 0.110292
0 0.961623 0.258128 0.073707 0.096589
0 0.736016 0.092898 0.074109 0.099193
0 0.653389 0.832385 0.075691 0.100917
0 0.279062 0.724742 0.081039 0.100078
0 0.035107 0.411003 0.069996 0.094807
0 0.232789 0.875734 0.078125 0.103240
0 0.290777 0.503818 0.074352 0.095021
0 0.956883 0.081294 0.074109 0.099245
0 0.709021 0.729294 0.069871 0.094755
0 0.459693 0.960755 0.075754 0.078281
0 0.387793 0.834294 0.076727 0.101359
0 0.995543 0.393721 0.008914 0.096120
