0 0.209711 0.855039 0.073844 0.095484
0 0.268367 0.952307 0.073336 0.095385
0 0.780920 0.882177 0.076980 0.100531
0 0.066406 0.771219 0.077680 0.116156
0 0.812586 0.011581 0.071586 0.023161
0 0.986609 0.486760 0.026734 0.085500
0 0.983391 0.617154 0.033219 0.084974
0 0.510418 0.022760 0.066641 0.044687
0 0.056383 0.976216 0.049156 0.047568
0 0.617293 0.980156 0.073328 0.039688
0 0.569096 0.413721 0.057410 0.079464
0 0.648035 0.671453 0.063039 0.066594
0 0.019871 0.303609 0.039344 0.085198
0 0.728197 0.028229 0.063348 0.055396
0 0.336170 0.032612 0.065598 0.065224
0 0.969121 0.556945 0.060195 0.078193
0 0.505469 0.091289 0.062164 0.093703
0 0.410742 0.973849 0.067055 0.052302
0 0.756951 0.130544 0.067949 0.090828
0 0.783062 0.415677 0.076508 0.077656
0 0.581701 0.328755 0.071434 0.090510
0 0.257629 0.060044 0.058914 0.082651
0 0.849045 0.449859 0.068918 0.075125
0 0.275137 0.512547 0.060344 0.080594
0 0.689967 0.219648 0.055090 0.109714
0 0.861869 0.639326 0.068309 0.104068
0 0.975889 0.402560 0.048082 0.084078
0 0.975918 0.774727 0.047047 0.089984
0 0.479072 0.786849 0.069504 0.093948
0 0.753842 0.770578 0.063488 0.076677
0 0.265344 0.153753 0.061852 0.079672
0 0.891133 0.536872 0.057805 0.081464
0 0.243543 0.773516 0.064039 0.084615
0 0.270021 0.303760 0.063012 0.083833
0 0.695311 0.967271 0.071098 0.064896
0 0.544010 0.581484 0.057082 0.096896
0 0.904998 0.065570 0.074754 0.094807
0 0.187217 0.434862 0.065066 0.085495
0 0.041994 0.094503 0.069816 0.095068
0 0.591766 0.213482 0.078039 0.086130
0 0.075043 0.224789 0.064445 0.086984
0 0.072063 0.564763 0.084992 0.084161
0 0.802555 0.329310 0.066062 0.085693
0 0.142162 0.866581 0.062543 0.094891
0 0.894834 0.254682 0.064480 0.081156
0 0.842148 0.203698 0.061820 0.086583
0 0.328646 0.413724 0.067113 0.087948
0 0.416711 0.888216 0.061328 0.084797
0 0.259213 0.399526 0.072895 0.101208
0 0.618578 0.915534 0.072672 0.088526
0 0.467314 0.693690 0.073371 0.084328
0 0.337834 0.299286 0.073129 0.097875
0 0.676277 0.076870 0.069961 0.096896
0 0.818285 0.791643 0.069773 0.098526
0 0.391326 0.679263 0.069855 0.082161
0 0.572426 0.492456 0.069680 0.077474
0 0.375779 0.221786 0.071535 0.087781
0 0.762574 0.234820 0.069344 0.092422
0 0.367137 0.805560 0.069563 0.090776
0 0.946682 0.203104 0.071098 0.098063
0 0.034879 0.463703 0.069687 0.086031
0 0.604609 0.596102 0.067070 0.095151
0 0.211088 0.225771 0.070379 0.087510
0 0.173309 0.579187 0.071469 0.099906
0 0.195064 0.682221 0.059941 0.085297
0 0.396094 0.593682 0.073117 0.089542
0 0.254121 0.671807 0.061297 0.081792
0 0.631252 0.747635 0.075980 0.090510
0 0.294295 0.611000 0.070879 0.096094
0 0.683746 0.510977 0.076258 0.096766
0 0.013750 0.737477 0.025031 0.088391
