0 0.014059 0.135785 0.027914 0.121042
0 0.137120 0.018014 0.079917 0.035889
0 0.152887 0.757660 0.120909 0.131597
0 0.215943 0.039373 0.107031 0.077801
0 0.667607 0.028118 0.079823 0.054144
0 0.394437 0.032065 0.083401 0.060898
0 0.025245 0.573322 0.050344 0.133514
0 0.560579 0.558292 0.094034 0.156898
0 0.879945 0.077942 0.080297 0.155884
0 0.941788 0.265523 0.100357 0.145333
0 0.619448 0.504088 0.083245 0.160926
0 0.037341 0.077699 0.073870 0.134657
0 0.357521 0.105935 0.073776 0.173676
0 0.027464 0.454282 0.054089 0.165574
0 0.243901 0.096218 0.073594 0.129843
0 0.306180 0.050525 0.076099 0.098653
0 0.077077 0.480831 0.083909 0.172079
0 0.566419 0.054157 0.085234 0.107435
0 0.776040 0.765264 0.081680 0.152444
0 0.726008 0.646662 0.080130 0.135037
0 0.610339 0.653113 0.078839 0.161662
0 0.186823 0.591086 0.082203 0.155125
0 0.153397 0.853840 0.081909 0.147477
0 0.961113 0.061706 0.077471 0.123412
0 0.493156 0.062231 0.087583 0.124204
0 0.657802 0.571792 0.075594 0.152685
0 0.725391 0.071597 0.084677 0.142148
0 0.612355 0.347657 0.095477 0.169398
0 0.849184 0.774449 0.083065 0.159907
0 0.145328 0.497727 0.076510 0.147991
0 0.579374 0.218192 0.083227 0.155755
0 0.531236 0.178255 0.092258 0.169380
0 0.117983 0.290500 0.096523 0.168370
0 0.541187 0.669363 0.081490 0.130718
0 0.456852 0.256426 0.081583 0.136426
0 0.721089 0.310440 0.082240 0.153935
0 0.247306 0.368921 0.089737 0.139120
0 0.297208 0.160796 0.089208 0.163194
0 0.809655 0.075887 0.069622 0.148977
0 0.496999 0.460630 0.076232 0.150491
0 0.511966 0.329613 0.083885 0.134412
0 0.422243 0.450347 0.078466 0.138343
0 0.797417 0.247280 0.074135 0.133671
0 0.089509 0.604111 0.086784 0.149241
0 0.925854 0.157863 0.084323 0.139606
0 0.167647 0.360681 0.084029 0.143222
0 0.176424 0.135007 0.088193 0.160264
0 0.217353 0.495831 0.084185 0.152319
0 0.670378 0.271870 0.081792 0.153917
0 0.865208 0.214731 0.073854 0.148556
0 0.141829 0.652083 0.092107 0.156194
0 0.009746 0.256014 0.019492 0.143037
0 0.302931 0.296109 0.081784 0.136634
0 0.016051 0.028394 0.031716 0.052204
0 0.914966 0.028123 0.074750 0.055755
1 0.564467 0.426891 0.090320 0.168681
1 0.235952 0.230905 0.092846 0.169088
