0 0.260453 0.131583 0.078161 0.120500
0 0.744616 0.532030 0.085081 0.147727
0 0.277874 0.536933 0.082195 0.133884
0 0.789064 0.357400 0.077940 0.154144
0 0.042340 0.292940 0.084513 0.143565
0 0.542999 0.759519 0.090143 0.156769
0 0.976303 0.015174 0.047393 0.030347
0 0.159780 0.296981 0.096654 0.155037
0 0.617387 0.827074 0.086133 0.153639
0 0.232048 0.325859 0.083779 0.157736
0 0.672460 0.019889 0.080185 0.038231
0 0.591883 0.418451 0.073240 0.159468
0 0.952434 0.103463 0.093737 0.130676
0 0.018161 0.587451 0.035776 0.164495
0 0.102552 0.835310 0.077438 0.138491
0 0.432138 0.041708 0.097125 0.083417
0 0.853199 0.108977 0.089440 0.131981
0 0.573651 0.084361 0.073318 0.134824
0 0.962880 0.181762 0.073229 0.127218
0 0.507840 0.570127 0.082831 0.132014
0 0.223198 0.696359 0.097036 0.131208
0 0.709891 0.877863 0.095005 0.144838
0 0.501546 0.900197 0.081805 0.149551
0 0.738255 0.239708 0.096724 0.132685
0 0.444635 0.652488 0.092255 0.129866
0 0.460346 0.237113 0.084635 0.129838
0 0.431629 0.371708 0.088966 0.152630
0 0.644409 0.244363 0.073318 0.127227
0 0.531496 0.171153 0.082445 0.139796
0 0.006079 0.417648 0.012159 0.152620
0 0.663901 0.109669 0.086203 0.149366
0 0.891635 0.269488 0.090901 0.161273
0 0.280206 0.960016 0.076104 0.077449
0 0.281951 0.402252 0.084005 0.141977
0 0.673552 0.347641 0.109448 0.111310
0 0.145139 0.430500 0.076065 0.142963
0 0.432547 0.163542 0.100880 0.136611
0 0.909641 0.044697 0.084339 0.089394
0 0.333025 0.651970 0.078148 0.144940
0 0.092436 0.092387 0.081924 0.147403
0 0.428749 0.942130 0.089503 0.113065
0 0.558918 0.356759 0.083716 0.192657
0 0.640307 0.688431 0.082807 0.159759
0 0.712917 0.635046 0.100818 0.152500
0 0.567569 0.929458 0.072013 0.139250
0 0.609643 0.044090 0.073974 0.088181
0 0.414007 0.533259 0.079367 0.166481
0 0.749728 0.073794 0.084690 0.147588
0 0.456195 0.821201 0.071568 0.152829
0 0.173505 0.614231 0.083187 0.147417
0 0.576842 0.523484 0.091654 0.132125
0 0.148707 0.067528 0.073799 0.135056
0 0.024415 0.778711 0.048831 0.144894
0 0.668460 0.508542 0.086070 0.151250
0 0.292926 0.051838 0.090919 0.103676
0 0.813962 0.494352 0.089695 0.153944
0 0.210409 0.449850 0.079714 0.147227
0 0.390514 0.767368 0.097174 0.186495
0 0.019242 0.923681 0.038484 0.151352
0 0.349978 0.239981 0.085065 0.148241
0 0.021387 0.064935 0.041284 0.126907
0 0.351535 0.821074 0.082237 0.143954
0 0.809096 0.025745 0.076156 0.051491
0 0.186122 0.181069 0.091255 0.136370
0 0.198694 0.805692 0.086404 0.125384
0 0.348277 0.516840 0.082862 0.146690
0 0.580559 0.643604 0.081883 0.132912
0 0.058585 0.417187 0.093643 0.143329
1 0.502997 0.468062 0.103771 0.135273
0 0.677359 0.732157 0.098500 0.181000
1 0.056827 0.940856 0.074721 0.114731
