0 0.462714 0.086204 0.086937 0.165926
0 0.956044 0.826551 0.087911 0.167935
0 0.789438 0.807718 0.097823 0.183083
0 0.728602 0.272435 0.094526 0.189296
0 0.877823 0.783500 0.092135 0.183519
0 0.581487 0.331083 0.092182 0.176333
0 0.646755 0.460486 0.086521 0.166583
0 0.114573 0.454657 0.097042 0.167648
0 0.038596 0.819662 0.077193 0.205028
0 0.345115 0.494125 0.094167 0.171157
0 0.155268 0.671250 0.091203 0.163352
0 0.569115 0.522282 0.084906 0.173046
0 0.830755 0.552806 0.101781 0.184611
0 0.538896 0.073787 0.086510 0.147574
0 0.912812 0.499949 0.095781 0.157602
0 0.489031 0.728130 0.099562 0.157537
0 0.807677 0.296491 0.087635 0.155111
0 0.067810 0.950977 0.093203 0.098046
0 0.187891 0.544722 0.088156 0.156537
0 0.109391 0.821000 0.093396 0.197852
0 0.500617 0.594102 0.095484 0.153426
0 0.220549 0.248370 0.079755 0.138907
0 0.165703 0.338426 0.088354 0.170352
0 0.132333 0.030245 0.101010 0.060491
0 0.691060 0.868708 0.099849 0.181750
0 0.888479 0.352819 0.091719 0.169250
0 0.841885 0.199394 0.095354 0.159491
0 0.570943 0.868671 0.095115 0.185139
0 0.281878 0.731769 0.085880 0.187352
0 0.346740 0.060190 0.092177 0.119509
0 0.277214 0.923426 0.100698 0.153148
0 0.286057 0.339977 0.111771 0.171898
0 0.148549 0.172153 0.078682 0.143583
0 0.286281 0.105227 0.098875 0.190343
0 0.467589 0.865704 0.092948 0.162611
0 0.610625 0.028167 0.093969 0.056333
0 0.384586 0.646472 0.086870 0.149204
0 0.963857 0.372773 0.072286 0.157787
0 0.460018 0.322194 0.088943 0.166889
0 0.065604 0.673713 0.096208 0.167759
0 0.841372 0.926778 0.097464 0.145167
0 0.228466 0.794856 0.088005 0.191713
0 0.211216 0.094597 0.081255 0.169231
0 0.727081 0.036546 0.103755 0.073093
0 0.391997 0.234065 0.098526 0.174167
0 0.514760 0.413412 0.084771 0.151250
0 0.269260 0.559639 0.094000 0.191667
0 0.858419 0.082065 0.096651 0.164130
0 0.637367 0.984773 0.077516 0.028954
0 0.661807 0.332986 0.089510 0.153250
0 0.349956 0.769028 0.089984 0.189407
0 0.653945 0.638000 0.100474 0.181241
0 0.563255 0.971838 0.099240 0.056324
0 0.967016 0.068676 0.065969 0.136630
0 0.987143 0.492384 0.024766 0.174435
0 0.928500 0.130551 0.090198 0.162417
0 0.060542 0.340694 0.092313 0.164296
0 0.752786 0.117157 0.092458 0.161759
0 0.741792 0.963167 0.086385 0.072519
0 0.180487 0.867102 0.100922 0.176111
0 0.986914 0.980245 0.026172 0.039509
0 0.596784 0.147667 0.096286 0.174278
0 0.194555 0.959940 0.096193 0.080120
1 0.411315 0.522639 0.088557 0.201296
