0 0.920628 0.840493 0.098719 0.157838
0 0.777794 0.213044 0.088276 0.167514
0 0.611379 0.468979 0.090878 0.155699
0 0.379658 0.384748 0.089253 0.145894
1 0.417797 0.491778 0.095490 0.170694
1 0.737147 0.500192 0.098883 0.167940
1 0.186098 0.630819 0.091440 0.180315
1 0.308810 0.456076 0.087786 0.153699
1 0.195659 0.350333 0.089708 0.165454
0 0.509741 0.367007 0.083362 0.154625
0 0.524092 0.936130 0.083982 0.126944
0 0.766687 0.801039 0.085828 0.159856
0 0.497612 0.505169 0.084005 0.151190
0 0.315109 0.806896 0.096557 0.158440
0 0.560586 0.052954 0.093130 0.101139
0 0.786358 0.045701 0.097263 0.090347
0 0.130654 0.581444 0.086750 0.164500
0 0.278438 0.340519 0.088417 0.138565
0 0.120521 0.151063 0.096271 0.146477
0 0.547618 0.786519 0.099346 0.159944
0 0.737945 0.347315 0.096411 0.178324
0 0.048682 0.244086 0.093927 0.168764
0 0.762671 0.929949 0.098294 0.139157
0 0.073613 0.382280 0.093602 0.136560
0 0.331712 0.144891 0.105742 0.165014
0 0.098441 0.868940 0.095164 0.179620
0 0.226203 0.104285 0.092031 0.143218
0 0.242803 0.869352 0.100049 0.149009
0 0.191772 0.933968 0.096159 0.132065
0 0.835074 0.120708 0.096336 0.165444
1 0.230134 0.477648 0.080992 0.135852
1 0.057288 0.505843 0.089971 0.154213
0 0.009695 0.380106 0.018260 0.137028
0 0.989895 0.849824 0.019966 0.146917
0 0.867509 0.033935 0.086534 0.067870
0 0.151715 0.050424 0.105586 0.100847
0 0.358849 0.267769 0.102984 0.138833
0 0.128806 0.280398 0.081268 0.147389
