0 0.777168 0.874176 0.085935 0.139861
0 0.954589 0.704181 0.078339 0.147852
0 0.262414 0.270799 0.091036 0.140958
0 0.922430 0.527778 0.078068 0.146972
0 0.238113 0.569225 0.088393 0.143644
1 0.011173 0.932991 0.022346 0.127796
1 0.781314 0.182030 0.083544 0.146181
1 0.755548 0.720326 0.079128 0.145532
1 0.702228 0.197169 0.075690 0.137977
0 0.238327 0.429567 0.092862 0.144736
1 0.827357 0.636907 0.085062 0.136713
1 0.758905 0.395313 0.083513 0.148514
0 0.138512 0.947433 0.083273 0.103181
0 0.027525 0.061440 0.055049 0.122880
0 0.600181 0.901472 0.081049 0.155935
0 0.055944 0.320639 0.078768 0.131120
0 0.163992 0.504176 0.071146 0.147185
0 0.271411 0.120125 0.085276 0.148519
0 0.688107 0.929780 0.073833 0.139986
0 0.650367 0.647403 0.077542 0.124306
0 0.392208 0.827350 0.080672 0.147736
0 0.060428 0.908037 0.083810 0.150389
0 0.644754 0.287315 0.078305 0.140806
0 0.831306 0.778859 0.082534 0.143588
0 0.092053 0.771863 0.081664 0.148069
0 0.794698 0.517910 0.083417 0.131458
0 0.365908 0.492854 0.080154 0.146329
0 0.340323 0.187630 0.082859 0.152241
0 0.467816 0.222590 0.083544 0.145532
0 0.907680 0.836877 0.081219 0.140875
0 0.363699 0.346236 0.086513 0.140648
0 0.262862 0.709655 0.086042 0.151903
0 0.187115 0.342338 0.082286 0.138676
0 0.540007 0.285190 0.085997 0.145231
