0 0.483834 0.738651 0.064668 0.088125
0 0.857350 0.274938 0.061855 0.077396
0 0.931564 0.534458 0.074582 0.082510
0 0.662410 0.031122 0.070312 0.062245
0 0.072768 0.567883 0.065613 0.090005
0 0.051234 0.465055 0.067344 0.095589
0 0.407566 0.852409 0.065070 0.087411
0 0.982744 0.219753 0.033941 0.082953
0 0.460594 0.666687 0.083266 0.081167
0 0.725885 0.066031 0.072004 0.100250
0 0.918977 0.978115 0.069055 0.043771
0 0.774934 0.978466 0.065422 0.041755
0 0.986016 0.529495 0.027969 0.084750
0 0.015516 0.606831 0.031031 0.086818
0 0.984441 0.294719 0.030930 0.066688
0 0.220430 0.019453 0.071656 0.038479
0 0.055822 0.012034 0.070855 0.024068
0 0.782555 0.012208 0.064133 0.024417
0 0.775645 0.498672 0.062641 0.057167
0 0.903658 0.046581 0.071965 0.092745
0 0.430525 0.771974 0.069348 0.093906
0 0.159445 0.787745 0.073648 0.089010
0 0.796859 0.296732 0.063594 0.092328
0 0.718010 0.696948 0.067965 0.087344
0 0.397842 0.373503 0.062340 0.080057
0 0.231838 0.530471 0.071621 0.084922
0 0.225465 0.622602 0.070000 0.095068
0 0.231924 0.262547 0.081676 0.080583
0 0.641064 0.096909 0.067051 0.080068
0 0.062369 0.773888 0.072512 0.092057
0 0.339557 0.216039 0.063582 0.083818
0 0.891369 0.201130 0.075473 0.093958
0 0.664355 0.425346 0.062234 0.088318
0 0.970506 0.042531 0.058988 0.083198
0 0.598994 0.812760 0.067324 0.079375
0 0.462965 0.589547 0.079391 0.077042
0 0.382473 0.623859 0.069742 0.084469
0 0.495877 0.155120 0.061996 0.080500
0 0.668953 0.661013 0.069391 0.101859
0 0.669947 0.970091 0.085527 0.059818
0 0.164125 0.581432 0.069820 0.086396
0 0.291756 0.170260 0.070426 0.077521
0 0.122973 0.963237 0.065633 0.073370
0 0.675625 0.824091 0.072961 0.093797
0 0.171740 0.670583 0.076551 0.090875
0 0.950047 0.117305 0.070141 0.081370
0 0.733305 0.286086 0.062609 0.082005
0 0.615943 0.632971 0.066020 0.082411
0 0.782859 0.560919 0.070234 0.081266
0 0.669168 0.904784 0.082086 0.077130
0 0.087156 0.079904 0.078914 0.087932
0 0.371049 0.318130 0.077035 0.083354
0 0.769082 0.637956 0.070805 0.092401
0 0.976477 0.369414 0.047008 0.084557
0 0.775277 0.379341 0.066461 0.083349
0 0.395713 0.239492 0.073652 0.097089
0 0.488668 0.965375 0.063422 0.069250
0 0.884053 0.794865 0.082871 0.095740
0 0.778049 0.751268 0.060840 0.109505
0 0.670645 0.273815 0.063359 0.082307
0 0.464383 0.383398 0.069758 0.083901
0 0.654299 0.564930 0.072215 0.092339
0 0.538781 0.225867 0.074641 0.094036
0 0.283729 0.089750 0.075785 0.089938
0 0.909424 0.862609 0.077918 0.096667
0 0.565779 0.128536 0.069746 0.094385
0 0.260725 0.448326 0.072629 0.091328
0 0.956781 0.936086 0.074031 0.096682
0 0.939947 0.632029 0.070020 0.085745
0 0.221375 0.363174 0.074805 0.089495
0 0.332086 0.670977 0.077422 0.098339
0 0.638338 0.181872 0.071645 0.088203
0 0.740549 0.917146 0.064566 0.088490
0 0.594965 0.487521 0.071648 0.086510
0 0.491186 0.049727 0.071629 0.084568
0 0.123191 0.879029 0.075430 0.091057
0 0.820154 0.450102 0.076902 0.105349
0 0.708748 0.360953 0.071059 0.090479
0 0.543576 0.763846 0.067238 0.102693
0 0.866723 0.671914 0.068984 0.085891
0 0.141518 0.041982 0.072207 0.083964
0 0.366955 0.040943 0.064832 0.081604
0 0.837301 0.139625 0.072625 0.087281
0 0.110541 0.356130 0.071504 0.091281
0 0.837732 0.754156 0.067668 0.096844
0 0.487410 0.506497 0.068305 0.090932
0 0.424471 0.937375 0.075262 0.093740
0 0.788861 0.847872 0.062910 0.089766
0 0.735445 0.811125 0.061742 0.097031
0 0.796730 0.073167 0.078305 0.097562
0 0.083492 0.204578 0.074086 0.094437
0 0.165078 0.193987 0.071984 0.088536
0 0.521037 0.423818 0.064160 0.086115
0 0.405297 0.539826 0.074516 0.086786
0 0.899416 0.455677 0.076691 0.090885
0 0.544908 0.583979 0.071004 0.089875
0 0.135658 0.499732 0.077027 0.088755
0 0.430848 0.076273 0.071594 0.106859
0 0.028629 0.257237 0.057258 0.106755
0 0.311109 0.552310 0.076789 0.092547
0 0.276482 0.723453 0.066426 0.084875
0 0.408371 0.010305 0.064711 0.020120
0 0.991426 0.440393 0.016289 0.085359
0 0.993910 0.918833 0.012180 0.086781
0 0.512203 0.304385 0.071930 0.095281
0 0.995625 0.832779 0.008547 0.096578
