0 0.600857 0.540012 0.091958 0.155338
0 0.277108 0.126713 0.073930 0.155870
0 0.790092 0.750664 0.084831 0.173106
0 0.821978 0.943208 0.086805 0.112204
0 0.455819 0.302912 0.094508 0.149130
0 0.273484 0.274975 0.083099 0.168560
0 0.896139 0.852921 0.092289 0.140815
0 0.824174 0.627387 0.074365 0.142625
0 0.036936 0.369400 0.073763 0.147375
0 0.895462 0.602741 0.083060 0.157694
0 0.582333 0.399863 0.077667 0.153819
0 0.078413 0.063750 0.080612 0.121639
0 0.217633 0.177007 0.077495 0.156523
0 0.142936 0.140060 0.086617 0.160954
0 0.522234 0.509782 0.092938 0.139315
0 0.341113 0.245532 0.083617 0.171898
0 0.626091 0.677917 0.089307 0.157306
0 0.870022 0.731771 0.086372 0.140218
0 0.677648 0.947438 0.090849 0.104671
0 0.445355 0.444340 0.080909 0.145292
0 0.386870 0.349495 0.091245 0.151907
0 0.510702 0.377856 0.087003 0.160491
0 0.715943 0.864363 0.091839 0.146208
0 0.631763 0.830218 0.087615 0.155287
0 0.650340 0.468655 0.083872 0.144940
0 0.068931 0.177294 0.095211 0.158921
0 0.957467 0.553718 0.080070 0.141509
0 0.946068 0.696799 0.076318 0.159523
0 0.766185 0.569926 0.080406 0.152759
0 0.405630 0.215949 0.077245 0.134481
0 0.686781 0.596373 0.090255 0.155708
0 0.580096 0.918257 0.079516 0.157551
0 0.039367 0.247924 0.078734 0.138560
0 0.716289 0.707736 0.128500 0.185722
0 0.012540 0.157164 0.024789 0.133264
0 0.323116 0.027785 0.090596 0.055153
0 0.987413 0.693979 0.025174 0.162625
0 0.985665 0.481623 0.028513 0.159819
0 0.985665 0.837553 0.028383 0.140227
0 0.477540 0.190088 0.092664 0.135370
0 0.152010 0.037438 0.085469 0.073838
0 0.464711 0.072572 0.091052 0.137829
0 0.027714 0.059100 0.055427 0.117014
0 0.347035 0.103370 0.089544 0.147981
0 0.556263 0.620051 0.081109 0.140315
