0 0.425958 0.365868 0.085510 0.161366
0 0.971000 0.853447 0.058000 0.172810
0 0.797066 0.077616 0.083846 0.146667
0 0.276225 0.049692 0.088128 0.097060
0 0.980788 0.591852 0.038424 0.144352
0 0.957878 0.967125 0.084068 0.065750
0 0.794333 0.958565 0.081083 0.081380
0 0.527913 0.965139 0.089612 0.069306
1 0.409246 0.709213 0.089638 0.177176
0 0.007345 0.599384 0.014690 0.158046
0 0.368035 0.131076 0.094023 0.179458
0 0.667010 0.673674 0.057125 0.107523
0 0.140393 0.978069 0.083250 0.042639
0 0.375462 0.974699 0.081596 0.050602
0 0.633232 0.016359 0.089458 0.032718
0 0.296594 0.288801 0.080042 0.137519
0 0.739142 0.228850 0.084961 0.142106
0 0.238214 0.452972 0.075604 0.121444
0 0.418626 0.575701 0.080570 0.145986
0 0.220927 0.550164 0.103729 0.128023
0 0.473862 0.688206 0.070557 0.153755
0 0.296189 0.143687 0.096445 0.156727
0 0.099025 0.660384 0.093159 0.159926
0 0.951982 0.226484 0.088641 0.164847
0 0.846863 0.418109 0.089180 0.144995
0 0.046294 0.929139 0.091438 0.141722
0 0.826858 0.754451 0.090518 0.160727
0 0.880094 0.302720 0.081505 0.146051
0 0.208956 0.666662 0.082339 0.150389
0 0.207826 0.825678 0.081792 0.152032
0 0.352224 0.354079 0.087901 0.161843
0 0.644406 0.495873 0.083323 0.144153
0 0.547333 0.636505 0.087089 0.138926
0 0.585611 0.381880 0.085982 0.144241
0 0.710191 0.572130 0.081565 0.153361
0 0.305018 0.842479 0.090453 0.153468
0 0.215900 0.153961 0.075294 0.145718
0 0.256031 0.730884 0.086432 0.173130
0 0.660465 0.875215 0.081951 0.155282
0 0.521395 0.789787 0.085174 0.141667
0 0.502559 0.537097 0.085497 0.155093
0 0.792812 0.654065 0.077849 0.161546
0 0.858900 0.550234 0.084008 0.145912
0 0.052794 0.542926 0.083958 0.148519
0 0.391854 0.175039 0.082943 0.149532
0 0.781318 0.369238 0.090828 0.154542
0 0.892505 0.150553 0.090297 0.177755
0 0.620546 0.606843 0.077596 0.136685
0 0.954598 0.729238 0.084643 0.156884
0 0.504557 0.396968 0.077786 0.147528
0 0.313397 0.674623 0.080966 0.153560
0 0.343772 0.068160 0.084664 0.136319
0 0.812309 0.277002 0.074742 0.144301
0 0.155055 0.380785 0.090672 0.162949
0 0.362297 0.507433 0.087125 0.180440
0 0.138316 0.805243 0.077284 0.132042
0 0.463725 0.902968 0.089049 0.169935
0 0.961076 0.057778 0.077375 0.115556
0 0.606253 0.837481 0.091719 0.178111
0 0.720302 0.838803 0.083563 0.198097
0 0.748079 0.925729 0.091695 0.148542
