0 0.664078 0.822190 0.088875 0.156213
1 0.613849 0.259324 0.082667 0.147833
0 0.024721 0.975213 0.048943 0.048611
0 0.994190 0.772773 0.011620 0.167287
0 0.441823 0.015620 0.083698 0.030296
0 0.011776 0.078519 0.022677 0.147778
0 0.986255 0.939630 0.027344 0.120741
0 0.191151 0.036662 0.088896 0.071898
0 0.602893 0.974347 0.087995 0.049843
0 0.254154 0.967292 0.083318 0.065417
0 0.599070 0.070023 0.073943 0.123120
0 0.537339 0.258153 0.082323 0.155380
0 0.561117 0.134162 0.082630 0.147620
0 0.489362 0.184755 0.091818 0.147417
0 0.098771 0.042065 0.105406 0.084130
0 0.461766 0.484792 0.101187 0.142843
0 0.398935 0.567755 0.079297 0.129176
0 0.658352 0.125120 0.083474 0.162111
0 0.398479 0.960824 0.086562 0.078352
0 0.588003 0.442722 0.086349 0.151685
0 0.438435 0.406301 0.094661 0.137398
0 0.746419 0.060361 0.097266 0.119407
0 0.953307 0.756403 0.079073 0.159676
0 0.907878 0.739056 0.081318 0.158130
0 0.191510 0.936032 0.070927 0.125380
0 0.547599 0.905421 0.086625 0.146287
0 0.771487 0.604509 0.079484 0.161704
0 0.836073 0.657949 0.078760 0.158046
0 0.687201 0.286134 0.080078 0.147991
0 0.463844 0.680255 0.068073 0.158417
0 0.457818 0.290079 0.101156 0.154824
0 0.533953 0.670708 0.085292 0.150250
0 0.360940 0.534671 0.086432 0.163972
0 0.036341 0.349644 0.072682 0.158250
0 0.900143 0.079162 0.092807 0.156028
0 0.727260 0.180171 0.077542 0.143287
0 0.396779 0.692495 0.077047 0.136065
0 0.607990 0.579236 0.079615 0.127546
0 0.912570 0.933171 0.081953 0.133657
0 0.835344 0.953116 0.084333 0.093769
0 0.158273 0.126907 0.097016 0.159667
0 0.133281 0.937708 0.078604 0.123750
0 0.354799 0.384736 0.082859 0.151620
0 0.034807 0.193875 0.069229 0.162546
0 0.253807 0.594069 0.097365 0.163324
0 0.535695 0.533435 0.082286 0.146130
0 0.490372 0.805792 0.082255 0.136583
0 0.608146 0.707273 0.078781 0.143602
0 0.045378 0.511556 0.090755 0.157852
0 0.323648 0.925685 0.085964 0.147130
0 0.896685 0.599181 0.079714 0.145398
0 0.787826 0.296366 0.097005 0.155491
0 0.680591 0.562060 0.079453 0.126583
0 0.210167 0.226880 0.086885 0.156389
0 0.131547 0.266792 0.084458 0.147750
0 0.746214 0.418741 0.086792 0.150426
0 0.962336 0.138079 0.075328 0.164417
0 0.260443 0.447648 0.082927 0.156704
0 0.145729 0.650898 0.090479 0.162056
0 0.035906 0.730727 0.071813 0.165417
0 0.497245 0.930616 0.088240 0.137824
0 0.960997 0.550310 0.078005 0.158731
0 0.374810 0.084463 0.083849 0.155222
0 0.182906 0.525324 0.085344 0.149111
0 0.717438 0.662417 0.089094 0.144056
0 0.308370 0.279745 0.091667 0.155176
0 0.860557 0.844625 0.085677 0.146398
0 0.957971 0.316144 0.084057 0.146417
0 0.334971 0.753995 0.083089 0.157509
0 0.741440 0.863130 0.087953 0.166444
0 0.171031 0.382903 0.091031 0.154657
0 0.275010 0.152199 0.090375 0.174769
0 0.877156 0.313875 0.090385 0.161509
0 0.220917 0.728412 0.092187 0.158250
