1 0.582250 0.172500 0.085719 0.144926
0 0.871156 0.264574 0.102448 0.142333
0 0.804112 0.708597 0.087224 0.154306
0 0.665964 0.588273 0.093896 0.161417
0 0.101888 0.405713 0.084693 0.151000
0 0.627820 0.294255 0.083255 0.156139
0 0.185997 0.314685 0.088891 0.167278
0 0.076096 0.844338 0.091245 0.146102
0 0.428055 0.938833 0.095703 0.121963
0 0.543380 0.485690 0.084573 0.163676
0 0.348344 0.731792 0.077625 0.137565
0 0.725724 0.808537 0.086667 0.161593
0 0.703169 0.264338 0.088474 0.157917
0 0.761727 0.198023 0.087703 0.159639
0 0.077687 0.261579 0.090573 0.160528
0 0.495000 0.181468 0.086563 0.144972
0 0.584299 0.936884 0.087620 0.126231
0 0.465503 0.462255 0.086651 0.149102
0 0.716958 0.453958 0.095406 0.169917
0 0.932714 0.131954 0.088156 0.154352
0 0.399589 0.158426 0.085083 0.146481
0 0.724810 0.048542 0.078234 0.097083
0 0.800523 0.417847 0.089120 0.151861
0 0.185815 0.070264 0.084786 0.140528
0 0.266232 0.262616 0.084328 0.152583
0 0.910622 0.386157 0.087036 0.154519
0 0.865805 0.808565 0.090130 0.156907
0 0.026818 0.559148 0.053000 0.156111
0 0.900341 0.936810 0.076078 0.126380
0 0.667138 0.720079 0.082547 0.146898
0 0.027948 0.161417 0.055896 0.128167
0 0.490716 0.059806 0.094682 0.119611
0 0.315044 0.158060 0.083589 0.142028
0 0.966391 0.948287 0.066010 0.099593
0 0.016859 0.304912 0.033719 0.158694
0 0.647805 0.038495 0.074495 0.076472
0 0.323039 0.047245 0.096453 0.094491
0 0.571799 0.043968 0.078411 0.087935
0 0.946943 0.804005 0.084583 0.164028
0 0.235128 0.509579 0.088255 0.141102
0 0.548023 0.278699 0.083339 0.146806
0 0.057737 0.058361 0.091161 0.116722
0 0.651956 0.952125 0.082589 0.095750
0 0.750695 0.965944 0.096526 0.068111
0 0.975258 0.374472 0.049484 0.143796
0 0.122586 0.163306 0.085005 0.149648
0 0.369076 0.488509 0.090661 0.163537
0 0.103604 0.234782 0.101708 0.185361
0 0.989482 0.501319 0.019995 0.148194
0 0.253352 0.983380 0.078391 0.031981
0 0.991107 0.110000 0.017786 0.152167
0 0.043638 0.973778 0.087276 0.051833
0 0.851594 0.019750 0.094354 0.039500
0 0.340516 0.303681 0.082521 0.158565
0 0.122276 0.712810 0.088302 0.157065
0 0.449758 0.315880 0.087089 0.150667
0 0.274203 0.654065 0.088188 0.154759
0 0.971677 0.240301 0.053802 0.129306
0 0.969164 0.658250 0.061672 0.149056
0 0.149156 0.477083 0.086688 0.158611
0 0.336365 0.920185 0.094323 0.159111
0 0.259359 0.850421 0.078562 0.147213
0 0.840354 0.142968 0.093021 0.153435
0 0.065302 0.659083 0.085698 0.149407
0 0.629682 0.437120 0.090313 0.141852
0 0.902669 0.575000 0.087891 0.153944
0 0.445844 0.650370 0.087531 0.160056
0 0.191034 0.796546 0.078141 0.155222
0 0.526799 0.834278 0.094370 0.163926
