0 0.740807 0.241815 0.092458 0.162019
0 0.986042 0.850819 0.027917 0.166194
0 0.617786 0.125102 0.089240 0.151352
0 0.016471 0.548949 0.032630 0.137324
0 0.938409 0.916949 0.108828 0.156120
0 0.978273 0.448866 0.041745 0.151546
0 0.240479 0.832282 0.085708 0.160731
1 0.818953 0.464690 0.093875 0.161157
0 0.407297 0.727449 0.096521 0.154454
0 0.112688 0.388310 0.089063 0.139102
0 0.195763 0.020583 0.108474 0.038519
0 0.121193 0.064421 0.118781 0.124157
0 0.735276 0.647204 0.098302 0.167389
0 0.229328 0.307602 0.090031 0.162704
0 0.270747 0.094917 0.090214 0.153407
0 0.957956 0.983130 0.084089 0.033741
0 0.940133 0.349491 0.097255 0.160056
0 0.891792 0.815116 0.095385 0.158546
0 0.974206 0.189764 0.051589 0.175565
0 0.039419 0.803880 0.078578 0.155963
0 0.086513 0.659856 0.098536 0.172324
0 0.700820 0.147375 0.104641 0.162528
0 0.792898 0.940310 0.098161 0.115139
0 0.316844 0.663324 0.096333 0.158574
0 0.181984 0.580431 0.098031 0.158954
0 0.623612 0.413579 0.096464 0.162620
0 0.458719 0.970704 0.106313 0.055741
0 0.624195 0.835102 0.105839 0.167926
0 0.851117 0.036630 0.115224 0.073259
0 0.505148 0.294167 0.103870 0.184074
0 0.353932 0.126991 0.096594 0.144981
0 0.842596 0.713282 0.104599 0.141602
0 0.972948 0.055032 0.054104 0.110065
0 0.752102 0.820083 0.093943 0.157926
0 0.063125 0.135537 0.108802 0.148593
0 0.354945 0.262245 0.104724 0.158935
0 0.053318 0.945315 0.100875 0.109370
0 0.125867 0.246620 0.099964 0.168426
0 0.837552 0.592620 0.103312 0.145926
0 0.532646 0.411111 0.105979 0.129259
0 0.391336 0.381995 0.095380 0.158731
0 0.088664 0.862523 0.095651 0.163065
0 0.900190 0.082370 0.111703 0.164630
0 0.307927 0.948046 0.098323 0.102130
0 0.702760 0.935815 0.096563 0.128370
0 0.659266 0.560741 0.104625 0.180241
0 0.527174 0.731713 0.092516 0.155204
0 0.823818 0.204394 0.095937 0.190620
0 0.458102 0.245014 0.095380 0.135509
0 0.697148 0.040093 0.093589 0.080185
0 0.356589 0.822120 0.105844 0.152444
0 0.499091 0.910486 0.112047 0.148028
0 0.175773 0.912750 0.091516 0.162000
0 0.525339 0.048338 0.088958 0.094102
0 0.166352 0.753565 0.115130 0.140593
0 0.618695 0.950069 0.090724 0.099861
0 0.049674 0.464644 0.093474 0.179787
0 0.332130 0.528829 0.089927 0.159324
0 0.909492 0.509412 0.095682 0.167454
0 0.392807 0.931491 0.094333 0.137019
0 0.242435 0.455449 0.102839 0.159213
0 0.512378 0.594319 0.132984 0.151880
0 0.705281 0.382435 0.097573 0.192019
0 0.443128 0.493162 0.099474 0.173676
0 0.664195 0.718319 0.091026 0.152602
0 0.035331 0.239171 0.070661 0.146880
0 0.463354 0.127213 0.082469 0.134944
0 0.346451 0.035866 0.100828 0.070231
0 0.446891 0.033319 0.092385 0.061491
1 0.598018 0.299750 0.133703 0.149296
