1 0.900772 0.244681 0.083961 0.137750
1 0.260290 0.410400 0.086570 0.151088
0 0.462223 0.013238 0.086773 0.026477
0 0.024064 0.946308 0.047815 0.101532
0 0.008641 0.811019 0.016958 0.144176
0 0.538939 0.975250 0.091471 0.049500
1 0.484158 0.689204 0.094065 0.144037
0 0.987645 0.654296 0.023289 0.139954
0 0.987118 0.797086 0.025763 0.135505
0 0.392409 0.967021 0.086193 0.065569
0 0.014885 0.647127 0.029219 0.166181
0 0.566932 0.025986 0.087542 0.051620
0 0.870462 0.027400 0.095565 0.053569
0 0.545315 0.351641 0.109172 0.131968
0 0.975048 0.212062 0.049904 0.137125
0 0.772682 0.289796 0.078839 0.136528
0 0.562788 0.734595 0.086617 0.160468
0 0.054414 0.905185 0.082990 0.162269
0 0.126799 0.922907 0.088042 0.153296
0 0.400342 0.282162 0.083727 0.144389
0 0.494172 0.558625 0.095943 0.137352
0 0.410462 0.085785 0.073919 0.134144
0 0.261729 0.908646 0.078104 0.134079
0 0.472240 0.891660 0.091156 0.156292
0 0.515723 0.098928 0.091513 0.144588
0 0.178677 0.447588 0.083521 0.135167
0 0.766108 0.945581 0.091633 0.105106
0 0.660146 0.232625 0.085943 0.153333
0 0.179069 0.691396 0.087383 0.147606
0 0.414022 0.463229 0.098570 0.149810
0 0.230624 0.773593 0.081935 0.150685
0 0.189841 0.064875 0.086255 0.129750
0 0.358389 0.594600 0.083112 0.152875
0 0.620603 0.094296 0.083659 0.145528
0 0.169891 0.568331 0.097734 0.125079
0 0.734992 0.117928 0.089125 0.154264
0 0.539376 0.472030 0.088378 0.135106
0 0.970895 0.446688 0.058195 0.153986
0 0.418207 0.784810 0.085096 0.150565
0 0.923637 0.742907 0.094414 0.157519
0 0.330980 0.211713 0.083055 0.148287
0 0.342802 0.747014 0.079245 0.134093
0 0.726456 0.693998 0.087604 0.141171
0 0.732388 0.830993 0.084115 0.129144
0 0.853904 0.362285 0.089234 0.137644
0 0.905353 0.107037 0.097555 0.137435
0 0.778077 0.581738 0.096669 0.150681
0 0.265841 0.120060 0.086891 0.153491
0 0.850557 0.931331 0.083547 0.137338
0 0.522591 0.246414 0.097125 0.145644
0 0.099646 0.418583 0.075318 0.135463
0 0.884487 0.622910 0.087104 0.134440
0 0.056590 0.294171 0.087367 0.147630
0 0.901727 0.486567 0.090557 0.149708
0 0.231563 0.261197 0.089589 0.149486
0 0.040595 0.513637 0.079044 0.153708
