0 0.059286 0.177725 0.088271 0.131421
0 0.962555 0.130861 0.074891 0.142602
0 0.805930 0.847676 0.083234 0.148296
0 0.483775 0.422954 0.083648 0.164769
0 0.237132 0.557262 0.076456 0.144542
0 0.204967 0.218227 0.084310 0.144000
0 0.794814 0.425023 0.075247 0.139333
0 0.110365 0.830745 0.087021 0.152639
0 0.878954 0.314243 0.094258 0.121319
0 0.725464 0.813884 0.091802 0.146370
0 0.333832 0.284956 0.087721 0.143588
0 0.189956 0.871315 0.083052 0.147250
0 0.565948 0.766597 0.087625 0.145287
0 0.869996 0.436780 0.081076 0.130032
0 0.377249 0.760074 0.087622 0.159241
0 0.317583 0.643370 0.090036 0.140611
0 0.690965 0.501463 0.082148 0.152426
0 0.803100 0.678225 0.084529 0.150264
0 0.726931 0.629882 0.078945 0.144644
0 0.596277 0.634826 0.095305 0.142838
0 0.147191 0.576206 0.086841 0.137616
0 0.013904 0.593005 0.027766 0.140880
0 0.847995 0.011833 0.076453 0.023667
0 0.992703 0.800565 0.014583 0.147259
1 0.425980 0.943063 0.084221 0.111912
0 0.927366 0.983338 0.084888 0.032639
1 0.303805 0.966595 0.084453 0.065801
0 0.990719 0.436368 0.018563 0.144412
0 0.683980 0.976688 0.086065 0.046412
0 0.988191 0.946769 0.023570 0.106463
0 0.980223 0.025319 0.039555 0.050639
1 0.586630 0.205132 0.066599 0.134838
1 0.867475 0.560697 0.079659 0.129458
0 0.394051 0.022854 0.077539 0.045708
1 0.158299 0.108898 0.078724 0.142722
0 0.188490 0.969780 0.076875 0.059199
0 0.768819 0.966525 0.076914 0.066949
1 0.642473 0.905778 0.088701 0.138574
0 0.320065 0.031764 0.068938 0.062815
1 0.654430 0.084912 0.071964 0.146759
1 0.556361 0.462632 0.072299 0.160690
1 0.626702 0.432713 0.071409 0.152741
1 0.418134 0.283847 0.074820 0.141935
1 0.289294 0.439400 0.080172 0.147153
1 0.192177 0.419975 0.077953 0.149264
1 0.504776 0.654025 0.079828 0.146236
0 0.022745 0.895681 0.045193 0.145306
1 0.958707 0.728556 0.079263 0.152676
0 0.065941 0.955972 0.071549 0.087796
0 0.152335 0.339759 0.082523 0.134250
0 0.256260 0.911234 0.080187 0.170338
0 0.843014 0.955449 0.079674 0.088769
0 0.245062 0.059081 0.071333 0.117144
0 0.755754 0.052093 0.071612 0.102222
0 0.972247 0.299914 0.055505 0.163875
0 0.092993 0.062947 0.082372 0.125894
0 0.351049 0.498889 0.069734 0.146602
0 0.026186 0.072208 0.052372 0.144417
0 0.907283 0.652299 0.095570 0.163403
0 0.776346 0.193831 0.076792 0.174931
0 0.523581 0.879160 0.079115 0.155968
0 0.336677 0.880394 0.084240 0.145009
0 0.427945 0.657495 0.077323 0.180769
0 0.887246 0.077370 0.081211 0.144204
0 0.669120 0.714016 0.072490 0.136801
0 0.031758 0.462891 0.063516 0.167542
0 0.580586 0.073347 0.077224 0.131398
0 0.355928 0.113574 0.084977 0.145907
0 0.028441 0.725657 0.056883 0.161815
0 0.108495 0.438245 0.092167 0.125815
0 0.067845 0.574620 0.080737 0.159120
0 0.856105 0.203368 0.094185 0.137394
0 0.519297 0.228553 0.087344 0.167245
0 0.700339 0.200539 0.081870 0.150745
0 0.492941 0.066634 0.085628 0.133269
0 0.907184 0.892813 0.088909 0.151523
0 0.865492 0.770687 0.075464 0.148014
0 0.126915 0.697683 0.082878 0.126468
0 0.432085 0.508370 0.092794 0.140028
0 0.429647 0.143993 0.075227 0.136134
0 0.250194 0.333657 0.077482 0.147861
0 0.656738 0.305715 0.087461 0.151338
