0 0.608443 0.978769 0.084917 0.040722
0 0.307620 0.489394 0.117667 0.166028
0 0.070852 0.171273 0.140839 0.150306
0 0.994526 0.542398 0.010948 0.152593
0 0.806820 0.982574 0.093484 0.034500
0 0.006643 0.119685 0.012828 0.156648
0 0.991698 0.145454 0.016271 0.141296
0 0.009174 0.947134 0.015995 0.105731
0 0.089940 0.024810 0.084339 0.049620
0 0.940328 0.972167 0.092208 0.055537
0 0.012357 0.801435 0.023526 0.141241
0 0.276740 0.411398 0.088656 0.124259
0 0.982984 0.420009 0.033708 0.133685
0 0.817677 0.038819 0.078427 0.077639
0 0.872482 0.955231 0.072724 0.089537
0 0.035518 0.059264 0.071036 0.115620
0 0.648154 0.045917 0.080714 0.091833
0 0.964867 0.066338 0.068693 0.126250
0 0.094792 0.644088 0.076135 0.142509
0 0.422781 0.700005 0.080635 0.159398
0 0.037721 0.189269 0.075130 0.153741
0 0.890333 0.254829 0.079875 0.122676
0 0.626419 0.411639 0.084328 0.136611
0 0.719453 0.959796 0.082365 0.077944
0 0.132958 0.365120 0.080688 0.146963
0 0.667945 0.315574 0.080703 0.119167
0 0.895138 0.052620 0.079568 0.105241
0 0.542607 0.065574 0.084464 0.131148
0 0.741526 0.087861 0.084990 0.126222
0 0.345398 0.460255 0.096641 0.142731
0 0.555906 0.509171 0.080510 0.136639
0 0.964810 0.293514 0.070380 0.140713
0 0.928208 0.163458 0.090729 0.132583
0 0.489078 0.936556 0.080969 0.126889
0 0.714174 0.388301 0.077005 0.130898
0 0.905406 0.375773 0.089333 0.134898
0 0.236380 0.622023 0.081240 0.135731
0 0.359018 0.334917 0.074505 0.125833
0 0.804977 0.291231 0.095161 0.134667
0 0.500039 0.428023 0.084714 0.148065
0 0.473852 0.598722 0.080828 0.136296
0 0.112224 0.781227 0.079021 0.139565
0 0.120404 0.922338 0.079557 0.136269
0 0.815214 0.414782 0.088031 0.134176
0 0.431924 0.362579 0.084807 0.143435
0 0.045424 0.875616 0.081568 0.139731
0 0.076667 0.282505 0.090719 0.147843
0 0.271534 0.288019 0.093130 0.136593
0 0.371094 0.574292 0.083750 0.136787
0 0.482396 0.258537 0.079417 0.141259
0 0.206901 0.371620 0.072198 0.136074
0 0.683898 0.183852 0.090318 0.150500
0 0.634477 0.912069 0.081953 0.138306
0 0.558753 0.871116 0.084047 0.145361
0 0.282669 0.525287 0.089349 0.144796
0 0.103951 0.150505 0.078151 0.145472
0 0.347276 0.693181 0.087906 0.128954
0 0.428974 0.493778 0.084927 0.125148
1 0.504081 0.752755 0.112859 0.193991
