0 0.084035 0.819940 0.077055 0.099620
0 0.112296 0.506650 0.094888 0.126542
0 0.073258 0.901363 0.054422 0.118782
0 0.227336 0.929606 0.069562 0.140787
0 0.063740 0.713521 0.066109 0.168838
0 0.147539 0.807046 0.077281 0.210222
0 0.465043 0.569514 0.095904 0.122491
0 0.263197 0.776833 0.068971 0.168593
0 0.222784 0.705947 0.081901 0.124532
0 0.372012 0.787801 0.083034 0.144741
0 0.505104 0.756190 0.078724 0.161981
0 0.575717 0.907111 0.086211 0.113037
0 0.803374 0.922917 0.063044 0.142731
0 0.668935 0.652303 0.073281 0.180088
0 0.716056 0.728412 0.078185 0.192639
0 0.902760 0.791634 0.099198 0.104509
0 0.941314 0.918606 0.077055 0.147519
0 0.969176 0.829039 0.061648 0.102495
0 0.967828 0.665715 0.064344 0.137940
0 0.921350 0.650817 0.066331 0.179227
0 0.858038 0.606755 0.074414 0.138991
0 0.796880 0.555984 0.082495 0.181144
0 0.777753 0.398933 0.088422 0.133153
0 0.839178 0.498030 0.085190 0.149532
0 0.912190 0.383606 0.060943 0.161889
0 0.908687 0.207301 0.085187 0.167731
0 0.900066 0.062245 0.083034 0.124491
0 0.853187 0.222630 0.088422 0.127500
0 0.733568 0.268657 0.080880 0.123574
0 0.768053 0.328000 0.073336 0.117917
0 0.632536 0.242266 0.068484 0.145699
0 0.703932 0.040692 0.070104 0.081384
0 0.613139 0.313150 0.071716 0.187847
0 0.611523 0.062178 0.072797 0.122708
0 0.454454 0.145514 0.067945 0.136120
0 0.224669 0.162806 0.077052 0.111120
0 0.355848 0.064093 0.074414 0.126537
0 0.241374 0.259076 0.106148 0.108245
0 0.284210 0.191065 0.065737 0.152306
0 0.334052 0.200164 0.066276 0.160931
0 0.120137 0.064093 0.069508 0.126537
0 0.166746 0.185748 0.079747 0.120792
0 0.760902 0.740613 0.067872 0.203921
0 0.697931 0.326336 0.086727 0.166384
0 0.873271 0.338403 0.070891 0.163704
0 0.601400 0.734583 0.095779 0.135546
0 0.466570 0.400192 0.085130 0.133736
0 0.554298 0.534604 0.091669 0.140940
0 0.419996 0.201130 0.103586 0.169546
0 0.814586 0.114634 0.078911 0.129944
0 0.101589 0.385125 0.100974 0.156491
0 0.169986 0.391352 0.099779 0.167000
0 0.309043 0.945681 0.073388 0.105194
0 0.316230 0.827417 0.078013 0.150657
0 0.031255 0.966144 0.062510 0.061176
0 0.529947 0.371755 0.082706 0.135148
0 0.206246 0.604917 0.080294 0.123417
0 0.012408 0.333051 0.024023 0.129981
0 0.049022 0.374829 0.082091 0.147204
0 0.409897 0.426488 0.080388 0.140060
0 0.983665 0.920185 0.032070 0.148944
0 0.569199 0.224801 0.070961 0.139222
0 0.987374 0.603907 0.024096 0.126574
0 0.218667 0.459262 0.081740 0.165282
0 0.398868 0.695440 0.086753 0.133796
0 0.509641 0.937104 0.081312 0.117356
0 0.612268 0.593037 0.086984 0.135981
0 0.726290 0.528359 0.094617 0.138995
0 0.664921 0.171208 0.088487 0.157343
0 0.676187 0.838859 0.085641 0.133218
0 0.197292 0.327176 0.094474 0.135648
0 0.927979 0.560725 0.081552 0.136995
0 0.960974 0.480440 0.076719 0.136093
0 0.566163 0.115604 0.075289 0.136106
0 0.868017 0.715127 0.080018 0.121384
0 0.747870 0.884757 0.089880 0.154134
0 0.372767 0.294657 0.085388 0.150481
0 0.778305 0.172278 0.072469 0.142963
0 0.345719 0.658470 0.082182 0.137329
0 0.520987 0.274088 0.083818 0.119278
0 0.034858 0.205634 0.069716 0.148500
