0 0.734133 0.796037 0.089766 0.158000
1 0.299680 0.092032 0.084141 0.161954
0 0.894208 0.138773 0.076510 0.125157
0 0.632424 0.848606 0.082922 0.153194
0 0.442620 0.873634 0.074510 0.131306
0 0.481911 0.417292 0.091458 0.137231
0 0.582628 0.737231 0.077089 0.125056
0 0.384672 0.336190 0.077719 0.126065
0 0.189901 0.628051 0.087625 0.133954
0 0.345393 0.894088 0.073203 0.125176
0 0.259516 0.557106 0.076281 0.140157
0 0.231747 0.216398 0.086297 0.141907
0 0.441870 0.222588 0.077125 0.142417
0 0.481146 0.085394 0.074906 0.141639
0 0.275297 0.335606 0.073563 0.126102
0 0.080888 0.617574 0.081016 0.141574
0 0.367862 0.172653 0.084214 0.151046
0 0.622768 0.528361 0.089245 0.149185
0 0.095674 0.403648 0.079495 0.129537
0 0.313180 0.665106 0.072318 0.122824
0 0.147479 0.266949 0.079010 0.145731
0 0.850047 0.641449 0.079240 0.125731
0 0.582630 0.954287 0.080177 0.090648
0 0.619344 0.235639 0.080802 0.132037
0 0.471971 0.719255 0.082693 0.124454
0 0.552646 0.615375 0.075958 0.133972
0 0.966755 0.125148 0.066229 0.130093
0 0.734865 0.314866 0.069885 0.109917
0 0.538273 0.187856 0.077641 0.134435
0 0.812992 0.256417 0.080755 0.139667
0 0.907667 0.308921 0.084781 0.136213
0 0.382781 0.714528 0.081167 0.137593
0 0.354536 0.538519 0.080615 0.136000
0 0.464865 0.545519 0.085687 0.141519
0 0.613896 0.106519 0.082396 0.134889
0 0.151128 0.515074 0.079193 0.144037
0 0.151354 0.891870 0.072385 0.120926
0 0.812719 0.901736 0.080396 0.143694
0 0.705081 0.108727 0.079422 0.146898
0 0.739859 0.948519 0.081510 0.100852
0 0.327883 0.414324 0.068839 0.130185
0 0.183846 0.754731 0.079776 0.127778
0 0.212013 0.943292 0.071380 0.113417
0 0.868849 0.533944 0.083438 0.118852
0 0.531586 0.320032 0.075776 0.122176
0 0.899878 0.744981 0.080630 0.134167
0 0.184727 0.393491 0.075401 0.125815
0 0.666451 0.367394 0.074891 0.137120
0 0.914219 0.444181 0.078250 0.128213
0 0.756768 0.573750 0.070078 0.135593
0 0.923464 0.949931 0.076969 0.100139
0 0.094318 0.135824 0.078365 0.133481
0 0.029344 0.134926 0.058688 0.143722
0 0.777159 0.141509 0.075464 0.122556
0 0.026437 0.706690 0.052875 0.116861
0 0.736227 0.437958 0.084578 0.142491
0 0.073589 0.904944 0.075667 0.127833
0 0.169924 0.100787 0.080359 0.128759
0 0.050091 0.265028 0.093411 0.146889
0 0.250151 0.815352 0.075240 0.136130
0 0.977503 0.923218 0.043661 0.134750
0 0.028125 0.371079 0.056146 0.123972
0 0.029065 0.842292 0.058130 0.149843
0 0.077714 0.770903 0.075917 0.131380
0 0.285273 0.963130 0.088234 0.073741
0 0.917107 0.030713 0.069745 0.061426
0 0.980299 0.370398 0.039401 0.138074
0 0.021063 0.592912 0.041417 0.120843
0 0.622276 0.032306 0.085417 0.064611
0 0.374740 0.975046 0.081427 0.049907
0 0.132542 0.974287 0.074521 0.051426
0 0.797604 0.019037 0.086302 0.038074
0 0.720576 0.018486 0.086349 0.036972
0 0.087255 0.023574 0.086042 0.047148
0 0.549286 0.014903 0.073250 0.029806
0 0.161005 0.019579 0.077125 0.039157
0 0.986216 0.668556 0.025161 0.138148
0 0.649674 0.985093 0.079766 0.029111
0 0.991063 0.523019 0.016781 0.134722
0 0.006477 0.482495 0.012422 0.132380
0 0.993979 0.043667 0.011042 0.087333
0 0.232427 0.010792 0.074354 0.021583
