0 0.565544 0.971449 0.090677 0.056630
0 0.109530 0.974616 0.088216 0.049667
0 0.307542 0.036093 0.078786 0.072185
0 0.586227 0.293935 0.108365 0.117444
0 0.598624 0.030428 0.084904 0.060764
0 0.976651 0.042866 0.046578 0.084213
0 0.016431 0.217681 0.032862 0.148278
0 0.532165 0.202375 0.089768 0.132676
0 0.853563 0.961456 0.071000 0.074894
0 0.558393 0.655407 0.083646 0.148824
0 0.625589 0.234870 0.084333 0.148750
0 0.356358 0.952405 0.093315 0.095190
0 0.795225 0.906683 0.099857 0.159968
0 0.192604 0.959495 0.074958 0.078287
0 0.708569 0.059356 0.091951 0.118713
0 0.976335 0.911148 0.047331 0.145509
0 0.267990 0.955076 0.081094 0.089764
0 0.028783 0.458194 0.057544 0.143343
0 0.976288 0.349009 0.047065 0.152287
0 0.657051 0.113109 0.078784 0.130921
0 0.858471 0.047667 0.085229 0.094222
0 0.341509 0.860755 0.084367 0.124806
0 0.443697 0.900407 0.078424 0.128759
0 0.102928 0.415581 0.074315 0.140745
0 0.031102 0.829896 0.062203 0.156560
0 0.919180 0.365660 0.080203 0.147208
0 0.943457 0.806426 0.079862 0.138176
0 0.551875 0.085567 0.075911 0.121440
0 0.258628 0.846856 0.073937 0.131787
0 0.290677 0.531370 0.080234 0.152889
0 0.696979 0.266975 0.082240 0.153532
0 0.432676 0.590368 0.083456 0.142190
0 0.929772 0.091711 0.086576 0.144495
0 0.419861 0.765132 0.083372 0.149588
0 0.611984 0.752500 0.071833 0.125944
0 0.608789 0.544076 0.081964 0.142449
0 0.903883 0.652824 0.083063 0.142630
0 0.035444 0.696340 0.070888 0.130199
0 0.181327 0.435731 0.080841 0.127981
0 0.682165 0.813451 0.079284 0.139727
0 0.056115 0.577574 0.088495 0.137954
0 0.816120 0.621741 0.081885 0.148333
0 0.035069 0.065861 0.069966 0.131722
0 0.611161 0.891306 0.088620 0.150759
0 0.526867 0.882407 0.082443 0.133583
0 0.099456 0.874370 0.081828 0.148648
0 0.840909 0.391549 0.080906 0.140745
0 0.382387 0.399558 0.087888 0.149310
0 0.364405 0.519461 0.077461 0.129949
0 0.351233 0.648338 0.087357 0.137722
0 0.184852 0.805354 0.081771 0.140356
0 0.967954 0.504880 0.063742 0.157000
0 0.751794 0.546155 0.089661 0.162569
0 0.805747 0.764741 0.090255 0.146417
0 0.042406 0.329016 0.084812 0.145227
0 0.420654 0.274970 0.087208 0.147597
0 0.889112 0.508053 0.092448 0.150986
0 0.300115 0.318287 0.085203 0.151472
0 0.964766 0.204748 0.070271 0.141458
0 0.653497 0.429391 0.087495 0.157023
0 0.789346 0.259076 0.085052 0.137255
0 0.727570 0.694146 0.087063 0.149088
0 0.162376 0.672123 0.081346 0.137477
0 0.338872 0.172488 0.091042 0.158255
0 0.208770 0.560773 0.082674 0.140019
0 0.157374 0.291743 0.092086 0.153523
