0 0.792490 0.582931 0.090250 0.134583
0 0.177589 0.736912 0.078917 0.137713
0 0.431380 0.289481 0.080927 0.127667
0 0.272411 0.137208 0.081052 0.136546
0 0.768180 0.693875 0.086193 0.132750
0 0.778187 0.132148 0.079083 0.118352
0 0.625401 0.152616 0.080333 0.136917
0 0.464328 0.162468 0.073688 0.125046
0 0.590797 0.710056 0.078917 0.144778
0 0.309500 0.533255 0.090219 0.135102
0 0.118346 0.551565 0.085307 0.141185
0 0.765357 0.261833 0.089339 0.149074
0 0.205745 0.616162 0.076094 0.136620
0 0.543443 0.934931 0.074156 0.130139
0 0.249635 0.335745 0.078969 0.142861
0 0.327581 0.317315 0.082151 0.136500
0 0.955695 0.142884 0.074880 0.137806
0 0.614036 0.467977 0.090406 0.148083
0 0.652375 0.349134 0.087083 0.143769
0 0.522466 0.251231 0.084922 0.155056
0 0.913242 0.568069 0.082578 0.141157
0 0.904529 0.702500 0.078620 0.133259
0 0.084591 0.381218 0.082286 0.146935
0 0.906096 0.389194 0.075974 0.133556
0 0.453966 0.558870 0.074901 0.128352
0 0.444763 0.421208 0.080599 0.140194
0 0.976010 0.428208 0.047979 0.124731
0 0.608906 0.908023 0.084240 0.154509
0 0.886961 0.065782 0.078484 0.126824
0 0.839667 0.750324 0.076802 0.146019
0 0.348596 0.436986 0.083141 0.129583
0 0.889195 0.862384 0.076411 0.150787
0 0.655333 0.828194 0.087885 0.146981
0 0.423883 0.947921 0.077922 0.104157
0 0.163490 0.346713 0.081677 0.141648
0 0.044297 0.233991 0.074365 0.132185
0 0.362477 0.897694 0.077036 0.147093
0 0.681078 0.226528 0.072937 0.123426
0 0.849685 0.169676 0.079484 0.137685
0 0.219263 0.214259 0.068370 0.126463
0 0.474693 0.861431 0.092885 0.155269
0 0.416190 0.064537 0.080182 0.126722
0 0.655500 0.048995 0.073531 0.097991
0 0.133818 0.098782 0.084344 0.120306
0 0.521990 0.764356 0.078844 0.130139
0 0.797706 0.042255 0.074953 0.084509
0 0.488669 0.051042 0.071276 0.100954
0 0.060901 0.074111 0.070812 0.119352
0 0.024281 0.445194 0.048531 0.143463
0 0.798458 0.899764 0.082115 0.137546
0 0.858898 0.963917 0.080870 0.072167
0 0.192555 0.964819 0.082193 0.070361
0 0.344357 0.033356 0.075203 0.066713
0 0.022341 0.589843 0.043891 0.145278
0 0.141956 0.214889 0.083964 0.122019
0 0.959917 0.898171 0.062750 0.109398
0 0.556068 0.033069 0.074667 0.064083
0 0.964185 0.029199 0.071568 0.058398
0 0.523513 0.569778 0.081547 0.141704
0 0.734875 0.967162 0.078240 0.065676
0 0.015555 0.050264 0.030224 0.099102
0 0.942599 0.974250 0.082104 0.047685
0 0.099977 0.898759 0.079943 0.135944
0 0.185833 0.023889 0.089000 0.047778
0 0.017677 0.790495 0.034458 0.156417
0 0.991969 0.554403 0.016062 0.150546
0 0.335102 0.983546 0.080859 0.031944
0 0.648424 0.597231 0.099391 0.152481
0 0.994599 0.758111 0.010802 0.140722
0 0.990648 0.979935 0.016974 0.040130
0 0.004792 0.211319 0.009583 0.133991
0 0.765565 0.458199 0.084026 0.149769
0 0.491583 0.666509 0.084542 0.123944
0 0.174453 0.858444 0.065500 0.113870
0 0.303857 0.825273 0.082005 0.149880
1 0.687438 0.712694 0.084896 0.140741
