0 0.342571 0.717816 0.115127 0.103256
0 0.988937 0.548305 0.022126 0.107299
0 0.040565 0.682040 0.081130 0.124264
0 0.334796 0.973717 0.104383 0.052567
0 0.857930 0.720754 0.098630 0.058729
0 0.962741 0.677456 0.074518 0.070725
0 0.979753 0.239789 0.039599 0.094167
0 0.490685 0.009126 0.095930 0.018251
0 0.954950 0.008693 0.090100 0.017387
0 0.857382 0.288560 0.100459 0.113385
0 0.018821 0.795813 0.037589 0.136080
0 0.441451 0.079596 0.096134 0.137937
0 0.048297 0.091492 0.096593 0.114516
0 0.203559 0.299496 0.113962 0.133879
0 0.159163 0.107477 0.095849 0.127968
0 0.106003 0.366955 0.102153 0.128519
0 0.359857 0.086561 0.096003 0.119522
0 0.033912 0.195962 0.067824 0.125617
0 0.143565 0.428601 0.084259 0.109712
0 0.936699 0.616605 0.099240 0.125113
0 0.530656 0.577847 0.092554 0.129285
0 0.758216 0.304825 0.100405 0.100000
0 0.240588 0.091443 0.093792 0.117279
0 0.042564 0.981605 0.082280 0.036790
0 0.983717 0.862878 0.032566 0.093441
0 0.980359 0.183040 0.039282 0.095000
0 0.094635 0.021152 0.101262 0.042305
1 0.353358 0.582047 0.096771 0.132016
0 0.849819 0.458308 0.092924 0.129516
0 0.802263 0.634069 0.090135 0.120535
0 0.454165 0.631353 0.099132 0.123817
0 0.425050 0.753112 0.091319 0.112407
0 0.917681 0.486469 0.086389 0.125087
0 0.704477 0.608742 0.102195 0.122186
0 0.370494 0.205748 0.107006 0.131579
0 0.605461 0.626803 0.089340 0.113349
0 0.042292 0.305368 0.084583 0.124347
0 0.394228 0.336183 0.097122 0.121512
0 0.218372 0.191265 0.104398 0.114115
0 0.630201 0.362593 0.112060 0.088200
0 0.294275 0.144442 0.084252 0.141538
0 0.800806 0.887395 0.109861 0.110838
0 0.227014 0.589532 0.089159 0.105905
0 0.333617 0.817798 0.128885 0.126986
0 0.613655 0.552258 0.115544 0.097263
0 0.949464 0.381098 0.096628 0.076116
0 0.527475 0.238254 0.105004 0.126826
0 0.860062 0.666870 0.097778 0.087608
0 0.618756 0.964393 0.100374 0.070360
0 0.537292 0.965337 0.092878 0.068832
0 0.611698 0.467065 0.104198 0.103215
0 0.964275 0.733814 0.070887 0.083976
0 0.747733 0.726494 0.089340 0.072083
0 0.595280 0.063423 0.088283 0.110190
0 0.893862 0.885044 0.103002 0.109635
0 0.924003 0.958953 0.092504 0.081322
0 0.517764 0.057881 0.089232 0.105216
0 0.649956 0.277701 0.110343 0.110936
0 0.268011 0.395993 0.098600 0.119959
0 0.747870 0.110568 0.105139 0.120458
0 0.811771 0.767942 0.098850 0.123333
0 0.030444 0.404136 0.060887 0.104342
0 0.919302 0.190340 0.106775 0.125267
0 0.677141 0.907395 0.114468 0.120612
0 0.640590 0.803531 0.116790 0.127392
0 0.775424 0.212145 0.125602 0.134897
0 0.808466 0.533771 0.106833 0.110525
0 0.425652 0.535008 0.104614 0.115756
0 0.446759 0.269856 0.100401 0.127510
0 0.840191 0.958215 0.103314 0.083076
0 0.652730 0.713066 0.109309 0.087088
0 0.709861 0.978022 0.095139 0.043863
0 0.378929 0.022325 0.112566 0.044650
0 0.023040 0.504151 0.045386 0.122346
0 0.416960 0.977503 0.093140 0.044995
0 0.980781 0.059380 0.037905 0.116497
0 0.642068 0.180689 0.110031 0.130710
0 0.704686 0.026101 0.095652 0.052202
