0 0.228128 0.118588 0.081583 0.172306
0 0.527560 0.778634 0.088573 0.167139
0 0.077036 0.685949 0.083755 0.145972
0 0.932286 0.760977 0.084078 0.149898
0 0.754211 0.784410 0.088833 0.149079
0 0.316444 0.341023 0.077654 0.163491
0 0.841612 0.898968 0.078401 0.164574
0 0.126995 0.775271 0.091151 0.155356
0 0.148840 0.915736 0.082336 0.165889
0 0.647070 0.355194 0.080188 0.181259
0 0.630118 0.906347 0.073904 0.155685
0 0.569368 0.238340 0.082956 0.151671
0 0.420539 0.057051 0.089401 0.114102
0 0.095574 0.551481 0.082122 0.146833
0 0.145160 0.245435 0.078331 0.150370
0 0.392738 0.336822 0.072471 0.172773
0 0.093879 0.353192 0.080695 0.148486
0 0.404232 0.185639 0.095474 0.150630
0 0.768448 0.521039 0.078458 0.134440
0 0.721659 0.147185 0.083599 0.153852
0 0.269923 0.247053 0.086096 0.154347
0 0.391719 0.644315 0.077943 0.182380
0 0.881616 0.444185 0.079341 0.155102
0 0.313797 0.062854 0.068635 0.123144
0 0.478380 0.952560 0.080443 0.091111
0 0.167617 0.553137 0.080849 0.180634
0 0.755044 0.279486 0.080547 0.152083
0 0.737835 0.638688 0.088055 0.153727
0 0.736271 0.922262 0.077172 0.152792
0 0.876880 0.230317 0.080839 0.146125
0 0.717138 0.418859 0.076573 0.197208
0 0.561087 0.907937 0.072883 0.165394
0 0.448930 0.771076 0.069703 0.181245
0 0.036449 0.124014 0.072898 0.155602
0 0.495419 0.588067 0.065557 0.218745
0 0.018724 0.584690 0.037448 0.149574
0 0.751842 0.038405 0.077997 0.076810
0 0.984939 0.564597 0.029768 0.136880
0 0.978686 0.696569 0.042206 0.171843
0 0.054405 0.244796 0.099794 0.149500
0 0.008853 0.429926 0.017518 0.173963
1 0.266185 0.510984 0.078917 0.164273
