0 0.255225 0.638155 0.085305 0.142968
0 0.547363 0.533752 0.086404 0.147579
1 0.653841 0.540095 0.085146 0.163579
0 0.391435 0.033306 0.079365 0.066611
0 0.016650 0.047782 0.033299 0.095565
0 0.129122 0.963641 0.084401 0.071995
0 0.972337 0.038931 0.055326 0.076815
0 0.423589 0.955935 0.082031 0.087176
0 0.319667 0.063595 0.084964 0.127190
0 0.247618 0.061738 0.080742 0.123477
0 0.910273 0.051778 0.085469 0.103556
0 0.214255 0.866225 0.088896 0.157449
0 0.516437 0.721847 0.086729 0.164333
0 0.790445 0.167127 0.087125 0.155319
0 0.354332 0.942000 0.077659 0.114954
0 0.803544 0.458319 0.081453 0.138519
0 0.727322 0.926340 0.092201 0.140523
0 0.867977 0.109495 0.085448 0.143917
0 0.753751 0.444009 0.080070 0.159287
0 0.611392 0.437296 0.078372 0.143713
0 0.286068 0.182951 0.078682 0.137347
0 0.865927 0.216324 0.090125 0.149926
0 0.486172 0.895481 0.076750 0.132778
0 0.544826 0.805933 0.081427 0.140940
0 0.543706 0.935903 0.083578 0.128009
0 0.019284 0.448171 0.038568 0.137269
0 0.073286 0.231236 0.087286 0.143602
0 0.351260 0.237817 0.080443 0.140236
0 0.285770 0.753343 0.076273 0.140185
0 0.065781 0.656431 0.084005 0.152519
0 0.057366 0.105303 0.082758 0.140819
0 0.156229 0.870160 0.085521 0.150616
0 0.182449 0.744421 0.086841 0.142954
0 0.570724 0.071000 0.086594 0.142000
0 0.053056 0.338850 0.080737 0.157875
0 0.246990 0.275465 0.083365 0.142338
0 0.894665 0.822174 0.084159 0.151347
0 0.322484 0.585444 0.085797 0.150574
0 0.446621 0.785766 0.084456 0.149644
0 0.288667 0.905426 0.085729 0.155870
0 0.149723 0.214002 0.080096 0.143106
0 0.381857 0.125769 0.086286 0.145944
0 0.478120 0.067380 0.084344 0.134759
0 0.454685 0.176370 0.082818 0.148102
0 0.975100 0.547803 0.049539 0.150644
0 0.620900 0.309255 0.088117 0.149361
0 0.450246 0.430528 0.083617 0.149231
0 0.953626 0.157368 0.086419 0.159745
0 0.847514 0.564806 0.092685 0.166519
0 0.387225 0.351090 0.082529 0.146125
0 0.822061 0.860322 0.080206 0.150449
0 0.051547 0.519644 0.084135 0.150037
0 0.952009 0.911410 0.088143 0.149606
0 0.692918 0.272046 0.077534 0.145815
0 0.032487 0.933319 0.064974 0.132880
0 0.415686 0.672981 0.083029 0.137713
0 0.762026 0.245262 0.079469 0.137236
0 0.126475 0.673310 0.078544 0.134972
0 0.827956 0.342250 0.076870 0.130565
0 0.628889 0.722366 0.091680 0.161787
0 0.958115 0.303683 0.083771 0.151819
0 0.197549 0.354132 0.085156 0.153551
0 0.578473 0.644076 0.085596 0.148106
0 0.384854 0.514021 0.085021 0.167449
0 0.120469 0.375012 0.085938 0.161468
0 0.695732 0.808472 0.087812 0.147843
0 0.227371 0.500257 0.082951 0.147894
0 0.526917 0.410720 0.084578 0.149273
0 0.152583 0.547646 0.086536 0.151718
0 0.696159 0.135884 0.086208 0.153880
0 0.044335 0.815600 0.086898 0.149032
0 0.908021 0.626178 0.085583 0.144884
0 0.604750 0.181102 0.090443 0.153083
0 0.913263 0.469375 0.086568 0.161528
0 0.678613 0.406229 0.092784 0.161319
0 0.505070 0.271681 0.087526 0.158463
0 0.752870 0.715002 0.087875 0.148273
0 0.472182 0.573167 0.088078 0.162824
0 0.280146 0.405012 0.087484 0.155255
0 0.743520 0.579595 0.091799 0.151431
0 0.981733 0.225181 0.036534 0.150444
0 0.827378 0.032537 0.096323 0.065074
0 0.012273 0.242660 0.024271 0.151801
0 0.988507 0.366215 0.022555 0.147856
0 0.199257 0.040940 0.072398 0.080741
0 0.297576 0.983181 0.087271 0.031472
0 0.962230 0.983322 0.075539 0.030940
0 0.005652 0.714796 0.010956 0.144037
0 0.730901 0.973611 0.084073 0.052778
0 0.703885 0.011426 0.074776 0.022380
0 0.621079 0.012310 0.081997 0.024620
0 0.995461 0.860127 0.009078 0.134958
0 0.204608 0.989285 0.068909 0.020986
0 0.087477 0.027410 0.085229 0.054819
