0 0.821210 0.122799 0.080841 0.162606
0 0.561241 0.248847 0.087560 0.139926
0 0.657072 0.583132 0.083393 0.147903
0 0.219996 0.065118 0.091956 0.129884
0 0.120993 0.495287 0.084221 0.158981
0 0.725451 0.153551 0.079620 0.141454
0 0.863095 0.444688 0.091346 0.141856
0 0.304242 0.666243 0.085089 0.149653
0 0.326098 0.507338 0.091414 0.145574
0 0.892616 0.283667 0.083784 0.140787
0 0.240977 0.825118 0.089505 0.159523
0 0.096493 0.127262 0.095826 0.139856
0 0.307823 0.927505 0.097854 0.144991
0 0.053865 0.550488 0.077578 0.151412
0 0.803233 0.011553 0.077539 0.023106
0 0.463328 0.011914 0.077443 0.023782
0 0.976454 0.980470 0.047091 0.039060
0 0.905857 0.015002 0.093880 0.030005
0 0.105076 0.033912 0.120974 0.067454
0 0.431078 0.975417 0.088370 0.046120
0 0.586680 0.025220 0.092474 0.050440
0 0.083370 0.966176 0.096109 0.067648
0 0.011135 0.616484 0.021385 0.141106
0 0.016763 0.793514 0.033526 0.124333
0 0.016534 0.058257 0.032255 0.113856
0 0.519509 0.044528 0.071841 0.086176
0 0.676043 0.411204 0.082477 0.141778
0 0.582651 0.787620 0.093432 0.139537
0 0.265859 0.256850 0.075984 0.161505
0 0.023824 0.246824 0.047648 0.142935
0 0.174458 0.185248 0.077547 0.126606
0 0.332523 0.056762 0.102323 0.113088
0 0.549479 0.457262 0.092161 0.137079
0 0.965357 0.384398 0.069286 0.147870
0 0.176715 0.428926 0.097086 0.144333
0 0.033764 0.366634 0.067529 0.120630
0 0.260464 0.472162 0.075370 0.162574
0 0.522036 0.951403 0.088240 0.096259
0 0.752966 0.359655 0.085573 0.149745
0 0.744876 0.951255 0.078227 0.095065
0 0.338493 0.315229 0.081685 0.152597
0 0.241191 0.677308 0.081836 0.130319
0 0.576329 0.109836 0.084674 0.126847
0 0.311268 0.169542 0.103292 0.144389
0 0.030322 0.923086 0.060315 0.146505
0 0.503714 0.130620 0.095880 0.131833
0 0.525884 0.363407 0.088107 0.143843
0 0.840417 0.839361 0.114198 0.184398
0 0.193311 0.306505 0.087503 0.120361
0 0.407704 0.241241 0.080815 0.159880
0 0.888694 0.149836 0.076341 0.141421
0 0.148612 0.637227 0.084797 0.127157
0 0.059991 0.701206 0.084867 0.122569
0 0.718367 0.291630 0.080005 0.132046
0 0.601358 0.684109 0.079013 0.133727
0 0.965034 0.159738 0.069932 0.150458
0 0.520832 0.622979 0.081857 0.152282
0 0.957647 0.898472 0.084081 0.141870
0 0.478829 0.261813 0.073096 0.144319
0 0.862283 0.650116 0.086706 0.140583
0 0.494462 0.757234 0.086539 0.147671
1 0.419753 0.593363 0.088099 0.152097
0 0.797654 0.559544 0.083573 0.134042
0 0.717410 0.796037 0.079227 0.149417
0 0.749495 0.663368 0.079073 0.126227
