1 0.313595 0.438831 0.083169 0.147301
0 0.267917 0.179829 0.069391 0.174806
0 0.989473 0.894900 0.018190 0.106190
0 0.377413 0.189556 0.085471 0.159833
0 0.336126 0.027593 0.083898 0.055185
0 0.068617 0.038461 0.075464 0.074755
0 0.492727 0.100234 0.074583 0.138681
0 0.020203 0.094873 0.039552 0.151356
0 0.022383 0.285620 0.044766 0.167657
0 0.219953 0.489750 0.104208 0.132880
0 0.095751 0.318169 0.081315 0.188699
0 0.235284 0.387264 0.081432 0.144944
0 0.888734 0.053572 0.080896 0.104171
0 0.970328 0.950475 0.059344 0.097625
0 0.029104 0.851653 0.057969 0.156833
0 0.959507 0.702275 0.080987 0.179958
0 0.973230 0.517840 0.053539 0.148495
0 0.830182 0.587065 0.083198 0.147694
0 0.856612 0.788188 0.064865 0.153292
0 0.805223 0.320433 0.075430 0.183088
0 0.320020 0.106833 0.092773 0.161907
0 0.396117 0.063025 0.087594 0.126051
0 0.876492 0.230935 0.077943 0.152111
0 0.947565 0.185030 0.084802 0.166255
0 0.545280 0.824725 0.080070 0.172069
0 0.106091 0.611275 0.077953 0.161829
0 0.172969 0.118660 0.081375 0.151745
0 0.492647 0.261829 0.104471 0.175389
0 0.007139 0.962748 0.014279 0.074505
0 0.226049 0.166056 0.059266 0.117333
0 0.081160 0.987542 0.081779 0.021565
0 0.625993 0.114338 0.162039 0.151611
1 0.986777 0.778185 0.026445 0.151759
0 0.081919 0.143338 0.085979 0.147778
0 0.160819 0.379856 0.075648 0.161370
0 0.827173 0.127549 0.075872 0.135718
0 0.313583 0.785738 0.075578 0.155708
0 0.180505 0.254377 0.084802 0.132606
0 0.611000 0.613891 0.080448 0.143532
0 0.381383 0.329363 0.082484 0.140495
0 0.958751 0.367910 0.080846 0.166569
0 0.715388 0.760183 0.080099 0.170199
0 0.605275 0.470627 0.089987 0.146625
0 0.870930 0.394273 0.085047 0.171991
0 0.046221 0.397741 0.084417 0.159009
0 0.602081 0.330009 0.087760 0.151102
0 0.626669 0.859259 0.083714 0.148231
0 0.188020 0.593521 0.091951 0.152949
0 0.519271 0.416655 0.079484 0.147116
0 0.668068 0.095164 0.084234 0.160347
0 0.644005 0.728563 0.071099 0.137264
0 0.788288 0.736870 0.080737 0.156620
0 0.584355 0.131926 0.078487 0.160037
0 0.650758 0.240954 0.083656 0.151519
0 0.035332 0.529789 0.070049 0.137736
0 0.728007 0.443975 0.085451 0.150301
0 0.795862 0.481148 0.074729 0.140259
0 0.459431 0.683792 0.076232 0.158648
0 0.502270 0.553405 0.087935 0.143736
0 0.439766 0.469836 0.084437 0.150949
0 0.734574 0.291569 0.084398 0.169657
0 0.224250 0.906389 0.084047 0.158454
0 0.173846 0.730271 0.090156 0.147319
0 0.265174 0.667773 0.087505 0.160731
0 0.144805 0.860220 0.086021 0.162060
0 0.709980 0.923799 0.084857 0.147505
0 0.390695 0.802808 0.086271 0.170801
1 0.750113 0.083836 0.080794 0.148792
