1 0.625539 0.196657 0.078724 0.145241
0 0.786076 0.372870 0.088063 0.150981
0 0.133858 0.496727 0.085638 0.133074
0 0.939573 0.150602 0.086542 0.153935
0 0.829022 0.694074 0.089789 0.139102
0 0.315049 0.721296 0.075552 0.175602
0 0.885638 0.187183 0.079339 0.138449
0 0.852753 0.785197 0.084661 0.139579
0 0.733370 0.881486 0.082318 0.158148
0 0.908995 0.531400 0.084510 0.168023
0 0.834336 0.906127 0.076891 0.127597
0 0.210931 0.568685 0.064570 0.181444
0 0.582478 0.708801 0.088977 0.153074
0 0.790639 0.647565 0.092404 0.142833
0 0.699878 0.772752 0.084802 0.155801
0 0.075047 0.390525 0.099651 0.136542
0 0.606331 0.804646 0.082812 0.133986
0 0.229082 0.858535 0.076565 0.140014
0 0.437161 0.942449 0.084125 0.115102
0 0.541698 0.868660 0.081797 0.176264
0 0.582684 0.030986 0.087742 0.061972
0 0.142913 0.175824 0.075643 0.164463
0 0.182845 0.893083 0.070414 0.134435
0 0.874428 0.417725 0.086685 0.136097
0 0.088986 0.151144 0.080789 0.135565
0 0.967737 0.511171 0.064526 0.136667
0 0.028540 0.478514 0.057039 0.175278
0 0.079387 0.620843 0.084711 0.122333
0 0.965599 0.835620 0.068349 0.152537
0 0.962751 0.615549 0.074451 0.135579
0 0.574975 0.124139 0.091805 0.142259
0 0.924211 0.380558 0.068484 0.144560
0 0.930906 0.030905 0.087755 0.061810
0 0.974665 0.040755 0.050669 0.078954
0 0.913527 0.797407 0.086367 0.153296
0 0.022691 0.631148 0.045383 0.150148
0 0.771421 0.924074 0.079102 0.142852
0 0.451091 0.802435 0.091193 0.188167
0 0.028315 0.081225 0.056286 0.147532
0 0.973146 0.412067 0.053708 0.136671
0 0.982402 0.946477 0.035070 0.106667
0 0.866292 0.974546 0.091698 0.050907
0 0.049853 0.021477 0.082581 0.042954
0 0.647125 0.972512 0.084552 0.053792
0 0.287091 0.933312 0.085000 0.128968
0 0.265758 0.025986 0.075328 0.051972
0 0.036125 0.817171 0.071745 0.158694
0 0.037214 0.194366 0.074375 0.133009
0 0.894767 0.906671 0.080701 0.148880
0 0.364750 0.915537 0.085807 0.168926
0 0.019147 0.759731 0.038294 0.127769
0 0.392564 0.886081 0.078612 0.137171
0 0.946452 0.704523 0.107096 0.155944
0 0.934741 0.934252 0.080576 0.130588
0 0.152285 0.967426 0.058581 0.063528
0 0.909888 0.670546 0.096104 0.145315
0 0.240376 0.730164 0.089654 0.170542
0 0.793605 0.044558 0.081617 0.086903
0 0.337135 0.017403 0.083057 0.034806
0 0.215148 0.956572 0.088479 0.085875
0 0.212831 0.737813 0.078474 0.145356
0 0.076108 0.513375 0.079221 0.133509
0 0.847746 0.304954 0.085430 0.150370
0 0.036757 0.940998 0.072872 0.115856
0 0.779441 0.807662 0.084315 0.133111
0 0.326342 0.490301 0.083326 0.153343
0 0.266357 0.590627 0.068167 0.165718
0 0.101405 0.810456 0.081977 0.150931
0 0.652365 0.872581 0.082349 0.182569
0 0.739732 0.281796 0.088432 0.148852
0 0.160969 0.602907 0.081990 0.159556
0 0.682311 0.545074 0.086523 0.144056
0 0.218828 0.235495 0.093750 0.164176
0 0.367901 0.765160 0.081339 0.168060
0 0.406629 0.071574 0.098669 0.140944
0 0.469272 0.320296 0.079966 0.179981
0 0.510323 0.428326 0.085849 0.159671
0 0.183794 0.095972 0.088094 0.158009
0 0.299811 0.251368 0.076122 0.146199
0 0.855521 0.075095 0.086833 0.141356
0 0.641882 0.425329 0.083237 0.151102
0 0.633477 0.672002 0.079818 0.164995
0 0.514005 0.068343 0.088229 0.130056
0 0.730893 0.471157 0.092734 0.193028
0 0.326685 0.093593 0.075536 0.144074
0 0.461831 0.162720 0.085234 0.140523
0 0.526822 0.616144 0.097508 0.170250
0 0.402061 0.402220 0.081232 0.147597
0 0.371878 0.291657 0.079984 0.143120
0 0.689775 0.084271 0.093216 0.149884
0 0.260107 0.110313 0.078964 0.147421
0 0.602051 0.518058 0.080664 0.124171
0 0.804776 0.193477 0.092995 0.169769
0 0.113857 0.052363 0.082667 0.104208
0 0.520721 0.777241 0.077594 0.168759
0 0.968443 0.206285 0.063115 0.147199
0 0.374003 0.544711 0.091932 0.159449
0 0.694102 0.200255 0.080682 0.141435
