0 0.379333 0.395729 0.077208 0.140366
0 0.222514 0.093046 0.075763 0.130102
0 0.331992 0.306000 0.075422 0.125528
0 0.606000 0.098130 0.084010 0.136231
0 0.443454 0.111278 0.078544 0.135667
0 0.694411 0.722794 0.092557 0.145847
0 0.925730 0.876958 0.082388 0.140991
0 0.905479 0.486873 0.082573 0.140569
0 0.496319 0.908141 0.085638 0.141338
0 0.417957 0.924461 0.075440 0.133421
0 0.358129 0.077877 0.074091 0.137773
0 0.912803 0.641583 0.080471 0.135694
0 0.618346 0.434042 0.075115 0.145593
0 0.246095 0.384139 0.079466 0.146889
0 0.828441 0.316831 0.087211 0.144495
0 0.782181 0.429644 0.087346 0.142241
0 0.368872 0.553338 0.086661 0.151352
0 0.068711 0.695799 0.073906 0.129431
0 0.261898 0.599623 0.078422 0.138569
0 0.256074 0.743826 0.075122 0.139495
0 0.055339 0.332176 0.075677 0.125213
0 0.602801 0.931514 0.080154 0.135731
0 0.831947 0.608433 0.082643 0.139810
0 0.135206 0.321000 0.083432 0.143417
0 0.402865 0.682863 0.072755 0.127329
0 0.270134 0.236567 0.073102 0.125949
0 0.040979 0.580840 0.080964 0.140560
0 0.848715 0.182602 0.083768 0.148065
0 0.961562 0.758229 0.076583 0.147894
0 0.887286 0.758194 0.075734 0.134685
0 0.516965 0.773553 0.082669 0.147338
0 0.774565 0.078595 0.082865 0.141394
0 0.684533 0.274664 0.085128 0.162106
0 0.585384 0.236141 0.082753 0.153051
0 0.691961 0.437771 0.078083 0.146671
0 0.617849 0.581569 0.079885 0.134481
0 0.327320 0.731007 0.077156 0.139579
0 0.311160 0.438486 0.075747 0.140463
0 0.622871 0.789650 0.080706 0.151051
0 0.566697 0.672317 0.079523 0.136625
0 0.684027 0.113824 0.078612 0.140843
0 0.029823 0.115949 0.059083 0.135361
0 0.235328 0.020072 0.087401 0.040144
0 0.008642 0.020079 0.017284 0.040157
0 0.032104 0.974718 0.058922 0.048269
0 0.042603 0.022588 0.073378 0.045176
0 0.407490 0.041741 0.092536 0.083296
0 0.005102 0.950569 0.010203 0.098861
0 0.954410 0.966606 0.090872 0.066787
0 0.625335 0.019315 0.093003 0.038630
0 0.706930 0.025458 0.086984 0.050917
0 0.017547 0.237694 0.035094 0.133870
0 0.982393 0.886678 0.035214 0.138023
0 0.094491 0.959164 0.076404 0.081208
0 0.449944 0.729785 0.083388 0.182866
0 0.021085 0.771079 0.042169 0.134065
0 0.445671 0.329030 0.081227 0.130912
0 0.187522 0.565681 0.083904 0.122769
0 0.152611 0.077264 0.077451 0.153139
0 0.290578 0.064213 0.072057 0.127889
0 0.093536 0.810391 0.078490 0.153384
0 0.158362 0.939187 0.080885 0.119329
0 0.097988 0.053669 0.073503 0.106431
0 0.293970 0.919231 0.087268 0.139472
0 0.912992 0.354373 0.077839 0.138819
0 0.113139 0.559856 0.074701 0.158380
0 0.379172 0.813227 0.081208 0.153167
0 0.518434 0.061005 0.085221 0.122009
0 0.060214 0.458900 0.088411 0.136958
0 0.760941 0.550414 0.087107 0.149421
0 0.082061 0.198185 0.089211 0.139120
1 0.405273 0.240699 0.089156 0.156519
1 0.187858 0.453653 0.081805 0.130861
1 0.695880 0.590303 0.083333 0.143394
