1 0.661561 0.272407 0.087477 0.118028
0 0.992009 0.104183 0.015982 0.129486
0 0.549422 0.016201 0.069224 0.031773
0 0.891478 0.981576 0.086497 0.035810
0 0.096565 0.975831 0.082833 0.048153
0 0.191927 0.959259 0.075807 0.079324
0 0.267228 0.974725 0.071044 0.049782
0 0.262199 0.027238 0.073477 0.053486
0 0.011301 0.066095 0.022602 0.124838
0 0.478413 0.024819 0.071669 0.049315
0 0.807195 0.978234 0.084266 0.042968
0 0.988560 0.927056 0.022880 0.131593
0 0.857305 0.025634 0.076896 0.050759
0 0.986771 0.493412 0.026266 0.136213
0 0.559917 0.967421 0.072505 0.063509
0 0.130495 0.039563 0.070151 0.078319
0 0.052999 0.034231 0.071841 0.068463
0 0.366887 0.040759 0.073695 0.081102
0 0.424460 0.144866 0.076945 0.124176
0 0.613391 0.046947 0.071313 0.092755
0 0.290655 0.898491 0.084419 0.134546
0 0.495283 0.945875 0.056242 0.099269
0 0.042544 0.356361 0.077792 0.120491
0 0.455523 0.394396 0.073474 0.111838
0 0.348056 0.328755 0.077034 0.134509
0 0.299246 0.238824 0.083930 0.131556
0 0.098536 0.885468 0.074990 0.123602
0 0.349083 0.152171 0.066932 0.112417
0 0.199414 0.091833 0.079781 0.127139
0 0.208419 0.424181 0.072943 0.116139
0 0.190779 0.539412 0.073031 0.115157
0 0.475060 0.516919 0.074313 0.130782
0 0.512164 0.725838 0.081922 0.138880
0 0.442993 0.269995 0.078227 0.125120
0 0.465857 0.846340 0.076411 0.138449
0 0.195839 0.798148 0.068229 0.130833
0 0.297526 0.417731 0.080615 0.113769
0 0.095602 0.243065 0.075214 0.125074
0 0.273999 0.767074 0.069815 0.116241
0 0.814719 0.295977 0.080599 0.122815
0 0.551159 0.867292 0.074307 0.127037
0 0.218359 0.658815 0.080375 0.140231
0 0.050622 0.771882 0.078135 0.132894
0 0.581970 0.246782 0.071794 0.143231
0 0.161299 0.194056 0.076818 0.129972
0 0.088822 0.604178 0.082555 0.148856
0 0.314475 0.541625 0.079331 0.126157
0 0.522173 0.312426 0.070258 0.129630
0 0.129155 0.775039 0.066154 0.117486
0 0.029719 0.219493 0.059396 0.141190
0 0.348165 0.666380 0.072539 0.123806
0 0.666654 0.399472 0.078484 0.122639
0 0.341367 0.817854 0.067755 0.127690
0 0.563266 0.526588 0.074906 0.129454
0 0.908931 0.185042 0.083914 0.115213
0 0.632928 0.620572 0.073414 0.132245
0 0.587318 0.401609 0.072531 0.125190
0 0.396378 0.879896 0.070943 0.123375
0 0.739844 0.938699 0.073432 0.120519
0 0.849872 0.395613 0.066281 0.108968
0 0.763305 0.697375 0.064094 0.109741
0 0.896109 0.076528 0.076161 0.112972
0 0.661832 0.922697 0.077044 0.132829
0 0.732280 0.066065 0.077326 0.129000
0 0.641792 0.147241 0.074750 0.110963
0 0.864828 0.516049 0.076370 0.122347
0 0.714884 0.784690 0.075956 0.130074
0 0.936053 0.296498 0.078680 0.131773
0 0.941203 0.925662 0.071917 0.140389
0 0.969738 0.630435 0.060523 0.117380
0 0.773544 0.185310 0.088344 0.131083
0 0.816932 0.612030 0.076547 0.127347
1 0.030723 0.924428 0.061445 0.122282
0 0.814392 0.796519 0.069701 0.122954
0 0.921889 0.780701 0.079211 0.134514
1 0.217750 0.292384 0.069615 0.132556
0 0.733276 0.584192 0.071781 0.104755
0 0.138909 0.344028 0.089349 0.143315
0 0.039142 0.488405 0.078284 0.125699
0 0.004940 0.420123 0.009786 0.119005
0 0.684811 0.010282 0.076404 0.020296
