0 0.698570 0.031576 0.105703 0.063153
0 0.498768 0.964674 0.081281 0.067134
0 0.388337 0.961468 0.083555 0.075324
0 0.020986 0.129359 0.041971 0.121116
0 0.978655 0.920308 0.042628 0.142060
0 0.182422 0.780683 0.082193 0.142421
0 0.052299 0.276234 0.088682 0.122606
0 0.170699 0.615380 0.092523 0.125120
0 0.928628 0.455093 0.081229 0.133093
0 0.975958 0.117634 0.048083 0.155028
0 0.089247 0.062771 0.088953 0.124708
0 0.213902 0.406535 0.084029 0.130782
0 0.973892 0.761245 0.051940 0.147898
0 0.164089 0.303424 0.090490 0.141319
0 0.084630 0.186563 0.076219 0.120181
0 0.419043 0.400968 0.094367 0.125630
0 0.081893 0.392100 0.085625 0.135412
0 0.925812 0.304690 0.081927 0.140685
0 0.109574 0.519424 0.093013 0.153208
0 0.545169 0.174285 0.075359 0.132079
0 0.827380 0.784458 0.081844 0.130083
0 0.409658 0.100185 0.077565 0.128083
0 0.556266 0.883042 0.097552 0.141981
0 0.803871 0.510062 0.080945 0.125319
0 0.493880 0.602963 0.089172 0.136546
0 0.403590 0.277484 0.077451 0.147699
0 0.318182 0.567069 0.082599 0.138315
0 0.225555 0.535211 0.087625 0.132995
0 0.824751 0.646028 0.071940 0.144028
0 0.243938 0.702384 0.075865 0.130139
0 0.545473 0.720727 0.075268 0.118241
0 0.969922 0.615178 0.060156 0.138931
0 0.619987 0.516359 0.080302 0.137940
0 0.688757 0.130944 0.085393 0.138954
0 0.084190 0.673951 0.084448 0.136514
0 0.680737 0.258373 0.084609 0.121764
0 0.347392 0.160819 0.081398 0.136120
0 0.383760 0.805880 0.081365 0.142574
0 0.848536 0.399519 0.077682 0.128972
0 0.644589 0.809676 0.081016 0.150222
0 0.751887 0.644292 0.078414 0.135565
0 0.763625 0.160167 0.086979 0.153806
0 0.460349 0.755646 0.086375 0.135218
0 0.195586 0.177671 0.104094 0.133917
0 0.770118 0.852019 0.092607 0.155111
0 0.579901 0.973683 0.092151 0.047662
0 0.615449 0.654880 0.085273 0.135907
0 0.430137 0.521148 0.082430 0.149074
0 0.925246 0.025431 0.093727 0.050861
0 0.153755 0.036519 0.083750 0.071889
0 0.438504 0.024171 0.084346 0.048343
1 0.479263 0.273641 0.081885 0.145338
