0 0.531452 0.576884 0.109549 0.166583
0 0.629454 0.204935 0.109268 0.143583
0 0.815715 0.119683 0.069966 0.198042
0 0.759302 0.131708 0.078292 0.175787
0 0.373182 0.619725 0.088953 0.174921
0 0.451448 0.482019 0.117484 0.121500
0 0.506000 0.304000 0.110563 0.149565
0 0.445411 0.689738 0.103563 0.144884
0 0.926280 0.044706 0.092784 0.089412
0 0.042837 0.373387 0.085674 0.164458
0 0.553370 0.123241 0.117786 0.130676
0 0.650784 0.110465 0.109422 0.173431
0 0.419702 0.885032 0.086174 0.180861
0 0.050960 0.283028 0.087852 0.149620
0 0.374771 0.744731 0.100964 0.137852
0 0.549641 0.472924 0.095786 0.158708
0 0.535592 0.229907 0.106305 0.142861
0 0.354501 0.860831 0.087570 0.186986
0 0.438904 0.572463 0.102880 0.136954
0 0.969750 0.310609 0.060281 0.165718
0 0.583703 0.399593 0.102359 0.174287
0 0.883451 0.172160 0.081745 0.158505
0 0.946745 0.210771 0.081667 0.161819
0 0.622939 0.320528 0.099081 0.129370
0 0.859021 0.064789 0.076927 0.129579
0 0.325924 0.922324 0.087417 0.155352
0 0.454677 0.801623 0.098125 0.157310
0 0.660857 0.038720 0.068359 0.076282
0 0.985156 0.083780 0.029687 0.126245
0 0.029762 0.225829 0.059523 0.152315
0 0.986424 0.461606 0.027151 0.170546
0 0.508365 0.680951 0.090635 0.174560
0 0.019641 0.137583 0.039281 0.140324
0 0.764230 0.013986 0.079737 0.027972
1 0.474538 0.388817 0.118169 0.142449
0 0.721760 0.085146 0.086406 0.170292
0 0.976271 0.164125 0.047458 0.160574
0 0.541035 0.053692 0.120122 0.107384
