0 0.321151 0.907238 0.084307 0.176829
0 0.191018 0.409176 0.094385 0.141102
0 0.926018 0.322319 0.079156 0.151954
0 0.933293 0.184465 0.101143 0.153995
0 0.191199 0.612447 0.097357 0.160227
0 0.704845 0.250694 0.081112 0.126537
0 0.783242 0.208667 0.100427 0.153972
0 0.256582 0.697975 0.094477 0.158597
0 0.611424 0.461789 0.084339 0.140819
0 0.961613 0.466477 0.076773 0.147833
0 0.199891 0.283562 0.095547 0.151958
0 0.792716 0.434625 0.101099 0.165250
0 0.679404 0.866204 0.090917 0.170370
0 0.253286 0.070000 0.090833 0.140000
0 0.158509 0.805632 0.084148 0.132940
0 0.520689 0.601007 0.090919 0.140940
0 0.912763 0.935051 0.087807 0.129898
0 0.738036 0.094581 0.092208 0.148736
0 0.525889 0.908426 0.094102 0.168250
0 0.342796 0.691891 0.084841 0.145792
0 0.755586 0.654514 0.081964 0.146250
0 0.398062 0.915269 0.092953 0.156139
0 0.467651 0.270697 0.081042 0.141523
0 0.595648 0.154782 0.094286 0.169231
0 0.896652 0.709313 0.082529 0.147347
0 0.420667 0.636183 0.086464 0.167282
0 0.079033 0.211275 0.088044 0.169079
0 0.392279 0.280384 0.086214 0.147213
0 0.813039 0.570060 0.089672 0.154796
0 0.075316 0.583632 0.086070 0.157829
0 0.359285 0.394824 0.079555 0.147417
0 0.476908 0.816620 0.094643 0.148852
0 0.111576 0.340370 0.080500 0.144250
0 0.958352 0.597000 0.082995 0.148806
0 0.638799 0.580023 0.085870 0.145528
0 0.411543 0.149380 0.091096 0.151352
0 0.038716 0.363870 0.077135 0.147019
0 0.312121 0.184729 0.089508 0.148579
0 0.141810 0.507264 0.087870 0.148213
0 0.078595 0.850062 0.090398 0.147468
0 0.627130 0.771317 0.092281 0.163866
0 0.765201 0.824030 0.092536 0.163977
0 0.737443 0.361694 0.090833 0.156741
0 0.888168 0.444171 0.087617 0.159917
0 0.511048 0.162981 0.090461 0.167426
0 0.652129 0.360928 0.089794 0.144264
0 0.965297 0.745731 0.069406 0.135713
0 0.289814 0.336782 0.090586 0.168898
0 0.007913 0.711315 0.015805 0.159694
0 0.661283 0.984699 0.081815 0.028981
0 0.748956 0.016338 0.089401 0.032120
0 0.420568 0.979475 0.095307 0.041051
0 0.316385 0.021093 0.083573 0.041602
0 0.019891 0.034829 0.039781 0.069657
0 0.951292 0.032377 0.097417 0.064449
0 0.191421 0.029856 0.084372 0.058833
1 0.369749 0.536500 0.094003 0.152083
1 0.435755 0.419454 0.102885 0.187778
0 0.024359 0.258845 0.048234 0.144829
0 0.023922 0.960926 0.047844 0.077222
0 0.980102 0.936315 0.039453 0.124398
0 0.979626 0.326947 0.040648 0.148727
0 0.586273 0.952162 0.082865 0.095056
0 0.606096 0.275565 0.094568 0.144454
0 0.648447 0.054657 0.087091 0.109315
0 0.366427 0.058646 0.074885 0.117153
0 0.482754 0.053132 0.091883 0.106162
0 0.238921 0.826023 0.099539 0.147611
0 0.824010 0.939285 0.098859 0.121431
0 0.905874 0.076083 0.087659 0.144972
0 0.116952 0.055861 0.088138 0.111722
0 0.829820 0.076373 0.081016 0.147486
0 0.050488 0.720921 0.087211 0.152074
0 0.029728 0.131227 0.059393 0.144954
0 0.152533 0.935229 0.097315 0.129542
0 0.730839 0.943748 0.088620 0.110514
0 0.253504 0.938606 0.081279 0.122787
0 0.861090 0.834986 0.097966 0.149259
0 0.479872 0.695926 0.087505 0.131454
