0 0.282057 0.062491 0.078646 0.124889
0 0.558362 0.582972 0.079224 0.132370
0 0.408826 0.771162 0.089068 0.150157
0 0.334875 0.765912 0.074885 0.124083
0 0.239893 0.301551 0.083818 0.148731
0 0.715419 0.222880 0.077182 0.144889
0 0.534831 0.107171 0.082495 0.134657
0 0.055883 0.708806 0.091536 0.157426
0 0.506224 0.674370 0.082656 0.131352
0 0.412617 0.264838 0.093953 0.153620
0 0.793714 0.841181 0.088719 0.145046
0 0.607961 0.425722 0.081599 0.124704
0 0.380617 0.901639 0.085828 0.152611
0 0.910805 0.834819 0.082682 0.157213
0 0.332573 0.316463 0.079260 0.154519
0 0.696336 0.414829 0.083276 0.136806
0 0.458792 0.600801 0.085948 0.146398
1 0.373414 0.522926 0.085974 0.165407
0 0.746331 0.928806 0.073953 0.134463
0 0.677409 0.877778 0.085870 0.143704
0 0.621661 0.555759 0.092844 0.150741
0 0.146964 0.620000 0.083042 0.154259
0 0.592326 0.814176 0.083370 0.152667
0 0.606570 0.302255 0.095818 0.132046
0 0.375768 0.094556 0.078891 0.143815
0 0.729773 0.751375 0.099776 0.151287
0 0.073052 0.892370 0.091635 0.149241
0 0.246141 0.542653 0.081542 0.128917
0 0.981344 0.419241 0.037313 0.160241
0 0.717315 0.010403 0.072339 0.020806
0 0.395919 0.389491 0.092359 0.123019
0 0.098307 0.288032 0.077417 0.130231
0 0.715224 0.628366 0.078125 0.130528
0 0.171026 0.381273 0.084625 0.138194
0 0.220846 0.151755 0.077078 0.126694
0 0.030286 0.205361 0.060573 0.145574
0 0.457786 0.156843 0.075375 0.129444
0 0.045047 0.418829 0.081083 0.149898
0 0.797039 0.418625 0.082161 0.145620
0 0.291354 0.662866 0.077406 0.138306
0 0.175849 0.774245 0.078208 0.138361
0 0.171159 0.263069 0.074443 0.129046
0 0.975531 0.133005 0.048229 0.136713
0 0.389810 0.660616 0.076964 0.136694
0 0.209419 0.932028 0.083432 0.135944
0 0.783164 0.281083 0.088214 0.141241
0 0.506346 0.506667 0.075974 0.128981
0 0.525302 0.370116 0.089917 0.151009
0 0.230289 0.731218 0.080682 0.156694
0 0.947141 0.650389 0.079938 0.152444
0 0.091531 0.154032 0.084427 0.156657
0 0.791513 0.055370 0.084453 0.110741
0 0.624508 0.158588 0.079630 0.142546
0 0.866182 0.367361 0.080844 0.187704
0 0.477023 0.048907 0.081286 0.096407
0 0.521945 0.234208 0.084922 0.129824
0 0.478505 0.925454 0.080854 0.148426
0 0.165836 0.059565 0.082974 0.116796
0 0.334133 0.600139 0.078484 0.130593
0 0.429474 0.504509 0.077750 0.150611
0 0.301948 0.457653 0.079385 0.137509
0 0.920682 0.468139 0.085833 0.152481
0 0.927406 0.038116 0.086594 0.075380
0 0.031745 0.099176 0.063490 0.127648
0 0.971716 0.550977 0.055599 0.125065
0 0.975542 0.269486 0.047833 0.140620
0 0.155802 0.942792 0.072813 0.114417
0 0.656549 0.022634 0.081526 0.045269
0 0.974161 0.855264 0.050417 0.128454
0 0.106211 0.972458 0.083901 0.055083
0 0.980766 0.953449 0.038469 0.091083
0 0.583958 0.975014 0.089031 0.048657
0 0.217359 0.023611 0.081792 0.047222
0 0.415922 0.015069 0.076885 0.027676
0 0.045398 0.018000 0.079984 0.036000
0 0.011102 0.486167 0.022203 0.124315
