0 0.174082 0.519745 0.079034 0.148269
0 0.034757 0.786493 0.068216 0.152319
0 0.975259 0.918262 0.049482 0.161144
0 0.020809 0.115350 0.039711 0.149245
0 0.694816 0.726528 0.082044 0.151324
0 0.071189 0.897345 0.079451 0.172069
0 0.726469 0.957803 0.077234 0.084171
0 0.800378 0.700218 0.086255 0.143648
0 0.726484 0.477780 0.079453 0.183218
0 0.494142 0.828194 0.079029 0.146537
0 0.314859 0.937535 0.083260 0.124931
0 0.432967 0.745574 0.078883 0.154935
0 0.658098 0.101204 0.080039 0.166778
0 0.594990 0.765532 0.083865 0.156880
0 0.088271 0.687317 0.084563 0.180403
0 0.035150 0.389977 0.069237 0.142750
0 0.584729 0.918449 0.080797 0.159435
0 0.300755 0.057303 0.084724 0.114606
0 0.984741 0.226197 0.030091 0.172421
0 0.019393 0.931801 0.038786 0.132241
0 0.011475 0.284972 0.022951 0.162407
0 0.115099 0.564491 0.089260 0.160407
0 0.560444 0.029998 0.075977 0.059394
1 0.654255 0.269836 0.092146 0.153523
0 0.129578 0.952889 0.079302 0.093417
0 0.682389 0.391780 0.088513 0.166810
0 0.060289 0.237366 0.076109 0.167037
0 0.470927 0.470525 0.087766 0.165171
0 0.429613 0.090604 0.085742 0.164245
0 0.940874 0.156667 0.080768 0.177176
0 0.430658 0.911023 0.090617 0.171889
0 0.816943 0.546414 0.097161 0.187495
0 0.651122 0.931312 0.079750 0.137375
0 0.555891 0.229787 0.078969 0.196509
0 0.800214 0.059757 0.077766 0.118782
0 0.235152 0.943093 0.080966 0.112546
0 0.416096 0.235718 0.079151 0.132185
0 0.772879 0.829919 0.088674 0.182708
0 0.236764 0.361356 0.080867 0.194565
0 0.883840 0.391551 0.079268 0.182259
0 0.116767 0.415616 0.082148 0.146639
0 0.187796 0.655134 0.083232 0.146750
0 0.242909 0.544604 0.074495 0.163810
0 0.983674 0.526255 0.032651 0.150898
