0 0.065246 0.951877 0.074299 0.086292
1 0.117797 0.143461 0.074083 0.134625
1 0.084651 0.532502 0.091521 0.164912
1 0.193349 0.720319 0.086594 0.149463
1 0.416186 0.497447 0.089247 0.150542
1 0.216760 0.934414 0.088969 0.131171
1 0.640535 0.453002 0.075305 0.137421
1 0.571754 0.439641 0.080846 0.160579
1 0.579003 0.559940 0.101526 0.126185
0 0.485594 0.543359 0.077047 0.168958
0 0.903026 0.697662 0.086391 0.168806
0 0.167094 0.239817 0.092615 0.138347
0 0.036421 0.175285 0.072841 0.140384
0 0.735315 0.335120 0.087464 0.159056
0 0.965487 0.919873 0.069026 0.152523
0 0.794604 0.900762 0.103083 0.168134
0 0.476909 0.778294 0.086948 0.146736
0 0.817995 0.710484 0.096297 0.141958
0 0.562314 0.758949 0.086924 0.134111
0 0.161311 0.354405 0.096279 0.136801
0 0.443754 0.347604 0.088482 0.159523
0 0.655875 0.305500 0.086859 0.143167
0 0.530646 0.091650 0.109495 0.162431
0 0.664014 0.745308 0.094456 0.159597
0 0.597306 0.218991 0.091763 0.137417
0 0.655983 0.887530 0.100992 0.157690
0 0.952763 0.552843 0.094474 0.165519
0 0.451357 0.139912 0.098151 0.145898
0 0.394753 0.753549 0.097917 0.162671
0 0.284491 0.580437 0.088596 0.158486
0 0.266076 0.024896 0.105656 0.049792
0 0.584990 0.970148 0.083802 0.054472
0 0.139290 0.947595 0.086570 0.101810
0 0.377372 0.952988 0.095766 0.093245
0 0.020421 0.842113 0.040477 0.173356
0 0.348280 0.033942 0.088898 0.064681
0 0.973181 0.187882 0.052164 0.163727
0 0.037870 0.285137 0.075740 0.131875
0 0.076185 0.841315 0.095948 0.171028
0 0.982910 0.446109 0.034180 0.145782
0 0.937211 0.108412 0.100469 0.175657
0 0.115184 0.719104 0.083872 0.147264
0 0.155281 0.837100 0.105526 0.151486
0 0.053561 0.660354 0.093122 0.147569
0 0.076564 0.058894 0.103263 0.117750
0 0.499697 0.899248 0.101461 0.134532
0 0.937936 0.820359 0.093190 0.143088
0 0.251036 0.410296 0.103911 0.152935
0 0.347001 0.848141 0.086201 0.157912
0 0.784923 0.139574 0.090701 0.152741
0 0.968969 0.692475 0.061328 0.147681
0 0.152073 0.476569 0.094266 0.149954
0 0.413236 0.061083 0.110409 0.118944
0 0.248935 0.196250 0.116661 0.120139
0 0.863253 0.200519 0.102854 0.152028
0 0.784788 0.623646 0.083039 0.137301
0 0.871384 0.071387 0.096909 0.137542
0 0.254076 0.097630 0.104401 0.134602
0 0.268771 0.811836 0.095089 0.162921
0 0.398371 0.622155 0.085982 0.132495
0 0.077547 0.364201 0.088844 0.148986
0 0.731858 0.570206 0.100128 0.160134
0 0.376255 0.234178 0.096443 0.130486
0 0.884339 0.349824 0.094427 0.169426
0 0.721760 0.202914 0.096417 0.151273
0 0.961178 0.338576 0.076820 0.148644
0 0.161405 0.069433 0.079706 0.133171
0 0.352630 0.127315 0.101474 0.148417
