0 0.451651 0.842536 0.082006 0.089290
1 0.547404 0.491638 0.076088 0.126332
0 0.183301 0.129555 0.088407 0.091559
0 0.256968 0.485337 0.088565 0.114162
0 0.082247 0.263958 0.092172 0.114779
0 0.910700 0.571924 0.088738 0.106183
0 0.451917 0.441201 0.090980 0.116950
0 0.468380 0.216795 0.101644 0.122315
0 0.341773 0.905856 0.102365 0.118462
0 0.035519 0.191788 0.071038 0.112803
0 0.193914 0.814537 0.093275 0.116811
0 0.840725 0.516433 0.090062 0.112659
0 0.276352 0.679709 0.080745 0.104799
0 0.826022 0.646636 0.093850 0.106646
0 0.854840 0.748714 0.095891 0.129918
0 0.961352 0.350394 0.077296 0.115910
0 0.937342 0.026343 0.086204 0.052685
0 0.153492 0.485738 0.101026 0.112258
0 0.439171 0.971445 0.093596 0.057099
0 0.165206 0.371785 0.096655 0.115226
0 0.735666 0.523835 0.099402 0.115530
0 0.980125 0.045123 0.039718 0.090247
0 0.961348 0.167937 0.077303 0.090216
0 0.545673 0.965386 0.098546 0.069002
0 0.981146 0.472058 0.037708 0.098981
0 0.699819 0.786566 0.088557 0.097197
0 0.473019 0.522729 0.090760 0.112413
0 0.944321 0.110108 0.080802 0.103909
0 0.340314 0.965473 0.088600 0.069053
0 0.536759 0.867287 0.095023 0.096271
0 0.487157 0.932873 0.096998 0.097032
0 0.203021 0.460188 0.080926 0.116579
0 0.867022 0.850414 0.098202 0.102114
0 0.778931 0.966201 0.094676 0.067598
0 0.545357 0.699035 0.092226 0.099388
0 0.306491 0.483356 0.084363 0.113071
0 0.103605 0.638516 0.099896 0.115715
0 0.533027 0.603850 0.080845 0.106538
0 0.412895 0.352847 0.088275 0.112392
0 0.016009 0.476291 0.031902 0.109208
0 0.774670 0.124169 0.094209 0.118863
0 0.838997 0.320273 0.086721 0.110648
0 0.679830 0.095466 0.094468 0.118884
0 0.371445 0.271024 0.087712 0.121379
0 0.528644 0.069108 0.093029 0.112598
0 0.617741 0.359735 0.092751 0.116878
0 0.043218 0.972011 0.085340 0.055802
0 0.390932 0.010805 0.071995 0.021610
0 0.864342 0.010854 0.087164 0.021708
0 0.257176 0.992297 0.094035 0.015406
0 0.984354 0.721535 0.031292 0.125180
0 0.684041 0.564326 0.096609 0.112634
0 0.308391 0.197986 0.105756 0.138349
0 0.397581 0.459609 0.087384 0.107099
0 0.795201 0.778917 0.097693 0.117124
0 0.725172 0.187945 0.088638 0.107104
0 0.604693 0.485355 0.075428 0.107788
0 0.939184 0.405239 0.094417 0.113791
0 0.612351 0.255352 0.095367 0.122371
0 0.626155 0.036626 0.093322 0.073251
0 0.605702 0.584174 0.081327 0.118153
0 0.240417 0.069236 0.093627 0.126826
0 0.220882 0.231839 0.096740 0.123987
0 0.861377 0.210430 0.103133 0.120880
0 0.684535 0.418035 0.097542 0.122469
0 0.551609 0.176103 0.093627 0.122495
0 0.237596 0.898223 0.096968 0.119686
0 0.478142 0.323043 0.104502 0.127176
0 0.422020 0.651204 0.097596 0.113292
0 0.125725 0.929478 0.088812 0.114480
0 0.034323 0.608274 0.068646 0.112505
0 0.011163 0.148017 0.021910 0.114974
0 0.805208 0.421872 0.092022 0.116986
0 0.992718 0.147443 0.014410 0.125926
0 0.354485 0.028529 0.095359 0.057058
0 0.484784 0.705525 0.085656 0.086142
0 0.499510 0.019895 0.084823 0.039223
0 0.069637 0.156636 0.100648 0.112942
0 0.989520 0.248801 0.020961 0.102027
0 0.678960 0.895455 0.101647 0.092464
0 0.602747 0.973917 0.088457 0.052145
0 0.845748 0.969784 0.086227 0.059455
0 0.166879 0.028194 0.097747 0.056389
0 0.425446 0.197662 0.090390 0.113709
0 0.453175 0.021001 0.081319 0.041754
0 0.956489 0.959704 0.086890 0.079563
0 0.112367 0.792353 0.101431 0.125550
0 0.032656 0.028248 0.065197 0.056188
0 0.989726 0.581255 0.020548 0.123169
0 0.335359 0.644560 0.101173 0.129110
0 0.854103 0.112765 0.081871 0.117124
0 0.729118 0.346067 0.093646 0.112608
0 0.066109 0.439115 0.085042 0.100340
0 0.352106 0.112932 0.097130 0.119743
0 0.145664 0.570095 0.098248 0.122978
0 0.814377 0.040983 0.091362 0.081965
0 0.253598 0.325841 0.096076 0.118452
0 0.935120 0.743686 0.094105 0.130705
0 0.118503 0.307235 0.083465 0.108472
0 0.044292 0.915890 0.088360 0.109928
0 0.157203 0.230039 0.089406 0.105921
0 0.418698 0.549295 0.085922 0.118251
0 0.281582 0.395141 0.096188 0.109439
0 0.308628 0.058747 0.096300 0.117495
0 0.957431 0.507140 0.085054 0.109928
0 0.040492 0.515769 0.080976 0.102124
0 0.035930 0.834411 0.071860 0.114079
0 0.181244 0.667251 0.091539 0.106075
0 0.188472 0.966222 0.086335 0.067557
0 0.919315 0.273560 0.102990 0.134578
0 0.666339 0.952647 0.100880 0.094542
0 0.750882 0.642716 0.085228 0.116677
0 0.752307 0.262822 0.098951 0.125345
0 0.358441 0.579848 0.089753 0.108040
0 0.126032 0.049172 0.095644 0.098344
0 0.596217 0.123801 0.089279 0.125134
0 0.965955 0.843426 0.068090 0.118076
0 0.931480 0.634905 0.097419 0.117824
0 0.056757 0.370947 0.109680 0.113395
