0 0.207411 0.793706 0.084505 0.135181
0 0.310734 0.458461 0.081964 0.141292
0 0.576784 0.891981 0.093927 0.144796
0 0.160040 0.408817 0.085216 0.140097
0 0.513268 0.483856 0.082307 0.140870
0 0.543280 0.359039 0.092148 0.141625
0 0.823620 0.844725 0.079672 0.142968
0 0.600656 0.984706 0.083578 0.029514
0 0.567043 0.012444 0.079883 0.024870
1 0.823561 0.843356 0.080227 0.141296
0 0.011348 0.796609 0.022695 0.160644
0 0.985630 0.973576 0.028740 0.052245
0 0.136846 0.961720 0.096005 0.076560
0 0.811284 0.017306 0.098813 0.034611
1 0.367822 0.534699 0.073633 0.203843
0 0.969147 0.021065 0.061544 0.042130
0 0.517329 0.023896 0.095612 0.047792
0 0.011397 0.375616 0.022794 0.132981
0 0.024770 0.972056 0.049539 0.054370
0 0.094681 0.027604 0.082716 0.055116
0 0.936069 0.970229 0.080065 0.058486
0 0.983565 0.611257 0.032870 0.145986
0 0.902510 0.166655 0.081693 0.134505
0 0.678694 0.037363 0.074148 0.073986
0 0.649583 0.235218 0.085615 0.153917
0 0.426422 0.954743 0.071073 0.090023
0 0.749803 0.050465 0.087138 0.100931
0 0.727596 0.112998 0.081490 0.142792
0 0.787893 0.498299 0.075510 0.152227
0 0.119169 0.877144 0.081714 0.132546
0 0.179478 0.039609 0.092018 0.078819
0 0.293107 0.114389 0.078125 0.145537
0 0.211630 0.653266 0.079141 0.138171
0 0.458385 0.279938 0.089740 0.142468
0 0.977895 0.839810 0.044049 0.138944
0 0.244878 0.158447 0.081021 0.127532
0 0.836973 0.219792 0.083779 0.139509
0 0.027074 0.862785 0.053638 0.136708
0 0.439464 0.516368 0.080771 0.165301
0 0.757281 0.443127 0.080656 0.142060
0 0.525518 0.609924 0.077448 0.136245
0 0.844826 0.395144 0.076151 0.133065
0 0.901915 0.081914 0.089560 0.154838
0 0.961747 0.674690 0.075964 0.134806
0 0.655082 0.936171 0.078674 0.127657
0 0.282898 0.335093 0.078344 0.130407
0 0.259017 0.057255 0.073820 0.114509
0 0.021313 0.602081 0.042625 0.140134
0 0.861704 0.469725 0.084893 0.135144
0 0.906229 0.823442 0.078828 0.169921
0 0.019406 0.234762 0.038812 0.137208
0 0.376332 0.949164 0.080831 0.101264
0 0.701121 0.330317 0.079914 0.138005
0 0.695353 0.903326 0.077378 0.123884
0 0.817969 0.748257 0.083104 0.132625
0 0.295223 0.255289 0.080758 0.131301
0 0.819941 0.136104 0.087070 0.141986
0 0.097391 0.522632 0.084875 0.138366
0 0.179846 0.226766 0.080911 0.135449
0 0.793616 0.940863 0.071029 0.117838
0 0.685488 0.621769 0.081081 0.126861
0 0.170937 0.136856 0.077839 0.132509
0 0.389815 0.329979 0.072938 0.133829
0 0.471484 0.192007 0.084021 0.154458
0 0.312072 0.907326 0.074565 0.143819
0 0.037595 0.066694 0.075143 0.131806
0 0.658861 0.689736 0.083924 0.146148
0 0.920471 0.568449 0.081036 0.139815
0 0.967986 0.111863 0.064029 0.155727
0 0.961203 0.448437 0.077568 0.149227
0 0.058572 0.302995 0.077471 0.134213
0 0.235818 0.450359 0.078135 0.165079
0 0.054974 0.753062 0.077042 0.128199
0 0.375591 0.229650 0.081359 0.138792
0 0.208509 0.923199 0.078055 0.136731
0 0.581262 0.698699 0.080049 0.147528
0 0.911523 0.351931 0.077031 0.116963
0 0.556040 0.176977 0.081529 0.142546
0 0.077949 0.640231 0.089701 0.126741
0 0.284921 0.702472 0.086482 0.153500
0 0.718129 0.782211 0.076315 0.136208
0 0.767491 0.649181 0.075424 0.141370
0 0.649302 0.505688 0.083219 0.154579
0 0.739835 0.260491 0.084273 0.133648
0 0.621188 0.110463 0.081109 0.141676
0 0.164051 0.659817 0.088690 0.135199
0 0.584245 0.470907 0.069500 0.127963
