0 0.882724 0.711009 0.094651 0.148056
0 0.911066 0.572694 0.079195 0.134000
0 0.702099 0.597178 0.083089 0.167542
0 0.594422 0.417697 0.087802 0.148079
0 0.757667 0.305227 0.094188 0.171352
0 0.401113 0.467667 0.088227 0.160065
0 0.658197 0.284130 0.093034 0.153120
1 0.685777 0.421704 0.095992 0.166824
0 0.109880 0.012942 0.072995 0.025884
0 0.848728 0.981806 0.114753 0.034315
0 0.567306 0.986970 0.079211 0.023458
0 0.993728 0.393187 0.012544 0.152532
0 0.497967 0.985856 0.076888 0.025981
0 0.960639 0.035481 0.078721 0.069056
0 0.954812 0.977979 0.090375 0.043310
0 0.076376 0.831405 0.099294 0.166671
0 0.265257 0.015817 0.084117 0.031634
0 0.025089 0.032609 0.050177 0.063903
0 0.020570 0.787988 0.041115 0.171736
0 0.180182 0.019926 0.095141 0.039065
0 0.612207 0.035773 0.104951 0.070537
0 0.060070 0.075875 0.084146 0.150231
0 0.739086 0.031664 0.092422 0.062662
0 0.979357 0.254442 0.041281 0.175199
0 0.630695 0.950713 0.088922 0.097667
0 0.387793 0.937333 0.111487 0.123880
0 0.055656 0.952431 0.086667 0.092972
0 0.157565 0.245375 0.096516 0.162500
0 0.930786 0.295218 0.098865 0.172648
0 0.153441 0.950551 0.089846 0.098176
0 0.236100 0.928125 0.082784 0.139398
0 0.157885 0.399255 0.093766 0.138926
0 0.028513 0.175958 0.057026 0.164426
0 0.913814 0.083079 0.100018 0.164630
0 0.975958 0.765847 0.048068 0.166889
0 0.325664 0.229398 0.085521 0.164037
0 0.578911 0.719081 0.088396 0.181477
0 0.094171 0.625273 0.084549 0.151028
0 0.761221 0.543312 0.084849 0.173134
0 0.422174 0.275519 0.084573 0.151269
0 0.066365 0.329137 0.083870 0.142199
0 0.077661 0.477912 0.085057 0.147630
0 0.253833 0.202144 0.084958 0.159870
0 0.508986 0.696852 0.076966 0.162685
0 0.926098 0.443120 0.102622 0.146741
0 0.358228 0.342250 0.085805 0.150028
0 0.120547 0.100257 0.081276 0.141486
0 0.730260 0.773343 0.098755 0.155889
0 0.805223 0.116586 0.097263 0.154301
0 0.199250 0.105664 0.086240 0.147931
0 0.472621 0.545028 0.085758 0.149972
0 0.841827 0.247104 0.091461 0.154755
0 0.714533 0.936218 0.085211 0.125935
0 0.817316 0.432701 0.080971 0.150773
0 0.834965 0.599720 0.085201 0.151829
0 0.485176 0.828553 0.083867 0.161606
0 0.784424 0.908600 0.077078 0.155245
0 0.416956 0.666866 0.087760 0.163213
0 0.626508 0.627868 0.085938 0.159208
0 0.956174 0.885118 0.086995 0.137319
0 0.856952 0.894801 0.082992 0.156491
0 0.475401 0.396894 0.088979 0.152759
0 0.408609 0.848970 0.085620 0.150958
0 0.717081 0.167484 0.089427 0.158671
0 0.556875 0.893653 0.083333 0.158556
0 0.795784 0.710574 0.074240 0.128981
