1 0.147331 0.637796 0.091375 0.154435
1 0.436578 0.378164 0.081271 0.144208
1 0.890288 0.389660 0.085586 0.150486
1 0.785294 0.405025 0.078115 0.135431
1 0.676312 0.042951 0.079964 0.082921
1 0.130964 0.780968 0.090531 0.151759
0 0.978643 0.369942 0.042714 0.144847
0 0.828059 0.938183 0.087482 0.117764
0 0.959453 0.938590 0.080443 0.122819
0 0.880697 0.121576 0.076716 0.128931
0 0.851818 0.720340 0.096661 0.157884
0 0.675145 0.544734 0.093305 0.160069
0 0.980547 0.115676 0.038656 0.144870
0 0.584599 0.389486 0.085359 0.147167
0 0.611397 0.815285 0.077982 0.138282
0 0.526010 0.082588 0.090016 0.125759
0 0.402755 0.585556 0.085667 0.147509
0 0.468099 0.491354 0.087609 0.146644
0 0.018943 0.497616 0.037885 0.147981
0 0.038699 0.715792 0.076242 0.152667
0 0.973178 0.769435 0.053643 0.148315
0 0.391665 0.955076 0.089914 0.089847
0 0.030695 0.057352 0.061208 0.111398
0 0.226745 0.877319 0.091708 0.152426
0 0.428302 0.883653 0.091016 0.161870
0 0.393507 0.234245 0.080690 0.155454
0 0.992298 0.514873 0.015404 0.153921
0 0.320105 0.972303 0.079867 0.050199
0 0.583466 0.910389 0.059516 0.104981
0 0.058546 0.860516 0.092471 0.154634
0 0.023234 0.361850 0.046469 0.144292
0 0.762207 0.809157 0.085888 0.146361
0 0.605328 0.961310 0.089401 0.073352
0 0.858004 0.588868 0.085049 0.120940
0 0.533543 0.017993 0.085122 0.033523
0 0.602767 0.039153 0.072451 0.074981
0 0.093879 0.530294 0.079518 0.135671
0 0.160238 0.970799 0.081310 0.057134
0 0.211613 0.728264 0.076773 0.149046
0 0.338516 0.541813 0.079141 0.140329
0 0.520374 0.950093 0.075456 0.097204
0 0.693553 0.688972 0.100992 0.165167
0 0.286507 0.066708 0.081680 0.133417
0 0.331908 0.307148 0.079336 0.144519
0 0.961477 0.636965 0.077047 0.139736
0 0.368464 0.417646 0.081365 0.126903
0 0.267052 0.614215 0.076417 0.133079
0 0.446447 0.143199 0.083044 0.156176
0 0.941724 0.212657 0.082792 0.140185
0 0.223865 0.153030 0.091344 0.154773
0 0.034742 0.177370 0.069266 0.147685
0 0.243417 0.290850 0.089740 0.141032
0 0.790240 0.174875 0.093302 0.155407
0 0.264001 0.485796 0.081659 0.143194
0 0.368833 0.718544 0.086578 0.153421
0 0.888040 0.849134 0.090581 0.143472
0 0.720780 0.122683 0.077273 0.141486
0 0.516301 0.208829 0.086779 0.151472
0 0.535059 0.828273 0.079180 0.135926
0 0.101267 0.223065 0.082451 0.140537
0 0.509055 0.351558 0.083635 0.152153
0 0.647122 0.137544 0.081672 0.140727
0 0.475758 0.736674 0.083562 0.150912
0 0.803496 0.298951 0.094805 0.125403
0 0.141397 0.343725 0.089805 0.151023
0 0.917579 0.525380 0.091638 0.150519
0 0.668973 0.927778 0.079534 0.141750
