0 0.259632 0.466186 0.077944 0.122042
0 0.041723 0.971950 0.081200 0.056101
0 0.221950 0.989550 0.087913 0.020900
0 0.171644 0.007922 0.091674 0.015844
0 0.225096 0.323588 0.078318 0.129131
0 0.306350 0.986906 0.090123 0.026188
0 0.295866 0.008958 0.088630 0.017917
0 0.962220 0.024830 0.075559 0.049383
0 0.519574 0.013004 0.081231 0.026008
0 0.013443 0.362150 0.026701 0.116163
0 0.881372 0.014285 0.084294 0.028570
0 0.988482 0.635224 0.022666 0.113194
0 0.775060 0.980162 0.091485 0.039491
0 0.119097 0.974889 0.083480 0.050221
0 0.684483 0.021463 0.091142 0.042773
0 0.025345 0.918395 0.050575 0.119403
0 0.979190 0.093884 0.041620 0.121852
0 0.438414 0.776476 0.105116 0.153776
0 0.437099 0.430404 0.089583 0.116034
0 0.981595 0.223212 0.036539 0.123966
0 0.010519 0.522693 0.021038 0.112320
1 0.125783 0.058760 0.089406 0.110998
1 0.905058 0.604630 0.091196 0.118735
1 0.928636 0.267459 0.083322 0.144012
0 0.559292 0.888022 0.084757 0.114748
0 0.528752 0.817816 0.088005 0.119604
0 0.613229 0.393989 0.080887 0.106291
0 0.597515 0.031584 0.081235 0.063169
0 0.188625 0.382034 0.086485 0.118935
0 0.128870 0.361584 0.075170 0.120031
0 0.655027 0.088861 0.075301 0.109871
0 0.669466 0.467824 0.076184 0.095679
0 0.301505 0.243627 0.098264 0.103014
0 0.697569 0.718840 0.092106 0.125592
0 0.331348 0.385046 0.080729 0.111121
0 0.518663 0.323483 0.083021 0.107582
0 0.540002 0.431255 0.083152 0.109249
0 0.136780 0.505898 0.092087 0.108390
0 0.394003 0.539354 0.095937 0.118524
0 0.267404 0.913529 0.091767 0.121914
0 0.041630 0.135291 0.083106 0.133771
0 0.457421 0.941587 0.091053 0.116456
0 0.861163 0.837896 0.093538 0.122953
0 0.967882 0.409707 0.064174 0.111348
0 0.430596 0.151852 0.085922 0.110700
0 0.855044 0.949648 0.082620 0.100386
0 0.814751 0.063861 0.082434 0.110087
0 0.240359 0.688452 0.085525 0.111914
0 0.315937 0.742773 0.083148 0.108611
0 0.367265 0.882212 0.092076 0.126142
0 0.332784 0.109702 0.083052 0.108200
0 0.962490 0.747060 0.074834 0.130262
0 0.834587 0.178940 0.090216 0.118899
0 0.884346 0.719136 0.092303 0.118292
0 0.746591 0.331497 0.092843 0.127088
0 0.500347 0.081196 0.087539 0.112608
0 0.087189 0.872824 0.084456 0.116142
0 0.058908 0.385303 0.080370 0.116317
0 0.544008 0.162541 0.068573 0.094938
0 0.044026 0.492688 0.079456 0.116240
0 0.436059 0.258174 0.080559 0.096893
0 0.964558 0.540283 0.070660 0.119198
0 0.894122 0.357438 0.084711 0.115844
0 0.071497 0.649131 0.096636 0.125576
0 0.615677 0.187371 0.082226 0.113292
0 0.249944 0.057883 0.096802 0.112166
0 0.670341 0.909614 0.084641 0.114907
0 0.265947 0.158102 0.084595 0.107181
0 0.585739 0.732101 0.090930 0.121672
0 0.153914 0.615707 0.081979 0.121291
0 0.789892 0.556011 0.081952 0.106199
0 0.198804 0.782050 0.081150 0.113122
0 0.685355 0.566214 0.082863 0.111584
0 0.797793 0.432654 0.091883 0.118447
0 0.896244 0.490311 0.084996 0.110118
0 0.511617 0.535180 0.093110 0.128765
0 0.044309 0.032780 0.086373 0.065561
0 0.374238 0.645255 0.108113 0.116662
0 0.168200 0.891186 0.081393 0.116734
0 0.591717 0.298621 0.084931 0.113416
0 0.405376 0.347160 0.072087 0.105041
0 0.943677 0.889012 0.082878 0.106852
0 0.077650 0.751474 0.093295 0.118945
