0 0.649630 0.262905 0.074870 0.139875
0 0.948012 0.215164 0.088221 0.164088
0 0.970965 0.313748 0.057784 0.148032
0 0.360482 0.652620 0.073807 0.141204
0 0.779077 0.557616 0.092143 0.143296
0 0.654053 0.433447 0.082966 0.152949
0 0.024871 0.094079 0.049633 0.132398
0 0.106949 0.528440 0.075893 0.124241
0 0.446180 0.894275 0.073234 0.110218
0 0.733092 0.148250 0.079398 0.142028
0 0.872035 0.266815 0.083763 0.143472
0 0.805242 0.168525 0.080005 0.138338
0 0.519922 0.066049 0.071271 0.132023
0 0.036350 0.690854 0.072451 0.147458
0 0.429208 0.423729 0.069349 0.140838
0 0.528911 0.479037 0.083151 0.152778
0 0.594253 0.135049 0.072010 0.117949
0 0.037747 0.508102 0.075495 0.150796
0 0.192932 0.529882 0.073365 0.140375
0 0.168349 0.275417 0.076234 0.140602
0 0.381478 0.072671 0.070805 0.134250
0 0.946535 0.547463 0.074398 0.136944
0 0.683712 0.671951 0.077831 0.149199
0 0.743005 0.629491 0.069802 0.126815
0 0.945375 0.418366 0.081823 0.148917
0 0.889987 0.853414 0.076359 0.134866
0 0.765479 0.751440 0.083422 0.144278
0 0.853085 0.650454 0.080336 0.147704
0 0.508648 0.805928 0.078208 0.151634
0 0.487079 0.333426 0.077128 0.147463
0 0.634777 0.984736 0.075305 0.028593
0 0.013625 0.591750 0.027250 0.148833
0 0.007059 0.204984 0.013852 0.136662
0 0.990749 0.413891 0.018503 0.140245
0 0.011961 0.864294 0.022948 0.153523
0 0.988310 0.040796 0.023266 0.081417
0 0.986531 0.133840 0.026880 0.135764
0 0.460777 0.968236 0.077940 0.063528
0 0.051283 0.825810 0.088435 0.173944
0 0.522111 0.941692 0.094518 0.116616
0 0.014702 0.381007 0.029404 0.152097
0 0.040803 0.032044 0.081216 0.063597
0 0.981339 0.552896 0.036240 0.164319
0 0.127180 0.964780 0.094344 0.070440
0 0.344309 0.029560 0.082836 0.059120
0 0.113805 0.438551 0.107453 0.124519
1 0.416380 0.248039 0.082000 0.169921
0 0.053849 0.176106 0.088693 0.177880
0 0.131198 0.699438 0.088818 0.138338
0 0.210401 0.036595 0.076292 0.072125
0 0.128759 0.042694 0.097690 0.084454
0 0.208258 0.692400 0.078208 0.161218
0 0.092258 0.891426 0.084589 0.142778
0 0.203228 0.392317 0.081492 0.170718
0 0.887191 0.506431 0.062393 0.204833
0 0.593710 0.880313 0.069924 0.182671
0 0.981063 0.731516 0.037771 0.165134
0 0.297954 0.607266 0.064664 0.190282
0 0.793695 0.954259 0.078594 0.091481
0 0.134891 0.817866 0.083068 0.131796
0 0.289673 0.370299 0.074211 0.194644
0 0.732384 0.292465 0.093940 0.147819
0 0.098172 0.625549 0.099161 0.126579
0 0.720204 0.047069 0.084169 0.094139
0 0.930012 0.698951 0.077852 0.146347
0 0.085641 0.272366 0.082005 0.136102
0 0.833710 0.502424 0.068602 0.159699
0 0.856639 0.939928 0.065701 0.119051
0 0.133056 0.369924 0.089737 0.143995
0 0.606992 0.047963 0.082328 0.095926
0 0.708715 0.842389 0.064383 0.171278
0 0.478844 0.196870 0.069984 0.142509
0 0.325658 0.448405 0.085102 0.162560
0 0.273160 0.051694 0.067076 0.103222
0 0.248531 0.619840 0.057589 0.141338
0 0.599807 0.343245 0.065214 0.158907
0 0.943344 0.818787 0.081651 0.169870
0 0.247379 0.453542 0.072586 0.129778
0 0.453065 0.533315 0.078896 0.132176
0 0.343367 0.238007 0.077083 0.146310
0 0.533678 0.206005 0.075466 0.175898
0 0.759867 0.452116 0.094599 0.134241
0 0.861426 0.391403 0.089206 0.139685
0 0.783474 0.358505 0.084120 0.125407
0 0.429736 0.665882 0.078284 0.140940
0 0.353285 0.532907 0.090888 0.142148
0 0.918852 0.943546 0.071047 0.111815
0 0.658376 0.896282 0.065607 0.174796
0 0.300624 0.149146 0.086544 0.182245
0 0.972492 0.944488 0.054969 0.109634
0 0.610868 0.740958 0.073815 0.168176
0 0.661701 0.113197 0.077490 0.190042
0 0.761419 0.889222 0.067109 0.147861
0 0.538845 0.892787 0.060315 0.117954
0 0.201422 0.140278 0.074844 0.150204
0 0.121790 0.164993 0.073732 0.147079
0 0.440973 0.786493 0.073779 0.120440
0 0.429376 0.115727 0.076357 0.133667
0 0.687443 0.542072 0.088839 0.138949
0 0.509771 0.613072 0.082021 0.126218
0 0.832245 0.813653 0.094135 0.171028
0 0.544546 0.358025 0.062424 0.143208
