0 0.339128 0.931731 0.076370 0.124778
0 0.396055 0.267671 0.078766 0.133269
0 0.296979 0.354681 0.076802 0.146917
0 0.734237 0.661731 0.066109 0.135519
0 0.892917 0.753088 0.078604 0.130491
0 0.774167 0.336167 0.077396 0.143704
0 0.285581 0.505162 0.082411 0.146972
0 0.642693 0.250880 0.077708 0.122519
0 0.684622 0.925889 0.071974 0.131185
0 0.680148 0.507861 0.079911 0.132056
0 0.386128 0.663245 0.074557 0.128972
0 0.603414 0.832412 0.078203 0.140546
0 0.256307 0.943833 0.088719 0.112333
0 0.364930 0.403333 0.080078 0.140796
0 0.927422 0.422657 0.087563 0.132296
1 0.478805 0.588144 0.087984 0.157046
0 0.190161 0.202463 0.073719 0.124611
0 0.838685 0.939944 0.076974 0.120111
0 0.963232 0.159250 0.073536 0.142500
0 0.739383 0.445005 0.071401 0.124361
0 0.116154 0.913417 0.082797 0.151519
0 0.949070 0.313134 0.095599 0.143417
0 0.358810 0.539389 0.077099 0.132000
0 0.123393 0.221560 0.072953 0.132102
0 0.260703 0.665440 0.075354 0.130269
0 0.911654 0.233935 0.066443 0.126611
0 0.836813 0.129491 0.078094 0.126852
0 0.138065 0.616579 0.081964 0.138176
0 0.961602 0.863681 0.076797 0.141009
0 0.255948 0.212736 0.072052 0.141991
0 0.630240 0.714074 0.066604 0.126648
0 0.522398 0.274699 0.071714 0.124435
0 0.750828 0.205824 0.076156 0.138426
0 0.027599 0.570972 0.055198 0.124759
0 0.505591 0.954931 0.071589 0.088065
0 0.257771 0.822944 0.068156 0.123259
0 0.936036 0.544384 0.074354 0.116009
0 0.711526 0.104856 0.082740 0.138454
0 0.349482 0.775000 0.077224 0.123204
0 0.539807 0.720042 0.075708 0.136565
0 0.931052 0.053019 0.084875 0.106037
0 0.321201 0.167861 0.074984 0.135481
0 0.454786 0.183727 0.072646 0.119898
0 0.143609 0.768676 0.076417 0.131074
0 0.619128 0.952435 0.078734 0.094019
0 0.828169 0.591556 0.083474 0.132963
0 0.474792 0.732329 0.076969 0.139861
0 0.216055 0.745065 0.079651 0.136556
0 0.541771 0.165810 0.071250 0.117954
0 0.201870 0.333481 0.070875 0.133741
0 0.812156 0.877958 0.081427 0.122824
0 0.669104 0.680593 0.077760 0.126019
0 0.105971 0.101903 0.066161 0.127991
0 0.054406 0.196218 0.064396 0.137324
0 0.626964 0.377116 0.078073 0.133750
0 0.613247 0.111407 0.098682 0.149537
0 0.584138 0.496495 0.073818 0.125398
0 0.822576 0.246171 0.076036 0.114491
0 0.934164 0.733611 0.068130 0.124148
0 0.534474 0.647245 0.073969 0.114398
0 0.797169 0.771968 0.092432 0.121472
0 0.531138 0.060690 0.071839 0.114491
0 0.791995 0.702481 0.070833 0.141519
0 0.682456 0.614981 0.077776 0.103519
0 0.862133 0.031731 0.064880 0.062722
0 0.452055 0.290778 0.077995 0.118074
0 0.846919 0.295130 0.069224 0.122407
0 0.877383 0.598417 0.071318 0.116796
0 0.181687 0.967745 0.075844 0.064509
0 0.133297 0.477810 0.090406 0.140583
0 0.473195 0.368236 0.064109 0.130269
0 0.536622 0.415491 0.086234 0.151204
0 0.024742 0.876769 0.049141 0.117722
0 0.231021 0.364838 0.064521 0.135231
0 0.360245 0.162431 0.069833 0.137194
0 0.793354 0.017551 0.072719 0.034139
0 0.323974 0.821454 0.067563 0.118907
0 0.699638 0.320907 0.081901 0.161296
0 0.431195 0.052634 0.090370 0.105269
0 0.034260 0.076366 0.068521 0.149528
0 0.984648 0.745005 0.030703 0.138843
0 0.621352 0.451847 0.074297 0.108509
0 0.290940 0.057519 0.090182 0.106815
0 0.896518 0.978569 0.087286 0.042454
0 0.724628 0.018611 0.070974 0.036407
0 0.028794 0.427435 0.057589 0.156056
0 0.991852 0.392949 0.016297 0.136657
0 0.212716 0.051824 0.075755 0.099870
0 0.049992 0.982486 0.075807 0.030324
0 0.123776 0.017088 0.087073 0.033472
0 0.874336 0.142023 0.066891 0.126287
0 0.420576 0.088139 0.089589 0.112907
0 0.988039 0.937644 0.023349 0.115157
0 0.641271 0.025972 0.072365 0.051889
0 0.207089 0.089884 0.076219 0.121565
0 0.668867 0.020412 0.083161 0.037528
0 0.015664 0.671815 0.029495 0.142185
0 0.411344 0.963852 0.083531 0.072296
0 0.306375 0.037171 0.072906 0.064565
0 0.514815 0.018940 0.071339 0.037880
0 0.003906 0.780977 0.007812 0.096657
0 0.988602 0.613125 0.022505 0.133028
0 0.012130 0.246380 0.024260 0.190704
0 0.983878 0.013097 0.032245 0.026194
