0 0.316605 0.141718 0.078898 0.136444
0 0.660603 0.952648 0.077305 0.092602
0 0.961936 0.854081 0.075477 0.134125
0 0.461948 0.371755 0.082927 0.117315
0 0.444283 0.085868 0.075445 0.130718
0 0.148016 0.796907 0.059615 0.104380
0 0.155133 0.541653 0.067885 0.125398
0 0.164658 0.033211 0.064753 0.066153
0 0.987400 0.228822 0.025201 0.146338
0 0.664061 0.458032 0.084617 0.140630
0 0.316471 0.275822 0.088062 0.138236
0 0.558491 0.020787 0.078279 0.041574
0 0.484273 0.018211 0.073849 0.036421
0 0.734768 0.015424 0.080422 0.030653
0 0.834492 0.476646 0.086734 0.154245
0 0.965368 0.480773 0.069263 0.131731
0 0.742673 0.317171 0.089253 0.161509
0 0.086254 0.603678 0.081227 0.142579
0 0.650503 0.205873 0.080719 0.139977
0 0.939973 0.151840 0.077253 0.139495
0 0.942495 0.320972 0.079198 0.144722
0 0.334983 0.815979 0.079180 0.136310
0 0.904921 0.554104 0.066122 0.127792
0 0.872932 0.059398 0.083505 0.118333
0 0.384836 0.694206 0.070760 0.125338
0 0.598081 0.663331 0.078042 0.129079
0 0.259992 0.375817 0.082401 0.152403
0 0.658783 0.060030 0.076190 0.118856
0 0.079299 0.795711 0.078073 0.139625
0 0.205967 0.133347 0.072471 0.122537
0 0.313035 0.942657 0.076570 0.113389
0 0.105259 0.386583 0.084242 0.139130
0 0.893665 0.715012 0.080602 0.136032
0 0.306329 0.655238 0.073164 0.136394
0 0.205266 0.699000 0.069281 0.133556
0 0.031896 0.519715 0.063792 0.130486
0 0.895947 0.914720 0.075607 0.122106
0 0.587596 0.365109 0.076990 0.130875
0 0.385986 0.554058 0.079378 0.145912
0 0.977672 0.653778 0.044656 0.147639
0 0.325842 0.471403 0.075112 0.137806
0 0.828292 0.630581 0.078000 0.127792
0 0.531484 0.784002 0.071672 0.136634
0 0.099398 0.927852 0.086563 0.141954
0 0.254689 0.805949 0.079180 0.159167
0 0.222277 0.504220 0.073961 0.126106
0 0.492413 0.261336 0.073055 0.126301
0 0.056042 0.193336 0.074714 0.126958
0 0.021582 0.903259 0.043164 0.133491
0 0.463042 0.557905 0.075260 0.145079
0 0.804824 0.891843 0.072570 0.128759
0 0.373509 0.042963 0.064961 0.085074
0 0.571087 0.900882 0.081711 0.134579
0 0.727421 0.810250 0.073206 0.133269
0 0.241030 0.946194 0.061966 0.105796
0 0.533281 0.596752 0.068891 0.123477
0 0.178945 0.303880 0.070979 0.119324
0 0.257133 0.047400 0.078698 0.094801
0 0.136733 0.697187 0.070956 0.126486
0 0.408441 0.265366 0.075961 0.126602
0 0.990499 0.378144 0.019003 0.128481
0 0.567451 0.221748 0.080526 0.146986
0 0.856557 0.979477 0.081859 0.036454
0 0.153622 0.972884 0.075151 0.053667
0 0.534414 0.095926 0.067547 0.108481
0 0.014234 0.029206 0.028469 0.058412
0 0.005960 0.354512 0.011758 0.133227
0 0.011482 0.765970 0.022854 0.135218
0 0.972775 0.962940 0.054451 0.072352
