0 0.034645 0.242069 0.069289 0.129611
0 0.277815 0.839697 0.063427 0.081940
0 0.527059 0.961597 0.078581 0.075083
0 0.193818 0.985215 0.085495 0.028588
0 0.452147 0.941248 0.071529 0.077088
0 0.460203 0.882641 0.074167 0.097329
0 0.698128 0.287407 0.089292 0.139787
0 0.026766 0.020458 0.053531 0.040917
0 0.061617 0.356023 0.086297 0.144935
0 0.012953 0.632171 0.025906 0.128491
0 0.695297 0.973968 0.095078 0.052065
0 0.184414 0.025025 0.092609 0.050051
0 0.012750 0.938116 0.025500 0.121241
0 0.169404 0.913039 0.090974 0.128199
0 0.450953 0.471090 0.086609 0.143208
0 0.337840 0.827900 0.081888 0.126218
0 0.966745 0.059201 0.066510 0.117255
0 0.045319 0.788535 0.085716 0.105199
0 0.444988 0.046569 0.075044 0.093139
0 0.931728 0.959500 0.090523 0.076491
0 0.386576 0.473896 0.077781 0.158634
0 0.733982 0.053931 0.085625 0.106370
0 0.277676 0.964683 0.077690 0.070634
0 0.200936 0.456965 0.095591 0.137764
0 0.072118 0.924576 0.072477 0.146486
0 0.596997 0.873424 0.084557 0.123894
0 0.204042 0.773604 0.073198 0.159329
0 0.690535 0.182757 0.097612 0.143486
0 0.837180 0.053310 0.085375 0.105046
0 0.821095 0.904611 0.081227 0.126824
0 0.570163 0.062213 0.092935 0.124426
0 0.602708 0.432007 0.077708 0.126894
0 0.087727 0.060958 0.074594 0.121917
0 0.338789 0.519664 0.091276 0.133431
0 0.893569 0.140998 0.085518 0.138588
0 0.410948 0.829676 0.076646 0.138454
0 0.026400 0.482438 0.052607 0.156412
0 0.410594 0.355729 0.096375 0.136338
0 0.969919 0.290356 0.060161 0.128120
0 0.956510 0.790718 0.081130 0.135333
0 0.619145 0.295734 0.084773 0.127736
0 0.800447 0.598287 0.078133 0.147620
0 0.698582 0.881905 0.095169 0.154042
0 0.429474 0.688484 0.078036 0.141514
0 0.038603 0.120528 0.077023 0.130806
0 0.815245 0.701910 0.089443 0.157699
0 0.546895 0.553428 0.083560 0.140912
0 0.334443 0.110595 0.080495 0.148690
0 0.938643 0.530838 0.075219 0.160917
0 0.534479 0.166347 0.083474 0.127787
0 0.732413 0.720847 0.082857 0.133046
0 0.344311 0.693794 0.080341 0.139162
0 0.485423 0.297481 0.080039 0.157167
0 0.422417 0.257019 0.070448 0.138528
0 0.066824 0.676991 0.086893 0.152250
0 0.871939 0.297951 0.088888 0.130125
0 0.462151 0.160028 0.074422 0.144593
0 0.262062 0.678794 0.087859 0.156218
0 0.291861 0.407757 0.078841 0.149051
0 0.093220 0.569248 0.074612 0.128977
0 0.803698 0.212782 0.085292 0.158926
0 0.500467 0.726289 0.082508 0.129282
0 0.352207 0.240583 0.080716 0.154639
0 0.217724 0.230535 0.087099 0.144551
0 0.858986 0.426319 0.079794 0.152917
0 0.654814 0.695898 0.075607 0.138620
0 0.183121 0.573669 0.078320 0.131986
0 0.222478 0.097796 0.087201 0.149398
0 0.106884 0.223829 0.090023 0.155880
