0 0.964306 0.290373 0.071388 0.145144
0 0.066997 0.929204 0.089641 0.140519
0 0.946848 0.592204 0.082737 0.141843
0 0.566094 0.201810 0.083052 0.141074
0 0.027826 0.392465 0.055651 0.157875
0 0.659240 0.503660 0.080661 0.164366
0 0.317792 0.587481 0.082328 0.138435
0 0.542799 0.335630 0.086667 0.158880
0 0.918582 0.823549 0.082440 0.145514
0 0.035573 0.858965 0.071146 0.131097
0 0.939962 0.408648 0.082659 0.151824
0 0.243930 0.605294 0.087604 0.138486
0 0.730172 0.375373 0.094214 0.164921
0 0.689681 0.625030 0.083617 0.141218
0 0.635646 0.305988 0.082792 0.154171
0 0.127740 0.568238 0.072188 0.140597
0 0.793484 0.536345 0.081307 0.151236
0 0.510870 0.445141 0.086099 0.142310
0 0.343473 0.263650 0.079112 0.134829
0 0.197449 0.386729 0.096060 0.156986
0 0.107576 0.410431 0.085010 0.140713
0 0.191809 0.532134 0.083445 0.153000
0 0.862704 0.912995 0.087299 0.157759
0 0.528979 0.652405 0.083589 0.143403
0 0.335910 0.449586 0.083810 0.163273
0 0.285990 0.814801 0.081740 0.154454
0 0.279230 0.423109 0.088070 0.153153
0 0.883534 0.661238 0.097078 0.150912
0 0.701348 0.264116 0.083508 0.153685
0 0.867781 0.534331 0.089391 0.148190
0 0.727651 0.806030 0.088068 0.155310
0 0.397658 0.533310 0.083201 0.147463
0 0.388743 0.357704 0.086456 0.152259
0 0.449092 0.295741 0.094008 0.146093
0 0.121849 0.813676 0.094156 0.156093
0 0.045198 0.640044 0.089984 0.154060
0 0.656396 0.741488 0.090693 0.140634
0 0.469652 0.177988 0.082393 0.146579
0 0.236014 0.945771 0.086539 0.107745
0 0.104975 0.217919 0.076529 0.142847
0 0.690888 0.945569 0.084120 0.108806
0 0.473163 0.062213 0.090174 0.124426
0 0.099273 0.095477 0.074901 0.146722
0 0.327210 0.972414 0.092940 0.055171
0 0.538902 0.018627 0.090878 0.036912
0 0.692585 0.036778 0.102497 0.073278
0 0.988876 0.606072 0.022227 0.162218
0 0.953286 0.033387 0.088495 0.066773
0 0.067513 0.026086 0.073729 0.051495
0 0.979092 0.200361 0.041815 0.154917
0 0.012348 0.221549 0.024628 0.158292
0 0.984103 0.383437 0.031794 0.159394
0 0.183363 0.037373 0.090867 0.073181
0 0.308352 0.066433 0.075068 0.132866
0 0.750461 0.679030 0.079073 0.143792
0 0.872484 0.033812 0.090698 0.067625
0 0.777007 0.966333 0.080680 0.067333
0 0.255539 0.054359 0.080432 0.108718
0 0.979576 0.723625 0.040677 0.145139
0 0.030630 0.071676 0.060979 0.140843
0 0.973556 0.075269 0.052747 0.144074
0 0.172543 0.192620 0.088477 0.144787
0 0.643957 0.063044 0.094331 0.124940
0 0.015863 0.550463 0.031727 0.133315
0 0.975745 0.850660 0.048510 0.146986
0 0.372316 0.949456 0.094169 0.100477
0 0.211396 0.257419 0.086604 0.155329
0 0.618520 0.919794 0.078951 0.160412
0 0.745199 0.066743 0.080883 0.133486
0 0.059538 0.182160 0.084044 0.151847
0 0.866007 0.403403 0.083617 0.142157
0 0.665763 0.863576 0.081682 0.140903
0 0.023986 0.753322 0.047971 0.157708
0 0.809668 0.058366 0.077669 0.116731
0 0.253247 0.144058 0.097693 0.159347
0 0.684707 0.127727 0.088357 0.148269
0 0.881323 0.327725 0.087391 0.127819
0 0.367535 0.666535 0.088951 0.166764
0 0.568799 0.879755 0.083406 0.156500
0 0.157796 0.951745 0.087310 0.096509
0 0.533204 0.096118 0.085451 0.148727
0 0.144501 0.310336 0.087388 0.143245
0 0.807680 0.280546 0.088974 0.145926
0 0.525702 0.943296 0.088466 0.113407
0 0.593335 0.663743 0.081961 0.149903
0 0.884044 0.136620 0.092750 0.152269
0 0.614357 0.162708 0.085693 0.156306
0 0.954853 0.940438 0.090294 0.119125
0 0.227854 0.705120 0.087802 0.141287
0 0.573592 0.559669 0.096826 0.138394
0 0.402487 0.754762 0.086776 0.137616
0 0.436796 0.890160 0.085779 0.154681
0 0.068223 0.508303 0.077174 0.122505
0 0.343607 0.143914 0.086042 0.150495
0 0.457036 0.726120 0.076271 0.154806
0 0.358005 0.843301 0.085734 0.160194
0 0.838987 0.754602 0.095911 0.149769
0 0.357250 0.031370 0.077224 0.061296
0 0.159980 0.676308 0.082367 0.133181
0 0.798042 0.402317 0.074859 0.145384
0 0.722449 0.523169 0.082596 0.164190
0 0.503329 0.821169 0.081393 0.166792
0 0.800583 0.874831 0.089266 0.145384
0 0.401988 0.072764 0.081674 0.145528
1 0.598366 0.431204 0.098117 0.166000
0 0.056117 0.302495 0.092120 0.143870
0 0.219913 0.841880 0.082966 0.144213
0 0.916612 0.215889 0.086646 0.147389
0 0.791375 0.184012 0.094568 0.142097
0 0.166352 0.098738 0.085094 0.137875
0 0.474958 0.533785 0.087203 0.161199
0 0.006908 0.050771 0.013409 0.101542
0 0.008290 0.983581 0.016581 0.032838
1 0.278628 0.288762 0.087432 0.158144
