0 0.747026 0.028731 0.078776 0.057463
0 0.821371 0.034560 0.083628 0.068556
0 0.983178 0.831306 0.033643 0.139546
1 0.684432 0.818949 0.088682 0.144593
1 0.663307 0.568769 0.082849 0.136176
1 0.457003 0.144692 0.077000 0.134579
0 0.281620 0.032507 0.086333 0.065014
0 0.013078 0.797975 0.026156 0.134940
0 0.404230 0.962417 0.075378 0.072241
0 0.158167 0.036338 0.076656 0.071602
0 0.866539 0.552493 0.067969 0.129032
0 0.019172 0.581560 0.038344 0.127898
0 0.456453 0.044225 0.083755 0.085671
0 0.480139 0.791347 0.071430 0.117278
0 0.279424 0.952620 0.080505 0.094519
0 0.059387 0.829394 0.072539 0.121231
0 0.793512 0.884310 0.075034 0.123194
0 0.137789 0.916204 0.078219 0.138417
0 0.379103 0.734597 0.082492 0.125324
0 0.567930 0.884315 0.073464 0.126278
0 0.083691 0.724317 0.069747 0.122708
0 0.425086 0.524248 0.094333 0.131394
0 0.380872 0.856847 0.071281 0.125176
0 0.883591 0.877060 0.074172 0.124472
0 0.866904 0.439896 0.083906 0.124755
0 0.451926 0.896162 0.076471 0.125074
0 0.631951 0.939282 0.073193 0.118556
0 0.976134 0.282014 0.047732 0.148194
0 0.060374 0.941681 0.083424 0.115574
0 0.973488 0.052391 0.053023 0.103829
0 0.651225 0.695201 0.085742 0.127569
0 0.734273 0.942236 0.079781 0.113731
0 0.246844 0.778354 0.083719 0.138894
0 0.306708 0.294160 0.076651 0.146116
0 0.990743 0.559271 0.018513 0.137338
0 0.142380 0.644074 0.087771 0.134611
0 0.794124 0.644618 0.085617 0.130153
0 0.457796 0.685942 0.078508 0.124597
0 0.970936 0.693370 0.058128 0.121157
0 0.309617 0.858715 0.076615 0.141421
0 0.791936 0.513616 0.087232 0.147454
0 0.922637 0.364426 0.075352 0.130713
0 0.395884 0.621350 0.079503 0.125912
0 0.842819 0.745308 0.085497 0.138227
0 0.964887 0.937683 0.069716 0.120681
0 0.933626 0.791912 0.079794 0.137963
0 0.946732 0.530942 0.079422 0.137931
0 0.611632 0.061067 0.084992 0.120866
0 0.910319 0.643583 0.081617 0.132778
0 0.878605 0.073544 0.080940 0.137958
0 0.400986 0.212639 0.074154 0.138463
0 0.683126 0.108826 0.076872 0.125662
0 0.522000 0.331012 0.072198 0.133125
0 0.514259 0.615634 0.069987 0.123722
0 0.827971 0.341188 0.079307 0.132292
0 0.726184 0.212229 0.089810 0.143884
0 0.280224 0.648558 0.086594 0.144329
0 0.073133 0.326569 0.088469 0.138991
0 0.932910 0.150171 0.081211 0.135204
0 0.166831 0.507377 0.077073 0.146495
0 0.335790 0.197060 0.073951 0.145417
0 0.009208 0.254185 0.018417 0.127352
0 0.790387 0.120863 0.082534 0.138023
0 0.179652 0.365595 0.082680 0.135005
0 0.888156 0.250403 0.079807 0.130056
0 0.721758 0.344729 0.078583 0.127977
0 0.194233 0.239449 0.074815 0.124241
0 0.449482 0.417148 0.080849 0.129472
0 0.591900 0.320917 0.073784 0.126796
0 0.126404 0.169708 0.082078 0.141074
0 0.244365 0.528600 0.084120 0.143329
0 0.090487 0.527560 0.082109 0.143093
0 0.206927 0.108278 0.080771 0.149639
0 0.046854 0.201109 0.080156 0.138569
0 0.645451 0.420220 0.075500 0.157218
0 0.042625 0.070759 0.085250 0.138991
0 0.607156 0.179644 0.075771 0.132519
0 0.712990 0.474903 0.082505 0.151769
0 0.516766 0.967403 0.077943 0.064019
0 0.252091 0.357322 0.069911 0.135912
0 0.443961 0.294382 0.078932 0.130005
0 0.576492 0.448479 0.077953 0.135088
0 0.280909 0.126581 0.075365 0.130875
0 0.586005 0.590187 0.076047 0.140819
0 0.034686 0.435294 0.069372 0.140894
0 0.534141 0.195924 0.082964 0.150171
0 0.983452 0.155600 0.033096 0.132431
0 0.350708 0.386544 0.082234 0.138866
0 0.325320 0.516208 0.082245 0.136519
0 0.143908 0.779106 0.078539 0.134056
0 0.506773 0.494963 0.075786 0.125778
0 0.581388 0.760988 0.079464 0.131792
0 0.757823 0.764678 0.074922 0.122060
