0 0.642296 0.036431 0.077091 0.072861
0 0.145844 0.043616 0.083146 0.087231
0 0.780411 0.084743 0.093469 0.136181
0 0.022514 0.131562 0.044779 0.143764
0 0.326816 0.658574 0.080628 0.135870
0 0.219581 0.942120 0.075437 0.113685
0 0.822742 0.946403 0.075625 0.105176
0 0.858055 0.364875 0.081802 0.129083
0 0.925885 0.395692 0.074010 0.118727
0 0.950842 0.809481 0.073622 0.129491
0 0.856018 0.245123 0.093438 0.135088
0 0.425417 0.855627 0.073500 0.123782
0 0.300349 0.925118 0.088453 0.135181
0 0.506331 0.560185 0.086151 0.116176
0 0.430930 0.053169 0.080505 0.105931
0 0.808168 0.417271 0.072581 0.143032
0 0.142322 0.280183 0.081086 0.123282
0 0.977693 0.635935 0.044443 0.129815
0 0.795172 0.570215 0.079667 0.169681
0 0.959427 0.153630 0.080245 0.121750
0 0.032191 0.406352 0.063924 0.123250
0 0.281253 0.522169 0.069255 0.155708
0 0.096538 0.092512 0.078721 0.117958
0 0.951724 0.939419 0.078214 0.118856
0 0.907187 0.507171 0.079708 0.122843
0 0.814318 0.712586 0.090823 0.127042
0 0.356674 0.313546 0.067589 0.112259
0 0.661031 0.452505 0.063703 0.140037
0 0.122052 0.521905 0.084490 0.129940
0 0.208855 0.463477 0.080815 0.124602
0 0.218284 0.336088 0.082620 0.128287
0 0.618820 0.230442 0.067969 0.113079
0 0.431651 0.402836 0.076729 0.114514
0 0.676725 0.146449 0.075206 0.113213
0 0.887177 0.892356 0.076370 0.124481
0 0.555367 0.928637 0.075370 0.130449
0 0.088853 0.221271 0.078247 0.143801
0 0.426197 0.281519 0.078049 0.123315
0 0.258706 0.688139 0.069589 0.129324
0 0.736612 0.899252 0.074484 0.129699
0 0.862087 0.610986 0.076393 0.136676
0 0.605147 0.107711 0.074435 0.117940
0 0.088974 0.899644 0.087099 0.126519
0 0.947557 0.277632 0.082042 0.124940
0 0.409828 0.642266 0.075594 0.118394
0 0.794296 0.196968 0.083247 0.141204
0 0.395884 0.169315 0.073674 0.124167
0 0.696408 0.764021 0.067581 0.141042
0 0.107857 0.770470 0.077943 0.131319
0 0.034553 0.766537 0.068784 0.151630
0 0.104650 0.396215 0.085044 0.148301
0 0.749009 0.336824 0.077102 0.130528
0 0.226349 0.151613 0.081396 0.126551
0 0.412858 0.521882 0.080982 0.119542
0 0.723358 0.609894 0.074898 0.137000
0 0.186066 0.745116 0.075383 0.130657
0 0.814251 0.834556 0.084680 0.131787
0 0.179818 0.596861 0.077031 0.140574
0 0.031867 0.266109 0.063734 0.131569
0 0.732359 0.467396 0.077156 0.131884
0 0.526905 0.678039 0.084445 0.150606
0 0.085227 0.647630 0.079589 0.137898
0 0.505207 0.835949 0.075841 0.125519
0 0.527359 0.036641 0.078479 0.073282
0 0.349745 0.445148 0.084885 0.134889
0 0.504681 0.444799 0.074867 0.125449
0 0.347395 0.785280 0.084591 0.150931
0 0.552724 0.301317 0.078078 0.131468
0 0.514177 0.137940 0.081354 0.128370
0 0.400681 0.957579 0.069398 0.083519
0 0.586854 0.447493 0.076557 0.129569
0 0.644637 0.918315 0.082992 0.145491
0 0.615687 0.752324 0.084302 0.145407
0 0.456517 0.732785 0.076638 0.126301
0 0.910085 0.705308 0.077982 0.138190
0 0.266637 0.259012 0.077779 0.122005
0 0.034951 0.549118 0.069693 0.142477
0 0.227805 0.042894 0.085120 0.085611
0 0.875648 0.038648 0.077099 0.076657
0 0.987013 0.758472 0.025974 0.122657
0 0.688197 0.272493 0.082284 0.135958
1 0.272915 0.816817 0.070503 0.117662
0 0.135824 0.966764 0.083128 0.064694
0 0.975029 0.061706 0.049885 0.123051
0 0.747568 0.035299 0.083495 0.070597
0 0.468687 0.976884 0.075266 0.043824
