0 0.944680 0.945350 0.069583 0.107875
0 0.665941 0.079968 0.099940 0.159935
0 0.416184 0.876051 0.073268 0.140917
0 0.651661 0.845588 0.084359 0.170454
0 0.721372 0.818516 0.077271 0.142403
0 0.084415 0.620241 0.105169 0.186194
0 0.043460 0.761185 0.086503 0.170176
0 0.349047 0.847903 0.075943 0.136046
0 0.459882 0.199986 0.086320 0.143306
0 0.235500 0.760056 0.079349 0.142167
0 0.567802 0.490637 0.089281 0.153856
0 0.171139 0.572961 0.093794 0.170319
0 0.063007 0.023477 0.084805 0.046954
0 0.737180 0.027708 0.090417 0.054852
0 0.096380 0.973475 0.094766 0.049894
0 0.438790 0.968958 0.092904 0.062083
0 0.959443 0.040299 0.081115 0.080051
0 0.132042 0.716231 0.115214 0.133259
0 0.973107 0.689764 0.053786 0.186417
0 0.022194 0.878183 0.044221 0.132931
0 0.259160 0.911641 0.096299 0.168894
0 0.512592 0.876657 0.098951 0.155454
0 0.747694 0.622674 0.101326 0.193486
0 0.987318 0.946083 0.025167 0.107657
0 0.026479 0.089044 0.052016 0.175153
0 0.723422 0.948912 0.096328 0.102176
0 0.551095 0.276606 0.118117 0.153926
0 0.692031 0.208701 0.091630 0.154653
0 0.694465 0.688278 0.093487 0.145796
0 0.332703 0.152558 0.094734 0.131032
0 0.924642 0.821549 0.088258 0.144681
0 0.368298 0.057382 0.092148 0.114273
0 0.452484 0.364745 0.085719 0.145491
0 0.807410 0.785685 0.093628 0.158963
0 0.484754 0.632167 0.090461 0.146824
0 0.812516 0.581106 0.082547 0.146944
0 0.477926 0.027553 0.099367 0.054449
0 0.153042 0.850382 0.094594 0.171931
0 0.455266 0.759042 0.089385 0.147324
