0 0.940398 0.299993 0.090599 0.145292
0 0.578969 0.430375 0.099229 0.173389
0 0.160447 0.650359 0.088669 0.149968
0 0.241921 0.850951 0.088013 0.151912
0 0.342861 0.924655 0.085070 0.146449
0 0.142671 0.228063 0.090430 0.163301
0 0.290322 0.800414 0.087945 0.147597
0 0.783932 0.963329 0.091771 0.072398
0 0.011552 0.260051 0.022516 0.151759
0 0.988316 0.497225 0.023216 0.145773
0 0.976568 0.176269 0.046771 0.151426
0 0.273008 0.523521 0.080896 0.122810
0 0.238103 0.959882 0.072419 0.078431
0 0.645440 0.216650 0.079828 0.166523
0 0.017236 0.394729 0.034268 0.136208
0 0.291740 0.956400 0.086734 0.085866
0 0.687780 0.232023 0.067440 0.147602
0 0.705596 0.029403 0.072104 0.058806
0 0.137893 0.054525 0.092240 0.103782
0 0.662496 0.960243 0.087169 0.078208
0 0.023632 0.565502 0.047263 0.151634
0 0.184727 0.371486 0.075521 0.182861
0 0.134673 0.357731 0.082544 0.128324
0 0.527033 0.362583 0.081732 0.139491
0 0.415809 0.494060 0.062930 0.097963
0 0.962406 0.585977 0.075187 0.145278
0 0.800730 0.301472 0.088961 0.141954
0 0.598100 0.227727 0.079190 0.146898
0 0.957850 0.884840 0.083982 0.155032
0 0.046539 0.955384 0.080005 0.088676
0 0.905689 0.047616 0.083445 0.095231
0 0.769703 0.405785 0.077115 0.120125
0 0.323208 0.451005 0.074823 0.134806
0 0.181685 0.928873 0.078729 0.142255
0 0.582413 0.958067 0.080039 0.083606
0 0.672102 0.370549 0.075333 0.151782
0 0.236582 0.455843 0.091273 0.135667
0 0.024081 0.694035 0.047464 0.154319
0 0.729527 0.451391 0.087117 0.158699
0 0.404971 0.120569 0.084193 0.156889
0 0.631132 0.347988 0.081539 0.141412
0 0.444281 0.049338 0.090458 0.098676
0 0.790975 0.550400 0.078539 0.172431
0 0.138876 0.498190 0.098414 0.153491
0 0.296849 0.225836 0.072719 0.138245
0 0.043478 0.293141 0.080315 0.156394
0 0.035576 0.073391 0.071151 0.146782
0 0.244241 0.249903 0.073185 0.127037
0 0.236686 0.059150 0.083508 0.118301
0 0.498349 0.835079 0.089906 0.139361
0 0.391837 0.387141 0.092206 0.155486
0 0.267384 0.345021 0.094987 0.148301
0 0.544465 0.734597 0.083310 0.140787
0 0.755953 0.226498 0.083120 0.136616
0 0.217569 0.573238 0.099909 0.140069
0 0.352411 0.508243 0.078125 0.124755
0 0.703316 0.617162 0.080372 0.141815
0 0.044121 0.806785 0.081023 0.162968
0 0.507132 0.942778 0.087706 0.112981
0 0.517268 0.515109 0.091896 0.138255
0 0.493134 0.704500 0.088180 0.155833
0 0.099990 0.373683 0.077021 0.139255
0 0.993310 0.941303 0.013380 0.117394
0 0.962036 0.974100 0.075927 0.049088
0 0.434812 0.988956 0.085120 0.022088
0 0.171486 0.015567 0.078888 0.029616
0 0.004134 0.820863 0.007451 0.135468
0 0.415729 0.863546 0.085313 0.148861
0 0.343352 0.083993 0.088906 0.167208
0 0.855589 0.524900 0.086094 0.150921
0 0.671219 0.745917 0.090271 0.165528
0 0.089134 0.623750 0.086898 0.152250
0 0.858806 0.284764 0.087180 0.171343
0 0.841730 0.091218 0.086174 0.168380
0 0.365961 0.759618 0.083500 0.151671
0 0.477139 0.181053 0.085482 0.147810
0 0.652104 0.534755 0.084536 0.160880
0 0.409185 0.261282 0.090026 0.160593
0 0.761188 0.092444 0.085766 0.167194
0 0.411087 0.643894 0.083180 0.149537
0 0.120504 0.928602 0.089680 0.142796
0 0.249115 0.686148 0.094646 0.147046
0 0.907742 0.426000 0.097995 0.140648
0 0.947527 0.673907 0.098497 0.142194
0 0.632866 0.071993 0.089164 0.142384
0 0.084133 0.185264 0.088474 0.158722
0 0.754967 0.707801 0.087560 0.152454
0 0.128223 0.770766 0.098758 0.155403
0 0.551556 0.147801 0.084909 0.151417
1 0.347659 0.276426 0.079172 0.167889
0 0.591647 0.850169 0.096680 0.150579
