0 0.187163 0.947465 0.079560 0.103968
0 0.024194 0.853141 0.048346 0.137801
0 0.940095 0.945632 0.080253 0.107088
0 0.775669 0.091537 0.088990 0.133361
0 0.261893 0.076354 0.095370 0.152708
0 0.818385 0.332197 0.076234 0.150125
0 0.865490 0.926347 0.077870 0.146287
0 0.383047 0.266778 0.091365 0.130704
0 0.422866 0.372630 0.081966 0.129324
0 0.591323 0.782100 0.073266 0.127875
0 0.357555 0.766419 0.077635 0.140134
0 0.792475 0.868370 0.085534 0.159935
0 0.713952 0.831919 0.087549 0.146634
0 0.428828 0.724556 0.080729 0.149361
0 0.889112 0.542005 0.097198 0.170639
0 0.456792 0.860493 0.080422 0.135412
0 0.965990 0.526565 0.067740 0.166009
0 0.624035 0.560062 0.085919 0.157523
0 0.623219 0.387278 0.088385 0.141481
0 0.886827 0.287750 0.078310 0.136769
0 0.042891 0.522229 0.083677 0.142403
0 0.486262 0.280306 0.086331 0.152056
0 0.448878 0.496581 0.074229 0.125560
0 0.722181 0.560838 0.081773 0.151898
0 0.350000 0.550956 0.087266 0.138477
0 0.348012 0.413866 0.082523 0.139963
0 0.633055 0.193211 0.082052 0.146560
0 0.237681 0.448655 0.082258 0.142523
0 0.090801 0.819891 0.083383 0.141394
0 0.080228 0.313905 0.078273 0.138292
0 0.960603 0.724831 0.078794 0.137968
0 0.965724 0.330806 0.068552 0.137880
0 0.124755 0.176766 0.088141 0.148718
0 0.753111 0.391132 0.075820 0.132088
0 0.442124 0.159748 0.089716 0.143644
0 0.173129 0.536931 0.086034 0.149954
0 0.108332 0.649979 0.082513 0.139060
0 0.164189 0.758775 0.088060 0.142792
0 0.035868 0.212396 0.071737 0.143681
0 0.839949 0.181398 0.087440 0.142833
0 0.291961 0.839079 0.091734 0.161028
0 0.224249 0.309979 0.092654 0.147468
0 0.006021 0.729625 0.011672 0.138815
0 0.150419 0.372479 0.079620 0.143523
0 0.729819 0.225812 0.084831 0.146097
0 0.211427 0.166650 0.087396 0.145560
0 0.301819 0.664630 0.085133 0.156454
0 0.991241 0.639595 0.017518 0.150319
0 0.791115 0.017227 0.079854 0.032176
0 0.794206 0.973278 0.101438 0.050694
0 0.407871 0.022653 0.082992 0.045306
0 0.631156 0.971773 0.080719 0.054648
0 0.100956 0.970380 0.085974 0.057139
0 0.027697 0.963060 0.054367 0.072991
0 0.184908 0.036787 0.072310 0.073574
0 0.827526 0.720736 0.082911 0.168852
0 0.388501 0.960016 0.085961 0.079356
0 0.019958 0.081294 0.039625 0.149375
0 0.285501 0.960516 0.086086 0.078264
0 0.965305 0.051940 0.069391 0.101546
0 0.897503 0.046741 0.078630 0.093009
0 0.556206 0.951873 0.080495 0.095949
0 0.976478 0.868065 0.047044 0.160713
0 0.553039 0.052935 0.080234 0.104667
0 0.481448 0.057650 0.077432 0.113106
0 0.975648 0.199861 0.048141 0.132907
