0 0.215206 0.987236 0.073083 0.023028
0 0.989398 0.598963 0.021203 0.133370
0 0.571520 0.984495 0.086305 0.028722
0 0.833178 0.981058 0.090055 0.035736
0 0.972479 0.972282 0.054854 0.053417
0 0.741008 0.971086 0.102812 0.057829
0 0.237382 0.025005 0.093742 0.050009
0 0.019368 0.056808 0.038503 0.113403
0 0.983438 0.409884 0.033125 0.134287
0 0.712607 0.906444 0.100115 0.143407
0 0.498853 0.963847 0.073914 0.072000
0 0.139660 0.868134 0.078826 0.093333
0 0.030292 0.909861 0.060583 0.130167
0 0.851742 0.798847 0.090323 0.168333
0 0.485673 0.052049 0.098940 0.104097
0 0.668724 0.138921 0.102083 0.169500
0 0.094983 0.043310 0.091143 0.085306
0 0.947556 0.319419 0.098628 0.162088
0 0.787398 0.410454 0.091849 0.163843
0 0.155432 0.747514 0.116547 0.174824
0 0.943576 0.896641 0.085786 0.156486
0 0.643012 0.707097 0.102138 0.161704
0 0.109607 0.942956 0.069036 0.111958
0 0.902783 0.752088 0.064378 0.112194
0 0.423872 0.427083 0.073797 0.164306
0 0.321496 0.568799 0.108919 0.165060
0 0.963561 0.764565 0.072878 0.147991
0 0.803439 0.880556 0.081029 0.160704
0 0.026288 0.701745 0.052273 0.157278
0 0.425495 0.758190 0.067792 0.120463
0 0.073745 0.158301 0.104948 0.177815
0 0.427277 0.957403 0.084852 0.083333
0 0.503109 0.847660 0.115464 0.157875
0 0.359639 0.705347 0.099107 0.161444
0 0.870604 0.626590 0.080120 0.164671
0 0.493328 0.455949 0.076812 0.169111
0 0.482264 0.675264 0.076013 0.150824
0 0.808954 0.563248 0.091492 0.154616
0 0.770960 0.070157 0.085747 0.140315
0 0.605533 0.384391 0.099628 0.167144
0 0.664490 0.284873 0.077995 0.131134
0 0.863280 0.093769 0.093773 0.147870
0 0.445126 0.149824 0.087190 0.170713
0 0.146940 0.273144 0.084510 0.138130
0 0.942703 0.167324 0.088281 0.151519
0 0.603096 0.580118 0.097516 0.156579
0 0.230223 0.496245 0.086023 0.155306
0 0.198020 0.622537 0.082190 0.133991
0 0.294358 0.202993 0.095341 0.167773
0 0.065335 0.802606 0.081435 0.141528
0 0.845010 0.253199 0.093063 0.162667
0 0.146339 0.416845 0.084214 0.147606
0 0.554473 0.726160 0.088690 0.167366
0 0.561350 0.270169 0.084810 0.145032
0 0.373672 0.158322 0.070312 0.140671
0 0.005738 0.552718 0.011477 0.152296
0 0.190184 0.121854 0.090758 0.163968
0 0.039312 0.985641 0.078255 0.026310
0 0.300682 0.454169 0.073083 0.129745
0 0.244723 0.338373 0.095107 0.161810
0 0.753634 0.690005 0.082930 0.154991
