0 0.777626 0.514639 0.078914 0.139657
0 0.477771 0.179167 0.085901 0.136981
0 0.960129 0.740762 0.079742 0.136653
0 0.805167 0.211620 0.083766 0.131833
0 0.356436 0.194625 0.086773 0.154870
0 0.153486 0.216787 0.082185 0.149694
0 0.127921 0.062451 0.074227 0.123292
0 0.893865 0.123336 0.080844 0.137366
0 0.121049 0.457824 0.083677 0.139509
0 0.250784 0.939752 0.072495 0.118792
0 0.828667 0.060831 0.082172 0.118801
0 0.402569 0.765074 0.104977 0.148667
0 0.180501 0.359771 0.074940 0.140190
0 0.463319 0.421213 0.085523 0.119213
0 0.084380 0.304516 0.085573 0.145338
0 0.084335 0.589382 0.086456 0.130208
0 0.654527 0.799965 0.093883 0.159338
0 0.040236 0.494130 0.080471 0.143472
0 0.340091 0.536227 0.077214 0.143935
0 0.850079 0.581461 0.088055 0.141968
0 0.243829 0.816600 0.087508 0.129292
0 0.311924 0.855171 0.071068 0.126676
0 0.148405 0.846400 0.077086 0.130912
0 0.081770 0.724875 0.084133 0.128481
0 0.780534 0.662660 0.080729 0.160569
0 0.698771 0.683711 0.088568 0.151468
0 0.467048 0.851924 0.096138 0.152023
0 0.868702 0.709301 0.097221 0.141639
0 0.695771 0.288514 0.091193 0.133259
0 0.718206 0.176100 0.090177 0.131106
0 0.408048 0.293213 0.088977 0.156583
0 0.655909 0.512905 0.086573 0.144292
0 0.487590 0.309454 0.085867 0.129648
0 0.929128 0.564873 0.063443 0.128088
0 0.624923 0.383465 0.091055 0.137579
0 0.273030 0.042838 0.084367 0.084704
0 0.477311 0.963938 0.077128 0.069181
0 0.573737 0.852458 0.093318 0.133241
0 0.025216 0.365000 0.050432 0.137676
0 0.716484 0.423005 0.077948 0.141157
0 0.049638 0.098530 0.089130 0.137394
0 0.620260 0.255949 0.082651 0.136963
0 0.333512 0.396657 0.078664 0.150185
0 0.287565 0.144942 0.075250 0.127532
0 0.612115 0.125773 0.078255 0.132657
0 0.552117 0.212766 0.076313 0.137190
0 0.204486 0.080493 0.079909 0.155282
0 0.540135 0.068155 0.083917 0.134884
0 0.231010 0.232093 0.073130 0.121481
0 0.179698 0.940259 0.082880 0.119481
0 0.043533 0.956361 0.082919 0.087130
0 0.063850 0.853611 0.091836 0.125019
0 0.307686 0.985731 0.076268 0.025093
0 0.268437 0.333002 0.089828 0.135319
0 0.992678 0.855801 0.014013 0.146954
1 0.396935 0.644546 0.084365 0.119778
0 0.672605 0.036495 0.084497 0.072991
0 0.709289 0.554729 0.098521 0.134069
0 0.558198 0.959509 0.081422 0.080981
0 0.972982 0.483394 0.054036 0.131074
0 0.990777 0.376644 0.017305 0.143417
0 0.010027 0.050609 0.020055 0.101218
1 0.418065 0.504227 0.088573 0.154806
0 0.986891 0.235741 0.024943 0.131935
0 0.009367 0.176697 0.018734 0.136921
