0 0.987298 0.934083 0.025367 0.126352
0 0.271422 0.972917 0.077880 0.051741
0 0.662986 0.030769 0.093018 0.061537
0 0.845859 0.875824 0.097745 0.134250
0 0.475556 0.354134 0.074424 0.177611
0 0.945967 0.958882 0.082768 0.082190
0 0.320491 0.037044 0.083701 0.073282
0 0.450941 0.545046 0.080461 0.142056
0 0.429439 0.044590 0.077086 0.088977
0 0.207474 0.944852 0.089047 0.107704
0 0.669516 0.410190 0.108865 0.166565
0 0.581663 0.061262 0.080117 0.121199
0 0.265376 0.338815 0.083352 0.129194
0 0.093009 0.453294 0.087846 0.128856
0 0.322303 0.680414 0.076659 0.177097
0 0.326210 0.938282 0.083930 0.123435
0 0.156456 0.762512 0.090156 0.154329
0 0.178832 0.645796 0.090174 0.123352
0 0.674941 0.634051 0.084930 0.166741
0 0.794345 0.766718 0.075982 0.128500
0 0.493413 0.064083 0.088596 0.128167
0 0.190910 0.339317 0.073570 0.177014
0 0.824120 0.646389 0.092917 0.150407
0 0.787725 0.540343 0.087268 0.150343
0 0.934479 0.852632 0.097542 0.153847
0 0.475460 0.191546 0.082503 0.148917
0 0.398740 0.189741 0.079464 0.152639
0 0.586827 0.228176 0.077680 0.156537
0 0.418464 0.908190 0.081505 0.139241
0 0.659753 0.266282 0.091724 0.144194
0 0.621478 0.506574 0.087341 0.161630
0 0.083945 0.837542 0.087896 0.141787
0 0.132724 0.918065 0.087141 0.146611
0 0.521073 0.296012 0.087203 0.148782
0 0.041702 0.083176 0.077779 0.134426
0 0.646771 0.132856 0.085625 0.139130
0 0.396237 0.763292 0.081776 0.131037
0 0.292693 0.836736 0.082661 0.139130
0 0.388324 0.632736 0.078039 0.136463
0 0.550138 0.423683 0.084599 0.139773
0 0.959384 0.719479 0.081081 0.183597
0 0.411283 0.337481 0.091419 0.153481
0 0.873262 0.756708 0.089919 0.159426
0 0.087409 0.193736 0.093005 0.163861
0 0.177930 0.504752 0.082125 0.155782
0 0.075642 0.705560 0.085456 0.140009
0 0.137797 0.086169 0.083958 0.148718
0 0.726419 0.507192 0.083083 0.185792
0 0.114736 0.579887 0.086628 0.152449
0 0.126294 0.351856 0.073536 0.130491
0 0.317016 0.149319 0.091318 0.153306
0 0.208783 0.834296 0.085924 0.133963
0 0.747637 0.666898 0.074706 0.131380
0 0.049552 0.310981 0.083563 0.138546
0 0.253020 0.722935 0.080893 0.143648
0 0.189982 0.012539 0.081432 0.024662
0 0.408379 0.986405 0.082971 0.024560
0 0.362720 0.470097 0.086570 0.180343
0 0.993214 0.816993 0.013573 0.144495
0 0.006053 0.055646 0.011706 0.111292
