0 0.547469 0.534616 0.058135 0.124019
0 0.188991 0.389998 0.069336 0.110486
0 0.073852 0.136627 0.077854 0.106977
0 0.120949 0.198426 0.068091 0.118648
0 0.533616 0.408581 0.079044 0.123995
0 0.598177 0.904729 0.066458 0.120968
0 0.336865 0.140759 0.069292 0.123519
0 0.747693 0.941058 0.066047 0.104560
0 0.713624 0.559778 0.070435 0.109907
0 0.953003 0.878025 0.078359 0.134412
0 0.834770 0.945815 0.065992 0.106907
0 0.187938 0.944991 0.069146 0.109167
0 0.901747 0.849442 0.071047 0.124773
0 0.389333 0.718465 0.075250 0.105366
0 0.222605 0.284634 0.069409 0.120065
0 0.961314 0.612664 0.068445 0.117866
0 0.364099 0.331461 0.067370 0.120097
0 0.781876 0.053368 0.064362 0.106736
0 0.911988 0.293667 0.066888 0.115343
0 0.721326 0.052734 0.065922 0.103912
0 0.449730 0.714660 0.062690 0.116097
0 0.934346 0.058787 0.074469 0.110435
0 0.719359 0.145039 0.077115 0.102745
0 0.561822 0.166801 0.064893 0.116435
0 0.446141 0.924102 0.077797 0.123630
0 0.481479 0.208856 0.064625 0.118796
0 0.826108 0.230194 0.064742 0.114509
0 0.232142 0.144919 0.072477 0.123292
0 0.597910 0.467706 0.065232 0.116245
0 0.888534 0.429081 0.070260 0.110403
0 0.348740 0.783134 0.071630 0.124333
0 0.024858 0.093688 0.049716 0.131606
0 0.187639 0.494442 0.065185 0.107014
0 0.791191 0.508891 0.070133 0.110347
0 0.284428 0.671412 0.067659 0.114213
0 0.895763 0.531611 0.067651 0.115343
0 0.519443 0.119683 0.067151 0.113264
0 0.832564 0.139551 0.066992 0.105565
0 0.676124 0.116208 0.063320 0.130685
0 0.767267 0.380775 0.067445 0.111116
0 0.448224 0.511021 0.065141 0.112394
0 0.124491 0.805132 0.072826 0.102856
0 0.690296 0.879803 0.065352 0.113134
0 0.869816 0.322014 0.070352 0.122537
0 0.500352 0.845838 0.063031 0.114120
0 0.117095 0.708787 0.067346 0.107620
0 0.557569 0.855859 0.065154 0.113560
0 0.619934 0.115028 0.059971 0.121037
0 0.859323 0.580227 0.064688 0.114750
0 0.318095 0.582461 0.064784 0.109634
0 0.058849 0.628641 0.065891 0.109644
0 0.547687 0.645333 0.081474 0.110639
0 0.174016 0.193234 0.069349 0.111301
0 0.383947 0.513991 0.066701 0.119870
0 0.699460 0.311023 0.066201 0.134176
0 0.159921 0.293940 0.065815 0.113991
0 0.898070 0.705289 0.070203 0.113662
0 0.939367 0.482843 0.067927 0.108519
0 0.142242 0.103007 0.077349 0.099005
0 0.782414 0.609100 0.068365 0.110153
0 0.029711 0.809366 0.059417 0.111130
0 0.323521 0.423104 0.080510 0.122505
0 0.220280 0.046463 0.073461 0.092157
0 0.234801 0.726762 0.071695 0.119523
0 0.711207 0.683340 0.073357 0.112634
0 0.272253 0.480229 0.068792 0.119625
0 0.647031 0.835752 0.067880 0.104801
0 0.635448 0.312303 0.065974 0.099495
0 0.661704 0.748264 0.073560 0.103954
0 0.060224 0.383197 0.071438 0.106597
0 0.651788 0.393940 0.076758 0.100398
0 0.594965 0.562345 0.074909 0.119727
0 0.880191 0.194424 0.073383 0.113023
0 0.086803 0.277669 0.070477 0.104255
0 0.464074 0.384639 0.069872 0.124880
0 0.436436 0.051100 0.076253 0.101931
0 0.976275 0.108627 0.047315 0.111486
0 0.029577 0.296285 0.059154 0.121708
0 0.408018 0.806069 0.060802 0.115426
0 0.598598 0.767986 0.063596 0.101917
0 0.012738 0.361100 0.025477 0.128764
0 0.415833 0.390373 0.065245 0.117968
0 0.397518 0.632588 0.070385 0.098139
0 0.195215 0.806759 0.077742 0.125093
0 0.157150 0.591074 0.074352 0.102806
0 0.529143 0.026484 0.068870 0.052745
0 0.042272 0.901928 0.073820 0.109329
0 0.995245 0.035574 0.009208 0.071148
0 0.638842 0.022572 0.077721 0.045144
0 0.549135 0.751384 0.062260 0.112657
0 0.300835 0.817039 0.056398 0.122245
0 0.985888 0.207014 0.028224 0.125796
0 0.417384 0.965581 0.067003 0.068662
0 0.154543 0.043382 0.077143 0.085495
0 0.020590 0.966667 0.041029 0.065426
0 0.022440 0.691345 0.044568 0.118884
0 0.982112 0.385218 0.035521 0.115241
0 0.012211 0.465616 0.024109 0.099954
0 0.384376 0.062405 0.066820 0.116106
0 0.896651 0.943127 0.068937 0.104875
0 0.654311 0.650475 0.070346 0.105597
0 0.620685 0.667178 0.070469 0.121088
0 0.762440 0.212806 0.079781 0.111565
0 0.118247 0.968669 0.080042 0.060208
0 0.253199 0.854692 0.065596 0.127440
0 0.005357 0.584294 0.010646 0.113134
0 0.429316 0.286725 0.075789 0.109921
0 0.058715 0.026731 0.064409 0.052750
0 0.865820 0.074475 0.069578 0.134773
0 0.721616 0.466292 0.066242 0.106750
0 0.850113 0.431141 0.059034 0.122995
0 0.841147 0.037264 0.065638 0.074176
0 0.990057 0.480350 0.019802 0.120032
0 0.989134 0.633616 0.021435 0.111287
0 0.471013 0.013086 0.062521 0.024995
0 0.425581 0.194222 0.064094 0.100713
0 0.096104 0.054176 0.063089 0.101481
0 0.005536 0.015431 0.010932 0.030583
0 0.907505 0.021583 0.068250 0.041935
0 0.990174 0.959368 0.019651 0.076634
0 0.128267 0.626905 0.064534 0.106995
0 0.338866 0.861743 0.063602 0.116551
0 0.500616 0.480296 0.069768 0.121287
0 0.431928 0.596294 0.073497 0.104875
0 0.502193 0.612206 0.066411 0.119903
0 0.462826 0.825076 0.058651 0.119468
0 0.119227 0.896317 0.081219 0.107977
0 0.057193 0.739475 0.067167 0.110514
0 0.356728 0.963752 0.061310 0.071319
0 0.348835 0.032595 0.070294 0.065190
0 0.069669 0.229155 0.067401 0.094560
0 0.506712 0.747299 0.061690 0.116347
0 0.985185 0.739484 0.029557 0.111088
0 0.412406 0.126850 0.070865 0.104653
0 0.744884 0.281424 0.073174 0.115616
