0 0.459882 0.107544 0.087180 0.127421
0 0.389210 0.266329 0.116372 0.162935
0 0.671576 0.837361 0.086656 0.145685
0 0.935680 0.798282 0.089604 0.165176
0 0.740208 0.641278 0.082193 0.154093
0 0.697039 0.432692 0.088010 0.150079
0 0.820992 0.697924 0.087333 0.131014
0 0.759326 0.801461 0.080828 0.150245
0 0.902634 0.929912 0.087789 0.140176
0 0.500155 0.239486 0.086711 0.154361
0 0.200357 0.759866 0.090214 0.151278
0 0.039794 0.576789 0.078385 0.165338
0 0.131229 0.832208 0.086646 0.161491
0 0.894988 0.342889 0.096919 0.176435
0 0.138104 0.217169 0.088292 0.146838
0 0.619194 0.730294 0.096273 0.168199
0 0.151943 0.359389 0.084833 0.154352
0 0.665227 0.610907 0.078964 0.140704
0 0.057168 0.182356 0.086977 0.154639
0 0.562871 0.605275 0.085893 0.147310
0 0.542764 0.459752 0.077643 0.145458
0 0.895771 0.545231 0.088125 0.151157
0 0.464714 0.381039 0.083974 0.154449
0 0.532439 0.818995 0.088044 0.147046
0 0.829346 0.569488 0.075547 0.141440
0 0.646953 0.946655 0.085281 0.106690
0 0.758310 0.223681 0.078219 0.149074
0 0.128935 0.681454 0.080005 0.153630
0 0.801719 0.927352 0.081682 0.140602
0 0.216107 0.886565 0.090026 0.132519
0 0.817289 0.123535 0.079911 0.143866
0 0.749148 0.067104 0.081661 0.133708
0 0.090852 0.493000 0.082161 0.147111
0 0.673400 0.091025 0.082289 0.153449
0 0.813141 0.327225 0.092328 0.181338
0 0.868973 0.049956 0.081086 0.099912
0 0.619688 0.466148 0.080953 0.134176
0 0.861263 0.780002 0.086583 0.168412
0 0.933951 0.470243 0.104411 0.153079
0 0.188600 0.474924 0.093320 0.146708
0 0.961303 0.078116 0.077112 0.134204
0 0.975775 0.890183 0.048451 0.145875
0 0.457262 0.887150 0.081659 0.132236
0 0.076297 0.340213 0.085651 0.169722
0 0.539139 0.941356 0.080414 0.115269
0 0.223422 0.343331 0.072979 0.144949
0 0.967112 0.346544 0.065187 0.167116
0 0.280217 0.929623 0.075956 0.138958
0 0.362855 0.301991 0.081466 0.141417
0 0.024776 0.875868 0.049125 0.165588
0 0.208970 0.044241 0.084419 0.087324
0 0.287103 0.261373 0.083893 0.151977
0 0.414665 0.234546 0.090414 0.159389
0 0.327197 0.041326 0.091195 0.081764
0 0.149251 0.561750 0.107508 0.150556
0 0.018780 0.730546 0.037560 0.140481
0 0.640857 0.027100 0.088255 0.052810
0 0.468975 0.972185 0.086857 0.053722
0 0.471951 0.026914 0.082516 0.053829
0 0.987591 0.185444 0.023932 0.150611
0 0.549099 0.025123 0.087354 0.049606
0 0.220768 0.973079 0.079292 0.049333
0 0.800565 0.027845 0.067573 0.054866
0 0.724969 0.977326 0.084344 0.044644
0 0.144005 0.982887 0.083526 0.031440
1 0.354863 0.143792 0.089424 0.153602
