0 0.628922 0.742155 0.080651 0.155569
0 0.165124 0.462625 0.076747 0.135500
0 0.677475 0.508590 0.094122 0.157718
0 0.335940 0.932174 0.089745 0.135653
0 0.776615 0.294414 0.085318 0.137514
0 0.671148 0.882007 0.091208 0.149903
0 0.764577 0.749456 0.083258 0.153792
0 0.515500 0.875750 0.090193 0.147556
0 0.114569 0.378171 0.087091 0.148074
0 0.835721 0.473970 0.083422 0.145282
0 0.563848 0.739060 0.082846 0.165491
0 0.489621 0.242954 0.088539 0.164880
0 0.878625 0.332493 0.088036 0.159856
0 0.797637 0.899738 0.093779 0.159134
0 0.646004 0.136856 0.081654 0.145796
0 0.434970 0.106162 0.073805 0.140259
0 0.327452 0.231144 0.090857 0.172426
0 0.047888 0.248898 0.085766 0.158750
0 0.421326 0.343285 0.091224 0.170542
0 0.262824 0.174102 0.088049 0.160139
0 0.470910 0.436697 0.085044 0.146023
0 0.197809 0.640458 0.083383 0.152204
0 0.272246 0.707796 0.078805 0.137843
0 0.569120 0.261667 0.082620 0.145463
0 0.089689 0.803361 0.092430 0.164556
0 0.705302 0.270935 0.077479 0.152093
0 0.221385 0.399653 0.084901 0.155389
0 0.364682 0.466479 0.091719 0.155727
0 0.947336 0.435722 0.091807 0.149009
0 0.046191 0.080634 0.092383 0.157889
0 0.128454 0.241495 0.091367 0.150759
0 0.830766 0.613560 0.088797 0.151398
0 0.418305 0.603424 0.102635 0.140829
0 0.709823 0.405088 0.120797 0.151176
0 0.490237 0.046623 0.086646 0.092255
0 0.039035 0.789706 0.078070 0.144616
0 0.023336 0.917343 0.046672 0.140407
0 0.200233 0.110713 0.084008 0.138204
0 0.032921 0.500241 0.065841 0.159528
0 0.192987 0.761303 0.064370 0.104255
0 0.792866 0.157877 0.077477 0.174699
0 0.639560 0.297620 0.078266 0.168759
0 0.570727 0.097681 0.074823 0.150667
0 0.904654 0.824037 0.094323 0.135269
0 0.489112 0.700046 0.085302 0.151546
0 0.345284 0.750113 0.082677 0.131773
0 0.525164 0.606245 0.073531 0.128083
0 0.366305 0.062032 0.091521 0.124065
0 0.215732 0.870238 0.083938 0.138495
0 0.694025 0.694391 0.079805 0.151144
0 0.724533 0.141995 0.081174 0.148056
0 0.323990 0.618637 0.086365 0.138023
0 0.909651 0.617481 0.080109 0.124481
0 0.704995 0.025345 0.084182 0.050579
0 0.191204 0.959859 0.088992 0.079134
0 0.985336 0.917718 0.029281 0.156630
0 0.924319 0.982850 0.091352 0.032245
0 0.985091 0.218972 0.029573 0.150537
0 0.683285 0.974813 0.087716 0.049301
0 0.911595 0.724697 0.106492 0.130431
0 0.064760 0.570699 0.097401 0.155324
0 0.011697 0.610259 0.023352 0.159944
1 0.862254 0.157123 0.084669 0.149681
0 0.627465 0.021757 0.087680 0.043282
0 0.607992 0.966681 0.082646 0.066639
0 0.048469 0.676910 0.077667 0.110468
0 0.990546 0.480433 0.018909 0.166894
0 0.285874 0.046076 0.085305 0.089366
0 0.962301 0.052088 0.074518 0.102009
0 0.397326 0.688824 0.083266 0.143759
0 0.264783 0.958694 0.074669 0.081639
0 0.855693 0.956169 0.081391 0.087431
0 0.014194 0.197965 0.028336 0.154551
0 0.470302 0.965310 0.084172 0.068250
0 0.991460 0.027245 0.017081 0.054491
0 0.064195 0.965588 0.104776 0.068157
0 0.851867 0.026905 0.084453 0.052977
0 0.171566 0.057100 0.090070 0.113875
