0 0.993669 0.266792 0.012661 0.158509
0 0.054728 0.056412 0.081060 0.112213
0 0.697742 0.677521 0.100526 0.127662
0 0.807897 0.094963 0.093003 0.121333
0 0.658452 0.276058 0.085883 0.143208
0 0.303883 0.823535 0.071833 0.192051
0 0.824689 0.599014 0.089305 0.200981
0 0.855253 0.704595 0.108135 0.122819
0 0.700237 0.491648 0.070281 0.163565
0 0.895809 0.605407 0.071346 0.180435
0 0.963901 0.226097 0.071891 0.165880
0 0.444413 0.306345 0.095461 0.162745
0 0.564124 0.070539 0.083159 0.141079
0 0.389419 0.384562 0.092448 0.158875
0 0.980746 0.429442 0.038284 0.130171
0 0.016850 0.676664 0.033701 0.136005
0 0.032904 0.945528 0.065807 0.107324
0 0.380085 0.673502 0.080440 0.141736
0 0.104484 0.909377 0.086948 0.150412
0 0.646948 0.584632 0.084406 0.142921
0 0.984018 0.950935 0.031964 0.097250
0 0.183320 0.979046 0.094016 0.040148
0 0.007400 0.555671 0.014799 0.152769
0 0.011819 0.332477 0.023367 0.158120
0 0.387556 0.222368 0.065721 0.202301
0 0.576021 0.232981 0.076469 0.123093
0 0.875893 0.271896 0.080646 0.128560
0 0.499711 0.953407 0.100708 0.093185
0 0.719913 0.892023 0.084966 0.153389
0 0.586350 0.494954 0.089591 0.169722
0 0.588743 0.950616 0.088732 0.097241
0 0.474867 0.049868 0.089698 0.099532
0 0.034517 0.827433 0.069034 0.165227
0 0.315359 0.270704 0.094156 0.181731
0 0.665635 0.805435 0.071474 0.156398
0 0.483017 0.533171 0.096982 0.153454
0 0.026156 0.136958 0.052073 0.145537
0 0.448801 0.155968 0.078174 0.157574
0 0.686775 0.168356 0.084529 0.138620
0 0.849616 0.936516 0.082612 0.126968
0 0.296354 0.087123 0.093917 0.174245
0 0.370725 0.813944 0.081544 0.167519
0 0.337358 0.929319 0.088044 0.141361
0 0.735414 0.753845 0.085625 0.134727
0 0.896216 0.138833 0.067193 0.174759
0 0.931600 0.373275 0.083560 0.137625
0 0.409801 0.956819 0.075383 0.086306
0 0.494048 0.282155 0.074784 0.132727
0 0.588799 0.841282 0.084203 0.138630
0 0.704604 0.343880 0.085542 0.149889
0 0.497915 0.836678 0.076148 0.149736
0 0.922814 0.827095 0.074555 0.199079
0 0.562865 0.577887 0.071073 0.121977
0 0.853844 0.814146 0.082453 0.139486
0 0.253654 0.319259 0.077359 0.135574
0 0.158549 0.386250 0.081573 0.141130
0 0.208059 0.226840 0.077951 0.138921
0 0.245779 0.472363 0.079714 0.162218
0 0.452147 0.729144 0.089727 0.150454
0 0.517694 0.160833 0.076424 0.139713
0 0.313967 0.524697 0.085497 0.151718
0 0.072324 0.761218 0.086404 0.154630
0 0.790607 0.847255 0.077557 0.159380
0 0.475822 0.397086 0.091669 0.138079
0 0.178486 0.865118 0.085852 0.156134
0 0.639535 0.439961 0.081107 0.147097
0 0.516953 0.690537 0.086661 0.150731
0 0.392551 0.528220 0.080185 0.138032
0 0.796129 0.465947 0.091112 0.155199
0 0.822013 0.045889 0.078083 0.090648
0 0.749419 0.599556 0.084104 0.153602
0 0.956219 0.080521 0.085359 0.157208
0 0.250988 0.786250 0.083305 0.141981
0 0.253672 0.155051 0.078516 0.148417
1 0.820689 0.199271 0.089398 0.145968
0 0.755526 0.115201 0.074292 0.203523
1 0.449340 0.601301 0.077143 0.141194
0 0.334707 0.022356 0.085940 0.044713
0 0.684964 0.970500 0.102484 0.058741
0 0.939001 0.973345 0.076253 0.052005
0 0.940858 0.527150 0.094107 0.120208
0 0.977195 0.832655 0.045297 0.168032
0 0.595355 0.333141 0.093211 0.160125
0 0.312048 0.389102 0.077565 0.139204
0 0.008068 0.048259 0.016073 0.095935
0 0.780625 0.329729 0.080099 0.154681
0 0.111645 0.280926 0.083091 0.140065
0 0.611100 0.721736 0.079971 0.139296
0 0.205296 0.609924 0.075294 0.149736
0 0.085691 0.170174 0.076591 0.135236
1 0.393100 0.528447 0.080893 0.136644
0 0.340982 0.188016 0.084396 0.170301
0 0.005982 0.218731 0.011880 0.127352
0 0.145138 0.156340 0.073078 0.167097
0 0.126122 0.701067 0.093307 0.146801
0 0.958990 0.641507 0.069766 0.142023
0 0.433576 0.871271 0.071260 0.156440
1 0.257073 0.916019 0.087755 0.159102
