1 0.632556 0.042525 0.138122 0.085051
0 0.417533 0.633988 0.117612 0.151681
0 0.660260 0.144947 0.093359 0.168329
0 0.520467 0.953889 0.090591 0.092222
0 0.596944 0.104056 0.102315 0.162546
0 0.716781 0.137063 0.080682 0.170273
0 0.802311 0.595060 0.104508 0.147352
0 0.914057 0.382831 0.099089 0.165394
0 0.728109 0.379863 0.097656 0.137412
0 0.149449 0.792134 0.108216 0.137704
0 0.951953 0.051296 0.092234 0.102046
0 0.351440 0.100718 0.107281 0.128898
0 0.191296 0.047324 0.109487 0.094204
0 0.286447 0.888914 0.109685 0.158310
0 0.618168 0.675606 0.100565 0.135481
0 0.027954 0.501028 0.055378 0.138981
0 0.972844 0.150340 0.053776 0.132995
0 0.186656 0.517926 0.114969 0.162167
0 0.219310 0.575326 0.094661 0.163792
0 0.389948 0.877229 0.103849 0.146468
0 0.861053 0.951111 0.118701 0.097778
0 0.972641 0.385794 0.054719 0.171181
0 0.744469 0.060808 0.086036 0.121616
0 0.167435 0.673516 0.112302 0.144468
0 0.499749 0.413331 0.118674 0.133912
0 0.317414 0.818838 0.086354 0.128306
0 0.016798 0.177731 0.033503 0.154556
0 0.412456 0.929472 0.099651 0.141056
0 0.032531 0.777991 0.065062 0.153037
0 0.066736 0.180324 0.111982 0.168574
0 0.985781 0.244215 0.028437 0.166394
0 0.474689 0.896236 0.096570 0.190528
0 0.024027 0.949933 0.048055 0.098681
0 0.030664 0.642630 0.061328 0.172065
0 0.307151 0.963995 0.104057 0.069880
0 0.048134 0.065579 0.096268 0.130370
0 0.016874 0.906313 0.033747 0.125866
0 0.991927 0.055975 0.016146 0.102875
1 0.332197 0.513537 0.094721 0.167241
0 0.480604 0.529898 0.116146 0.144815
0 0.519543 0.306576 0.103091 0.137792
0 0.309055 0.710657 0.092115 0.153139
0 0.669236 0.916889 0.102695 0.145917
0 0.630518 0.383289 0.112927 0.139301
0 0.876603 0.847373 0.107456 0.161245
0 0.812191 0.076655 0.087826 0.153310
0 0.677823 0.491891 0.101979 0.146634
0 0.961796 0.688667 0.076164 0.173787
0 0.480471 0.723359 0.120620 0.163412
0 0.905280 0.717898 0.098826 0.138639
0 0.798837 0.307275 0.097945 0.159625
0 0.085710 0.490988 0.091451 0.137088
0 0.612702 0.778229 0.088237 0.124884
0 0.141945 0.421257 0.108464 0.146116
0 0.434189 0.288616 0.099852 0.160370
0 0.189569 0.147542 0.101409 0.149343
0 0.216267 0.853678 0.092643 0.156505
0 0.728801 0.259037 0.105398 0.155333
0 0.957952 0.908896 0.083482 0.175912
0 0.615740 0.270618 0.107484 0.140644
0 0.688204 0.716808 0.108180 0.149440
0 0.481186 0.158882 0.091003 0.160375
0 0.573858 0.512384 0.100747 0.172398
0 0.365461 0.336178 0.084938 0.181375
0 0.404457 0.447509 0.088201 0.157241
0 0.068462 0.675731 0.085013 0.145528
0 0.375211 0.199220 0.111432 0.136606
0 0.300954 0.292116 0.080336 0.175815
0 0.647862 0.834877 0.094172 0.136468
0 0.106951 0.907387 0.103760 0.162903
0 0.770967 0.837206 0.125482 0.138097
0 0.650896 0.609782 0.096615 0.132250
0 0.112053 0.255282 0.087372 0.144370
0 0.240711 0.263023 0.076786 0.182528
0 0.908876 0.153250 0.108805 0.162898
0 0.832342 0.720954 0.102357 0.174750
0 0.559039 0.169310 0.099286 0.154963
0 0.255673 0.409854 0.099414 0.140773
0 0.041973 0.334935 0.083945 0.160796
0 0.265072 0.630947 0.082888 0.164755
0 0.879303 0.526144 0.102201 0.172296
0 0.519876 0.800185 0.092930 0.160824
0 0.180570 0.283231 0.087505 0.175593
