0 0.009754 0.724852 0.019419 0.122083
0 0.432253 0.075451 0.070979 0.126032
0 0.177251 0.197715 0.076299 0.135764
0 0.137969 0.385854 0.078557 0.129384
0 0.874176 0.819951 0.070148 0.128588
0 0.252797 0.575648 0.081208 0.143056
0 0.310332 0.116083 0.078466 0.145704
0 0.514917 0.984002 0.073708 0.029755
0 0.491628 0.033310 0.067948 0.065593
0 0.805883 0.174100 0.082380 0.138690
0 0.972435 0.086488 0.055130 0.142079
0 0.854138 0.304826 0.076568 0.140838
0 0.806529 0.805822 0.068281 0.124097
0 0.968487 0.988757 0.063026 0.021088
0 0.253332 0.034410 0.070195 0.068014
0 0.821747 0.612171 0.078635 0.136231
0 0.039336 0.858956 0.078672 0.138653
0 0.542141 0.852940 0.077271 0.147315
0 0.366790 0.336894 0.075602 0.131574
0 0.283837 0.394144 0.075581 0.138806
0 0.606319 0.926917 0.078836 0.124491
0 0.427520 0.751488 0.074508 0.138523
0 0.666659 0.146729 0.076479 0.130597
0 0.107792 0.933843 0.081406 0.131176
0 0.276831 0.765178 0.078307 0.133829
0 0.593092 0.347280 0.080107 0.129699
0 0.718630 0.249701 0.078708 0.139523
0 0.686094 0.026157 0.076792 0.051380
0 0.008242 0.945394 0.016234 0.109213
0 0.705368 0.476178 0.080633 0.143088
0 0.177474 0.691419 0.081031 0.139616
0 0.409382 0.574164 0.073164 0.128301
0 0.457233 0.407690 0.073826 0.145426
0 0.567936 0.194398 0.075128 0.152954
0 0.036919 0.142963 0.073667 0.138935
0 0.789556 0.051727 0.073565 0.103009
0 0.929307 0.424829 0.085182 0.133472
0 0.917414 0.042613 0.074333 0.085227
0 0.832487 0.930704 0.058349 0.127278
0 0.549852 0.060329 0.071854 0.108009
