0 0.428115 0.290565 0.102687 0.144667
1 0.639784 0.163894 0.085380 0.153639
0 0.274503 0.860741 0.093057 0.170056
0 0.330201 0.706505 0.084599 0.171880
0 0.354552 0.228551 0.091500 0.164028
0 0.797750 0.935940 0.094052 0.128120
0 0.553104 0.334213 0.089583 0.139759
0 0.236505 0.484495 0.085438 0.136343
0 0.430862 0.163630 0.088255 0.142111
0 0.250513 0.140602 0.098932 0.148741
0 0.645070 0.760407 0.077734 0.157537
0 0.351872 0.564139 0.085661 0.142259
0 0.110766 0.226750 0.094479 0.158148
0 0.161922 0.112412 0.096792 0.166991
0 0.677940 0.645056 0.086432 0.142648
0 0.263826 0.703486 0.078443 0.158324
0 0.960872 0.470167 0.077630 0.152019
0 0.281396 0.549625 0.086240 0.180694
0 0.655747 0.534255 0.104307 0.144194
0 0.192466 0.242755 0.083349 0.153917
0 0.169299 0.421023 0.091432 0.171009
0 0.908370 0.568574 0.088760 0.161833
0 0.844867 0.354958 0.084745 0.161231
0 0.596107 0.684778 0.079172 0.165852
0 0.781479 0.767630 0.082365 0.172519
0 0.244641 0.358412 0.086406 0.148213
0 0.270776 0.240458 0.095771 0.161824
0 0.417318 0.406384 0.084271 0.150083
0 0.820992 0.627556 0.086974 0.152852
0 0.047130 0.072500 0.086615 0.145000
0 0.077680 0.138907 0.083161 0.158093
0 0.880667 0.712074 0.091990 0.172259
0 0.047826 0.296051 0.093339 0.173898
0 0.619622 0.394782 0.088161 0.163176
0 0.689458 0.421125 0.097479 0.150787
0 0.966755 0.858185 0.066135 0.159204
0 0.340953 0.432440 0.098573 0.148102
0 0.924305 0.929759 0.078411 0.140315
0 0.783062 0.317542 0.112031 0.164917
0 0.500039 0.238903 0.083672 0.163398
0 0.737776 0.619130 0.081552 0.166426
0 0.871427 0.134986 0.083365 0.195009
0 0.023013 0.395824 0.046026 0.169481
0 0.948315 0.741218 0.093203 0.202602
0 0.698898 0.918662 0.084318 0.161935
0 0.917648 0.224625 0.092161 0.202787
0 0.781648 0.489356 0.077464 0.209972
0 0.257130 0.967644 0.089594 0.064713
0 0.976185 0.138560 0.047630 0.164991
0 0.655565 0.273389 0.085193 0.144185
0 0.845786 0.816833 0.080448 0.188759
0 0.721654 0.235236 0.078318 0.176250
0 0.025529 0.211421 0.050411 0.168398
0 0.944185 0.071593 0.085464 0.142093
0 0.954349 0.306306 0.083281 0.196889
0 0.789622 0.179875 0.105120 0.165213
0 0.624049 0.058231 0.092266 0.114426
0 0.327721 0.344435 0.113891 0.168556
0 0.850609 0.498236 0.083865 0.148898
0 0.880341 0.961292 0.075026 0.071417
0 0.577948 0.234106 0.093479 0.158657
0 0.813427 0.080819 0.088740 0.159176
0 0.573503 0.100222 0.079411 0.170333
0 0.704784 0.125639 0.098818 0.172204
0 0.985177 0.335231 0.027031 0.157407
0 0.974940 0.957435 0.048766 0.084148
0 0.183870 0.973468 0.090708 0.050380
0 0.757328 0.054449 0.081302 0.106620
0 0.712982 0.760278 0.071859 0.155444
0 0.500437 0.102310 0.079885 0.148269
0 0.694198 0.033750 0.087385 0.065111
0 0.007437 0.093968 0.014875 0.143102
0 0.884729 0.029940 0.090781 0.058306
0 0.973547 0.607213 0.052448 0.159556
