0 0.572913 0.845465 0.075049 0.178662
0 0.922771 0.432627 0.079052 0.204255
0 0.482337 0.028553 0.088419 0.056727
0 0.979792 0.858713 0.040417 0.147583
0 0.015862 0.264900 0.031724 0.157134
0 0.760906 0.828421 0.081635 0.171370
0 0.734491 0.030241 0.084789 0.059704
0 0.891296 0.968917 0.095706 0.061407
0 0.427064 0.935329 0.078346 0.129343
0 0.013693 0.933120 0.027385 0.132815
0 0.627993 0.964169 0.096451 0.071662
0 0.547035 0.973039 0.082247 0.052106
0 0.178151 0.979743 0.092094 0.038653
0 0.991956 0.959514 0.016089 0.079694
0 0.353036 0.977472 0.082479 0.044926
0 0.005315 0.406280 0.010583 0.149838
1 0.477480 0.404451 0.102018 0.156338
0 0.170197 0.804484 0.079305 0.142282
0 0.215086 0.560861 0.091630 0.154889
0 0.310720 0.817229 0.084648 0.148477
0 0.659195 0.628440 0.088693 0.142954
0 0.389658 0.252197 0.086221 0.155681
0 0.261488 0.252146 0.091878 0.154199
0 0.684678 0.757736 0.084784 0.139778
0 0.266038 0.931104 0.086404 0.136329
0 0.579328 0.604928 0.075984 0.142968
0 0.868651 0.577796 0.085286 0.143269
0 0.490764 0.220613 0.085945 0.141477
0 0.567134 0.466310 0.082846 0.145222
0 0.386786 0.089162 0.086125 0.153250
0 0.847551 0.071750 0.091404 0.143093
0 0.749607 0.658579 0.078229 0.139463
0 0.656654 0.495509 0.084505 0.143204
0 0.136447 0.531264 0.078612 0.147546
0 0.414443 0.715998 0.094146 0.154708
0 0.262372 0.415005 0.086630 0.154546
0 0.921932 0.853454 0.084911 0.159611
0 0.296668 0.677655 0.076315 0.142829
0 0.513240 0.664685 0.075792 0.166259
0 0.962349 0.616644 0.075047 0.148491
0 0.125182 0.923065 0.079292 0.149389
0 0.128060 0.161845 0.098141 0.143921
0 0.040603 0.113148 0.081185 0.158519
0 0.469667 0.540465 0.087203 0.141903
0 0.458951 0.108324 0.081312 0.129620
0 0.051676 0.902569 0.078727 0.168944
0 0.938895 0.273782 0.077055 0.134324
0 0.965061 0.060412 0.069878 0.120824
0 0.196831 0.369109 0.079365 0.161681
0 0.121396 0.393875 0.083781 0.170120
0 0.355733 0.447563 0.083456 0.178653
0 0.712799 0.909873 0.078432 0.148060
0 0.797892 0.336822 0.077284 0.135644
0 0.279945 0.079634 0.098677 0.156111
0 0.840363 0.928947 0.095565 0.140310
0 0.413419 0.593000 0.070813 0.132898
0 0.891427 0.716713 0.083854 0.145389
0 0.129814 0.697535 0.077596 0.184282
0 0.798249 0.520160 0.078440 0.156190
0 0.373651 0.876743 0.073016 0.155069
0 0.072590 0.651738 0.080138 0.164755
0 0.868699 0.326301 0.082086 0.167491
0 0.177655 0.245516 0.083206 0.165199
0 0.476828 0.781711 0.083813 0.130940
0 0.353971 0.614817 0.072719 0.164218
0 0.830391 0.807787 0.088042 0.144241
0 0.060604 0.521854 0.080885 0.146375
0 0.239142 0.793486 0.071096 0.190352
0 0.296865 0.545366 0.084943 0.141602
0 0.729490 0.408150 0.087031 0.135551
0 0.963505 0.749590 0.072182 0.133245
0 0.859772 0.201917 0.104581 0.137074
0 0.205753 0.048801 0.084745 0.096954
0 0.961505 0.169083 0.076990 0.123472
0 0.506812 0.877616 0.081458 0.141157
0 0.020423 0.651810 0.040846 0.167287
0 0.641388 0.884921 0.080109 0.163046
0 0.135063 0.054183 0.090479 0.107708
0 0.726953 0.540141 0.083021 0.164495
0 0.026527 0.477120 0.053055 0.162213
0 0.626687 0.038123 0.086688 0.075236
