0 0.454918 0.436507 0.039466 0.063412
0 0.006566 0.461164 0.013060 0.102236
0 0.139212 0.588148 0.077013 0.111250
0 0.160691 0.021255 0.074102 0.040833
0 0.608671 0.273090 0.071138 0.131718
0 0.792195 0.968914 0.064729 0.059764
0 0.014529 0.862632 0.028693 0.110319
0 0.616806 0.154234 0.064346 0.115134
0 0.012346 0.355875 0.024693 0.120065
0 0.124738 0.967574 0.067253 0.060917
0 0.515055 0.430076 0.065141 0.106199
0 0.976335 0.305810 0.046956 0.117185
0 0.468820 0.549674 0.056438 0.154644
0 0.608678 0.888542 0.086128 0.110880
0 0.020245 0.769609 0.040214 0.091310
0 0.976949 0.944391 0.046102 0.107134
0 0.845674 0.041456 0.076557 0.081338
0 0.132703 0.076171 0.063490 0.140611
0 0.655474 0.207491 0.076885 0.110926
0 0.562237 0.456056 0.066849 0.109861
0 0.097884 0.648123 0.078070 0.103310
0 0.713234 0.940836 0.075958 0.098329
0 0.566730 0.946169 0.072076 0.107662
0 0.940206 0.039972 0.069755 0.077491
0 0.028934 0.168549 0.057867 0.133699
0 0.197755 0.939287 0.065406 0.116213
0 0.082092 0.744340 0.077753 0.117569
0 0.180328 0.073794 0.068141 0.107718
0 0.565863 0.138449 0.067956 0.121324
0 0.426116 0.842759 0.068711 0.107685
0 0.660612 0.105285 0.076115 0.106903
0 0.485402 0.239076 0.071596 0.098255
0 0.262048 0.615132 0.064023 0.104440
0 0.478879 0.043255 0.065232 0.085019
0 0.540392 0.200389 0.070326 0.109778
0 0.823723 0.880340 0.067466 0.119440
0 0.487702 0.343549 0.076466 0.136264
0 0.436681 0.297644 0.062268 0.117917
0 0.548934 0.838269 0.079143 0.108231
0 0.302613 0.578850 0.073346 0.110477
0 0.879435 0.758988 0.062755 0.117162
0 0.622326 0.043734 0.074432 0.087440
0 0.375025 0.184139 0.079096 0.092361
0 0.865395 0.585583 0.073008 0.117972
0 0.244030 0.904759 0.062503 0.109935
0 0.966497 0.102914 0.066984 0.096394
0 0.162216 0.718725 0.056958 0.125227
0 0.556988 0.041815 0.060284 0.083259
0 0.698389 0.731352 0.062169 0.120028
0 0.301365 0.887583 0.058755 0.126491
0 0.763128 0.461817 0.057891 0.129366
0 0.360908 0.855359 0.075076 0.110060
0 0.930344 0.573634 0.069833 0.105167
0 0.475031 0.958363 0.075172 0.080903
0 0.236260 0.508653 0.073844 0.124315
0 0.331848 0.295470 0.071341 0.138699
0 0.803147 0.757556 0.074211 0.117148
0 0.148514 0.364542 0.058701 0.116102
0 0.261337 0.813553 0.068904 0.093514
0 0.487693 0.859769 0.070219 0.124741
0 0.105841 0.529917 0.073651 0.130194
0 0.567281 0.751264 0.071880 0.110574
0 0.790952 0.359625 0.066492 0.095130
0 0.633206 0.789773 0.076302 0.109454
0 0.638380 0.699113 0.070115 0.106671
0 0.371249 0.944856 0.069711 0.104407
0 0.029952 0.054535 0.059904 0.105958
0 0.200105 0.334556 0.064805 0.137750
0 0.772758 0.049220 0.066229 0.097681
0 0.859727 0.375528 0.072385 0.094870
0 0.293462 0.187926 0.064164 0.092167
0 0.702039 0.051581 0.079693 0.102847
0 0.824990 0.256458 0.079255 0.129315
0 0.677852 0.854350 0.068167 0.127875
0 0.319225 0.060363 0.060372 0.113134
0 0.090082 0.111840 0.068086 0.135384
0 0.254047 0.071887 0.064594 0.115384
0 0.418978 0.737271 0.075419 0.111199
0 0.339659 0.746544 0.059521 0.125069
0 0.730374 0.828618 0.072836 0.124449
0 0.008085 0.154336 0.016169 0.112819
0 0.627354 0.522111 0.079349 0.112759
0 0.274784 0.711965 0.064786 0.112912
0 0.485533 0.138100 0.063549 0.106171
0 0.706126 0.471373 0.064091 0.109319
0 0.547698 0.646986 0.069260 0.113991
0 0.046202 0.397410 0.060393 0.099940
0 0.947303 0.215623 0.064628 0.101338
0 0.326723 0.512866 0.060758 0.114796
0 0.970729 0.394111 0.058542 0.113000
0 0.535406 0.528745 0.065734 0.110231
0 0.396109 0.085238 0.066344 0.112764
0 0.178497 0.194722 0.064359 0.103769
0 0.737064 0.673602 0.071852 0.116120
0 0.050208 0.289007 0.066516 0.114801
0 0.820924 0.467403 0.065245 0.111648
0 0.176822 0.466370 0.067789 0.120037
0 0.210273 0.695799 0.059005 0.117995
0 0.203092 0.576674 0.062138 0.112116
0 0.266757 0.431782 0.073138 0.124194
0 0.409799 0.604410 0.070380 0.121125
0 0.889159 0.147581 0.073469 0.106894
0 0.269327 0.291512 0.066992 0.116569
0 0.815504 0.631991 0.071122 0.116843
0 0.035896 0.499146 0.067771 0.106866
0 0.884742 0.472190 0.068443 0.108167
0 0.892975 0.277433 0.059060 0.099949
