0 0.641698 0.828495 0.093656 0.145306
0 0.277055 0.087352 0.091141 0.169000
0 0.743464 0.538565 0.092354 0.163296
0 0.495818 0.134319 0.091823 0.153380
0 0.906404 0.804819 0.093047 0.159583
0 0.800953 0.929338 0.087469 0.141324
0 0.949844 0.294583 0.100312 0.164870
0 0.546799 0.552204 0.091984 0.157704
0 0.427107 0.824514 0.089714 0.168472
0 0.340615 0.172102 0.083656 0.145852
0 0.663539 0.581463 0.091620 0.154222
0 0.500346 0.268639 0.089297 0.146852
0 0.558008 0.799796 0.087547 0.155556
0 0.198990 0.184185 0.091469 0.164815
0 0.040008 0.663866 0.078297 0.161083
0 0.634370 0.704042 0.081990 0.130176
0 0.381372 0.931889 0.101922 0.135389
0 0.960135 0.138569 0.079729 0.164972
0 0.815961 0.117759 0.093339 0.150852
0 0.719151 0.768829 0.083271 0.151213
0 0.116922 0.219213 0.088813 0.159870
0 0.591307 0.063273 0.086760 0.126083
0 0.416219 0.189083 0.079417 0.144574
0 0.190576 0.440394 0.088245 0.159824
0 0.961128 0.675417 0.077745 0.151093
0 0.047953 0.289620 0.092010 0.160759
0 0.581721 0.929736 0.078505 0.137917
0 0.779729 0.419310 0.085333 0.147546
0 0.354419 0.055139 0.093339 0.110130
0 0.408161 0.478597 0.093125 0.161398
0 0.862974 0.717000 0.092156 0.147852
0 0.582745 0.190241 0.095979 0.149093
0 0.116414 0.509866 0.094349 0.178380
0 0.966745 0.852361 0.066510 0.173852
0 0.665797 0.933315 0.103198 0.133370
0 0.469776 0.040153 0.088427 0.079565
0 0.894378 0.049449 0.080151 0.098898
0 0.489927 0.856306 0.082646 0.170370
0 0.804706 0.029861 0.099203 0.059722
0 0.289706 0.438819 0.081401 0.141824
0 0.226208 0.950486 0.091885 0.097102
0 0.352500 0.781375 0.089917 0.193898
0 0.962328 0.033065 0.075344 0.066130
0 0.152224 0.974042 0.088292 0.048657
1 0.679279 0.275616 0.087703 0.198917
0 0.012763 0.226750 0.024505 0.152278
0 0.426185 0.974551 0.095161 0.050083
1 0.137117 0.881014 0.084818 0.159806
0 0.980247 0.958505 0.039505 0.082380
0 0.991370 0.731199 0.016896 0.155102
1 0.486609 0.699324 0.080000 0.151000
