0 0.651383 0.395983 0.088684 0.091872
0 0.048459 0.981391 0.088870 0.036312
0 0.413492 0.322878 0.089128 0.102485
0 0.393985 0.991957 0.086258 0.016085
0 0.630368 0.008881 0.079796 0.017762
1 0.400671 0.410509 0.098951 0.116955
0 0.515216 0.632155 0.087647 0.112922
0 0.215681 0.637050 0.094471 0.113966
0 0.297500 0.745262 0.084120 0.103169
0 0.695349 0.896443 0.088484 0.112567
0 0.182662 0.219748 0.089938 0.118004
0 0.607662 0.944763 0.086952 0.109866
0 0.213947 0.745340 0.096080 0.119023
0 0.664998 0.760805 0.097627 0.111713
0 0.791819 0.694877 0.082380 0.112984
0 0.531480 0.070105 0.083499 0.114655
0 0.221559 0.318894 0.097778 0.125802
0 0.369755 0.908318 0.097056 0.121348
0 0.746661 0.809697 0.100999 0.128148
0 0.366526 0.771042 0.078846 0.111713
0 0.454126 0.127405 0.094317 0.117865
0 0.138825 0.134010 0.093484 0.128483
0 0.061655 0.090090 0.085077 0.116528
0 0.448920 0.711229 0.090278 0.128755
0 0.057529 0.563899 0.091030 0.122850
0 0.214742 0.102222 0.094537 0.118868
0 0.655829 0.118855 0.092793 0.124830
0 0.518918 0.770275 0.086115 0.121692
0 0.894294 0.953801 0.097261 0.092335
0 0.916472 0.108058 0.090042 0.108699
0 0.914589 0.195586 0.103083 0.114146
0 0.800855 0.937518 0.094340 0.121219
0 0.947228 0.036770 0.097079 0.072685
0 0.259589 0.235568 0.084124 0.112382
0 0.731995 0.110553 0.077955 0.113884
0 0.119525 0.579540 0.093866 0.117423
0 0.180334 0.862629 0.086408 0.115617
0 0.307857 0.335033 0.096470 0.116127
0 0.786686 0.256942 0.097060 0.123483
0 0.897292 0.863688 0.092569 0.107912
0 0.910314 0.589053 0.091840 0.110916
0 0.832093 0.807245 0.087342 0.111096
0 0.604030 0.624408 0.086663 0.115062
0 0.050687 0.337472 0.101373 0.120046
0 0.834850 0.118598 0.089136 0.114398
0 0.964799 0.544642 0.070216 0.124563
0 0.826809 0.215332 0.089622 0.106476
0 0.298073 0.079087 0.103044 0.120046
0 0.258956 0.966129 0.100922 0.066332
0 0.899377 0.293374 0.095397 0.104434
0 0.595033 0.438104 0.085112 0.096517
0 0.606667 0.056752 0.084267 0.113503
0 0.165270 0.961127 0.093650 0.077747
0 0.557776 0.874601 0.079340 0.098308
0 0.841800 0.649110 0.068530 0.143014
0 0.440388 0.042364 0.096447 0.084727
0 0.085328 0.430170 0.102917 0.102191
0 0.965085 0.859889 0.069830 0.126991
0 0.969120 0.656283 0.061613 0.127443
0 0.523465 0.405990 0.093673 0.120612
0 0.750633 0.610342 0.085517 0.108915
0 0.712622 0.685376 0.099101 0.106008
0 0.897139 0.726710 0.089988 0.125664
0 0.802182 0.078979 0.086115 0.111631
0 0.263127 0.407621 0.096331 0.120406
0 0.587222 0.153704 0.082346 0.087305
0 0.030916 0.164249 0.061732 0.113961
0 0.330145 0.228871 0.080799 0.108277
0 0.436316 0.822752 0.096142 0.110885
0 0.177220 0.038392 0.104240 0.076785
0 0.469925 0.935720 0.084911 0.114496
0 0.174061 0.503830 0.087018 0.081116
0 0.936919 0.432186 0.102064 0.110494
0 0.720012 0.039470 0.070988 0.078292
0 0.973985 0.343961 0.052029 0.098704
0 0.642882 0.303305 0.096019 0.113750
0 0.592969 0.844177 0.096130 0.104743
0 0.314782 0.163673 0.088715 0.108302
0 0.308819 0.619524 0.083410 0.095046
0 0.085201 0.298290 0.091597 0.114295
0 0.974751 0.759270 0.050189 0.117356
0 0.464242 0.863655 0.097674 0.110437
0 0.964321 0.977917 0.070625 0.044167
0 0.270033 0.872184 0.107373 0.116548
0 0.014780 0.600772 0.029560 0.129733
0 0.029302 0.936919 0.058603 0.112109
0 0.777660 0.021379 0.094302 0.042541
0 0.511399 0.980908 0.098013 0.038184
0 0.031968 0.775424 0.063565 0.118503
0 0.910814 0.364946 0.093086 0.107464
0 0.663221 0.027312 0.081582 0.053863
0 0.025303 0.246337 0.050606 0.107171
0 0.369826 0.607742 0.105278 0.109208
0 0.987485 0.250545 0.025031 0.137870
0 0.989969 0.078645 0.020062 0.114254
0 0.780905 0.502374 0.096385 0.066847
1 0.677625 0.597441 0.086863 0.113092
0 0.025841 0.839252 0.051682 0.119820
