0 0.548505 0.870470 0.084427 0.139310
0 0.798206 0.349910 0.089401 0.153329
0 0.728704 0.221981 0.091070 0.154907
0 0.851413 0.660794 0.087497 0.154653
0 0.508749 0.686912 0.078253 0.140509
0 0.706372 0.348829 0.082760 0.134630
0 0.121297 0.853238 0.091042 0.152718
0 0.604714 0.815912 0.104484 0.168676
0 0.791152 0.572002 0.089211 0.158514
0 0.603448 0.537067 0.089599 0.156542
0 0.199685 0.736074 0.085693 0.145880
0 0.490880 0.227410 0.085068 0.161171
0 0.799839 0.128662 0.081531 0.148500
0 0.222671 0.582317 0.085456 0.149060
0 0.257382 0.442176 0.092711 0.169269
0 0.110426 0.550213 0.090477 0.165907
0 0.682406 0.746815 0.084719 0.154833
0 0.883491 0.812243 0.087826 0.155088
0 0.884319 0.115600 0.094570 0.134532
0 0.281505 0.770727 0.089797 0.162806
0 0.533901 0.580648 0.086417 0.166685
0 0.418139 0.907259 0.084388 0.150639
0 0.321974 0.891051 0.099099 0.144796
0 0.310887 0.305606 0.086138 0.134685
0 0.039596 0.525769 0.079193 0.143222
0 0.258884 0.050528 0.083607 0.101056
0 0.031411 0.248727 0.062359 0.150380
0 0.038198 0.091938 0.075693 0.183875
0 0.529090 0.951854 0.085669 0.092894
0 0.262189 0.951926 0.090763 0.096148
0 0.107892 0.045394 0.092154 0.090009
0 0.201809 0.208275 0.080654 0.153801
0 0.915340 0.595030 0.088966 0.163792
0 0.684270 0.028403 0.077711 0.056806
0 0.065087 0.655023 0.105430 0.144806
0 0.047585 0.765766 0.095169 0.131606
0 0.325555 0.035956 0.077781 0.071912
0 0.875923 0.029111 0.082023 0.058222
0 0.803928 0.032699 0.078576 0.065398
0 0.743818 0.964905 0.092568 0.070190
0 0.357147 0.541382 0.089914 0.126282
0 0.017490 0.411431 0.034979 0.164333
0 0.527730 0.019900 0.071013 0.039125
0 0.346228 0.972222 0.096253 0.055556
0 0.159133 0.970437 0.097557 0.059125
0 0.620053 0.064361 0.081003 0.124324
1 0.389233 0.193361 0.089909 0.164676
0 0.058747 0.369507 0.092604 0.155736
0 0.399598 0.356199 0.075331 0.134620
0 0.193010 0.909366 0.094224 0.166731
0 0.193781 0.363141 0.075901 0.163097
0 0.159811 0.466611 0.081112 0.127370
0 0.675667 0.597894 0.088568 0.162148
0 0.421214 0.048583 0.085187 0.097167
0 0.334768 0.428625 0.084708 0.158194
0 0.752090 0.860366 0.086852 0.161750
0 0.862624 0.312690 0.078440 0.165713
0 0.607342 0.674120 0.098716 0.156630
0 0.377154 0.753338 0.075615 0.131157
0 0.296435 0.598264 0.080932 0.142815
0 0.731348 0.089567 0.084555 0.136032
0 0.626544 0.236687 0.094635 0.164440
0 0.538915 0.108993 0.098815 0.153023
0 0.484258 0.410211 0.087208 0.136671
0 0.478427 0.851856 0.078776 0.159824
0 0.562500 0.412396 0.081911 0.169884
0 0.343197 0.671412 0.095534 0.138380
0 0.937233 0.300528 0.091805 0.164898
0 0.825986 0.876072 0.081320 0.157301
0 0.970337 0.398516 0.059326 0.161523
0 0.128624 0.342002 0.079232 0.177653
0 0.042579 0.873530 0.085154 0.172069
0 0.956523 0.860981 0.086953 0.152963
0 0.440296 0.665852 0.077378 0.200991
0 0.994858 0.913257 0.010284 0.142319
0 0.006112 0.906491 0.010958 0.130954
0 0.631270 0.367794 0.090799 0.142894
0 0.228016 0.146887 0.071292 0.111745
