0 0.989320 0.981563 0.021359 0.036875
1 0.752025 0.440154 0.071629 0.100005
0 0.526350 0.008826 0.073871 0.017651
0 0.008721 0.748586 0.016988 0.105797
0 0.991646 0.547633 0.016168 0.090141
0 0.220920 0.983849 0.067520 0.032302
0 0.989598 0.025891 0.020805 0.049188
0 0.747756 0.980237 0.080637 0.038755
0 0.371695 0.018193 0.067430 0.036385
0 0.507596 0.983721 0.075152 0.032557
0 0.620201 0.020289 0.076363 0.039984
0 0.328166 0.322023 0.067934 0.082484
0 0.015322 0.496242 0.030223 0.091786
0 0.924492 0.979682 0.069539 0.039906
0 0.074203 0.434594 0.067453 0.094333
0 0.022039 0.901924 0.044078 0.095141
0 0.984863 0.635852 0.029797 0.088526
0 0.151154 0.026763 0.066926 0.053526
0 0.094779 0.697070 0.063762 0.077974
0 0.477275 0.027964 0.075816 0.052813
0 0.500762 0.484570 0.064492 0.120474
0 0.544285 0.265995 0.068289 0.092500
0 0.027740 0.965161 0.055480 0.069458
0 0.197773 0.186276 0.069000 0.105052
0 0.851707 0.933341 0.085383 0.101578
0 0.279598 0.260779 0.070531 0.094078
0 0.255535 0.193865 0.073023 0.103396
0 0.547129 0.556628 0.064195 0.082766
0 0.170703 0.499060 0.070563 0.084901
0 0.463070 0.771070 0.075109 0.082818
0 0.417559 0.631466 0.066547 0.097641
0 0.459137 0.826302 0.079141 0.081229
0 0.726203 0.280466 0.084195 0.085891
0 0.372441 0.337096 0.070180 0.117661
0 0.268471 0.428703 0.064027 0.089042
0 0.639578 0.683789 0.072570 0.101401
0 0.147279 0.191372 0.075184 0.089089
0 0.331838 0.826669 0.070465 0.077620
0 0.089598 0.974076 0.072922 0.050922
0 0.554637 0.473813 0.065094 0.085740
0 0.626479 0.112984 0.065285 0.083750
0 0.729814 0.360458 0.067012 0.081042
0 0.840437 0.032846 0.081078 0.063901
0 0.029305 0.236922 0.058609 0.091333
0 0.337617 0.245857 0.073117 0.095099
0 0.559883 0.328672 0.075789 0.080000
0 0.802275 0.249380 0.061582 0.101302
0 0.387193 0.111995 0.073301 0.111115
0 0.133342 0.761995 0.078637 0.092969
0 0.366984 0.540771 0.073211 0.094490
0 0.134525 0.851971 0.070590 0.085359
0 0.530676 0.900341 0.063578 0.110109
0 0.209443 0.433531 0.071676 0.113406
0 0.149617 0.383195 0.070836 0.096453
0 0.062064 0.790383 0.069316 0.082130
0 0.194268 0.277542 0.073020 0.089229
0 0.490977 0.701935 0.075836 0.080224
0 0.430693 0.366349 0.073199 0.109833
0 0.480629 0.629005 0.076016 0.090490
0 0.712633 0.196935 0.078008 0.104214
1 0.065605 0.274852 0.075125 0.100047
0 0.302916 0.500901 0.068887 0.088448
0 0.383568 0.683477 0.073191 0.095870
0 0.975223 0.260784 0.049555 0.097245
0 0.158930 0.566180 0.070516 0.089995
0 0.336096 0.423182 0.074910 0.085646
0 0.096193 0.578469 0.063551 0.104885
0 0.580047 0.912180 0.068320 0.080651
0 0.872623 0.555734 0.073707 0.086573
0 0.858355 0.370669 0.078664 0.096474
0 0.643059 0.194060 0.067695 0.090005
0 0.973713 0.726797 0.052574 0.103146
0 0.748826 0.924203 0.075535 0.094552
0 0.283264 0.350284 0.080254 0.091047
0 0.822621 0.106971 0.077133 0.095026
0 0.321396 0.656906 0.069395 0.089687
0 0.933072 0.313922 0.071051 0.102344
0 0.158320 0.958880 0.072734 0.082240
0 0.193422 0.905039 0.080406 0.096599
0 0.692002 0.890276 0.071309 0.092656
0 0.154229 0.683036 0.067871 0.096885
0 0.588730 0.057862 0.066359 0.085391
0 0.092863 0.906443 0.072930 0.090042
0 0.034109 0.406086 0.066859 0.093536
0 0.405270 0.753721 0.072797 0.084682
0 0.191426 0.808258 0.071117 0.090547
0 0.651801 0.594203 0.067734 0.083510
0 0.612182 0.273328 0.069746 0.088448
0 0.596689 0.411406 0.067113 0.090979
0 0.504535 0.228987 0.072063 0.099422
0 0.470500 0.891867 0.079930 0.090828
0 0.877877 0.472815 0.068652 0.084849
0 0.663002 0.381760 0.080441 0.112094
0 0.212316 0.051867 0.074695 0.103651
0 0.913322 0.731828 0.080902 0.108906
0 0.473127 0.330576 0.069902 0.103193
0 0.041832 0.713003 0.069086 0.090818
0 0.974455 0.440964 0.051090 0.096115
0 0.435928 0.463208 0.075785 0.090240
0 0.508707 0.090198 0.064750 0.089177
0 0.922193 0.214318 0.070059 0.088000
0 0.691205 0.748497 0.073004 0.088036
0 0.316359 0.744547 0.070414 0.089854
0 0.583912 0.618966 0.067629 0.086589
0 0.300879 0.061911 0.068656 0.088365
0 0.328617 0.148659 0.070000 0.094943
0 0.687479 0.468818 0.070230 0.081844
0 0.253244 0.690661 0.070809 0.100615
0 0.813219 0.789404 0.071172 0.093036
0 0.578189 0.752479 0.072551 0.083625
0 0.870627 0.277690 0.076465 0.098526
0 0.731328 0.667312 0.076766 0.096260
0 0.441660 0.083344 0.073359 0.102760
0 0.730037 0.832797 0.074535 0.088948
0 0.970068 0.921284 0.059863 0.090953
0 0.938963 0.121055 0.070637 0.088568
0 0.396652 0.901362 0.067484 0.091036
0 0.067383 0.167000 0.075484 0.095979
0 0.936023 0.576497 0.068984 0.093391
0 0.297770 0.960404 0.070172 0.079193
0 0.863617 0.173792 0.068945 0.090354
0 0.643916 0.813779 0.071168 0.085151
0 0.950963 0.371245 0.078738 0.094760
0 0.712111 0.546307 0.080277 0.091229
0 0.309266 0.881049 0.077039 0.087484
0 0.884313 0.644031 0.074539 0.089344
0 0.458445 0.547758 0.078492 0.091859
0 0.243025 0.551732 0.070613 0.089068
0 0.829264 0.697549 0.075277 0.098339
0 0.777996 0.587586 0.072609 0.100807
0 0.034082 0.573122 0.067539 0.100526
0 0.871646 0.817945 0.072691 0.100214
0 0.557094 0.137349 0.075625 0.104604
0 0.956088 0.830052 0.077871 0.095688
0 0.709525 0.080617 0.070652 0.095068
