1 0.675958 0.614937 0.099068 0.175134
0 0.094283 0.099597 0.105164 0.133333
0 0.929733 0.822461 0.114346 0.121606
0 0.972047 0.046148 0.055906 0.092296
0 0.022272 0.557928 0.044544 0.145458
0 0.028727 0.396891 0.057453 0.173088
0 0.650990 0.385294 0.093755 0.116588
0 0.085879 0.409148 0.080180 0.179185
0 0.251293 0.898502 0.091086 0.142255
0 0.336578 0.689870 0.107458 0.132704
0 0.106280 0.767799 0.104164 0.140319
0 0.083355 0.554088 0.085143 0.140380
0 0.175730 0.132764 0.084404 0.143981
0 0.254339 0.131139 0.076573 0.151176
0 0.387892 0.528456 0.086664 0.152921
0 0.832628 0.896924 0.091568 0.156477
0 0.470448 0.351213 0.088453 0.152009
0 0.758056 0.400836 0.086534 0.123912
0 0.308349 0.802044 0.084333 0.140560
0 0.341262 0.908375 0.092456 0.159704
0 0.545792 0.609669 0.096297 0.146106
0 0.668951 0.794074 0.091500 0.142278
0 0.608081 0.692762 0.083312 0.123236
0 0.740449 0.872005 0.098029 0.149519
0 0.318297 0.244729 0.090802 0.145968
0 0.400379 0.389877 0.089091 0.144477
0 0.566501 0.794690 0.088695 0.150713
0 0.721763 0.080882 0.083203 0.146940
0 0.468826 0.672366 0.089271 0.154333
0 0.732951 0.708933 0.094339 0.146051
0 0.840794 0.498051 0.085062 0.144083
0 0.249783 0.310829 0.084247 0.148435
0 0.428301 0.079657 0.083586 0.150111
0 0.133212 0.646891 0.091591 0.141579
0 0.834742 0.638715 0.093198 0.154736
0 0.168938 0.277882 0.091724 0.162431
0 0.476785 0.525641 0.096180 0.164181
0 0.433957 0.224738 0.087247 0.154356
0 0.740531 0.277282 0.088224 0.146444
0 0.649108 0.249354 0.089055 0.150838
0 0.317384 0.566433 0.084185 0.149162
0 0.954460 0.504331 0.090669 0.138051
0 0.936585 0.396116 0.092846 0.144009
0 0.312996 0.077262 0.084831 0.138653
0 0.954840 0.144310 0.090320 0.158972
0 0.919185 0.926905 0.080812 0.128764
0 0.970594 0.683512 0.058813 0.143375
0 0.511428 0.062778 0.089133 0.124528
0 0.704025 0.484877 0.098779 0.155921
0 0.887706 0.727806 0.096365 0.163019
0 0.647033 0.067847 0.078497 0.135630
0 0.957577 0.275206 0.084846 0.133134
0 0.161013 0.421104 0.094417 0.142819
0 0.095171 0.219373 0.087414 0.150847
0 0.203772 0.804109 0.086961 0.129227
0 0.818513 0.264005 0.077500 0.172843
0 0.995090 0.806106 0.009820 0.153213
0 0.239940 0.981083 0.103865 0.037833
0 0.279861 0.012333 0.090940 0.024667
0 0.990850 0.572431 0.018299 0.142704
0 0.586152 0.018493 0.091893 0.036986
0 0.081408 0.026146 0.098044 0.052292
0 0.699770 0.965602 0.084935 0.068796
0 0.624566 0.964257 0.073003 0.071486
