0 0.035625 0.952403 0.071250 0.095194
0 0.944904 0.069870 0.093370 0.137019
0 0.348076 0.096468 0.107797 0.172454
0 0.108576 0.647593 0.093589 0.208870
0 0.527661 0.586384 0.115292 0.137991
0 0.613638 0.895986 0.074609 0.146102
0 0.103326 0.928255 0.104776 0.143491
0 0.690888 0.563875 0.080964 0.145269
0 0.506260 0.688407 0.098740 0.152296
0 0.343151 0.612417 0.093562 0.187815
0 0.202568 0.550866 0.096250 0.159769
0 0.386503 0.773069 0.094339 0.185713
0 0.167273 0.118208 0.097505 0.154972
0 0.958289 0.266403 0.083422 0.149620
0 0.846904 0.930606 0.092578 0.138787
0 0.450518 0.047444 0.089755 0.093556
0 0.040245 0.576356 0.080490 0.186491
0 0.213982 0.367528 0.101766 0.144778
0 0.181656 0.801963 0.107833 0.158870
0 0.275339 0.144134 0.095958 0.172583
0 0.052669 0.825032 0.083745 0.155713
0 0.639240 0.084190 0.109271 0.168380
0 0.107031 0.110745 0.089417 0.152806
0 0.373091 0.425398 0.092443 0.171630
0 0.048914 0.429167 0.097828 0.191444
0 0.674315 0.683019 0.083078 0.156574
0 0.280469 0.280088 0.087365 0.142269
0 0.830133 0.212727 0.098609 0.187472
0 0.559839 0.062667 0.091698 0.125333
0 0.951945 0.884468 0.091047 0.153972
0 0.577201 0.187431 0.101151 0.169194
0 0.956875 0.688676 0.085312 0.151741
0 0.882203 0.643972 0.094802 0.197037
0 0.684906 0.218255 0.095021 0.180472
0 0.748641 0.330968 0.093740 0.177491
0 0.494797 0.816792 0.095687 0.155287
0 0.417698 0.312630 0.086250 0.138389
0 0.526542 0.316537 0.092688 0.149574
0 0.798031 0.444755 0.107281 0.136157
0 0.710003 0.802787 0.082016 0.185463
0 0.658146 0.473176 0.096635 0.153963
0 0.567682 0.769431 0.086167 0.145417
0 0.843414 0.360829 0.087109 0.154417
0 0.412724 0.545917 0.088323 0.161778
0 0.286974 0.443574 0.102583 0.164463
0 0.489177 0.933375 0.096281 0.133250
0 0.675078 0.932810 0.102625 0.134380
0 0.600401 0.648296 0.087823 0.158444
0 0.496518 0.411421 0.082422 0.110657
0 0.300654 0.022185 0.100547 0.044370
0 0.982518 0.775958 0.033318 0.167046
0 0.119003 0.392278 0.082089 0.156944
0 0.014776 0.106505 0.028083 0.163139
0 0.386927 0.883931 0.082302 0.147361
0 0.115018 0.761306 0.090276 0.166407
0 0.778708 0.799917 0.084365 0.146019
0 0.168565 0.034616 0.089151 0.067583
0 0.879966 0.056880 0.102047 0.113759
0 0.810398 0.828940 0.093995 0.129528
0 0.211078 0.254806 0.092406 0.144019
0 0.983458 0.107653 0.033083 0.169065
0 0.049417 0.198912 0.091312 0.188287
0 0.244029 0.620361 0.089214 0.184463
0 0.355716 0.925472 0.101703 0.143556
0 0.963753 0.557903 0.071266 0.165620
0 0.152333 0.381347 0.085625 0.152287
0 0.469294 0.219671 0.099411 0.162324
0 0.743461 0.055773 0.100807 0.109435
0 0.749802 0.639255 0.092833 0.161398
0 0.462232 0.459463 0.088943 0.153907
0 0.888773 0.843278 0.085620 0.160407
0 0.260568 0.819866 0.085531 0.177787
0 0.168190 0.242773 0.086432 0.142843
1 0.815005 0.729074 0.079177 0.130963
1 0.522477 0.473662 0.079724 0.121028
