0 0.222154 0.711361 0.073286 0.130019
0 0.682277 0.022266 0.066211 0.044060
0 0.339885 0.460451 0.071266 0.142134
0 0.982639 0.235345 0.034721 0.108884
0 0.468750 0.035417 0.054818 0.070713
0 0.433086 0.347187 0.081349 0.091384
0 0.691350 0.183252 0.069060 0.121560
0 0.185751 0.101896 0.073461 0.126477
0 0.497368 0.763498 0.074716 0.129245
0 0.533780 0.166762 0.070841 0.135875
0 0.853669 0.398975 0.065828 0.126986
0 0.424523 0.880993 0.072203 0.128523
0 0.297630 0.323106 0.064286 0.128648
0 0.559863 0.445507 0.067148 0.119495
0 0.405956 0.754252 0.072651 0.137829
0 0.752835 0.101361 0.077810 0.137444
0 0.105064 0.122556 0.082508 0.150556
0 0.770754 0.383486 0.070706 0.124417
0 0.905809 0.762132 0.069143 0.135032
0 0.082478 0.480308 0.065029 0.110690
0 0.240536 0.274134 0.071953 0.113148
0 0.606288 0.160375 0.071898 0.148194
0 0.948796 0.340338 0.067049 0.115630
0 0.020027 0.571660 0.039690 0.145255
0 0.983794 0.945315 0.032411 0.108852
0 0.114638 0.893650 0.078484 0.114625
0 0.248893 0.079991 0.071286 0.119778
0 0.621150 0.366097 0.077477 0.181750
0 0.368637 0.183627 0.059065 0.136292
0 0.500965 0.289375 0.069091 0.122009
0 0.557418 0.945870 0.075039 0.108231
0 0.792376 0.325218 0.072320 0.124935
0 0.675016 0.106002 0.072990 0.131384
0 0.035563 0.380880 0.071104 0.160889
0 0.693889 0.532100 0.080940 0.109255
0 0.380564 0.966843 0.081924 0.064546
0 0.730551 0.501046 0.075862 0.123185
0 0.794150 0.970208 0.072086 0.058657
0 0.985294 0.404035 0.029411 0.126227
0 0.305190 0.583968 0.070786 0.132972
0 0.982431 0.111843 0.035096 0.144194
0 0.908169 0.482532 0.083078 0.154241
0 0.222207 0.460824 0.074451 0.135944
0 0.701784 0.762343 0.076573 0.141111
0 0.146313 0.557778 0.078438 0.141019
0 0.147172 0.713042 0.071083 0.124519
0 0.967691 0.543400 0.064242 0.142153
0 0.183991 0.827331 0.070883 0.132699
0 0.088921 0.784162 0.069919 0.122352
0 0.420654 0.248248 0.068995 0.128384
0 0.134876 0.033984 0.069779 0.067644
0 0.033288 0.923204 0.066576 0.124824
0 0.938904 0.878481 0.074818 0.124972
0 0.438615 0.448787 0.067620 0.115722
0 0.689424 0.403766 0.067651 0.115625
0 0.831706 0.865690 0.076922 0.135685
0 0.067751 0.654262 0.078461 0.136106
0 0.956379 0.672595 0.070346 0.124931
0 0.317219 0.909875 0.078167 0.147852
0 0.459509 0.138662 0.075581 0.124361
0 0.589806 0.719410 0.075971 0.139347
0 0.831741 0.728891 0.080315 0.127875
0 0.762671 0.647766 0.072060 0.128329
0 0.361743 0.326074 0.069091 0.133194
0 0.716447 0.298884 0.071456 0.118630
0 0.150027 0.422600 0.086268 0.122014
0 0.394301 0.064366 0.077148 0.126065
0 0.451276 0.565359 0.076156 0.128347
0 0.987701 0.739674 0.024062 0.139079
0 0.968691 0.014023 0.062617 0.027750
0 0.535068 0.019019 0.079286 0.037269
0 0.770771 0.015139 0.074292 0.029167
0 0.011478 0.268785 0.022872 0.150505
0 0.941941 0.975787 0.077221 0.046648
0 0.839310 0.028238 0.073422 0.055245
0 0.028900 0.060285 0.057648 0.120569
