1 0.824417 0.180093 0.100833 0.173278
0 0.983342 0.234044 0.033315 0.144958
1 0.426151 0.057127 0.092156 0.111366
1 0.192803 0.949910 0.116997 0.100181
1 0.740773 0.469889 0.091229 0.152231
1 0.219333 0.510711 0.097203 0.181921
0 0.007659 0.259507 0.015214 0.162125
0 0.506984 0.576569 0.116786 0.151704
0 0.006824 0.683181 0.013648 0.170574
0 0.314457 0.038065 0.122357 0.076130
0 0.673809 0.039674 0.095336 0.079347
1 0.497546 0.924197 0.085602 0.148245
1 0.688198 0.194914 0.108646 0.164264
1 0.681879 0.335007 0.092680 0.148875
1 0.859116 0.835949 0.118690 0.160417
0 0.608210 0.950613 0.133190 0.098773
1 0.964684 0.812884 0.069539 0.151398
1 0.778003 0.601958 0.101385 0.174685
0 0.547165 0.149097 0.086951 0.181500
1 0.328738 0.690319 0.098018 0.175343
1 0.560443 0.304384 0.106490 0.173111
0 0.013046 0.458609 0.024763 0.156912
1 0.497780 0.427984 0.099966 0.161005
0 0.780901 0.774549 0.085943 0.192912
0 0.274229 0.607889 0.103063 0.186102
0 0.845573 0.537491 0.091531 0.188556
0 0.019095 0.850185 0.037784 0.149722
0 0.460698 0.725363 0.089802 0.187523
0 0.533757 0.723597 0.082591 0.148546
0 0.492956 0.255840 0.109677 0.161736
0 0.622408 0.155248 0.098117 0.178282
0 0.087611 0.802350 0.109539 0.157894
0 0.970344 0.697720 0.059313 0.159579
0 0.104988 0.348030 0.110956 0.163523
0 0.145427 0.591465 0.083740 0.165634
0 0.559049 0.851315 0.096208 0.163944
0 0.719602 0.775252 0.092146 0.179005
0 0.904477 0.749160 0.101922 0.162449
0 0.387728 0.780363 0.106513 0.152042
0 0.954753 0.162928 0.089016 0.153144
0 0.840430 0.950220 0.095016 0.099560
0 0.052227 0.450720 0.081448 0.170116
0 0.940480 0.306155 0.097419 0.168264
0 0.427549 0.868155 0.120224 0.148542
0 0.372654 0.124097 0.105839 0.163472
0 0.673227 0.539609 0.097047 0.171755
0 0.726447 0.919275 0.105159 0.157625
0 0.602128 0.650782 0.089672 0.180167
0 0.137389 0.876662 0.111518 0.152824
0 0.637139 0.825738 0.087117 0.197199
0 0.079073 0.654986 0.093750 0.163185
0 0.900990 0.610169 0.096859 0.150440
0 0.830358 0.336549 0.088596 0.164708
0 0.145986 0.446139 0.102935 0.142685
0 0.755034 0.331530 0.080167 0.154051
0 0.588836 0.435514 0.098510 0.152852
0 0.884813 0.062000 0.101547 0.120009
0 0.198341 0.283905 0.085943 0.156051
0 0.202779 0.697799 0.105323 0.161977
0 0.470135 0.134130 0.093177 0.156000
0 0.375470 0.481215 0.101805 0.178181
0 0.267383 0.816245 0.110219 0.154722
0 0.299316 0.383637 0.109711 0.144773
0 0.282181 0.154681 0.106737 0.170546
0 0.370477 0.251299 0.103068 0.142542
0 0.958910 0.434836 0.082180 0.150727
0 0.089638 0.218463 0.113625 0.162667
1 0.982465 0.082514 0.033148 0.136037
