0 0.139023 0.993047 0.078836 0.013677
0 0.503008 0.804141 0.089609 0.131969
0 0.009531 0.246531 0.017906 0.102552
0 0.555043 0.011359 0.072016 0.022719
0 0.988180 0.551388 0.022500 0.090005
0 0.954500 0.901128 0.074258 0.096807
0 0.029238 0.020089 0.058477 0.039510
0 0.202512 0.971008 0.068703 0.056901
0 0.922064 0.645435 0.079504 0.095411
0 0.965350 0.979831 0.069301 0.039641
0 0.200574 0.112555 0.081195 0.104641
0 0.015697 0.482401 0.031395 0.103490
0 0.780914 0.033893 0.073758 0.067786
0 0.394020 0.981688 0.076812 0.036625
0 0.321127 0.971216 0.067801 0.055297
0 0.573965 0.330464 0.073195 0.117021
0 0.298631 0.835133 0.077762 0.110568
0 0.547680 0.499292 0.082586 0.101552
0 0.328053 0.297646 0.081309 0.111146
0 0.519254 0.441276 0.096797 0.105969
0 0.107982 0.445388 0.082191 0.100057
0 0.507008 0.370677 0.077805 0.084187
0 0.982824 0.341893 0.034352 0.097453
0 0.980324 0.725323 0.038703 0.100229
0 0.916543 0.728042 0.087070 0.083979
0 0.663230 0.155044 0.076414 0.130089
0 0.918406 0.055375 0.077313 0.106302
0 0.230670 0.035664 0.080723 0.069297
0 0.723619 0.602138 0.072066 0.094151
0 0.820367 0.073755 0.073352 0.109125
0 0.499090 0.284216 0.074008 0.094693
0 0.238797 0.177773 0.066023 0.116911
0 0.406906 0.028794 0.075211 0.055964
0 0.671557 0.964445 0.071152 0.071005
0 0.605584 0.630747 0.076520 0.095807
0 0.421480 0.796349 0.083969 0.117833
0 0.399199 0.921573 0.083914 0.085958
0 0.866742 0.333891 0.077125 0.102198
0 0.919734 0.203958 0.079953 0.091906
0 0.616555 0.535096 0.072375 0.096536
0 0.942010 0.296992 0.079816 0.107599
0 0.248068 0.648109 0.079668 0.092854
0 0.724732 0.178232 0.078020 0.103578
0 0.085205 0.524974 0.075770 0.092812
0 0.438963 0.464964 0.070012 0.093052
0 0.128574 0.595070 0.073484 0.097245
0 0.175465 0.418185 0.076359 0.119307
0 0.036814 0.183742 0.071598 0.096453
0 0.437201 0.371284 0.066012 0.103922
0 0.158338 0.261695 0.073770 0.098172
0 0.305379 0.434109 0.089430 0.105125
0 0.332061 0.606331 0.072348 0.093609
0 0.564533 0.114878 0.074621 0.098068
0 0.778869 0.550857 0.077973 0.101057
0 0.032732 0.084453 0.065465 0.097125
0 0.739682 0.435823 0.073598 0.097812
0 0.881723 0.130341 0.075633 0.096005
0 0.621926 0.328810 0.068805 0.089443
0 0.246264 0.734497 0.072449 0.087245
0 0.370609 0.361823 0.074594 0.098635
0 0.683371 0.497341 0.069508 0.091589
0 0.595865 0.753482 0.075527 0.100859
0 0.030238 0.788250 0.060047 0.099750
0 0.487342 0.758521 0.081598 0.105177
0 0.307182 0.062758 0.079387 0.097891
0 0.227139 0.477214 0.073012 0.094677
0 0.291143 0.216706 0.072434 0.098099
0 0.859771 0.830706 0.075934 0.092943
0 0.944408 0.800560 0.081426 0.100141
0 0.356805 0.128135 0.069203 0.092865
0 0.625680 0.425250 0.079609 0.103115
0 0.838896 0.911484 0.071379 0.091781
0 0.040324 0.391664 0.072016 0.114266
0 0.666588 0.885359 0.074715 0.094427
0 0.106592 0.341904 0.078090 0.109859
0 0.034115 0.608414 0.068230 0.090974
0 0.459307 0.090234 0.076387 0.105281
0 0.509576 0.938107 0.072871 0.097661
0 0.730713 0.081479 0.077645 0.089719
0 0.097256 0.781669 0.075785 0.096964
0 0.794068 0.646630 0.078918 0.096667
0 0.769525 0.924240 0.077113 0.108427
0 0.619191 0.211180 0.079836 0.110568
0 0.859180 0.553617 0.079945 0.103682
0 0.951051 0.471766 0.084930 0.114448
0 0.781076 0.219617 0.082824 0.110474
0 0.601887 0.936690 0.076773 0.104578
0 0.522176 0.830523 0.089039 0.115099
0 0.231836 0.847547 0.072359 0.105104
0 0.656273 0.681482 0.079609 0.104057
0 0.045428 0.881646 0.080379 0.104969
0 0.778551 0.743237 0.077125 0.102620
0 0.375584 0.852013 0.071793 0.081016
0 0.268098 0.945430 0.073266 0.107089
