1 0.367133 0.436630 0.083964 0.147130
1 0.445529 0.884060 0.090328 0.152287
0 0.012337 0.173069 0.024388 0.169611
0 0.866598 0.983444 0.092763 0.029972
0 0.015333 0.317252 0.030620 0.141190
0 0.694480 0.016500 0.091576 0.032343
0 0.473367 0.965472 0.099563 0.069056
0 0.778396 0.877037 0.102219 0.156528
0 0.792306 0.964775 0.087622 0.070449
0 0.393139 0.317088 0.126867 0.148917
0 0.591368 0.362289 0.078862 0.241718
0 0.389764 0.937356 0.090451 0.124009
0 0.546620 0.574032 0.118969 0.149407
0 0.711546 0.947676 0.094331 0.104389
0 0.618964 0.864400 0.083896 0.178662
0 0.264264 0.051322 0.082128 0.101356
0 0.677158 0.486961 0.116273 0.148412
0 0.637913 0.692854 0.087247 0.182727
0 0.531193 0.454880 0.106583 0.158806
0 0.540583 0.833525 0.090458 0.133356
0 0.054258 0.197891 0.072292 0.179069
0 0.448557 0.756016 0.103771 0.151042
0 0.875658 0.888350 0.092560 0.179218
0 0.735745 0.708352 0.091875 0.163435
0 0.303671 0.124736 0.105315 0.155630
0 0.696874 0.836199 0.088206 0.158407
0 0.121120 0.055333 0.093328 0.108648
0 0.537272 0.703220 0.095299 0.140856
0 0.807384 0.778556 0.089440 0.163435
0 0.645264 0.349130 0.080945 0.143713
0 0.455043 0.403065 0.092096 0.176667
0 0.684719 0.615472 0.088687 0.148694
0 0.458318 0.570516 0.099286 0.188477
0 0.132365 0.208509 0.083901 0.159231
0 0.458858 0.201231 0.088841 0.149204
0 0.216935 0.227782 0.090536 0.162481
0 0.372184 0.218600 0.086112 0.159412
0 0.703318 0.252799 0.088219 0.164255
0 0.735064 0.118072 0.104935 0.175208
0 0.344029 0.987979 0.074552 0.021616
0 0.522806 0.314144 0.086195 0.160426
1 0.196137 0.090648 0.090560 0.165296
0 0.627549 0.223039 0.088146 0.149319
0 0.731815 0.401625 0.097198 0.184306
0 0.295932 0.269303 0.086771 0.156412
