1 0.164544 0.283903 0.095474 0.187602
1 0.945456 0.271944 0.097349 0.171065
1 0.228272 0.615963 0.103503 0.163639
0 0.090415 0.962745 0.086398 0.074509
0 0.033204 0.969324 0.064836 0.060287
0 0.008747 0.273972 0.017495 0.166565
0 0.890996 0.024477 0.094070 0.048954
0 0.813418 0.965729 0.090732 0.068542
0 0.319154 0.925639 0.110115 0.133880
0 0.977152 0.869134 0.044727 0.122565
0 0.984285 0.954972 0.031242 0.090056
0 0.275349 0.058771 0.083411 0.113597
0 0.286849 0.840725 0.097734 0.133551
0 0.018345 0.070715 0.036690 0.140718
0 0.305549 0.136072 0.079943 0.177644
0 0.167460 0.921461 0.081617 0.157079
0 0.795030 0.041023 0.084357 0.080528
0 0.978954 0.750470 0.040763 0.176042
0 0.019897 0.435167 0.039794 0.166139
0 0.933009 0.955498 0.088409 0.089005
0 0.375906 0.094403 0.086818 0.181981
0 0.225249 0.149403 0.093070 0.168231
0 0.100810 0.038558 0.079031 0.077116
0 0.050118 0.343947 0.091326 0.138931
0 0.272086 0.726431 0.082323 0.142454
0 0.927568 0.733204 0.094661 0.186463
0 0.381482 0.807898 0.091854 0.158556
0 0.766509 0.126988 0.087232 0.179181
0 0.315758 0.505396 0.085630 0.172079
0 0.194823 0.052016 0.094286 0.104032
0 0.110284 0.889778 0.078750 0.172778
0 0.312066 0.340338 0.083268 0.176917
0 0.464806 0.571576 0.086674 0.154616
0 0.229637 0.912005 0.078034 0.167981
0 0.775078 0.322046 0.080661 0.152046
0 0.525940 0.787850 0.074995 0.138773
0 0.443685 0.061391 0.093948 0.122782
0 0.832620 0.131764 0.085469 0.158046
0 0.039180 0.854463 0.077271 0.155898
0 0.577910 0.144396 0.083737 0.147736
0 0.432368 0.361565 0.086747 0.153954
0 0.962216 0.451715 0.075568 0.153625
0 0.397073 0.489218 0.087823 0.180574
0 0.370361 0.248271 0.094398 0.151505
0 0.669099 0.094850 0.091625 0.180690
0 0.513703 0.917861 0.095516 0.152000
0 0.237448 0.464808 0.087177 0.159866
0 0.640243 0.365808 0.100617 0.155199
0 0.687031 0.789799 0.099286 0.163644
0 0.521678 0.504595 0.089893 0.163014
0 0.540725 0.366813 0.085758 0.158431
0 0.628184 0.223449 0.096815 0.153343
0 0.594375 0.460176 0.079625 0.160991
0 0.855310 0.909125 0.100755 0.172806
0 0.718938 0.195236 0.083969 0.162167
0 0.786820 0.766579 0.086120 0.142556
0 0.918301 0.847891 0.096878 0.158727
0 0.753193 0.641377 0.082849 0.158819
0 0.750970 0.921426 0.087633 0.151315
0 0.615323 0.886137 0.087286 0.140856
0 0.644493 0.677289 0.085758 0.173032
0 0.582862 0.606079 0.091052 0.153028
0 0.857779 0.282326 0.088089 0.177486
0 0.707814 0.504546 0.092643 0.161787
