0 0.958955 0.752849 0.074137 0.099958
0 0.101287 0.447346 0.070371 0.093641
0 0.556404 0.498872 0.061527 0.094193
0 0.909812 0.268370 0.077055 0.086750
0 0.812020 0.081224 0.075250 0.121625
0 0.083584 0.353391 0.067465 0.088927
0 0.226092 0.103164 0.063137 0.104130
0 0.300027 0.563125 0.064961 0.087115
0 0.423682 0.970458 0.068520 0.059083
0 0.922180 0.173521 0.075828 0.104510
0 0.496672 0.720602 0.066797 0.079589
0 0.289523 0.913747 0.067609 0.089245
0 0.502896 0.922341 0.069910 0.097516
0 0.399672 0.322742 0.072555 0.083297
0 0.436391 0.580536 0.073781 0.090469
0 0.102926 0.919695 0.072187 0.093911
0 0.597105 0.672154 0.068797 0.089255
0 0.193283 0.407021 0.078504 0.090406
0 0.731934 0.148909 0.067477 0.088432
0 0.724455 0.057510 0.068379 0.083792
0 0.170406 0.892529 0.072781 0.083224
0 0.629811 0.077195 0.068512 0.095016
0 0.825971 0.313888 0.075574 0.110714
0 0.529025 0.042286 0.066246 0.083615
0 0.112209 0.129643 0.069863 0.093203
0 0.497451 0.430167 0.073957 0.099667
0 0.686389 0.296760 0.067770 0.091135
0 0.662041 0.895115 0.085270 0.098979
0 0.463695 0.058805 0.067742 0.078682
0 0.355498 0.515760 0.070941 0.087083
0 0.259301 0.628049 0.075914 0.093714
0 0.062541 0.262315 0.068230 0.089224
0 0.159766 0.310529 0.070484 0.082224
0 0.078312 0.642456 0.070328 0.087182
0 0.781383 0.616922 0.067297 0.091781
0 0.673984 0.658714 0.065125 0.087865
0 0.964518 0.955753 0.069512 0.088224
0 0.143535 0.529891 0.072391 0.096135
0 0.578281 0.127203 0.069484 0.097490
0 0.605250 0.247792 0.071250 0.102229
0 0.603953 0.578036 0.072383 0.091937
0 0.637662 0.473753 0.081129 0.110443
0 0.162908 0.075961 0.064793 0.084932
0 0.935951 0.639951 0.081738 0.115953
0 0.333639 0.160727 0.059996 0.079328
0 0.004049 0.968357 0.008098 0.063286
0 0.991617 0.813740 0.016766 0.088896
0 0.467879 0.010859 0.085891 0.021719
0 0.839000 0.805870 0.079898 0.115333
0 0.361912 0.248586 0.074379 0.095130
0 0.819311 0.010341 0.071590 0.020682
0 0.895293 0.016430 0.069547 0.032672
0 0.351104 0.666539 0.053457 0.094432
0 0.987668 0.340151 0.023531 0.090896
0 0.540525 0.977961 0.070887 0.042214
0 0.267088 0.979154 0.074848 0.041693
0 0.191562 0.021495 0.066102 0.041354
0 0.889541 0.830602 0.066504 0.092839
0 0.986170 0.505667 0.026879 0.085844
0 0.467879 0.657031 0.059375 0.068021
0 0.500529 0.299984 0.066215 0.084187
0 0.982842 0.605643 0.033684 0.088786
0 0.787623 0.974365 0.074348 0.051271
0 0.023846 0.036005 0.045402 0.070583
0 0.058115 0.970643 0.069918 0.056068
0 0.828801 0.721740 0.071641 0.073354
0 0.916084 0.466711 0.061238 0.079297
0 0.965555 0.024232 0.066320 0.048464
0 0.690762 0.416896 0.069937 0.089875
0 0.741436 0.238312 0.066941 0.083052
0 0.027084 0.534643 0.054168 0.106266
0 0.326063 0.415734 0.066461 0.088448
0 0.975734 0.115182 0.048531 0.082490
0 0.751691 0.326768 0.059320 0.090401
0 0.866734 0.131875 0.070914 0.078740
0 0.927424 0.362271 0.064395 0.094240
0 0.053869 0.729315 0.060668 0.087714
0 0.542201 0.365878 0.056746 0.091141
0 0.543889 0.206477 0.060926 0.085453
0 0.871793 0.408701 0.070844 0.082516
0 0.359617 0.033740 0.069266 0.066688
0 0.353287 0.947792 0.066012 0.083375
0 0.691854 0.769747 0.063855 0.086161
0 0.973437 0.420388 0.053125 0.079120
0 0.801203 0.189148 0.067875 0.079651
0 0.269520 0.744534 0.066750 0.083932
0 0.294662 0.231505 0.060855 0.093083
0 0.855217 0.564122 0.066629 0.097776
0 0.621383 0.764349 0.075930 0.085687
0 0.039432 0.097602 0.064137 0.094380
0 0.111289 0.609378 0.066125 0.086859
0 0.113174 0.708133 0.062598 0.084099
0 0.410271 0.668984 0.061645 0.093542
