0 0.690377 0.215474 0.073621 0.085948
0 0.680344 0.698005 0.070039 0.093177
0 0.310105 0.798953 0.062594 0.085781
0 0.532400 0.198318 0.072660 0.103375
0 0.988576 0.119148 0.021684 0.105234
0 0.708117 0.407911 0.067484 0.089271
0 0.580736 0.097893 0.077793 0.091047
0 0.458004 0.281115 0.059219 0.097813
0 0.131240 0.899112 0.073480 0.088922
0 0.242367 0.806547 0.065984 0.085885
0 0.873373 0.111047 0.070262 0.093896
0 0.433457 0.389930 0.068961 0.089859
0 0.982260 0.947146 0.033387 0.095688
0 0.590939 0.028979 0.075457 0.055969
0 0.256539 0.603805 0.072914 0.090370
0 0.926113 0.825154 0.097922 0.119255
0 0.593342 0.488521 0.064512 0.077521
0 0.944793 0.266841 0.073172 0.097776
0 0.756311 0.359430 0.067512 0.089411
0 0.870293 0.979372 0.077828 0.041255
0 0.428488 0.048685 0.081250 0.090828
0 0.326750 0.416599 0.068758 0.092844
0 0.589506 0.659987 0.073207 0.093005
0 0.422445 0.880479 0.072273 0.098448
0 0.258717 0.711174 0.064277 0.099036
0 0.495404 0.346211 0.076230 0.134870
0 0.493078 0.812424 0.069367 0.091891
0 0.223715 0.145474 0.096578 0.123281
0 0.524166 0.113224 0.077309 0.097250
0 0.422900 0.962042 0.071684 0.075427
0 0.841521 0.928344 0.064152 0.088573
0 0.379453 0.344365 0.071758 0.095250
0 0.129494 0.667672 0.103473 0.129573
0 0.605199 0.291516 0.067063 0.100948
0 0.672863 0.492953 0.087859 0.117510
0 0.387059 0.421859 0.061406 0.083052
0 0.340498 0.668169 0.069270 0.092182
0 0.894152 0.191628 0.078031 0.091297
0 0.492742 0.966951 0.063750 0.066099
0 0.028518 0.711357 0.057035 0.095880
0 0.345119 0.891641 0.093934 0.108052
0 0.837389 0.709914 0.074160 0.122755
0 0.132025 0.381036 0.070230 0.080437
0 0.028572 0.794891 0.057145 0.096771
0 0.976209 0.031440 0.047582 0.062880
0 0.778199 0.441081 0.066547 0.091901
0 0.783713 0.632612 0.070348 0.103391
0 0.442018 0.610013 0.073949 0.083120
0 0.042133 0.134464 0.075789 0.090750
0 0.010338 0.864432 0.020676 0.114875
0 0.888451 0.411245 0.084707 0.086740
0 0.350820 0.082016 0.090859 0.100823
0 0.815338 0.075906 0.087746 0.125042
0 0.462826 0.721237 0.096645 0.105964
0 0.620301 0.160932 0.067922 0.094667
0 0.719111 0.988174 0.097855 0.021630
0 0.366877 0.514281 0.086973 0.082729
0 0.438754 0.793852 0.063984 0.076078
0 0.386680 0.834479 0.063984 0.107104
0 0.316881 0.971125 0.065090 0.056875
0 0.278795 0.931055 0.074230 0.082359
0 0.226998 0.887289 0.073121 0.084203
0 0.558021 0.434922 0.068059 0.073729
0 0.650293 0.252341 0.084422 0.087255
0 0.720398 0.624904 0.053742 0.088557
0 0.350584 0.746232 0.064043 0.080755
0 0.670197 0.945805 0.068270 0.077943
0 0.197262 0.553307 0.075867 0.099385
1 0.183797 0.341260 0.074320 0.099208
0 0.702613 0.165451 0.077813 0.101380
0 0.294809 0.076013 0.071242 0.088693
0 0.109305 0.012927 0.092234 0.025854
0 0.015865 0.198023 0.031605 0.122964
0 0.993521 0.577792 0.011199 0.118427
0 0.073719 0.342977 0.108945 0.116651
0 0.313109 0.220016 0.092727 0.108344
0 0.031209 0.604224 0.062418 0.109229
0 0.853236 0.450594 0.076387 0.114969
0 0.670936 0.861339 0.072785 0.124562
0 0.382256 0.584490 0.059285 0.111135
0 0.945182 0.149633 0.072621 0.121745
0 0.610592 0.970781 0.062816 0.058438
0 0.006840 0.399297 0.010781 0.092615
0 0.979791 0.478396 0.040418 0.131573
0 0.886996 0.674854 0.053664 0.080979
0 0.732373 0.053159 0.083699 0.102068
0 0.385217 0.019060 0.065949 0.037495
0 0.543695 0.933641 0.064719 0.092542
0 0.259422 0.426914 0.070516 0.091953
0 0.130215 0.771943 0.072320 0.092542
0 0.956881 0.553815 0.064879 0.154474
0 0.492602 0.467484 0.068953 0.089875
0 0.186588 0.725930 0.081629 0.092568
0 0.057398 0.531409 0.073313 0.087432
0 0.069336 0.834958 0.074281 0.114104
0 0.058580 0.921682 0.085418 0.102521
0 0.767625 0.870458 0.075570 0.084865
0 0.089760 0.067034 0.120238 0.117745
0 0.918453 0.930846 0.094313 0.090557
0 0.806430 0.971362 0.069922 0.055943
0 0.645375 0.591799 0.092953 0.109464
0 0.175873 0.186516 0.071184 0.095438
0 0.180531 0.411562 0.078570 0.094740
0 0.388365 0.166018 0.075973 0.087672
0 0.904064 0.620742 0.060918 0.114807
0 0.490834 0.897000 0.063793 0.092531
0 0.822516 0.373253 0.073836 0.095641
0 0.473271 0.184354 0.080410 0.136875
0 0.131070 0.969586 0.090375 0.060828
0 0.295396 0.323867 0.076582 0.091672
0 0.566289 0.550659 0.076023 0.081380
0 0.637443 0.765266 0.084332 0.093573
0 0.979506 0.852956 0.040520 0.099401
0 0.548111 0.287492 0.065168 0.089047
0 0.014262 0.476284 0.028523 0.104599
0 0.423240 0.468880 0.065512 0.092958
0 0.583844 0.378849 0.086742 0.085833
0 0.702115 0.778693 0.063215 0.078833
0 0.301027 0.026430 0.076219 0.052214
0 0.186994 0.022055 0.071699 0.044109
0 0.826213 0.199701 0.069238 0.096370
0 0.122576 0.488357 0.111785 0.126016
0 0.263568 0.340359 0.082887 0.107146
0 0.231115 0.042576 0.081418 0.081036
0 0.963393 0.187724 0.069379 0.095760
0 0.752201 0.486953 0.083184 0.120281
0 0.846193 0.301701 0.100410 0.110266
0 0.513602 0.647456 0.067922 0.088443
0 0.281129 0.522310 0.097484 0.094714
0 0.846986 0.613708 0.070691 0.095677
0 0.769018 0.806781 0.068332 0.095667
0 0.740207 0.691419 0.086609 0.108630
0 0.881301 0.524596 0.074758 0.091703
0 0.894996 0.742620 0.086258 0.110573
0 0.609703 0.930534 0.067156 0.111818
