0 0.253816 0.319155 0.072674 0.162412
0 0.178164 0.764706 0.095813 0.160227
0 0.201723 0.207847 0.083805 0.127787
0 0.286187 0.694206 0.095755 0.162708
0 0.263852 0.448421 0.087589 0.158472
0 0.199159 0.457368 0.075943 0.140995
0 0.341384 0.870602 0.077555 0.140731
0 0.745732 0.075870 0.091245 0.151741
0 0.427389 0.318338 0.078737 0.169139
0 0.796415 0.928433 0.091128 0.141634
0 0.628417 0.105824 0.079948 0.161741
0 0.434500 0.164588 0.084911 0.170778
0 0.830953 0.673461 0.091677 0.166097
0 0.951211 0.877245 0.091094 0.146083
0 0.427423 0.609384 0.085414 0.178194
0 0.864326 0.803428 0.090927 0.171551
0 0.049552 0.847514 0.085385 0.167769
0 0.088569 0.306470 0.088122 0.154356
0 0.249104 0.577590 0.084078 0.158579
0 0.556703 0.182528 0.090167 0.176056
0 0.956214 0.569456 0.084396 0.150829
0 0.746757 0.643306 0.086591 0.158750
0 0.949673 0.733944 0.094945 0.170769
0 0.259341 0.846685 0.082750 0.185343
0 0.678349 0.937653 0.076047 0.120037
0 0.863691 0.150539 0.098883 0.152255
0 0.354159 0.310637 0.091203 0.173755
0 0.630741 0.515493 0.096924 0.197634
0 0.652488 0.639287 0.093372 0.162657
0 0.045867 0.627764 0.087021 0.164676
0 0.500956 0.631197 0.081516 0.153940
0 0.468096 0.062921 0.095292 0.125843
0 0.936172 0.111255 0.075677 0.201056
0 0.846763 0.057850 0.076068 0.115699
0 0.147137 0.109755 0.091669 0.178324
0 0.476273 0.899762 0.088500 0.162505
0 0.456521 0.752405 0.081802 0.190144
0 0.609292 0.949549 0.082927 0.100903
0 0.074098 0.095199 0.085591 0.172417
0 0.856012 0.288000 0.100888 0.184241
0 0.326234 0.054928 0.101604 0.109856
0 0.550182 0.379183 0.098615 0.172875
0 0.292582 0.176796 0.091357 0.186102
0 0.929714 0.955109 0.088979 0.089134
0 0.025540 0.326424 0.050977 0.160005
0 0.520178 0.039030 0.081305 0.078060
0 0.433833 0.971896 0.083313 0.054014
0 0.979953 0.044294 0.040094 0.088588
0 0.665865 0.038644 0.087922 0.073815
0 0.008522 0.824095 0.017044 0.150079
0 0.118652 0.859495 0.088185 0.188620
0 0.511388 0.975176 0.074568 0.046954
0 0.978607 0.215600 0.042786 0.177597
0 0.022628 0.074699 0.043198 0.149398
0 0.138758 0.958567 0.093964 0.082866
0 0.008983 0.648563 0.017966 0.169403
0 0.643236 0.842428 0.096680 0.165875
0 0.403665 0.846169 0.075497 0.200032
0 0.735421 0.320308 0.078341 0.161801
0 0.086682 0.457157 0.085927 0.190824
0 0.952208 0.410199 0.095583 0.172870
0 0.849578 0.464664 0.084807 0.186894
0 0.574266 0.820917 0.085333 0.180574
0 0.220118 0.041407 0.085169 0.081083
0 0.682480 0.754319 0.085549 0.174481
0 0.300167 0.937188 0.082536 0.125625
0 0.159427 0.306465 0.084078 0.156282
0 0.138441 0.633868 0.096893 0.165384
1 0.644353 0.329245 0.094513 0.183037
