0 0.768611 0.390113 0.091039 0.152829
0 0.396779 0.328331 0.080880 0.152727
0 0.252663 0.845586 0.087284 0.144477
0 0.369122 0.440475 0.075771 0.147931
0 0.422124 0.641914 0.085930 0.140255
0 0.867223 0.586704 0.084888 0.161565
0 0.467566 0.143657 0.088154 0.138731
0 0.743177 0.828785 0.079984 0.164921
0 0.677307 0.908546 0.096193 0.160917
0 0.678346 0.765285 0.087828 0.151171
0 0.539837 0.129931 0.082539 0.165880
0 0.845591 0.255512 0.081052 0.152458
0 0.805754 0.767889 0.081414 0.142093
0 0.472439 0.942789 0.082023 0.113014
0 0.810117 0.899648 0.080651 0.137306
0 0.915719 0.204451 0.086167 0.158264
0 0.613171 0.461491 0.071206 0.146269
0 0.851980 0.398981 0.079659 0.150583
0 0.226612 0.632118 0.088599 0.144495
0 0.060512 0.488843 0.079721 0.151324
0 0.946638 0.353412 0.085729 0.146991
0 0.072975 0.102734 0.090195 0.171421
0 0.555086 0.267081 0.085297 0.149856
0 0.435512 0.457576 0.075799 0.145931
0 0.052895 0.241037 0.086919 0.143741
0 0.913664 0.472870 0.086604 0.149731
0 0.642561 0.654294 0.082096 0.137903
0 0.669910 0.535891 0.087529 0.155931
0 0.316116 0.281074 0.095773 0.135509
0 0.256167 0.451840 0.076448 0.140653
0 0.433186 0.770718 0.086643 0.148435
0 0.358143 0.747579 0.078099 0.131694
0 0.737943 0.506174 0.084109 0.176671
0 0.912365 0.067752 0.093115 0.134940
0 0.234027 0.336616 0.083023 0.145972
0 0.035262 0.358803 0.070523 0.142782
0 0.547740 0.447590 0.075839 0.137005
0 0.206208 0.505060 0.089000 0.155769
0 0.793405 0.631190 0.087409 0.154315
1 0.464655 0.276579 0.108320 0.167991
0 0.707876 0.979914 0.087742 0.038144
0 0.014708 0.470991 0.029313 0.136389
0 0.340005 0.869681 0.093156 0.165620
0 0.389630 0.565516 0.107422 0.134394
0 0.866031 0.964097 0.087990 0.070852
0 0.585676 0.963646 0.077940 0.071764
0 0.020201 0.124356 0.040214 0.156685
0 0.811441 0.498759 0.080872 0.136463
0 0.158492 0.398486 0.093870 0.145769
0 0.145432 0.056574 0.071312 0.111046
0 0.129788 0.524713 0.081487 0.154093
0 0.495654 0.377815 0.111042 0.167806
0 0.141711 0.159734 0.072292 0.118227
0 0.101995 0.010766 0.068411 0.020995
0 0.974661 0.476400 0.050120 0.174801
0 0.417470 0.906972 0.093341 0.177556
0 0.175684 0.265278 0.086951 0.148028
0 0.827833 0.048306 0.083135 0.095148
0 0.309138 0.396734 0.076578 0.132532
0 0.756350 0.019616 0.084352 0.037907
0 0.262085 0.979613 0.074107 0.039292
0 0.530214 0.873213 0.087229 0.153630
0 0.325893 0.945451 0.086089 0.106986
0 0.034309 0.016222 0.068617 0.032093
0 0.013250 0.275315 0.026240 0.162157
0 0.992302 0.346056 0.015396 0.152898
