0 0.228043 0.981817 0.086596 0.036366
1 0.229434 0.525606 0.080336 0.144713
0 0.278527 0.771088 0.073560 0.147898
0 0.409784 0.875220 0.082344 0.139931
0 0.543566 0.193324 0.081107 0.156417
0 0.304314 0.281266 0.089732 0.158134
0 0.559686 0.609303 0.086289 0.162875
1 0.557760 0.768810 0.090651 0.157315
0 0.504654 0.339009 0.082885 0.159028
0 0.393910 0.277803 0.090440 0.164329
0 0.113431 0.425204 0.084846 0.157028
0 0.665259 0.216021 0.084456 0.148431
0 0.322706 0.061826 0.079177 0.123292
0 0.183906 0.387560 0.075927 0.141843
0 0.486766 0.109069 0.079187 0.147046
0 0.960156 0.283370 0.079687 0.151833
0 0.795408 0.076546 0.080773 0.153093
0 0.148059 0.540986 0.090633 0.145843
0 0.358460 0.131370 0.090607 0.168370
0 0.516723 0.509674 0.079747 0.149227
0 0.342691 0.772169 0.076060 0.175551
0 0.535919 0.900419 0.079432 0.131653
0 0.459380 0.945947 0.083646 0.107181
0 0.085505 0.686532 0.088073 0.179435
0 0.215327 0.820595 0.083122 0.172014
0 0.621016 0.551648 0.076193 0.155981
0 0.714871 0.100711 0.078706 0.156505
0 0.589543 0.951697 0.082596 0.096606
0 0.538827 0.054481 0.076294 0.108556
0 0.038139 0.522120 0.076279 0.158583
0 0.655259 0.065623 0.073893 0.131245
0 0.409279 0.048699 0.077990 0.095787
0 0.780729 0.285118 0.077094 0.132644
0 0.680527 0.713074 0.083508 0.148954
0 0.750311 0.548701 0.082409 0.156579
0 0.258142 0.197713 0.074117 0.145037
0 0.216690 0.323618 0.091120 0.181375
0 0.845279 0.130336 0.082302 0.168495
0 0.320755 0.438093 0.086260 0.148278
0 0.035917 0.361755 0.071833 0.138528
0 0.932017 0.056433 0.086836 0.112866
0 0.040930 0.193234 0.079214 0.140940
0 0.445714 0.450947 0.076667 0.125634
0 0.739924 0.210116 0.083464 0.167963
0 0.961853 0.449458 0.076294 0.166639
0 0.899449 0.193701 0.080565 0.175060
0 0.954194 0.137815 0.089555 0.185500
0 0.153422 0.039947 0.086036 0.079819
0 0.017934 0.844919 0.035654 0.140468
0 0.281496 0.541252 0.080112 0.185431
0 0.984145 0.143949 0.028862 0.148231
0 0.010249 0.154340 0.018773 0.156403
0 0.011258 0.419109 0.021391 0.155801
0 0.990952 0.403331 0.016904 0.145292
