0 0.747801 0.787749 0.073827 0.109851
0 0.083702 0.671088 0.081223 0.110478
0 0.675768 0.186950 0.079336 0.107685
0 0.126800 0.468513 0.089657 0.112212
0 0.077976 0.957554 0.088383 0.084892
0 0.329784 0.396330 0.086883 0.119017
0 0.958619 0.506052 0.082762 0.114131
0 0.275021 0.741523 0.086609 0.115947
0 0.964363 0.737937 0.070802 0.121852
0 0.414745 0.037876 0.087122 0.075751
0 0.257539 0.456813 0.098634 0.121188
0 0.519687 0.686618 0.097392 0.127197
0 0.424838 0.283022 0.086636 0.109295
0 0.669687 0.936003 0.086698 0.109897
0 0.667022 0.707680 0.094946 0.106955
0 0.224117 0.652359 0.084691 0.107557
0 0.587568 0.209372 0.099564 0.113683
0 0.847840 0.930057 0.079699 0.114887
0 0.851518 0.797011 0.104579 0.129825
0 0.420521 0.930208 0.085046 0.139583
0 0.145988 0.597186 0.098241 0.125586
0 0.107174 0.048104 0.079155 0.096209
0 0.273985 0.569619 0.099691 0.121584
0 0.861335 0.436875 0.091566 0.107721
0 0.968752 0.186757 0.062342 0.112361
0 0.178175 0.264285 0.086404 0.119053
0 0.397924 0.681502 0.097500 0.125216
0 0.846900 0.244956 0.102874 0.110612
0 0.440382 0.507078 0.087832 0.120412
0 0.192542 0.380527 0.096582 0.117968
0 0.851213 0.340535 0.103353 0.103056
0 0.483410 0.884462 0.094622 0.112073
0 0.693744 0.363909 0.092249 0.110484
0 0.268924 0.098117 0.092724 0.115586
0 0.194958 0.780736 0.091011 0.119311
0 0.679176 0.804866 0.073893 0.101883
0 0.049136 0.239177 0.082963 0.105947
0 0.569986 0.924421 0.068538 0.111836
0 0.260106 0.929599 0.094687 0.132058
0 0.527203 0.033418 0.097261 0.066836
0 0.638823 0.030414 0.086559 0.060828
0 0.406044 0.379324 0.093623 0.127711
0 0.346179 0.908737 0.088708 0.135633
0 0.328636 0.029877 0.081292 0.059753
0 0.483432 0.417644 0.097720 0.113086
0 0.754996 0.971682 0.087724 0.056327
0 0.862402 0.028501 0.085212 0.057001
0 0.232745 0.026831 0.088754 0.053663
0 0.018466 0.573002 0.036933 0.126271
0 0.583443 0.374841 0.091416 0.121790
0 0.017054 0.425939 0.034008 0.120489
0 0.019367 0.879324 0.038735 0.112505
0 0.157978 0.975777 0.091049 0.048148
0 0.985139 0.279830 0.029707 0.109928
0 0.014836 0.311924 0.029510 0.113354
0 0.938011 0.979516 0.088059 0.040967
0 0.993073 0.405008 0.013854 0.129501
0 0.442863 0.989128 0.098148 0.021744
1 0.459248 0.778225 0.105733 0.134414
0 0.569452 0.581281 0.179622 0.101337
0 0.039695 0.753853 0.079329 0.111872
0 0.948758 0.376021 0.090664 0.118657
0 0.952105 0.622485 0.095706 0.125895
0 0.795939 0.702873 0.088908 0.111651
0 0.829032 0.151098 0.092755 0.119028
0 0.356279 0.520597 0.089371 0.125998
0 0.527431 0.573171 0.086921 0.108040
0 0.569240 0.106283 0.087724 0.103781
0 0.699952 0.609663 0.082018 0.107886
0 0.617309 0.598372 0.088715 0.105509
0 0.818436 0.600054 0.088924 0.117248
0 0.118054 0.851175 0.093090 0.118308
0 0.949923 0.087659 0.096505 0.122881
0 0.607130 0.830435 0.087917 0.112762
0 0.918378 0.878675 0.089109 0.119645
0 0.498372 0.189570 0.085316 0.124594
0 0.309888 0.271631 0.088457 0.108786
0 0.149302 0.153693 0.094290 0.120802
0 0.058057 0.130386 0.088029 0.118827
0 0.560693 0.479128 0.080922 0.105869
0 0.414813 0.153192 0.090066 0.123925
0 0.734857 0.252757 0.089005 0.113786
0 0.740627 0.472456 0.085737 0.117433
0 0.505978 0.310105 0.086694 0.116651
1 0.653164 0.504432 0.096937 0.130705
