0 0.351906 0.015266 0.083333 0.029671
0 0.985801 0.944211 0.028398 0.109616
0 0.888477 0.975817 0.090724 0.047431
0 0.988227 0.235773 0.022974 0.142343
0 0.984866 0.842762 0.030081 0.142523
0 0.561444 0.964968 0.092539 0.070065
0 0.152112 0.028574 0.078313 0.056528
0 0.918031 0.055252 0.083839 0.108847
0 0.008757 0.658935 0.017258 0.140065
0 0.718411 0.957898 0.077271 0.083028
0 0.023826 0.320831 0.047313 0.109273
0 0.781009 0.054347 0.074695 0.107889
0 0.046703 0.945972 0.084401 0.105259
0 0.368077 0.914875 0.076148 0.156481
0 0.731430 0.680736 0.079068 0.143769
0 0.024768 0.435243 0.049276 0.136338
0 0.649501 0.036873 0.086263 0.073255
0 0.413714 0.058951 0.084240 0.117171
0 0.520777 0.877206 0.084284 0.139662
0 0.340707 0.502752 0.097299 0.133431
0 0.974018 0.102354 0.051568 0.148310
0 0.221230 0.810488 0.095346 0.144042
0 0.863645 0.666313 0.075966 0.142292
0 0.527652 0.771961 0.077477 0.130375
0 0.007040 0.857576 0.014081 0.147458
0 0.014254 0.037384 0.028508 0.074769
0 0.188540 0.270609 0.079216 0.150023
0 0.886842 0.173898 0.085982 0.159037
0 0.176934 0.437854 0.088372 0.153995
0 0.487665 0.556137 0.093753 0.149644
0 0.127797 0.181755 0.089630 0.158306
0 0.804276 0.565530 0.090958 0.168394
0 0.091883 0.670625 0.088005 0.158583
0 0.428103 0.316278 0.086044 0.148574
0 0.796633 0.764141 0.088786 0.146245
0 0.062163 0.528803 0.083789 0.151847
0 0.184085 0.933678 0.087315 0.131162
0 0.087501 0.072993 0.073492 0.135912
0 0.577064 0.061278 0.082159 0.122519
0 0.551398 0.341002 0.077536 0.135634
0 0.654831 0.902664 0.084547 0.132468
0 0.292396 0.055727 0.082193 0.109796
0 0.815859 0.415752 0.077974 0.129690
0 0.775711 0.908896 0.081839 0.151671
0 0.027267 0.114852 0.053997 0.143250
0 0.345816 0.132354 0.087003 0.135375
0 0.050134 0.792965 0.083211 0.129847
0 0.465775 0.691863 0.094805 0.147236
0 0.438443 0.930926 0.076297 0.136991
0 0.725565 0.168519 0.086661 0.141500
0 0.318078 0.386150 0.089302 0.151310
0 0.638177 0.159729 0.077328 0.132079
0 0.400711 0.774442 0.084255 0.143801
0 0.280540 0.715870 0.096977 0.152843
0 0.746702 0.433611 0.092633 0.151963
0 0.911693 0.440546 0.082427 0.144574
0 0.669521 0.735558 0.086729 0.163551
0 0.245577 0.365350 0.080841 0.152532
0 0.717727 0.564998 0.084807 0.137736
0 0.808267 0.208225 0.082654 0.160458
0 0.576344 0.517975 0.090156 0.140495
0 0.332698 0.250238 0.095250 0.146681
0 0.631103 0.283294 0.087987 0.138625
0 0.962021 0.573711 0.075594 0.166903
0 0.714594 0.302113 0.082427 0.138875
0 0.229759 0.602616 0.091971 0.147528
0 0.933645 0.803903 0.092648 0.143269
0 0.484197 0.408632 0.090987 0.152060
0 0.325736 0.605637 0.087055 0.140792
0 0.497595 0.067199 0.078747 0.132870
0 0.857310 0.872525 0.081073 0.145588
0 0.432160 0.176551 0.084039 0.134889
0 0.948078 0.309722 0.090672 0.160046
0 0.131797 0.844572 0.090979 0.155097
