1 0.651816 0.764900 0.109779 0.179856
0 0.943283 0.018028 0.082664 0.036056
0 0.990622 0.126023 0.018755 0.140620
0 0.989846 0.648567 0.020307 0.144319
0 0.337904 0.017898 0.075776 0.035796
0 0.986350 0.832509 0.027299 0.149444
0 0.018229 0.757736 0.036458 0.132843
0 0.980039 0.950014 0.039922 0.099972
0 0.837336 0.927764 0.089339 0.127898
0 0.666061 0.954016 0.075622 0.091968
0 0.801542 0.834861 0.084609 0.122602
0 0.650686 0.059688 0.077789 0.118468
0 0.019764 0.146762 0.039529 0.149319
0 0.516629 0.944729 0.087846 0.109782
0 0.203557 0.593479 0.068630 0.141625
0 0.152085 0.952741 0.081867 0.094519
0 0.024482 0.638308 0.048964 0.141514
0 0.224798 0.919537 0.074909 0.159667
0 0.885600 0.507292 0.085659 0.119870
0 0.364307 0.418174 0.096844 0.127162
0 0.314697 0.797954 0.092216 0.121009
0 0.425540 0.045891 0.075065 0.091782
0 0.925996 0.946861 0.076732 0.106278
0 0.480685 0.056053 0.070568 0.110625
0 0.759573 0.585914 0.068745 0.133245
0 0.473441 0.895595 0.094607 0.141514
0 0.241458 0.054560 0.092745 0.109120
0 0.341336 0.508692 0.093000 0.140394
0 0.036759 0.940898 0.072914 0.115667
0 0.389421 0.767873 0.078221 0.131894
0 0.960940 0.466900 0.077901 0.143153
0 0.111195 0.240505 0.084302 0.157602
0 0.065728 0.175236 0.079362 0.163454
0 0.081129 0.420414 0.104716 0.160912
0 0.974961 0.265285 0.050078 0.137125
0 0.889465 0.055002 0.071815 0.109255
0 0.347236 0.167792 0.088414 0.173287
0 0.816122 0.553569 0.077302 0.133870
0 0.316816 0.694759 0.078638 0.130593
0 0.718540 0.068333 0.079596 0.136491
0 0.941340 0.575771 0.084883 0.137505
0 0.581576 0.069917 0.078370 0.137630
0 0.495410 0.532847 0.084049 0.151926
0 0.962723 0.711417 0.069815 0.138046
0 0.421092 0.683609 0.069695 0.120838
0 0.893637 0.655308 0.081784 0.143995
0 0.287518 0.896727 0.077844 0.142500
0 0.164878 0.846896 0.089151 0.135375
0 0.650887 0.455644 0.078232 0.127824
0 0.053699 0.548035 0.089831 0.127292
0 0.574966 0.795671 0.078583 0.148593
0 0.849764 0.154514 0.090253 0.160963
0 0.684329 0.653218 0.076805 0.151602
0 0.367520 0.912465 0.082159 0.140708
0 0.190283 0.734197 0.085388 0.138069
0 0.719628 0.929775 0.073953 0.133255
0 0.482534 0.780630 0.076245 0.119991
0 0.930975 0.375021 0.076747 0.141347
0 0.932111 0.826012 0.087065 0.146190
0 0.300999 0.107958 0.086310 0.157750
0 0.153273 0.114470 0.078417 0.138653
0 0.460488 0.425428 0.073122 0.131236
0 0.566707 0.627375 0.082003 0.142074
0 0.420802 0.533433 0.078484 0.139866
0 0.709857 0.390676 0.082833 0.128370
0 0.812513 0.442104 0.070427 0.116116
0 0.424053 0.147694 0.081815 0.141324
0 0.153665 0.518887 0.075602 0.134588
0 0.545993 0.434072 0.090674 0.134218
0 0.599207 0.931356 0.077232 0.127278
0 0.133590 0.639764 0.077034 0.132685
0 0.709835 0.528667 0.076424 0.131963
0 0.851990 0.345713 0.078417 0.126991
0 0.071165 0.829081 0.081539 0.141884
0 0.270987 0.283553 0.084635 0.157329
0 0.197303 0.225611 0.081758 0.143176
0 0.769247 0.713324 0.081078 0.143630
0 0.241342 0.473049 0.091201 0.156986
0 0.930788 0.131847 0.081102 0.134194
0 0.573423 0.335183 0.082284 0.138218
0 0.796520 0.273009 0.076909 0.149185
0 0.712483 0.270944 0.077081 0.135787
0 0.514559 0.199370 0.077638 0.140019
0 0.041466 0.318947 0.079526 0.150801
