0 0.977209 0.158005 0.042941 0.089385
0 0.027051 0.781336 0.052477 0.114911
0 0.297125 0.008339 0.075344 0.014385
0 0.539652 0.402531 0.080805 0.107427
0 0.499465 0.046805 0.076305 0.093318
0 0.992777 0.226518 0.014148 0.082370
0 0.978795 0.983964 0.042410 0.032073
0 0.566561 0.075695 0.074332 0.097849
0 0.751910 0.023190 0.069125 0.046380
0 0.918234 0.906570 0.077328 0.098380
0 0.010945 0.556529 0.021891 0.103557
0 0.699186 0.468943 0.078129 0.132104
0 0.066717 0.162326 0.063801 0.080057
0 0.790877 0.977240 0.075207 0.042531
0 0.314846 0.400924 0.071059 0.093078
0 0.017387 0.746607 0.034773 0.117057
0 0.992066 0.367289 0.014602 0.092589
0 0.457730 0.410081 0.063078 0.091089
0 0.729238 0.986318 0.066742 0.026177
0 0.230760 0.294797 0.073309 0.118417
0 0.562064 0.034953 0.075480 0.069906
0 0.232506 0.340086 0.078090 0.094891
0 0.303168 0.307195 0.079570 0.110557
0 0.989973 0.795328 0.019063 0.115687
0 0.988535 0.447443 0.022844 0.092052
0 0.816594 0.954747 0.070594 0.083266
0 0.399164 0.464839 0.070055 0.085146
0 0.481900 0.444104 0.075684 0.094583
0 0.321912 0.335193 0.070027 0.104969
0 0.860646 0.201870 0.090910 0.092854
0 0.986500 0.538529 0.026750 0.105276
0 0.318078 0.138323 0.067828 0.096625
0 0.813594 0.022901 0.061648 0.045438
0 0.021645 0.461039 0.043289 0.108182
0 0.012631 0.960503 0.025262 0.078995
0 0.929061 0.697648 0.072262 0.102870
0 0.052111 0.690281 0.082863 0.102469
0 0.195676 0.035273 0.072617 0.061234
0 0.632854 0.877201 0.072043 0.094495
0 0.027270 0.641029 0.054539 0.106099
0 0.445498 0.023596 0.071574 0.045859
0 0.974437 0.294633 0.049547 0.096297
0 0.030945 0.398529 0.060609 0.087182
0 0.054562 0.979398 0.078508 0.040203
0 0.052322 0.486302 0.073566 0.094250
0 0.146018 0.031669 0.074246 0.060901
0 0.920510 0.166536 0.080574 0.096333
0 0.543641 0.904232 0.081617 0.106755
0 0.600670 0.320039 0.061848 0.096693
0 0.460758 0.249615 0.076078 0.100437
0 0.642379 0.290792 0.056125 0.107740
0 0.018223 0.085747 0.036445 0.098589
0 0.028307 0.166154 0.056613 0.110964
0 0.975344 0.027526 0.049312 0.055052
0 0.696855 0.967013 0.063438 0.065589
0 0.852020 0.394393 0.079742 0.096609
0 0.089182 0.109068 0.075027 0.079427
0 0.406725 0.040724 0.072543 0.080542
0 0.068604 0.776841 0.069035 0.099922
0 0.940219 0.970135 0.071844 0.058635
0 0.161033 0.971635 0.073480 0.053833
0 0.751687 0.330073 0.085195 0.108823
0 0.128779 0.093891 0.068254 0.091000
1 0.363902 0.599857 0.088641 0.116943
0 0.265465 0.678664 0.093172 0.127297
0 0.779949 0.465464 0.074203 0.102312
0 0.335148 0.973812 0.076461 0.051917
0 0.182836 0.373518 0.070391 0.125589
0 0.785020 0.801937 0.073266 0.090844
0 0.787523 0.701432 0.073492 0.101917
0 0.224514 0.960214 0.070402 0.078698
0 0.773008 0.636956 0.079531 0.107589
0 0.301262 0.708453 0.069336 0.109177
0 0.757861 0.387388 0.084754 0.089328
0 0.882961 0.128279 0.089477 0.098630
0 0.758154 0.520698 0.082988 0.123104
0 0.968000 0.084534 0.064000 0.094859
0 0.959736 0.839557 0.075113 0.116917
0 0.276424 0.045674 0.072965 0.084682
0 0.857508 0.792935 0.079578 0.091182
0 0.348004 0.038365 0.076469 0.075344
0 0.630729 0.557839 0.071816 0.100625
0 0.585939 0.169880 0.084746 0.094417
0 0.862523 0.035500 0.075531 0.071000
0 0.963574 0.732810 0.072852 0.111359
0 0.831652 0.333188 0.078984 0.085604
0 0.653633 0.468453 0.070477 0.109500
0 0.410340 0.406971 0.068156 0.100807
0 0.219186 0.476008 0.078801 0.091922
0 0.617471 0.088594 0.068387 0.090583
0 0.065242 0.047906 0.081758 0.094937
0 0.957357 0.239836 0.077535 0.105693
0 0.753041 0.866109 0.074801 0.091573
0 0.462109 0.970125 0.070562 0.058344
0 0.411615 0.727682 0.074113 0.099406
0 0.910582 0.064732 0.072117 0.101099
0 0.421301 0.222029 0.072875 0.108495
0 0.140795 0.935461 0.077145 0.106432
0 0.281867 0.870990 0.074812 0.102604
0 0.155344 0.511245 0.065945 0.099417
0 0.740463 0.779971 0.083457 0.099036
0 0.556342 0.246086 0.086480 0.096432
0 0.885721 0.648682 0.079387 0.108302
0 0.671295 0.385937 0.073387 0.085198
0 0.349867 0.417138 0.072641 0.107141
0 0.213912 0.879026 0.060613 0.074000
0 0.244506 0.421255 0.077777 0.091406
0 0.521936 0.567714 0.075676 0.105271
0 0.355213 0.144794 0.076254 0.102578
0 0.281934 0.939552 0.073039 0.099094
0 0.608139 0.216839 0.073254 0.093979
0 0.070268 0.408555 0.065910 0.109422
0 0.839781 0.711779 0.078555 0.095089
0 0.567641 0.955036 0.078758 0.089927
0 0.140313 0.170862 0.068078 0.083703
0 0.197752 0.542615 0.070449 0.094312
0 0.346750 0.694510 0.071656 0.092583
0 0.131783 0.728182 0.075832 0.098667
0 0.401986 0.963552 0.070246 0.072896
0 0.367859 0.920219 0.075930 0.104500
0 0.578557 0.575344 0.071723 0.118375
0 0.894658 0.445276 0.074512 0.100854
0 0.692324 0.310945 0.071687 0.109068
0 0.146268 0.328797 0.081715 0.087698
0 0.549604 0.482471 0.079004 0.096651
0 0.962428 0.631469 0.075145 0.106083
0 0.784361 0.075565 0.074230 0.095016
0 0.941238 0.540500 0.076203 0.104823
0 0.827035 0.480677 0.071398 0.104521
0 0.205271 0.175339 0.074652 0.101646
0 0.556793 0.317648 0.067836 0.076891
0 0.105383 0.554698 0.066398 0.118927
0 0.434797 0.899927 0.071641 0.086698
0 0.075596 0.918852 0.072121 0.106995
0 0.034697 0.870633 0.063840 0.090276
0 0.672643 0.043281 0.077121 0.086563
0 0.188508 0.677734 0.079719 0.101438
0 0.382729 0.324063 0.074285 0.126083
0 0.249277 0.568495 0.086094 0.112656
0 0.539824 0.122768 0.083445 0.103589
0 0.403900 0.787875 0.083645 0.105531
0 0.438260 0.672273 0.073426 0.100411
0 0.960965 0.389714 0.071438 0.102896
0 0.318732 0.219977 0.069566 0.086568
0 0.111146 0.835526 0.067801 0.101417
0 0.340350 0.798102 0.083191 0.115620
0 0.569281 0.836794 0.072711 0.113443
0 0.950385 0.476607 0.074621 0.092443
0 0.289617 0.488250 0.071766 0.105531
0 0.790633 0.241047 0.073297 0.104083
0 0.600301 0.419622 0.074500 0.115526
0 0.461666 0.529312 0.078113 0.102031
0 0.445650 0.117383 0.072160 0.104318
0 0.712891 0.610437 0.081055 0.103208
0 0.187857 0.109206 0.066676 0.095589
0 0.160857 0.602266 0.077090 0.093146
0 0.128289 0.421531 0.072945 0.116240
0 0.505715 0.739687 0.071539 0.094375
0 0.357145 0.514292 0.085500 0.101573
0 0.684971 0.859826 0.071238 0.106682
0 0.566861 0.710672 0.075160 0.114875
0 0.431146 0.320982 0.073590 0.098620
0 0.740824 0.168414 0.075008 0.108891
0 0.639686 0.806203 0.081566 0.110437
0 0.859121 0.279469 0.078211 0.098104
0 0.491396 0.852411 0.077504 0.113344
0 0.034334 0.262432 0.068668 0.103312
0 0.684850 0.205747 0.073199 0.106318
0 0.515803 0.643810 0.078223 0.101589
0 0.832340 0.608193 0.072852 0.114396
0 0.607859 0.652138 0.074937 0.096776
0 0.095010 0.274664 0.072621 0.115422
0 0.167072 0.247427 0.078801 0.098146
0 0.760270 0.940914 0.073625 0.113380
0 0.922582 0.310979 0.072805 0.104865
0 0.872291 0.540081 0.076887 0.106182
0 0.253664 0.128885 0.076219 0.112802
0 0.499391 0.181880 0.084859 0.115375
0 0.179553 0.818419 0.079230 0.101099
