0 0.096662 0.674810 0.109699 0.131839
0 0.170309 0.334180 0.097695 0.132255
0 0.384723 0.932010 0.110602 0.135896
0 0.737820 0.411276 0.121656 0.113677
0 0.030746 0.608367 0.061492 0.137047
0 0.270164 0.432073 0.106594 0.136115
0 0.380074 0.309971 0.106359 0.144547
0 0.578365 0.353984 0.113645 0.134594
0 0.476525 0.292008 0.100152 0.135453
0 0.433732 0.814810 0.110676 0.133026
0 0.703307 0.947021 0.108051 0.105958
0 0.968510 0.360440 0.062980 0.134609
0 0.239211 0.032117 0.076047 0.064234
0 0.907279 0.911789 0.111691 0.165797
0 0.973744 0.962331 0.052512 0.075068
1 0.351154 0.535891 0.131309 0.169437
0 0.540111 0.973021 0.102684 0.053917
0 0.978326 0.651695 0.043254 0.129516
0 0.281615 0.088789 0.081637 0.105859
0 0.739186 0.636833 0.108270 0.142063
0 0.973346 0.217500 0.053191 0.135323
0 0.420570 0.176289 0.102469 0.130484
0 0.915590 0.611461 0.105828 0.143786
0 0.150602 0.880690 0.111453 0.142328
0 0.365980 0.044122 0.108234 0.088245
0 0.557596 0.052852 0.112535 0.104755
0 0.175752 0.187693 0.123629 0.163094
0 0.900053 0.408276 0.100121 0.134281
0 0.647779 0.717810 0.132590 0.145099
0 0.753670 0.519732 0.121723 0.132911
0 0.821254 0.960078 0.103508 0.079844
0 0.314143 0.847737 0.104668 0.135932
0 0.118828 0.081992 0.104398 0.139411
0 0.879967 0.282195 0.107879 0.135245
0 0.885152 0.048688 0.110180 0.096594
0 0.962861 0.086023 0.073957 0.143839
0 0.735822 0.299195 0.115832 0.132693
0 0.873127 0.767789 0.113207 0.139047
0 0.539078 0.742557 0.105547 0.124979
0 0.090516 0.388997 0.098539 0.122495
0 0.273672 0.296820 0.121188 0.156266
0 0.382281 0.696784 0.100570 0.137620
0 0.769184 0.876948 0.092320 0.128375
0 0.900727 0.156969 0.102766 0.132979
0 0.556830 0.846320 0.103848 0.137151
0 0.521055 0.581305 0.107570 0.138495
0 0.599135 0.478026 0.106441 0.133562
0 0.080936 0.797661 0.108715 0.130073
0 0.655656 0.847180 0.104383 0.133609
0 0.597963 0.231268 0.115410 0.134505
0 0.053980 0.307654 0.107961 0.127620
0 0.289654 0.724029 0.110348 0.136286
0 0.434018 0.424362 0.104535 0.140891
0 0.212053 0.546810 0.112879 0.145661
0 0.106816 0.511013 0.110695 0.135161
0 0.026061 0.220234 0.052121 0.120677
0 0.008295 0.896596 0.016590 0.137828
0 0.284309 0.976982 0.110977 0.046036
