0 0.251568 0.075236 0.126000 0.143991
0 0.437552 0.373750 0.109719 0.189222
0 0.645029 0.179199 0.100568 0.176231
0 0.732729 0.218199 0.097969 0.177491
0 0.351729 0.339597 0.090344 0.165713
0 0.592435 0.313667 0.102755 0.186222
0 0.528503 0.446981 0.101401 0.176037
0 0.245531 0.524292 0.102604 0.183750
0 0.491203 0.237819 0.095365 0.184213
0 0.415393 0.602412 0.100172 0.175639
0 0.369370 0.176329 0.109656 0.189787
0 0.731977 0.928463 0.096328 0.143074
0 0.708326 0.372699 0.114234 0.178787
0 0.811052 0.857694 0.108365 0.179426
0 0.894245 0.754921 0.109250 0.184787
0 0.053531 0.393806 0.102708 0.174944
0 0.154927 0.617190 0.095833 0.165565
0 0.443479 0.909329 0.110844 0.181343
0 0.491727 0.527060 0.091266 0.158472
0 0.566078 0.701648 0.096479 0.183241
0 0.708937 0.688148 0.096583 0.174815
0 0.647763 0.879764 0.110776 0.202954
0 0.776982 0.076171 0.113724 0.152343
0 0.578453 0.069782 0.111187 0.139565
0 0.902784 0.230144 0.102464 0.186009
0 0.421201 0.756144 0.097380 0.167009
0 0.373193 0.047801 0.105646 0.095602
0 0.944193 0.908116 0.102760 0.183769
0 0.475464 0.743139 0.096771 0.187426
0 0.908281 0.075685 0.099719 0.151370
0 0.806424 0.320134 0.098964 0.183287
0 0.063354 0.553227 0.107115 0.183361
0 0.109237 0.047574 0.090526 0.089815
0 0.140987 0.358815 0.100057 0.158704
0 0.106482 0.929894 0.102422 0.140213
0 0.898510 0.578370 0.110719 0.185315
0 0.029193 0.950856 0.058385 0.097731
0 0.978211 0.179032 0.040651 0.195083
0 0.979445 0.732454 0.040016 0.170759
0 0.976664 0.644394 0.046672 0.150769
0 0.027339 0.717750 0.054677 0.244926
0 0.233161 0.770472 0.104063 0.184759
0 0.937211 0.528421 0.101547 0.181324
0 0.073122 0.235898 0.115620 0.191796
0 0.313706 0.924995 0.104672 0.146528
0 0.656906 0.565778 0.091771 0.160685
0 0.628378 0.978773 0.109099 0.042454
0 0.988253 0.501838 0.023495 0.171824
0 0.196956 0.022505 0.104578 0.041602
0 0.991164 0.326176 0.017672 0.149148
0 0.227049 0.959931 0.110297 0.080139
0 0.847109 0.377616 0.115667 0.215713
0 0.138055 0.771537 0.105953 0.184130
0 0.612401 0.524685 0.100115 0.178796
1 0.335979 0.523750 0.105417 0.185000
