0 0.919984 0.303488 0.083370 0.141523
0 0.507447 0.238350 0.085466 0.152773
0 0.652564 0.251072 0.095497 0.156671
0 0.810228 0.767231 0.089711 0.153306
0 0.965272 0.720280 0.069456 0.131940
0 0.179517 0.929623 0.085076 0.139708
0 0.520655 0.943655 0.099044 0.112106
0 0.262203 0.932639 0.073031 0.131676
0 0.995046 0.320847 0.009440 0.127722
0 0.006833 0.034150 0.012885 0.062181
0 0.722139 0.012553 0.078628 0.025106
0 0.118237 0.020775 0.104568 0.041551
0 0.723785 0.972942 0.087544 0.053051
0 0.643061 0.020991 0.085549 0.041981
0 0.333270 0.966813 0.086492 0.066375
1 0.420145 0.362757 0.098461 0.139042
1 0.423626 0.622049 0.095862 0.148208
0 0.526120 0.044329 0.072021 0.088657
0 0.919664 0.942373 0.076036 0.111838
0 0.983566 0.953981 0.032867 0.091120
0 0.844464 0.031632 0.078667 0.063264
0 0.982757 0.569664 0.033956 0.129366
0 0.095958 0.506699 0.070380 0.120981
0 0.641243 0.453910 0.069549 0.131810
0 0.262241 0.543120 0.089701 0.128204
0 0.513473 0.382102 0.074013 0.123213
0 0.351203 0.548625 0.083417 0.154963
0 0.126733 0.618806 0.085753 0.119824
0 0.894512 0.781961 0.075148 0.149588
0 0.647684 0.717870 0.085185 0.132278
0 0.676150 0.603505 0.074216 0.130074
0 0.066874 0.368861 0.081492 0.128046
0 0.353513 0.876530 0.080453 0.121403
0 0.072969 0.241650 0.078391 0.125921
0 0.719215 0.472609 0.091674 0.127394
0 0.143121 0.328806 0.080102 0.143583
0 0.108374 0.873428 0.077701 0.129236
0 0.134372 0.740005 0.090563 0.133676
0 0.119337 0.147387 0.077237 0.134810
0 0.961155 0.852789 0.077690 0.131199
0 0.842311 0.162597 0.067617 0.123278
0 0.566421 0.123817 0.074456 0.138301
0 0.822138 0.954613 0.080516 0.090681
0 0.751598 0.098294 0.073404 0.122014
0 0.267908 0.411417 0.087154 0.133889
0 0.980650 0.432731 0.038143 0.136065
0 0.034027 0.492456 0.066826 0.142931
0 0.980444 0.081919 0.038555 0.140088
0 0.751789 0.594468 0.080396 0.135528
0 0.494219 0.508389 0.073104 0.125713
0 0.212216 0.638319 0.077099 0.148630
0 0.366913 0.248199 0.075320 0.131546
0 0.034509 0.798000 0.067008 0.136824
0 0.293592 0.676836 0.081596 0.139181
0 0.568872 0.689845 0.080000 0.122449
0 0.642599 0.108718 0.077083 0.126917
0 0.825587 0.471400 0.080867 0.133431
0 0.173507 0.065303 0.079560 0.130606
0 0.043016 0.633840 0.080932 0.140495
0 0.282820 0.055623 0.081609 0.111245
0 0.594823 0.553625 0.086651 0.143620
0 0.453096 0.091315 0.081729 0.137167
0 0.760992 0.882553 0.086932 0.138421
0 0.916508 0.167088 0.074328 0.133056
0 0.926611 0.604083 0.083909 0.154130
0 0.228583 0.137845 0.085156 0.134023
0 0.459051 0.819491 0.077956 0.134269
0 0.592177 0.343650 0.086250 0.154375
0 0.677345 0.844100 0.080898 0.136755
0 0.235234 0.281262 0.093422 0.154458
0 0.763383 0.368382 0.093302 0.149829
0 0.171185 0.470613 0.086760 0.150644
0 0.772428 0.225414 0.085086 0.134171
0 0.382379 0.752641 0.085378 0.139264
0 0.361979 0.077222 0.085547 0.143296
0 0.974730 0.218597 0.050539 0.123926
0 0.833069 0.620875 0.083013 0.141352
0 0.631625 0.939468 0.079828 0.120796
