0 0.896043 0.260926 0.093721 0.147491
0 0.912454 0.708389 0.085044 0.168213
0 0.199336 0.775516 0.086505 0.139671
0 0.960533 0.851097 0.078935 0.147565
0 0.120973 0.536972 0.081367 0.148157
0 0.769776 0.279407 0.072984 0.130343
0 0.815034 0.704188 0.073125 0.129190
0 0.445253 0.333602 0.088042 0.121213
0 0.366118 0.274373 0.084857 0.135403
0 0.907142 0.014676 0.083685 0.029352
0 0.257585 0.605704 0.087570 0.145250
0 0.435030 0.032514 0.089346 0.063269
0 0.527345 0.144282 0.078586 0.122750
0 0.728158 0.933299 0.085727 0.133403
0 0.141007 0.887836 0.076414 0.153616
0 0.325095 0.960303 0.086289 0.076949
0 0.595716 0.950479 0.086391 0.099042
0 0.348595 0.728125 0.082414 0.138972
0 0.975367 0.710595 0.049266 0.153329
0 0.761052 0.438081 0.086969 0.158514
0 0.629141 0.853993 0.085406 0.118384
0 0.594582 0.383549 0.082914 0.144505
0 0.029775 0.052104 0.059549 0.104051
0 0.526367 0.279618 0.087870 0.151662
0 0.984492 0.235361 0.030448 0.139528
0 0.479426 0.555088 0.074544 0.131704
0 0.526243 0.963713 0.085362 0.071731
0 0.025620 0.952183 0.051240 0.095079
0 0.517047 0.870477 0.085448 0.134000
0 0.872971 0.871981 0.086531 0.150380
0 0.100188 0.274039 0.085870 0.141773
0 0.084927 0.986977 0.080917 0.024306
0 0.158928 0.015507 0.083638 0.031014
0 0.311121 0.783236 0.074477 0.130231
0 0.949368 0.354829 0.087794 0.141537
0 0.671906 0.517125 0.087891 0.142824
0 0.455620 0.944789 0.069734 0.109005
0 0.060362 0.145687 0.091484 0.145810
0 0.974467 0.024991 0.050883 0.049981
0 0.605561 0.011225 0.076721 0.022329
0 0.364199 0.105903 0.077372 0.143648
0 0.018932 0.277630 0.037865 0.142278
0 0.199914 0.930472 0.079318 0.130056
0 0.823729 0.594190 0.076339 0.131861
0 0.211385 0.353683 0.085031 0.147801
0 0.156221 0.659789 0.087187 0.160069
0 0.929820 0.090113 0.086521 0.137125
0 0.338474 0.594343 0.078354 0.143269
0 0.805660 0.091174 0.073940 0.137199
0 0.443911 0.218664 0.083172 0.135662
0 0.534371 0.604417 0.068982 0.126713
0 0.821555 0.368377 0.087042 0.147616
0 0.425943 0.695352 0.080974 0.152630
0 0.043167 0.603025 0.086333 0.138736
0 0.993557 0.447852 0.012885 0.140833
0 0.864582 0.150053 0.076773 0.144597
0 0.046033 0.873051 0.090924 0.141398
0 0.683917 0.151079 0.085010 0.146731
0 0.825316 0.949028 0.083664 0.100509
0 0.743777 0.044910 0.073982 0.089819
0 0.671880 0.651616 0.075448 0.132963
0 0.995578 0.105711 0.008844 0.137097
0 0.416732 0.805912 0.081427 0.137796
0 0.961896 0.572623 0.075693 0.144727
0 0.252990 0.473319 0.081312 0.130935
0 0.180405 0.183442 0.075706 0.143301
1 0.435686 0.459838 0.093195 0.162602
0 0.517271 0.037831 0.078203 0.074375
0 0.253592 0.187336 0.077221 0.130218
0 0.506740 0.682310 0.076734 0.139398
0 0.052237 0.478870 0.084964 0.142444
0 0.252616 0.036840 0.078852 0.073681
0 0.888199 0.442461 0.075549 0.131819
0 0.566872 0.769421 0.083734 0.143852
