1 0.974569 0.103056 0.049180 0.149028
1 0.498391 0.531692 0.101927 0.149977
0 0.981507 0.016616 0.036987 0.033231
0 0.071473 0.973088 0.105435 0.052009
0 0.630069 0.547428 0.109164 0.199421
0 0.121831 0.022037 0.118500 0.044074
0 0.038663 0.026637 0.074336 0.053273
0 0.581349 0.047162 0.094427 0.094324
0 0.970422 0.890924 0.057458 0.178282
0 0.554182 0.674074 0.112672 0.150306
0 0.716543 0.561447 0.114227 0.149699
0 0.556699 0.551755 0.086357 0.143417
0 0.719772 0.773345 0.123737 0.154745
0 0.052105 0.847264 0.086221 0.148074
0 0.028635 0.567384 0.057271 0.179120
0 0.276547 0.322928 0.098573 0.169995
0 0.587743 0.762616 0.096039 0.160139
0 0.452618 0.854940 0.093945 0.169074
0 0.416495 0.084292 0.107953 0.163824
0 0.084785 0.600021 0.091747 0.184227
0 0.401835 0.533914 0.094133 0.150940
0 0.442191 0.204644 0.086419 0.151204
0 0.492456 0.395896 0.105750 0.164366
0 0.641010 0.402454 0.094292 0.156796
0 0.368061 0.248926 0.088258 0.161667
0 0.716451 0.309382 0.086984 0.157921
0 0.109023 0.101699 0.086823 0.145444
0 0.528525 0.936213 0.093477 0.127185
0 0.761082 0.492157 0.099216 0.139528
0 0.203474 0.877701 0.094547 0.159208
0 0.123012 0.874225 0.084206 0.159986
0 0.754126 0.867891 0.098451 0.167106
0 0.310697 0.180072 0.098362 0.164671
0 0.394477 0.757579 0.099521 0.170194
0 0.233697 0.729278 0.095331 0.175907
0 0.893023 0.665935 0.083813 0.146667
0 0.038367 0.116488 0.076302 0.145458
0 0.776243 0.354345 0.094826 0.172718
0 0.761357 0.668900 0.095146 0.149523
0 0.372874 0.911815 0.092055 0.169546
0 0.953768 0.411551 0.091578 0.149241
0 0.151712 0.519838 0.104138 0.174648
0 0.853922 0.403528 0.092630 0.154333
0 0.161255 0.708525 0.098365 0.162403
0 0.672259 0.663937 0.094883 0.156579
0 0.886138 0.270225 0.108891 0.173995
