0 0.145469 0.741148 0.084302 0.147157
0 0.339426 0.261150 0.080055 0.152616
0 0.028693 0.063956 0.057167 0.127912
0 0.591358 0.214706 0.090268 0.148134
0 0.274146 0.851215 0.076339 0.122458
0 0.700794 0.059088 0.082391 0.117417
0 0.973708 0.392407 0.052583 0.137491
0 0.286142 0.054007 0.084820 0.108014
0 0.825370 0.515796 0.078995 0.129769
0 0.188128 0.590019 0.071578 0.150954
0 0.938332 0.625986 0.093107 0.132417
0 0.768098 0.434616 0.076560 0.135704
0 0.448742 0.506986 0.078052 0.164417
0 0.416703 0.150072 0.077156 0.133264
0 0.707678 0.167046 0.080065 0.129009
0 0.861279 0.927650 0.087062 0.132171
0 0.197010 0.865894 0.089391 0.123648
0 0.455033 0.247194 0.081805 0.142806
0 0.218651 0.713775 0.073026 0.148236
0 0.638462 0.385648 0.079023 0.126648
0 0.917988 0.798472 0.086904 0.153639
0 0.535043 0.685734 0.083977 0.159718
0 0.129014 0.428389 0.091305 0.138361
0 0.564409 0.424488 0.070755 0.137801
0 0.644978 0.625532 0.090508 0.139407
0 0.964806 0.067595 0.070044 0.134727
0 0.326603 0.904662 0.078383 0.132963
0 0.405781 0.722704 0.079875 0.147620
0 0.432221 0.342926 0.081854 0.145778
0 0.267411 0.214688 0.073281 0.132431
0 0.288172 0.757083 0.086823 0.133102
0 0.495540 0.399435 0.083237 0.158583
0 0.166117 0.268046 0.087307 0.147306
0 0.400853 0.932535 0.086539 0.132468
0 0.089844 0.810312 0.081271 0.162449
0 0.549855 0.880039 0.087081 0.143023
0 0.892165 0.080627 0.072570 0.150218
0 0.032452 0.165220 0.064904 0.125144
0 0.788184 0.124583 0.074404 0.151806
0 0.896655 0.230914 0.075341 0.128616
0 0.216264 0.370572 0.085487 0.126681
0 0.294659 0.382331 0.080495 0.145671
0 0.041445 0.505898 0.081406 0.132093
0 0.270525 0.648188 0.081352 0.132153
0 0.607948 0.740762 0.088604 0.148838
0 0.199591 0.637775 0.065661 0.213644
0 0.005741 0.291350 0.011482 0.146625
0 0.623020 0.010403 0.076128 0.019713
0 0.028859 0.982838 0.057719 0.030907
0 0.548212 0.012623 0.088706 0.025245
0 0.476210 0.145181 0.093159 0.136028
0 0.804768 0.969116 0.068297 0.058898
0 0.382221 0.020852 0.077427 0.040907
0 0.011509 0.784012 0.022883 0.139329
0 0.751391 0.971782 0.085016 0.056194
0 0.012865 0.627065 0.025729 0.142648
0 0.499762 0.055225 0.083268 0.110449
0 0.414210 0.049174 0.084773 0.098347
0 0.981432 0.265387 0.037068 0.165134
0 0.593802 0.077986 0.107187 0.112926
0 0.521402 0.962245 0.083362 0.074296
0 0.949203 0.493553 0.081688 0.140097
0 0.832380 0.389493 0.093891 0.152329
0 0.028556 0.278507 0.056393 0.150495
0 0.160003 0.952354 0.072641 0.093208
0 0.730186 0.883727 0.090180 0.134981
0 0.736763 0.260421 0.090500 0.116639
0 0.760393 0.729632 0.082146 0.131968
0 0.768133 0.801275 0.086078 0.118662
0 0.771401 0.311912 0.070854 0.133630
0 0.079530 0.156708 0.075049 0.130454
0 0.845616 0.748569 0.079477 0.130093
0 0.136340 0.551505 0.083305 0.135287
0 0.831049 0.242718 0.072432 0.128991
0 0.657062 0.527954 0.088531 0.139287
0 0.621359 0.867935 0.086891 0.140139
0 0.962611 0.871711 0.074685 0.148792
0 0.331146 0.514870 0.075396 0.152102
0 0.335853 0.139880 0.085612 0.142157
0 0.041858 0.872819 0.077029 0.147741
0 0.451102 0.636718 0.076615 0.131093
0 0.770799 0.593049 0.085849 0.140199
