0 0.066279 0.989782 0.067099 0.018204
0 0.924055 0.729231 0.071677 0.126148
0 0.868885 0.177887 0.079089 0.137144
0 0.204117 0.588343 0.067620 0.115546
0 0.858337 0.302493 0.078607 0.123968
0 0.540173 0.218391 0.077727 0.124690
0 0.714905 0.514535 0.070003 0.118819
0 0.259280 0.808970 0.071695 0.133106
0 0.344970 0.218542 0.076258 0.128398
0 0.262096 0.469521 0.076339 0.129319
0 0.139836 0.411472 0.075307 0.126056
0 0.834859 0.046044 0.080349 0.090301
0 0.618604 0.082366 0.074646 0.132611
0 0.079849 0.072435 0.079354 0.140213
0 0.925555 0.457338 0.089031 0.140759
0 0.401738 0.967870 0.062862 0.061769
0 0.673678 0.184248 0.076435 0.143329
0 0.684581 0.951012 0.083078 0.096616
0 0.706168 0.060169 0.075758 0.119579
0 0.037523 0.241771 0.075047 0.139153
0 0.471801 0.255437 0.074211 0.128477
0 0.856398 0.762269 0.068016 0.129361
0 0.316147 0.889081 0.083690 0.119977
0 0.468760 0.981079 0.074906 0.036815
0 0.835836 0.415981 0.071979 0.117296
0 0.772285 0.626972 0.086669 0.130565
0 0.067091 0.885236 0.077703 0.144898
0 0.018000 0.754611 0.036000 0.139306
0 0.419812 0.581104 0.075677 0.126014
0 0.645336 0.017044 0.077000 0.032856
0 0.883279 0.895368 0.083120 0.141116
0 0.009966 0.889294 0.019932 0.115977
0 0.778707 0.310958 0.078544 0.131602
0 0.908618 0.580037 0.078117 0.142639
0 0.324292 0.974384 0.091875 0.051231
0 0.154859 0.063225 0.071354 0.126449
0 0.747151 0.902833 0.068188 0.110870
0 0.519650 0.431437 0.072659 0.146875
0 0.197893 0.725780 0.075802 0.138023
0 0.426721 0.140523 0.080292 0.139435
0 0.296733 0.014414 0.088570 0.027421
0 0.110467 0.514546 0.078711 0.132574
0 0.078730 0.720928 0.071643 0.126495
0 0.147427 0.838025 0.076057 0.138560
0 0.137766 0.640086 0.070599 0.115579
0 0.981846 0.079743 0.035594 0.152995
0 0.578109 0.509769 0.068604 0.129898
0 0.857629 0.967729 0.060758 0.063171
0 0.033419 0.505567 0.066828 0.138634
0 0.454949 0.399611 0.070122 0.139713
0 0.944172 0.225095 0.074219 0.125838
0 0.225530 0.062743 0.068706 0.125403
0 0.794055 0.507808 0.071568 0.119477
0 0.585047 0.979248 0.072245 0.039912
0 0.319478 0.596144 0.082581 0.117333
0 0.022046 0.969023 0.043898 0.060352
0 0.363556 0.800694 0.075779 0.123056
0 0.296983 0.349245 0.079492 0.139065
0 0.501401 0.740826 0.076979 0.132218
0 0.574882 0.352708 0.077018 0.128694
0 0.681824 0.834773 0.075591 0.125074
0 0.026788 0.372551 0.053362 0.120278
0 0.528757 0.098481 0.073133 0.111648
0 0.574263 0.709870 0.069208 0.123009
0 0.986819 0.474882 0.026362 0.123551
0 0.947154 0.347519 0.073068 0.110176
0 0.761600 0.174111 0.082878 0.128898
0 0.648652 0.730514 0.078857 0.130148
0 0.854309 0.628486 0.076716 0.137241
0 0.566914 0.036588 0.069609 0.072889
0 0.295648 0.100683 0.076146 0.138875
0 0.204091 0.928671 0.072109 0.134120
0 0.394717 0.690426 0.076513 0.124454
0 0.629206 0.602141 0.083052 0.137949
0 0.926882 0.062676 0.075003 0.125352
0 0.315017 0.720498 0.079862 0.125838
0 0.676204 0.385035 0.082826 0.133060
0 0.344264 0.478954 0.073060 0.123926
0 0.575839 0.842660 0.073823 0.129032
0 0.790779 0.807273 0.074896 0.136676
0 0.142318 0.286961 0.067625 0.115394
0 0.425118 0.874840 0.065648 0.118949
1 0.382288 0.357882 0.078966 0.138514
