0 0.799783 0.959526 0.085215 0.080948
0 0.647646 0.206857 0.083473 0.107547
0 0.451930 0.421742 0.075500 0.085453
0 0.230604 0.950932 0.065840 0.098135
0 0.134328 0.922391 0.070961 0.099542
0 0.179500 0.367815 0.068039 0.086484
0 0.698783 0.491208 0.080363 0.103573
0 0.800055 0.370820 0.073117 0.109526
0 0.088770 0.040198 0.064734 0.080396
0 0.153836 0.053911 0.068039 0.083427
0 0.293469 0.406018 0.070297 0.093557
0 0.232605 0.825146 0.067664 0.087260
0 0.543129 0.529786 0.073328 0.091177
0 0.739258 0.191276 0.076297 0.108885
0 0.774801 0.875779 0.091594 0.112953
0 0.657287 0.582714 0.085332 0.114656
0 0.440494 0.576826 0.086301 0.111766
0 0.965455 0.253607 0.069090 0.122495
0 0.108244 0.837391 0.096254 0.103156
0 0.213414 0.574563 0.076437 0.100771
0 0.584613 0.695190 0.066695 0.081203
0 0.780900 0.133617 0.069918 0.094995
0 0.647578 0.289581 0.073922 0.084016
0 0.896281 0.037099 0.073117 0.074198
0 0.881074 0.356888 0.079305 0.135495
0 0.331107 0.178992 0.073660 0.116755
0 0.427342 0.684794 0.069402 0.085797
0 0.749217 0.300180 0.076801 0.101307
0 0.023787 0.385880 0.047574 0.087312
0 0.247711 0.746367 0.059453 0.075141
0 0.848424 0.085505 0.076637 0.091615
0 0.798459 0.031198 0.082082 0.062396
0 0.019641 0.303060 0.039164 0.082370
0 0.626428 0.064917 0.096652 0.129833
0 0.376145 0.416237 0.084617 0.133547
0 0.985238 0.092930 0.029523 0.104891
0 0.487348 0.750570 0.067219 0.137891
0 0.015936 0.041820 0.031871 0.080891
0 0.691453 0.793141 0.083508 0.098052
0 0.018648 0.480417 0.036484 0.097031
0 0.253943 0.024729 0.067395 0.049458
0 0.355652 0.806484 0.083539 0.106062
0 0.435223 0.115776 0.070203 0.098531
0 0.556436 0.746995 0.070840 0.082448
0 0.047693 0.204802 0.093199 0.107698
0 0.332369 0.971617 0.075512 0.054370
0 0.988068 0.021125 0.023863 0.041125
0 0.036189 0.766391 0.067590 0.114188
0 0.015383 0.589529 0.028953 0.127818
0 0.476801 0.088333 0.069711 0.094615
0 0.597857 0.021875 0.082004 0.043750
0 0.609600 0.992023 0.069277 0.014047
0 0.517916 0.015948 0.072262 0.031854
