1 0.760960 0.751389 0.088867 0.135769
1 0.839161 0.671833 0.090786 0.151630
1 0.572803 0.723164 0.084539 0.154153
1 0.168559 0.637771 0.094096 0.124810
1 0.039953 0.203766 0.079375 0.139579
0 0.984064 0.352565 0.031872 0.139426
0 0.016376 0.723924 0.032591 0.153412
0 0.161740 0.039046 0.092672 0.076898
0 0.006810 0.875713 0.013620 0.140509
0 0.235676 0.445400 0.095404 0.144403
0 0.993581 0.497424 0.012839 0.136264
0 0.991456 0.968646 0.016953 0.062708
0 0.979444 0.184187 0.040727 0.151347
0 0.372754 0.018491 0.092305 0.035889
0 0.760031 0.031947 0.095854 0.063894
0 0.129865 0.969600 0.079516 0.060801
0 0.608648 0.031535 0.093849 0.063069
0 0.207507 0.557488 0.064638 0.123245
0 0.123344 0.510868 0.086130 0.146273
0 0.286341 0.047072 0.068672 0.092264
0 0.036198 0.399912 0.072396 0.150380
0 0.218711 0.947521 0.088135 0.099153
0 0.035378 0.051296 0.070755 0.100972
0 0.585573 0.868553 0.081167 0.144856
0 0.713633 0.420412 0.091969 0.174454
0 0.488900 0.756016 0.087773 0.126032
0 0.663246 0.942894 0.095753 0.114213
0 0.193493 0.135720 0.099758 0.141745
0 0.956242 0.860831 0.086797 0.121468
0 0.818621 0.069727 0.091628 0.118685
0 0.232500 0.839616 0.083516 0.129222
0 0.493911 0.622132 0.081115 0.136375
0 0.469564 0.874067 0.078810 0.136532
0 0.152460 0.868356 0.077565 0.134602
0 0.066224 0.757204 0.085161 0.149389
0 0.844320 0.441588 0.090818 0.132130
0 0.812910 0.271238 0.092560 0.136634
0 0.695776 0.235220 0.099068 0.140171
0 0.396766 0.944160 0.081469 0.110708
0 0.361156 0.823014 0.084786 0.146074
0 0.657245 0.727370 0.087687 0.158676
0 0.285199 0.780019 0.074695 0.156815
0 0.775880 0.557275 0.075292 0.120319
0 0.414007 0.597118 0.082117 0.150977
0 0.905900 0.931264 0.084284 0.137472
0 0.910427 0.062799 0.086005 0.123810
0 0.354138 0.104398 0.079083 0.133565
0 0.759207 0.169544 0.080409 0.120792
0 0.665880 0.361613 0.087417 0.148458
0 0.940320 0.430076 0.081052 0.157301
0 0.610331 0.140502 0.071000 0.124523
0 0.368557 0.695551 0.085083 0.126426
0 0.727581 0.634477 0.088469 0.153324
0 0.592182 0.425185 0.081885 0.143963
0 0.203608 0.711303 0.092435 0.131412
0 0.886178 0.538259 0.078180 0.136380
0 0.939596 0.748220 0.091521 0.127255
0 0.687077 0.091773 0.087763 0.139028
0 0.683124 0.839148 0.096654 0.136583
0 0.435518 0.459771 0.092812 0.126856
0 0.311828 0.952174 0.091120 0.095264
0 0.618534 0.544442 0.077760 0.120653
0 0.207573 0.305053 0.087146 0.139106
0 0.137853 0.334505 0.086591 0.146704
