0 0.266967 0.013701 0.089122 0.027403
0 0.497785 0.969951 0.085122 0.060097
0 0.994214 0.770884 0.010562 0.141176
0 0.007180 0.343782 0.014359 0.142204
0 0.018539 0.028433 0.037078 0.052106
0 0.388542 0.029294 0.090932 0.058588
0 0.990092 0.600618 0.018945 0.130810
1 0.474871 0.523505 0.080273 0.135065
0 0.016059 0.949759 0.031930 0.097843
0 0.989940 0.935641 0.020120 0.121236
0 0.398590 0.538424 0.072794 0.141542
0 0.574799 0.503431 0.077495 0.123269
0 0.148720 0.700447 0.084154 0.131366
0 0.985001 0.339579 0.029654 0.147148
0 0.416454 0.958206 0.082279 0.083588
0 0.324967 0.541810 0.079581 0.138685
0 0.510802 0.791310 0.077193 0.131278
0 0.145503 0.832831 0.073906 0.127356
0 0.281909 0.327766 0.079250 0.124523
0 0.271721 0.957868 0.084677 0.084264
0 0.659777 0.441375 0.073039 0.124593
0 0.261432 0.456308 0.078323 0.132958
0 0.350469 0.406113 0.081677 0.138421
0 0.621510 0.811539 0.079927 0.150505
0 0.201909 0.340412 0.078135 0.135343
0 0.028819 0.529194 0.057638 0.120009
0 0.123602 0.391792 0.072656 0.133769
0 0.420895 0.143296 0.077352 0.128611
0 0.053605 0.345762 0.072643 0.127819
0 0.089828 0.606023 0.084234 0.146463
0 0.452388 0.394912 0.080896 0.127574
0 0.452466 0.262384 0.076865 0.125620
0 0.597809 0.653586 0.083398 0.131005
0 0.833749 0.813532 0.075945 0.129130
0 0.404229 0.839310 0.088964 0.148231
0 0.179954 0.191299 0.074279 0.131273
0 0.532690 0.206653 0.074193 0.124926
0 0.783539 0.908850 0.075292 0.125718
0 0.025897 0.154593 0.051414 0.117324
0 0.349378 0.226053 0.077365 0.133412
0 0.348150 0.090840 0.074065 0.129856
0 0.595053 0.369845 0.079857 0.148431
0 0.253737 0.209167 0.073146 0.129639
0 0.550771 0.911197 0.089458 0.139088
0 0.657594 0.284241 0.079661 0.139250
0 0.279682 0.640336 0.076552 0.136301
0 0.737147 0.669155 0.083607 0.133125
0 0.033289 0.696280 0.066318 0.130394
0 0.163510 0.948933 0.077307 0.099958
0 0.494964 0.657095 0.083516 0.140514
0 0.679659 0.913655 0.079807 0.144208
0 0.582009 0.051961 0.087945 0.099745
0 0.078621 0.221678 0.072732 0.129384
0 0.229815 0.865278 0.079500 0.138287
0 0.635337 0.146824 0.078820 0.142019
0 0.066725 0.058248 0.080852 0.113634
0 0.873208 0.043227 0.081703 0.086333
0 0.692829 0.558648 0.084820 0.139861
0 0.054720 0.837856 0.085242 0.148241
0 0.922197 0.168606 0.081961 0.135204
0 0.928424 0.331745 0.078198 0.135880
0 0.952952 0.055116 0.076768 0.110231
0 0.745089 0.800644 0.078458 0.129620
0 0.905017 0.764069 0.081680 0.136713
0 0.940660 0.894310 0.075393 0.132435
0 0.155262 0.057898 0.083044 0.112556
0 0.784255 0.054278 0.084453 0.105519
0 0.163443 0.513338 0.086234 0.147324
0 0.820815 0.565299 0.076146 0.136181
0 0.728680 0.370935 0.087604 0.153574
0 0.907970 0.617407 0.085586 0.145731
0 0.858551 0.268831 0.083242 0.146699
0 0.400099 0.684051 0.089094 0.150972
0 0.900234 0.469657 0.090328 0.147787
