0 0.574652 0.270167 0.073086 0.166870
0 0.428306 0.879965 0.073086 0.138079
0 0.749388 0.488616 0.071557 0.153120
0 0.929792 0.669558 0.072594 0.138134
0 0.962811 0.839914 0.074378 0.141282
0 0.599199 0.942245 0.070721 0.114259
0 0.077124 0.514475 0.075466 0.127190
0 0.809451 0.565692 0.066990 0.130227
0 0.458345 0.446947 0.075633 0.127523
0 0.920607 0.496428 0.072167 0.139403
0 0.290030 0.613755 0.073253 0.134907
0 0.016784 0.681907 0.033568 0.147296
0 0.772884 0.696639 0.084523 0.122009
0 0.390518 0.312699 0.075542 0.163528
0 0.544749 0.818616 0.080591 0.132907
0 0.755424 0.847565 0.070911 0.148065
0 0.368398 0.059602 0.077953 0.114250
0 0.834491 0.979539 0.070758 0.037727
0 0.495745 0.150523 0.072698 0.151194
0 0.433388 0.775981 0.074281 0.116343
0 0.178039 0.551968 0.075094 0.145019
0 0.095046 0.277479 0.067305 0.159338
0 0.689329 0.420819 0.075914 0.124269
0 0.614826 0.702535 0.072547 0.132773
0 0.161346 0.879090 0.082672 0.144569
0 0.215354 0.349745 0.073010 0.133917
0 0.248762 0.445155 0.079430 0.129523
0 0.935303 0.960340 0.063352 0.079319
0 0.314591 0.240234 0.073792 0.163708
0 0.985983 0.166894 0.027185 0.131204
0 0.674592 0.297549 0.064430 0.154264
0 0.503871 0.534975 0.079445 0.140671
0 0.158767 0.276926 0.077268 0.134065
0 0.745355 0.287618 0.061898 0.219032
0 0.278965 0.324178 0.077258 0.153551
0 0.316648 0.948558 0.069255 0.102884
0 0.615426 0.239678 0.073076 0.145792
0 0.137023 0.041155 0.063391 0.082310
0 0.309359 0.102558 0.063797 0.131764
0 0.016685 0.184926 0.033370 0.132222
0 0.058112 0.394148 0.079177 0.127352
0 0.969737 0.515421 0.060526 0.151074
0 0.863582 0.341431 0.074773 0.134889
0 0.232643 0.095562 0.068021 0.174162
0 0.771178 0.949046 0.077201 0.101907
0 0.008625 0.828157 0.017250 0.140815
0 0.967845 0.044609 0.063951 0.089218
0 0.039164 0.736558 0.071161 0.147412
0 0.974658 0.309613 0.050685 0.165523
0 0.495698 0.022775 0.086323 0.045236
0 0.933189 0.395275 0.077706 0.134912
0 0.036859 0.285495 0.073641 0.133963
0 0.253171 0.952907 0.081049 0.094185
0 0.641363 0.920150 0.063607 0.137171
0 0.078594 0.750750 0.067729 0.151963
0 0.811241 0.348009 0.067648 0.134926
0 0.183728 0.696630 0.072081 0.189074
0 0.547589 0.600137 0.086156 0.124356
0 0.576611 0.019697 0.074596 0.039153
0 0.015648 0.950294 0.031281 0.097468
0 0.412421 0.014912 0.075070 0.029759
0 0.009370 0.532090 0.018089 0.139153
0 0.190966 0.028926 0.067109 0.057852
0 0.730155 0.204109 0.071961 0.173495
0 0.023431 0.066336 0.046180 0.127347
0 0.982814 0.644213 0.034185 0.152213
0 0.835762 0.451569 0.083388 0.124806
0 0.679924 0.160347 0.061672 0.158019
0 0.865521 0.511174 0.068729 0.128792
0 0.699116 0.938692 0.065258 0.121616
0 0.105816 0.960715 0.082440 0.077662
0 0.381194 0.913141 0.074253 0.129338
0 0.111574 0.709824 0.080138 0.164296
0 0.894189 0.868176 0.078169 0.140556
0 0.293759 0.848870 0.083867 0.127074
0 0.500243 0.393998 0.072971 0.131069
0 0.780309 0.121678 0.086362 0.139032
0 0.148923 0.149958 0.080284 0.137972
