0 0.841115 0.974394 0.078958 0.049398
0 0.007612 0.832606 0.014839 0.149935
0 0.831810 0.017537 0.096703 0.035074
0 0.775500 0.967898 0.074771 0.064204
0 0.127471 0.018616 0.089953 0.036657
0 0.984070 0.059606 0.031005 0.115417
0 0.103315 0.827394 0.089599 0.158843
0 0.568479 0.018769 0.089396 0.037537
0 0.839281 0.792065 0.088875 0.135167
0 0.887138 0.714426 0.100203 0.144315
0 0.101323 0.701366 0.093750 0.143102
0 0.656589 0.484463 0.077938 0.171778
0 0.324471 0.143134 0.082245 0.136491
0 0.318958 0.655241 0.089240 0.191370
0 0.277336 0.050519 0.105120 0.101037
0 0.855771 0.919389 0.104156 0.151241
0 0.767995 0.795551 0.078698 0.158176
0 0.576323 0.526255 0.095573 0.139509
0 0.034362 0.906579 0.068724 0.154972
0 0.165320 0.423343 0.085974 0.211315
0 0.800245 0.672958 0.088510 0.146565
0 0.950674 0.124356 0.096109 0.144287
0 0.932510 0.620648 0.087385 0.141852
0 0.244195 0.376380 0.079182 0.172333
0 0.906956 0.510574 0.086193 0.126019
0 0.817424 0.100898 0.086828 0.164056
0 0.294240 0.500264 0.081438 0.142972
0 0.892633 0.065130 0.086891 0.130259
0 0.036531 0.765120 0.073063 0.148759
0 0.238734 0.637773 0.089760 0.141602
0 0.861112 0.596440 0.085130 0.127917
0 0.410049 0.054412 0.088870 0.107843
1 0.779242 0.350551 0.101120 0.175065
1 0.732326 0.604477 0.096266 0.163194
0 0.476310 0.192444 0.078630 0.143259
0 0.825917 0.243231 0.076875 0.135722
0 0.744935 0.176963 0.080557 0.137352
0 0.711464 0.286361 0.079146 0.139222
0 0.541341 0.613708 0.090974 0.149139
0 0.372146 0.258819 0.087052 0.147972
0 0.695503 0.404255 0.087286 0.134898
0 0.071648 0.618440 0.081245 0.136269
0 0.620253 0.635227 0.090516 0.150213
0 0.596458 0.419032 0.083823 0.135843
0 0.315453 0.375185 0.082583 0.135333
0 0.369688 0.836884 0.089542 0.150065
0 0.859612 0.354778 0.082609 0.139963
0 0.283870 0.246329 0.078021 0.148694
0 0.108138 0.504181 0.077328 0.150769
0 0.829229 0.472847 0.088781 0.133731
0 0.522078 0.418481 0.087646 0.147111
0 0.618513 0.750769 0.087089 0.140833
0 0.710023 0.736944 0.076766 0.134611
0 0.703695 0.852667 0.093828 0.154315
0 0.217406 0.528588 0.095750 0.151213
0 0.412469 0.145755 0.075813 0.148324
0 0.557443 0.275787 0.080198 0.143648
0 0.758523 0.059731 0.080380 0.118685
