0 0.868516 0.671403 0.081776 0.126620
0 0.091728 0.353155 0.073898 0.146403
0 0.369814 0.323023 0.069836 0.137500
0 0.583245 0.882000 0.076995 0.155370
0 0.796566 0.346389 0.074695 0.164343
0 0.021430 0.661787 0.041990 0.131593
0 0.966496 0.679312 0.067008 0.137218
0 0.621307 0.217627 0.072901 0.125542
0 0.698613 0.527329 0.071544 0.139509
0 0.374674 0.528928 0.072995 0.134310
0 0.415492 0.707646 0.063130 0.204736
0 0.131362 0.928317 0.073714 0.139792
0 0.532645 0.284718 0.069956 0.174546
0 0.318501 0.604627 0.071794 0.146468
0 0.401408 0.909502 0.068602 0.166718
0 0.023194 0.302944 0.045466 0.117269
0 0.109132 0.785373 0.074320 0.148468
0 0.320620 0.242456 0.079583 0.134708
0 0.904710 0.398183 0.080221 0.121847
0 0.257142 0.750951 0.068331 0.146227
0 0.682904 0.438306 0.072953 0.118759
0 0.196150 0.645931 0.079607 0.212306
0 0.478177 0.067750 0.078542 0.123880
0 0.447326 0.941757 0.077292 0.114588
0 0.853605 0.917718 0.066768 0.124231
0 0.708361 0.115961 0.066326 0.132560
0 0.908876 0.942606 0.071268 0.114787
0 0.438233 0.579657 0.074966 0.135157
0 0.466568 0.649171 0.070620 0.157046
0 0.638359 0.526752 0.057969 0.240097
0 0.348199 0.953162 0.075263 0.091676
0 0.037983 0.813062 0.075727 0.133940
0 0.110483 0.575718 0.069013 0.139074
0 0.123750 0.455157 0.075667 0.124046
0 0.859965 0.021650 0.080956 0.040458
0 0.861587 0.335456 0.058560 0.212690
0 0.733232 0.886898 0.064297 0.158981
0 0.759924 0.103907 0.066750 0.156407
0 0.598892 0.635826 0.071159 0.121486
0 0.792176 0.717725 0.075461 0.136958
0 0.845710 0.552963 0.074596 0.138491
0 0.383499 0.782458 0.074367 0.129250
0 0.860874 0.782532 0.073674 0.132741
0 0.065949 0.633005 0.065378 0.139194
0 0.052548 0.415602 0.074685 0.122093
0 0.678842 0.272037 0.072799 0.121991
0 0.181543 0.056488 0.078284 0.112977
0 0.567056 0.552799 0.080299 0.151097
0 0.340883 0.048898 0.072057 0.097796
0 0.480965 0.488000 0.067409 0.190037
0 0.792457 0.885394 0.071867 0.151500
0 0.652219 0.106991 0.076062 0.157380
0 0.967866 0.438887 0.064268 0.182264
0 0.412663 0.057285 0.065372 0.113727
0 0.990091 0.598440 0.019818 0.150926
0 0.563552 0.708553 0.073786 0.156014
0 0.128527 0.276083 0.069477 0.177889
0 0.015241 0.158993 0.028820 0.154449
0 0.948685 0.283583 0.076677 0.140870
0 0.986284 0.235444 0.026365 0.149917
0 0.420530 0.153880 0.070237 0.139056
0 0.762677 0.540692 0.078677 0.162681
0 0.034392 0.055097 0.066732 0.110194
0 0.284259 0.933475 0.063346 0.133051
0 0.983436 0.095132 0.033128 0.148792
