0 0.605716 0.601074 0.097151 0.145222
1 0.654958 0.122333 0.086375 0.153259
0 0.495565 0.684157 0.097620 0.158259
0 0.592346 0.726949 0.093151 0.155806
0 0.353148 0.516176 0.086161 0.161333
0 0.193242 0.675505 0.089339 0.164380
0 0.460388 0.419824 0.088630 0.165426
0 0.740589 0.445495 0.104406 0.146306
0 0.278771 0.549741 0.091281 0.143296
0 0.365940 0.730384 0.095286 0.157694
0 0.568560 0.417968 0.088328 0.164657
0 0.554221 0.221477 0.095422 0.150435
0 0.064357 0.558694 0.098599 0.159815
0 0.112599 0.676329 0.091396 0.165676
0 0.285055 0.684648 0.090776 0.164093
0 0.653779 0.502287 0.098089 0.146981
0 0.380964 0.386514 0.087542 0.137269
0 0.777453 0.716319 0.091146 0.149861
0 0.352490 0.240444 0.089344 0.180241
0 0.830260 0.419593 0.091438 0.157407
0 0.124742 0.467116 0.087026 0.154028
0 0.423841 0.829801 0.082672 0.177880
0 0.780047 0.529616 0.093010 0.140769
0 0.059802 0.778056 0.092104 0.161796
0 0.675031 0.678074 0.100615 0.163037
0 0.501479 0.542611 0.088302 0.152000
0 0.637987 0.240245 0.091818 0.164287
0 0.181557 0.212602 0.087188 0.137630
0 0.494268 0.861935 0.086005 0.140630
0 0.869513 0.726269 0.086943 0.147815
0 0.911956 0.841032 0.092516 0.171509
0 0.374599 0.936319 0.086552 0.127361
0 0.914255 0.399801 0.085281 0.157287
0 0.069904 0.244838 0.086807 0.172639
0 0.793846 0.878949 0.078672 0.161435
0 0.072591 0.920171 0.082297 0.145991
0 0.149513 0.788231 0.088359 0.141111
0 0.800471 0.067319 0.091224 0.134639
0 0.321419 0.833079 0.097786 0.141398
0 0.718365 0.793208 0.084521 0.155009
0 0.231406 0.813602 0.080958 0.174981
0 0.478031 0.955889 0.104010 0.088222
0 0.470115 0.142306 0.090323 0.145870
0 0.122271 0.149745 0.080781 0.168657
0 0.580521 0.113463 0.083531 0.161370
0 0.244232 0.286611 0.086474 0.159556
0 0.808266 0.242796 0.078073 0.162685
0 0.938000 0.543713 0.089333 0.162222
0 0.172997 0.362500 0.084432 0.148056
0 0.753102 0.304375 0.085651 0.163546
0 0.874688 0.261005 0.080365 0.173102
0 0.438000 0.274833 0.086406 0.147444
0 0.699857 0.303588 0.081578 0.191954
0 0.309036 0.928130 0.081948 0.143741
0 0.287073 0.050477 0.088292 0.096398
0 0.230073 0.105139 0.100135 0.158667
0 0.883568 0.067296 0.094240 0.134444
0 0.712438 0.133116 0.077823 0.159102
0 0.399620 0.093282 0.086635 0.150435
0 0.968242 0.191389 0.062151 0.152111
0 0.956349 0.048750 0.085490 0.097500
0 0.832852 0.604449 0.099432 0.140731
0 0.942234 0.257106 0.081365 0.158639
0 0.273031 0.215454 0.087562 0.156370
0 0.179909 0.913301 0.089505 0.155324
0 0.482732 0.276963 0.080995 0.162333
0 0.172466 0.043273 0.100141 0.083417
0 0.954659 0.939185 0.080641 0.119037
0 0.017336 0.623208 0.034672 0.164009
0 0.985865 0.551912 0.026625 0.172806
0 0.966013 0.698134 0.066453 0.155065
0 0.746951 0.982361 0.101453 0.035278
0 0.118544 0.337907 0.076786 0.133944
0 0.109174 0.981963 0.080786 0.033093
0 0.290891 0.399644 0.079646 0.153824
0 0.560156 0.527843 0.066656 0.118685
0 0.993221 0.838977 0.013557 0.120194
0 0.749023 0.014875 0.074568 0.028417
0 0.464003 0.027736 0.085130 0.055472
0 0.832789 0.971255 0.095151 0.057491
0 0.407823 0.627745 0.085156 0.175935
0 0.024758 0.142727 0.049516 0.189861
0 0.628813 0.038912 0.097281 0.075417
0 0.028432 0.321472 0.056865 0.154519
0 0.645242 0.363250 0.071224 0.125556
0 0.879190 0.601773 0.083068 0.148139
0 0.980891 0.374231 0.037292 0.177741
0 0.364930 0.024889 0.095182 0.049778
0 0.216987 0.959935 0.103828 0.080130
0 0.536693 0.025894 0.090583 0.051713
0 0.014531 0.834986 0.029062 0.158824
