0 0.064354 0.781134 0.101510 0.142306
0 0.194867 0.456560 0.103609 0.122398
0 0.955026 0.077370 0.073000 0.154741
0 0.015068 0.791199 0.030135 0.154639
0 0.641484 0.969259 0.080406 0.061481
0 0.984513 0.911449 0.030974 0.138583
0 0.664904 0.505676 0.115443 0.144074
0 0.020724 0.627880 0.040687 0.097759
0 0.489557 0.976241 0.081625 0.046519
0 0.990096 0.602431 0.019807 0.159917
0 0.826914 0.022231 0.083109 0.043130
0 0.335326 0.021032 0.083318 0.042065
0 0.885922 0.975130 0.091958 0.049741
0 0.085299 0.975106 0.087922 0.046046
0 0.994323 0.399435 0.011021 0.130556
0 0.638776 0.021213 0.101302 0.042426
0 0.492771 0.890037 0.079385 0.137389
0 0.679344 0.865218 0.096073 0.161361
0 0.471883 0.754014 0.087474 0.153769
0 0.038992 0.419458 0.077984 0.157731
0 0.642612 0.755681 0.088255 0.140898
0 0.280940 0.136704 0.080495 0.147315
0 0.576568 0.917356 0.095750 0.119250
0 0.357883 0.950250 0.078609 0.099056
0 0.332211 0.686565 0.101536 0.131278
0 0.786883 0.761315 0.079901 0.138981
0 0.259643 0.305241 0.086828 0.168556
0 0.610492 0.645074 0.091099 0.130722
0 0.223435 0.703639 0.089432 0.129852
0 0.287833 0.571269 0.067573 0.170352
0 0.793674 0.927991 0.093849 0.144019
0 0.107307 0.439148 0.075562 0.153741
0 0.286883 0.919417 0.078099 0.139167
0 0.752326 0.628597 0.082880 0.150435
0 0.187391 0.111745 0.083896 0.126861
0 0.086070 0.613347 0.074682 0.132917
0 0.494062 0.278653 0.088198 0.131176
0 0.106315 0.729435 0.076693 0.113889
0 0.425409 0.521278 0.088599 0.158056
0 0.116456 0.876704 0.085974 0.164037
0 0.931482 0.809796 0.094349 0.178019
0 0.164224 0.520088 0.085875 0.131713
0 0.710292 0.939884 0.083146 0.116528
0 0.882297 0.461144 0.081000 0.140898
0 0.399766 0.794616 0.072188 0.141972
0 0.796047 0.534815 0.080906 0.129833
0 0.562651 0.271856 0.089260 0.145806
0 0.460677 0.366731 0.082354 0.137963
0 0.567667 0.976245 0.106375 0.046417
0 0.156297 0.645671 0.078740 0.139139
0 0.316151 0.372296 0.075552 0.155093
0 0.252648 0.434907 0.086036 0.132944
0 0.417836 0.213644 0.078255 0.153713
0 0.682474 0.605856 0.078031 0.151917
0 0.616531 0.154407 0.086969 0.138037
0 0.857740 0.166870 0.077354 0.130981
0 0.499630 0.427491 0.082229 0.177444
0 0.520693 0.138838 0.081958 0.135676
0 0.924172 0.202556 0.079729 0.147185
0 0.830724 0.422778 0.089260 0.163074
0 0.951344 0.603361 0.074344 0.128333
0 0.477938 0.607611 0.077073 0.132574
0 0.636143 0.291241 0.077953 0.140963
0 0.952732 0.418185 0.086089 0.148278
0 0.008258 0.320273 0.016516 0.177102
0 0.348484 0.188801 0.082667 0.152898
0 0.461833 0.157796 0.087750 0.176889
0 0.711349 0.386523 0.084635 0.145639
0 0.892216 0.051681 0.073453 0.102454
0 0.818497 0.091079 0.090391 0.129657
0 0.882273 0.342236 0.120422 0.134435
0 0.949958 0.946213 0.076656 0.107574
0 0.388716 0.067639 0.089078 0.128870
0 0.965305 0.729681 0.068557 0.152991
0 0.853458 0.842931 0.090167 0.154139
0 0.345029 0.555778 0.088578 0.153667
0 0.887724 0.586991 0.090260 0.143407
0 0.425167 0.927093 0.077396 0.145815
0 0.284438 0.756731 0.075240 0.155093
0 0.182917 0.349718 0.104573 0.118102
0 0.226659 0.573602 0.077609 0.160944
0 0.873909 0.714162 0.094339 0.139731
0 0.041393 0.900000 0.082786 0.142537
0 0.409255 0.655148 0.095031 0.144648
0 0.342406 0.827056 0.080698 0.166593
0 0.369794 0.444167 0.089651 0.130148
0 0.040945 0.539259 0.081401 0.122593
0 0.393971 0.329769 0.087255 0.150222
0 0.593208 0.824750 0.105250 0.156093
0 0.209945 0.781606 0.101089 0.136157
0 0.669398 0.069616 0.083349 0.139231
0 0.970990 0.281935 0.056344 0.133981
0 0.529315 0.565139 0.101234 0.140111
0 0.584534 0.053593 0.086432 0.107019
0 0.174234 0.231190 0.085937 0.133491
1 0.210893 0.888222 0.098339 0.145685
1 0.561805 0.440866 0.088266 0.169361
