1 0.413716 0.836773 0.072156 0.125324
0 0.589615 0.150562 0.067703 0.124069
0 0.995230 0.337667 0.009539 0.141880
0 0.990083 0.078345 0.019833 0.116023
0 0.642474 0.417097 0.082661 0.141000
0 0.672112 0.978512 0.080151 0.042431
0 0.568314 0.129530 0.083893 0.137940
0 0.009402 0.633437 0.018805 0.131903
0 0.146771 0.975940 0.087552 0.048083
0 0.676536 0.021400 0.084297 0.042801
0 0.891354 0.493838 0.083151 0.154519
0 0.071052 0.019657 0.079911 0.039315
0 0.345107 0.024884 0.074156 0.049769
0 0.598510 0.034609 0.081469 0.068236
0 0.341332 0.960407 0.068534 0.078204
0 0.416479 0.963873 0.078354 0.071894
0 0.875118 0.047343 0.076977 0.093287
0 0.151318 0.616178 0.079964 0.117088
0 0.977977 0.226454 0.044047 0.126926
0 0.022509 0.109579 0.045018 0.151222
0 0.533880 0.959363 0.070719 0.079412
0 0.592695 0.613817 0.074708 0.107171
0 0.263980 0.817530 0.080628 0.128255
0 0.575654 0.731620 0.072688 0.130713
0 0.316095 0.819350 0.076451 0.137810
0 0.288391 0.185778 0.068552 0.121185
0 0.683397 0.200611 0.068763 0.130380
0 0.955025 0.510495 0.075534 0.137157
0 0.688901 0.385005 0.075880 0.127259
0 0.753548 0.049176 0.078529 0.097667
0 0.035913 0.954479 0.071773 0.091042
0 0.414863 0.052653 0.074846 0.103426
0 0.493768 0.088438 0.077927 0.147301
0 0.261809 0.942845 0.087872 0.114310
0 0.716267 0.252470 0.074758 0.129579
0 0.251427 0.062718 0.091375 0.125435
0 0.607327 0.791609 0.079169 0.150662
0 0.025579 0.263428 0.051159 0.143505
0 0.959280 0.711803 0.074049 0.144301
0 0.971091 0.829338 0.057818 0.139750
0 0.757167 0.472664 0.076563 0.128532
0 0.798203 0.587067 0.072417 0.142273
0 0.529053 0.627523 0.075409 0.121722
0 0.933678 0.118384 0.080148 0.138843
0 0.201100 0.602597 0.074039 0.134648
0 0.345938 0.129248 0.072396 0.135116
0 0.378086 0.642516 0.077859 0.148708
0 0.238741 0.489502 0.067841 0.130505
0 0.031372 0.832396 0.062745 0.140653
0 0.301078 0.681169 0.078625 0.136968
0 0.149788 0.196991 0.082008 0.153759
0 0.609608 0.280269 0.076128 0.140685
0 0.484065 0.879222 0.073953 0.129926
0 0.334999 0.503021 0.074576 0.132236
0 0.815862 0.726970 0.071807 0.135949
0 0.680583 0.879968 0.080786 0.136157
0 0.901337 0.834900 0.074049 0.125162
0 0.518171 0.254991 0.084367 0.151694
0 0.129078 0.739542 0.074135 0.129898
0 0.406366 0.506674 0.066372 0.127801
0 0.030624 0.456873 0.061247 0.130199
0 0.099845 0.506725 0.078070 0.138644
0 0.232487 0.316697 0.075573 0.153134
0 0.450595 0.704880 0.083206 0.151694
0 0.728340 0.642169 0.080878 0.138829
0 0.741415 0.779972 0.077201 0.129843
0 0.775005 0.902326 0.076917 0.135412
0 0.470090 0.430414 0.079352 0.141264
0 0.943983 0.347435 0.086862 0.153074
0 0.086742 0.109840 0.070547 0.126579
0 0.534083 0.493359 0.085464 0.144486
0 0.306171 0.312736 0.072044 0.123361
0 0.178672 0.412609 0.069250 0.122032
0 0.856124 0.934683 0.084326 0.128903
0 0.100285 0.333171 0.077690 0.126907
0 0.878216 0.639771 0.076411 0.127718
0 0.382574 0.300046 0.076367 0.128519
