0 0.982010 0.620347 0.035516 0.164000
0 0.321464 0.538532 0.087818 0.160944
0 0.223836 0.435648 0.090536 0.147806
0 0.307895 0.285667 0.090612 0.136870
0 0.869814 0.274850 0.079628 0.127681
0 0.353678 0.269646 0.094695 0.143125
0 0.267650 0.433632 0.099008 0.150162
0 0.709866 0.880139 0.097185 0.150315
0 0.292583 0.928963 0.080495 0.134704
0 0.192704 0.903903 0.092279 0.185454
0 0.836173 0.747938 0.080378 0.135153
0 0.216177 0.255289 0.074776 0.142116
0 0.372076 0.464132 0.083682 0.137884
0 0.857133 0.487937 0.068391 0.122995
0 0.371832 0.146581 0.086951 0.194282
0 0.905129 0.798525 0.110617 0.185773
0 0.972480 0.430053 0.054852 0.145681
0 0.862177 0.356838 0.091297 0.170741
0 0.253919 0.224590 0.090401 0.142329
0 0.091783 0.117940 0.086013 0.164120
0 0.973964 0.154641 0.052073 0.135606
0 0.747948 0.089887 0.092255 0.156727
0 0.469004 0.760884 0.081737 0.157259
0 0.511641 0.566905 0.079943 0.154319
0 0.523978 0.842852 0.100315 0.150796
0 0.167000 0.287583 0.086255 0.145343
0 0.885422 0.177343 0.068510 0.109593
0 0.120845 0.338218 0.106445 0.151241
0 0.555242 0.665456 0.079823 0.154829
0 0.123898 0.049887 0.079375 0.099227
0 0.383266 0.402815 0.090214 0.138333
0 0.669717 0.395424 0.093737 0.141116
0 0.582057 0.040870 0.088734 0.081741
0 0.926767 0.057968 0.084305 0.114778
0 0.043767 0.836039 0.087534 0.167708
0 0.368102 0.928299 0.095120 0.142995
0 0.080898 0.221532 0.077990 0.132722
0 0.036423 0.253910 0.072737 0.160560
0 0.893551 0.636639 0.106117 0.178083
0 0.133810 0.853164 0.115208 0.164792
0 0.435250 0.210037 0.093807 0.174019
0 0.545064 0.197970 0.108529 0.177921
0 0.623122 0.947044 0.090484 0.103060
0 0.266492 0.650329 0.099510 0.161389
0 0.161839 0.180213 0.083339 0.156250
0 0.766117 0.843433 0.081854 0.161968
0 0.039286 0.641866 0.074885 0.131954
0 0.794061 0.502414 0.086659 0.139310
0 0.296879 0.093704 0.095185 0.159444
0 0.088299 0.546000 0.091797 0.172185
0 0.627763 0.278009 0.086224 0.164454
0 0.709660 0.324440 0.083643 0.135435
0 0.728082 0.441801 0.071888 0.129306
0 0.812905 0.182292 0.087013 0.148056
0 0.356952 0.655998 0.090638 0.157634
0 0.247836 0.561569 0.083641 0.132926
0 0.975608 0.751458 0.048784 0.132602
0 0.041208 0.430137 0.082417 0.139995
0 0.660882 0.734803 0.087768 0.164144
0 0.435128 0.517308 0.093875 0.143662
0 0.824682 0.064824 0.085797 0.129648
0 0.923223 0.481236 0.079091 0.141028
0 0.635096 0.094699 0.091349 0.150685
0 0.705207 0.562019 0.084315 0.143093
0 0.689785 0.185866 0.080799 0.137111
0 0.503225 0.309544 0.087107 0.142301
0 0.846215 0.576833 0.077096 0.132009
0 0.939635 0.137197 0.078917 0.123523
0 0.820586 0.968676 0.087474 0.058361
0 0.970596 0.309977 0.058807 0.179880
0 0.256021 0.026127 0.087563 0.051403
0 0.269565 0.320722 0.078135 0.129352
0 0.010461 0.358750 0.020922 0.146148
0 0.048965 0.938438 0.079070 0.121699
0 0.016475 0.157637 0.032951 0.158986
0 0.336954 0.025694 0.084628 0.051083
0 0.493249 0.026491 0.082008 0.051472
0 0.338799 0.797877 0.092651 0.151745
0 0.762646 0.958412 0.085115 0.081639
0 0.171277 0.510009 0.089643 0.217880
0 0.297387 0.791266 0.095138 0.153579
0 0.503509 0.653023 0.094232 0.149454
0 0.005992 0.592757 0.011807 0.160856
0 0.714823 0.039868 0.094370 0.079736
0 0.018507 0.964579 0.036159 0.070843
0 0.976305 0.032706 0.047391 0.062634
0 0.037294 0.032782 0.074589 0.065565
