0 0.909749 0.483326 0.096253 0.144690
1 0.282424 0.537949 0.097437 0.145130
0 0.585565 0.727426 0.084099 0.151907
0 0.675100 0.642650 0.083336 0.155912
0 0.670090 0.809164 0.081669 0.146218
0 0.776268 0.835354 0.091443 0.154199
0 0.127380 0.846970 0.092807 0.154005
0 0.809362 0.213155 0.089130 0.151449
0 0.732156 0.737384 0.074906 0.145843
0 0.865120 0.714088 0.091490 0.146648
0 0.358902 0.745345 0.090674 0.154069
0 0.120286 0.581160 0.088141 0.143495
0 0.726930 0.934324 0.083797 0.129565
0 0.449620 0.750725 0.087359 0.145449
0 0.107781 0.713706 0.089807 0.136921
0 0.606802 0.895655 0.089234 0.169116
0 0.523772 0.480562 0.092846 0.151218
0 0.711523 0.440815 0.079115 0.135009
0 0.928831 0.605688 0.081885 0.138782
0 0.068023 0.141664 0.081234 0.140227
0 0.282810 0.666002 0.088021 0.128931
0 0.347928 0.454840 0.085622 0.140042
0 0.550509 0.611431 0.088674 0.148657
0 0.406189 0.570641 0.090695 0.155764
0 0.804600 0.627873 0.087174 0.171366
0 0.430796 0.891718 0.091674 0.160185
0 0.505415 0.278829 0.087185 0.155787
0 0.753181 0.540588 0.090878 0.159093
0 0.104319 0.444683 0.084096 0.137505
0 0.288647 0.327331 0.087799 0.136625
0 0.244044 0.421542 0.089651 0.151648
0 0.884490 0.845713 0.088385 0.159926
0 0.196168 0.545984 0.076987 0.148912
0 0.036098 0.660044 0.072195 0.159486
0 0.262185 0.784970 0.083120 0.131023
0 0.528319 0.882815 0.080633 0.177157
0 0.093966 0.308528 0.091286 0.149167
0 0.187794 0.750102 0.085276 0.165333
0 0.245374 0.905725 0.093784 0.135931
0 0.607121 0.321861 0.080904 0.160361
0 0.030138 0.884074 0.060177 0.148963
0 0.034221 0.391921 0.068443 0.160306
0 0.551189 0.374319 0.069456 0.121926
0 0.854777 0.383387 0.081049 0.162968
0 0.900332 0.273975 0.079914 0.133329
0 0.147477 0.091634 0.090536 0.161204
0 0.380102 0.329667 0.081672 0.136519
0 0.672561 0.240986 0.085576 0.167889
0 0.964048 0.194954 0.071904 0.161324
0 0.725177 0.303317 0.082906 0.159616
0 0.324255 0.882354 0.081078 0.147394
0 0.222150 0.096840 0.073534 0.135958
0 0.972337 0.939292 0.055326 0.120083
0 0.357073 0.086035 0.096901 0.151745
0 0.475466 0.579049 0.074760 0.150551
0 0.968046 0.422975 0.063909 0.144097
0 0.036534 0.048118 0.072349 0.094227
0 0.974251 0.675227 0.051440 0.156065
0 0.914047 0.956581 0.073990 0.086005
0 0.616191 0.043579 0.094820 0.085657
0 0.637309 0.133669 0.095424 0.136773
0 0.718832 0.033495 0.080576 0.066991
0 0.550171 0.160118 0.095247 0.153171
0 0.498729 0.053563 0.077776 0.106671
0 0.359721 0.215581 0.100516 0.140773
0 0.866217 0.036183 0.079117 0.072319
0 0.374359 0.962535 0.098698 0.074588
0 0.806059 0.072743 0.077997 0.141023
0 0.844884 0.966049 0.073315 0.067440
0 0.891091 0.144370 0.087099 0.134111
0 0.488495 0.964792 0.088266 0.069111
0 0.314911 0.031620 0.080635 0.062389
0 0.165008 0.237734 0.096161 0.147662
0 0.414513 0.041782 0.085260 0.083565
0 0.048392 0.969639 0.096784 0.059917
0 0.245426 0.015986 0.083367 0.031565
0 0.011904 0.509880 0.023349 0.154509
0 0.964780 0.063947 0.070164 0.127292
0 0.739046 0.136155 0.093143 0.150736
0 0.013176 0.137766 0.026076 0.145042
0 0.986232 0.824715 0.027104 0.138690
0 0.553039 0.012625 0.075104 0.025250
0 0.442422 0.217197 0.083740 0.153097
0 0.990211 0.536565 0.019562 0.141167
0 0.133954 0.982609 0.091138 0.033597
0 0.624582 0.984838 0.091352 0.027676
0 0.992771 0.325532 0.014458 0.137111
0 0.270466 0.981903 0.098177 0.035685
1 0.267053 0.202701 0.089096 0.145671
