0 0.119292 0.200019 0.070698 0.137157
0 0.920760 0.164366 0.087781 0.148093
0 0.854340 0.835255 0.091076 0.124852
0 0.049733 0.638750 0.074742 0.129213
0 0.748413 0.416340 0.082164 0.141532
0 0.156318 0.913931 0.085667 0.148287
0 0.269517 0.384512 0.075945 0.132718
0 0.354875 0.306683 0.072786 0.153079
0 0.846931 0.608086 0.084612 0.129014
0 0.588380 0.947009 0.081828 0.105519
0 0.820652 0.064456 0.080279 0.120921
0 0.761117 0.941525 0.080224 0.115755
0 0.953839 0.354954 0.073745 0.129472
0 0.429952 0.735991 0.071029 0.153481
0 0.083173 0.750852 0.083570 0.132926
0 0.184409 0.161556 0.080328 0.143435
0 0.701180 0.290382 0.077156 0.153579
0 0.121510 0.325542 0.074281 0.132546
0 0.245405 0.098780 0.079201 0.157801
0 0.229615 0.500815 0.079953 0.137815
0 0.443134 0.203072 0.079393 0.151162
0 0.152659 0.620762 0.082146 0.161662
0 0.320148 0.845009 0.085271 0.143870
0 0.935039 0.880771 0.076948 0.134579
0 0.918247 0.751287 0.075135 0.134880
0 0.604598 0.359741 0.073263 0.176694
0 0.715303 0.088880 0.087398 0.126843
0 0.781609 0.321560 0.077984 0.132361
0 0.581264 0.494905 0.078086 0.148708
0 0.485370 0.108597 0.078667 0.130472
0 0.764079 0.703525 0.082747 0.147023
0 0.520909 0.634979 0.077260 0.133801
0 0.497749 0.762896 0.079018 0.136310
0 0.333103 0.533822 0.076310 0.139745
0 0.832823 0.478637 0.082495 0.143088
0 0.485724 0.431907 0.083745 0.141148
0 0.669392 0.666493 0.080049 0.144597
0 0.679768 0.539144 0.079182 0.126574
0 0.550396 0.149609 0.076536 0.151181
0 0.271020 0.260995 0.076216 0.123361
0 0.165951 0.425880 0.079734 0.126102
0 0.769766 0.535137 0.078755 0.119653
0 0.691436 0.833551 0.071622 0.139120
0 0.263344 0.765282 0.071005 0.159417
0 0.583258 0.056396 0.078880 0.112329
0 0.752147 0.827303 0.076336 0.129745
0 0.303841 0.672125 0.076490 0.158472
0 0.310525 0.175544 0.075086 0.146745
0 0.425111 0.947387 0.076857 0.105227
0 0.041292 0.508949 0.077740 0.132241
0 0.408729 0.383801 0.082651 0.130204
0 0.748724 0.190176 0.088734 0.153806
0 0.927210 0.505553 0.074060 0.141505
0 0.837747 0.723866 0.073635 0.127694
0 0.895510 0.257537 0.072516 0.146694
0 0.207408 0.698870 0.074466 0.151907
0 0.347835 0.948215 0.084565 0.103569
0 0.389384 0.079037 0.077701 0.156444
0 0.006129 0.462153 0.012258 0.144120
1 0.975143 0.693590 0.049656 0.146514
0 0.989712 0.576713 0.020576 0.129194
0 0.670602 0.408917 0.075937 0.145935
0 0.479052 0.309391 0.076740 0.123708
0 0.421935 0.500097 0.079792 0.139944
0 0.036691 0.369387 0.072331 0.152440
0 0.603938 0.838447 0.079302 0.132514
0 0.006803 0.623815 0.013596 0.154380
0 0.989327 0.109176 0.021346 0.153185
0 0.008897 0.192931 0.017789 0.157000
0 0.958555 0.021743 0.082891 0.043486
0 0.697009 0.950407 0.077836 0.099185
0 0.677374 0.025498 0.089638 0.050995
0 0.028608 0.039898 0.056591 0.077454
0 0.942621 0.091387 0.089711 0.149986
0 0.768973 0.027391 0.073326 0.054782
1 0.369354 0.669512 0.077865 0.162181
0 0.205009 0.309475 0.068914 0.163523
0 0.305650 0.035104 0.085867 0.070134
0 0.427052 0.627181 0.086469 0.143435
0 0.088464 0.889792 0.074255 0.185056
0 0.980260 0.826551 0.039479 0.142093
0 0.380052 0.198627 0.080984 0.185394
0 0.975814 0.513799 0.048372 0.144801
0 0.059801 0.121991 0.082576 0.162333
0 0.815449 0.904120 0.083987 0.145157
0 0.445204 0.036021 0.082211 0.071468
0 0.976398 0.251002 0.047203 0.140440
0 0.840503 0.188051 0.079177 0.146454
0 0.472073 0.899262 0.086521 0.163347
0 0.888188 0.397449 0.080594 0.129546
