0 0.677201 0.631648 0.107344 0.164120
1 0.456392 0.377775 0.072169 0.119894
0 0.104421 0.346954 0.078315 0.157926
0 0.541607 0.078826 0.084557 0.137282
0 0.972999 0.290440 0.053794 0.146593
0 0.021431 0.427405 0.042862 0.167894
0 0.005379 0.574808 0.010758 0.135625
0 0.983984 0.430144 0.031995 0.120130
0 0.472125 0.591155 0.069891 0.122532
0 0.690368 0.045685 0.094690 0.088713
0 0.546927 0.959690 0.070318 0.079250
0 0.408957 0.230271 0.081466 0.134690
0 0.676962 0.410030 0.092544 0.153495
0 0.008387 0.689141 0.016773 0.156995
0 0.901813 0.048826 0.114786 0.096884
0 0.989819 0.948565 0.020362 0.102870
0 0.710974 0.125326 0.069380 0.116597
0 0.292462 0.271625 0.081956 0.135259
0 0.905842 0.756736 0.091706 0.149185
0 0.273559 0.016058 0.092977 0.031032
0 0.010124 0.051222 0.020247 0.102444
0 0.559845 0.051317 0.094971 0.099236
0 0.836262 0.965817 0.093893 0.067245
0 0.115789 0.031701 0.071552 0.062421
0 0.320941 0.971262 0.069982 0.054125
0 0.984661 0.583421 0.030677 0.144194
0 0.968609 0.205970 0.062781 0.139949
0 0.412352 0.937558 0.082672 0.123662
0 0.137978 0.591931 0.093539 0.137694
0 0.425900 0.501676 0.069112 0.098870
0 0.771889 0.020759 0.085674 0.039176
0 0.119063 0.501435 0.076141 0.114370
0 0.347909 0.915519 0.080802 0.125741
0 0.532966 0.692546 0.095885 0.151926
0 0.097625 0.660597 0.070484 0.144991
0 0.393158 0.438106 0.067909 0.096167
0 0.602189 0.796141 0.077862 0.115986
0 0.855685 0.288861 0.070745 0.135454
0 0.634155 0.321590 0.070273 0.151662
0 0.265033 0.518572 0.092591 0.157245
0 0.687865 0.252630 0.086146 0.143426
0 0.483143 0.920843 0.071557 0.116722
0 0.464227 0.257340 0.080453 0.141449
0 0.344681 0.493090 0.079404 0.127227
0 0.200225 0.601396 0.075893 0.119495
0 0.031259 0.948606 0.061935 0.101602
0 0.248187 0.227609 0.083495 0.158681
0 0.238599 0.970338 0.079250 0.058083
0 0.363777 0.086178 0.089242 0.162032
0 0.757661 0.673718 0.078146 0.178389
0 0.437326 0.563657 0.074448 0.127491
0 0.765764 0.945831 0.079133 0.102968
0 0.703517 0.182227 0.070549 0.117963
0 0.166107 0.926241 0.081667 0.145102
0 0.068956 0.519600 0.081151 0.131255
0 0.255496 0.694139 0.081263 0.133120
0 0.270184 0.789979 0.075643 0.144829
0 0.818682 0.502912 0.103615 0.141648
0 0.606415 0.448475 0.080711 0.132579
0 0.375866 0.651954 0.096513 0.132796
0 0.619887 0.168986 0.079534 0.166083
0 0.529095 0.914414 0.080560 0.126088
0 0.966065 0.523431 0.067870 0.126944
0 0.527022 0.543861 0.083987 0.131815
0 0.071188 0.951875 0.081937 0.094889
0 0.407012 0.772132 0.073622 0.171644
0 0.083404 0.814384 0.081021 0.126130
0 0.501531 0.451944 0.079547 0.143241
0 0.436316 0.130037 0.090023 0.134463
0 0.814734 0.322771 0.076557 0.135671
0 0.757559 0.418616 0.079034 0.125306
0 0.024436 0.820000 0.048487 0.131296
0 0.160145 0.784130 0.081773 0.148315
0 0.787514 0.857475 0.077888 0.139199
0 0.954853 0.912516 0.082477 0.132597
0 0.619583 0.920898 0.093365 0.145620
0 0.873592 0.396236 0.080810 0.137000
0 0.849784 0.620838 0.079286 0.166759
0 0.057124 0.076613 0.077284 0.153227
0 0.536310 0.340484 0.090484 0.159366
0 0.294438 0.143657 0.088932 0.145500
0 0.896743 0.169745 0.097643 0.151565
0 0.710755 0.953322 0.074271 0.092634
0 0.072533 0.211900 0.095055 0.174199
0 0.692460 0.852252 0.069247 0.136088
0 0.301789 0.399706 0.079109 0.131144
0 0.734751 0.523775 0.080664 0.149523
0 0.937978 0.627426 0.085987 0.139593
0 0.364543 0.334641 0.077367 0.114681
0 0.167845 0.081563 0.077404 0.140273
0 0.550604 0.785687 0.093922 0.116227
0 0.224637 0.315051 0.069982 0.134231
0 0.168008 0.342796 0.072745 0.183509
