0 0.596867 0.141602 0.068859 0.095141
0 0.709258 0.445099 0.065492 0.077031
0 0.789959 0.961969 0.061582 0.073375
0 0.042105 0.947898 0.060867 0.095047
0 0.291607 0.977773 0.066980 0.043349
0 0.553670 0.833365 0.068496 0.096979
0 0.581879 0.380125 0.069242 0.091948
0 0.871762 0.354461 0.066969 0.089464
0 0.329352 0.480747 0.066461 0.081651
0 0.318398 0.226852 0.068391 0.088661
0 0.383857 0.442458 0.073402 0.097979
0 0.917266 0.458193 0.076273 0.114469
0 0.241902 0.242930 0.071906 0.101922
0 0.371734 0.679484 0.062141 0.082938
0 0.267488 0.373904 0.069773 0.085318
0 0.369727 0.096781 0.063516 0.085073
0 0.529822 0.923813 0.065707 0.095854
0 0.417330 0.243810 0.071613 0.085474
0 0.795652 0.712388 0.075258 0.081641
0 0.246518 0.872219 0.056934 0.071063
0 0.112326 0.828466 0.071246 0.117797
0 0.841184 0.144789 0.064305 0.098870
0 0.736719 0.809448 0.077219 0.102271
0 0.270746 0.766062 0.065961 0.087479
0 0.772305 0.511339 0.065984 0.091646
0 0.267729 0.604682 0.065348 0.078385
0 0.956584 0.264396 0.073379 0.092677
0 0.972639 0.429234 0.054723 0.088375
0 0.293695 0.912195 0.070523 0.097672
0 0.039629 0.830755 0.065539 0.089563
0 0.396021 0.377461 0.064973 0.096536
0 0.364582 0.594672 0.069289 0.090448
0 0.312172 0.553357 0.070320 0.089589
0 0.504422 0.377544 0.068180 0.104484
0 0.668701 0.050154 0.065184 0.091432
0 0.977422 0.691107 0.044680 0.082068
0 0.271703 0.166591 0.065000 0.086557
0 0.189527 0.896281 0.074078 0.105875
0 0.664127 0.697779 0.054121 0.100786
0 0.019637 0.224471 0.039273 0.097630
0 0.460168 0.518753 0.074656 0.091651
0 0.787736 0.173711 0.057066 0.082901
0 0.546963 0.454370 0.073730 0.111375
0 0.897689 0.153070 0.058082 0.081557
0 0.218186 0.450495 0.071066 0.113375
0 0.512289 0.569435 0.070172 0.091109
0 0.982361 0.851906 0.034270 0.086396
0 0.562598 0.034224 0.068758 0.068448
0 0.967328 0.609503 0.065203 0.094630
0 0.814129 0.961516 0.068992 0.076969
0 0.927023 0.553411 0.057148 0.088521
0 0.740352 0.640237 0.081633 0.084620
0 0.029898 0.555831 0.059797 0.103068
0 0.551514 0.276107 0.078676 0.094026
0 0.030109 0.761565 0.060219 0.094557
0 0.156490 0.378677 0.076988 0.104677
0 0.482615 0.146516 0.073973 0.085510
0 0.085236 0.249409 0.071215 0.089120
0 0.839100 0.486398 0.078652 0.093401
0 0.523139 0.718578 0.070496 0.094490
0 0.729666 0.254456 0.074137 0.109484
0 0.019344 0.459380 0.038687 0.100760
0 0.404363 0.867906 0.082719 0.101635
0 0.621701 0.018023 0.054996 0.036047
0 0.133396 0.278547 0.067395 0.119198
0 0.549936 0.155854 0.062254 0.085250
0 0.876293 0.670763 0.074773 0.101859
0 0.162176 0.967372 0.079680 0.065255
0 0.733041 0.190029 0.066738 0.089505
0 0.809750 0.396388 0.082680 0.091589
0 0.809727 0.641719 0.068719 0.074260
0 0.178504 0.686388 0.074016 0.100984
0 0.034881 0.980211 0.069762 0.039578
0 0.206986 0.799693 0.080402 0.101750
0 0.146904 0.066117 0.077762 0.089724
0 0.051176 0.679906 0.082125 0.093219
0 0.709682 0.358820 0.069816 0.103432
0 0.597006 0.729034 0.078426 0.108266
0 0.910105 0.209745 0.065773 0.091969
0 0.059613 0.063503 0.067273 0.090411
0 0.488133 0.851945 0.071250 0.082599
0 0.475881 0.218870 0.065090 0.077417
0 0.793605 0.872070 0.076969 0.096651
0 0.184414 0.137875 0.075211 0.091750
0 0.054143 0.150745 0.069348 0.087417
0 0.321400 0.963747 0.076926 0.072505
0 0.276900 0.031904 0.063121 0.063807
0 0.910576 0.017857 0.068457 0.035714
0 0.677750 0.557646 0.072078 0.085958
0 0.493207 0.612878 0.077789 0.091568
0 0.221029 0.020438 0.075637 0.040875
0 0.819984 0.606138 0.063875 0.082214
0 0.190104 0.213083 0.065934 0.088479
0 0.458746 0.966336 0.079602 0.067328
0 0.750123 0.044099 0.071816 0.088198
0 0.494713 0.695591 0.066316 0.077953
0 0.701066 0.475049 0.072219 0.104911
0 0.226879 0.341951 0.064539 0.085214
0 0.980400 0.326344 0.038582 0.116417
0 0.068336 0.908669 0.068703 0.094120
0 0.660814 0.323740 0.075176 0.085156
0 0.354467 0.185029 0.064160 0.105859
0 0.944129 0.059992 0.067234 0.091891
0 0.048264 0.918398 0.063840 0.080339
0 0.241760 0.111607 0.049105 0.070474
0 0.969541 0.068414 0.060918 0.087609
0 0.635496 0.340109 0.067547 0.086708
0 0.009221 0.637302 0.018441 0.102323
0 0.021777 0.018159 0.043555 0.036318
0 0.075469 0.026023 0.073727 0.052047
0 0.510213 0.800070 0.070957 0.081755
0 0.988014 0.216052 0.022879 0.093375
0 0.829801 0.280326 0.071656 0.086589
0 0.797680 0.282172 0.070992 0.083302
0 0.470500 0.703771 0.069703 0.083563
0 0.140043 0.466977 0.071016 0.085807
0 0.007654 0.945562 0.015309 0.084729
0 0.992451 0.545286 0.014965 0.093115
0 0.473006 0.899372 0.062230 0.086151
0 0.018270 0.131391 0.034539 0.087760
0 0.724441 0.110760 0.071008 0.095875
0 0.245666 0.328461 0.073918 0.082286
0 0.341654 0.824951 0.068207 0.089745
0 0.332338 0.742773 0.073285 0.083005
0 0.720521 0.723076 0.072012 0.080526
0 0.761523 0.593005 0.068703 0.082677
0 0.586953 0.540341 0.063039 0.085328
0 0.643195 0.946810 0.070039 0.103474
0 0.875801 0.761737 0.065031 0.081859
0 0.920877 0.932542 0.061332 0.090927
0 0.054186 0.311141 0.068035 0.083156
0 0.468520 0.291659 0.062625 0.086651
0 0.934336 0.764740 0.062789 0.090354
0 0.879637 0.841521 0.066328 0.080688
0 0.681619 0.882398 0.065520 0.084005
1 0.216598 0.633042 0.104008 0.098115
1 0.655684 0.238128 0.065430 0.084078
