0 0.603773 0.810389 0.077312 0.144463
0 0.441962 0.192375 0.078867 0.126954
0 0.706336 0.918275 0.086135 0.140579
0 0.841616 0.943706 0.085143 0.112588
0 0.018727 0.016613 0.036630 0.032819
0 0.994991 0.114528 0.010018 0.136556
0 0.011859 0.340046 0.023687 0.129657
0 0.980365 0.219671 0.039229 0.146417
0 0.986272 0.578120 0.027456 0.166028
0 0.397014 0.963356 0.087445 0.073287
0 0.786443 0.749718 0.069906 0.134796
1 0.270898 0.259616 0.110646 0.153407
0 0.285885 0.940637 0.079411 0.118727
0 0.843966 0.643058 0.092104 0.164532
0 0.808411 0.422035 0.084510 0.143921
0 0.518548 0.311662 0.080086 0.147537
0 0.454462 0.403326 0.092008 0.157616
0 0.756225 0.232044 0.080794 0.145134
0 0.964855 0.791905 0.069961 0.156514
0 0.559447 0.716854 0.076924 0.141005
0 0.898884 0.768618 0.080565 0.138264
0 0.851684 0.051090 0.077565 0.102181
0 0.320486 0.647553 0.071102 0.120245
0 0.188997 0.755593 0.091953 0.172398
0 0.385629 0.303898 0.081398 0.144944
0 0.573823 0.202801 0.087495 0.183352
0 0.168534 0.436433 0.081693 0.141810
0 0.752724 0.743576 0.082391 0.143227
0 0.209273 0.301141 0.084349 0.151801
0 0.717646 0.610042 0.093167 0.165713
0 0.259378 0.680366 0.078625 0.144426
0 0.334324 0.515778 0.087211 0.154343
0 0.185056 0.068870 0.084560 0.137741
0 0.372582 0.873130 0.086414 0.147074
0 0.955348 0.101583 0.085523 0.147722
0 0.605285 0.048116 0.086201 0.093472
0 0.106995 0.083581 0.082516 0.145671
0 0.132251 0.837898 0.080966 0.146472
0 0.265323 0.814185 0.083557 0.146648
0 0.445725 0.752407 0.080201 0.132787
0 0.463993 0.564354 0.081654 0.171134
0 0.524608 0.046655 0.073435 0.092394
0 0.120897 0.930035 0.086445 0.139079
0 0.048704 0.526400 0.086654 0.141819
0 0.652040 0.764363 0.095341 0.151569
0 0.243397 0.140819 0.086398 0.138083
0 0.510206 0.940924 0.096693 0.118153
0 0.939585 0.920616 0.079352 0.158769
0 0.342096 0.446808 0.083203 0.122060
0 0.761801 0.910104 0.083503 0.133903
0 0.476686 0.053884 0.080279 0.107620
0 0.620805 0.965400 0.085448 0.069199
0 0.363285 0.689046 0.074909 0.146037
0 0.143911 0.385745 0.079286 0.131083
0 0.055660 0.601116 0.078737 0.131991
0 0.127233 0.598146 0.074831 0.130542
0 0.275413 0.525641 0.093273 0.165569
0 0.197022 0.602428 0.076451 0.147458
0 0.981656 0.380301 0.036688 0.148546
0 0.953034 0.019806 0.091578 0.039463
0 0.694688 0.268706 0.092911 0.174292
0 0.024402 0.494498 0.048753 0.158394
0 0.852307 0.119713 0.088062 0.146194
0 0.307130 0.875847 0.084276 0.150250
0 0.874266 0.257815 0.092542 0.164500
0 0.303228 0.327111 0.067935 0.135981
0 0.881768 0.318222 0.086375 0.138602
0 0.049628 0.962280 0.079865 0.075440
0 0.348030 0.347421 0.082497 0.140852
0 0.050923 0.129454 0.083268 0.140167
0 0.562281 0.503157 0.090620 0.153167
0 0.020335 0.291812 0.040669 0.153227
0 0.020561 0.782213 0.041122 0.179009
0 0.527833 0.764755 0.082776 0.192361
0 0.145017 0.104273 0.073633 0.107463
0 0.380132 0.050993 0.092122 0.100282
0 0.654341 0.444477 0.094109 0.148083
