0 0.281456 0.915275 0.116046 0.133061
0 0.377415 0.094092 0.087708 0.109964
0 0.468071 0.048585 0.093395 0.096800
0 0.812784 0.756487 0.097542 0.118436
0 0.520617 0.126188 0.096235 0.112726
0 0.122681 0.364686 0.085170 0.122716
0 0.828613 0.866970 0.096154 0.116451
0 0.773509 0.646461 0.101794 0.114763
0 0.764145 0.450157 0.098839 0.122392
0 0.867240 0.685424 0.095042 0.119624
0 0.454695 0.449439 0.093117 0.123436
0 0.914232 0.433652 0.108796 0.117510
0 0.257706 0.094074 0.115328 0.117562
0 0.193704 0.360455 0.080980 0.116466
0 0.194664 0.072616 0.086489 0.127536
0 0.912537 0.343603 0.111871 0.119995
0 0.913465 0.865748 0.090810 0.111044
0 0.587047 0.590309 0.108870 0.112901
0 0.531400 0.635471 0.116127 0.132258
0 0.704988 0.823374 0.129437 0.114516
0 0.507812 0.711278 0.093148 0.132258
0 0.423738 0.797567 0.171775 0.114516
0 0.664466 0.894342 0.101617 0.098385
0 0.118333 0.971507 0.093935 0.056492
0 0.561412 0.350990 0.121636 0.102485
0 0.989045 0.682243 0.021910 0.109249
0 0.568997 0.284228 0.117323 0.106862
0 0.740604 0.102649 0.086030 0.143858
0 0.411813 0.980242 0.096551 0.039516
0 0.343810 0.984221 0.083036 0.031559
0 0.431269 0.129267 0.099390 0.106466
0 0.767620 0.022845 0.081914 0.045617
1 0.668484 0.390419 0.107539 0.126703
0 0.986105 0.948014 0.027789 0.103261
0 0.415226 0.014110 0.087342 0.027747
0 0.486462 0.972909 0.087863 0.054182
0 0.200295 0.235553 0.100737 0.081847
0 0.673308 0.690908 0.107056 0.139079
0 0.267728 0.963652 0.108318 0.070977
0 0.555069 0.964648 0.090957 0.070509
0 0.978277 0.400869 0.043445 0.118014
0 0.964662 0.570008 0.070675 0.129624
0 0.949851 0.496127 0.100282 0.114743
0 0.680309 0.969504 0.079599 0.059583
0 0.342510 0.877253 0.112921 0.130391
0 0.278503 0.027284 0.100201 0.054568
0 0.294630 0.274452 0.113086 0.123050
0 0.495392 0.913189 0.112720 0.104887
0 0.879769 0.579298 0.114753 0.121178
0 0.685772 0.304097 0.123341 0.110869
0 0.615939 0.505543 0.101956 0.115129
0 0.611321 0.953557 0.087758 0.092886
0 0.390685 0.248351 0.110197 0.100993
0 0.057726 0.400003 0.105544 0.123678
0 0.341119 0.051337 0.091073 0.102675
0 0.757209 0.362575 0.099857 0.112536
0 0.693223 0.038789 0.094734 0.075715
0 0.119792 0.904064 0.094097 0.118436
0 0.313424 0.487755 0.126671 0.116970
0 0.529525 0.500221 0.124884 0.115319
0 0.728158 0.541520 0.100876 0.122968
0 0.420380 0.322405 0.123607 0.108421
0 0.953096 0.725044 0.093808 0.123873
0 0.349302 0.589414 0.110532 0.108251
0 0.971827 0.865260 0.055714 0.112515
0 0.243248 0.408179 0.103542 0.111379
0 0.080367 0.299334 0.103750 0.112176
0 0.190089 0.934203 0.096397 0.131595
0 0.536013 0.411088 0.101501 0.106085
0 0.800789 0.110394 0.079711 0.110376
0 0.939674 0.953151 0.090783 0.093400
0 0.332047 0.404807 0.094410 0.102649
0 0.598175 0.045494 0.107176 0.089023
0 0.243401 0.313516 0.111501 0.102659
0 0.856215 0.486055 0.079159 0.090710
0 0.726098 0.754444 0.096701 0.114588
0 0.836557 0.418166 0.076177 0.131343
0 0.125920 0.071091 0.090984 0.097356
