0 0.685824 0.334475 0.082388 0.153995
0 0.256077 0.516868 0.089378 0.162616
0 0.920695 0.910076 0.087958 0.153921
0 0.309874 0.104266 0.091143 0.183023
0 0.194204 0.234509 0.093810 0.172056
0 0.175911 0.423586 0.099703 0.172560
0 0.127809 0.335576 0.083076 0.163773
0 0.056517 0.322889 0.083997 0.157667
0 0.866225 0.620509 0.084654 0.162657
0 0.449585 0.016319 0.092732 0.032157
1 0.621115 0.226222 0.104443 0.160694
0 0.539414 0.734306 0.108198 0.167361
1 0.498266 0.629037 0.092156 0.183815
1 0.431422 0.556521 0.085943 0.151144
1 0.424908 0.939104 0.092628 0.119940
1 0.705910 0.624588 0.101966 0.151472
0 0.577996 0.951391 0.095586 0.094171
1 0.339038 0.562715 0.102659 0.145986
0 0.984203 0.765206 0.030526 0.159903
0 0.846281 0.956345 0.081594 0.085616
0 0.010819 0.325377 0.021638 0.167218
0 0.458451 0.846484 0.093714 0.188931
0 0.795858 0.729352 0.088435 0.141407
0 0.527836 0.871736 0.080703 0.142472
0 0.597531 0.696544 0.080214 0.146977
0 0.600389 0.869572 0.079435 0.159495
0 0.406126 0.808093 0.085362 0.179019
0 0.332641 0.794741 0.095734 0.158713
0 0.836348 0.850218 0.098852 0.152694
0 0.674480 0.903861 0.090409 0.156944
0 0.406467 0.668625 0.097331 0.142574
0 0.685980 0.739144 0.080997 0.139111
0 0.754628 0.803431 0.083422 0.200370
0 0.370671 0.040236 0.095727 0.077250
1 0.126828 0.045856 0.087969 0.087694
0 0.879333 0.777421 0.093922 0.140944
0 0.932161 0.706032 0.088589 0.157213
0 0.033729 0.444384 0.067458 0.145583
0 0.320872 0.668294 0.109500 0.141264
0 0.233913 0.132697 0.089013 0.177301
0 0.766839 0.941863 0.085448 0.113458
0 0.379676 0.463653 0.086560 0.140657
0 0.308589 0.421324 0.085000 0.169954
0 0.972958 0.910373 0.054083 0.178727
0 0.112716 0.128118 0.091068 0.125051
0 0.614488 0.354979 0.095086 0.145440
0 0.966380 0.623785 0.067240 0.185745
0 0.790520 0.595264 0.081956 0.161176
0 0.530293 0.207991 0.092503 0.150185
0 0.453038 0.137505 0.082091 0.188981
0 0.383780 0.143356 0.080570 0.153306
0 0.397490 0.338164 0.100214 0.152236
0 0.079185 0.207729 0.102990 0.150005
0 0.243721 0.356639 0.091339 0.187454
0 0.588672 0.087032 0.104443 0.171759
0 0.518368 0.336414 0.109112 0.154227
0 0.730665 0.499257 0.105341 0.170514
