1 0.289753 0.661079 0.076078 0.138176
1 0.703247 0.815289 0.088078 0.161699
0 0.010836 0.421801 0.021672 0.175491
0 0.977467 0.019222 0.044914 0.037269
1 0.908198 0.313484 0.074609 0.130847
1 0.371371 0.339697 0.075174 0.132227
1 0.248841 0.939535 0.085104 0.118634
1 0.821174 0.766056 0.084990 0.146954
0 0.532598 0.025787 0.088201 0.051019
0 0.357048 0.031005 0.076440 0.060806
1 0.778829 0.672095 0.085435 0.145347
0 0.354572 0.182380 0.078987 0.166778
0 0.922171 0.965046 0.099430 0.069907
1 0.419768 0.233961 0.080828 0.153273
1 0.192650 0.119211 0.081924 0.136412
1 0.910270 0.185613 0.087060 0.133060
0 0.232538 0.034646 0.085346 0.069199
1 0.329799 0.452211 0.085448 0.150699
1 0.401741 0.521292 0.075383 0.154222
0 0.645556 0.958329 0.085513 0.082250
0 0.056677 0.274551 0.083203 0.155056
0 0.107539 0.051822 0.088078 0.101542
0 0.027678 0.065058 0.055357 0.130116
0 0.041654 0.947164 0.083307 0.104634
0 0.824699 0.087269 0.093096 0.141685
0 0.027283 0.829502 0.054409 0.162579
0 0.947737 0.627657 0.088953 0.151139
0 0.345404 0.594194 0.098984 0.146102
0 0.308022 0.268542 0.080029 0.144898
0 0.548471 0.097102 0.085370 0.147481
0 0.174986 0.433924 0.076273 0.155310
0 0.890659 0.064447 0.077729 0.128662
0 0.723513 0.940725 0.085661 0.118051
0 0.320428 0.904667 0.081633 0.169917
0 0.266616 0.162542 0.087940 0.157343
0 0.772544 0.549449 0.103042 0.139148
0 0.776319 0.853620 0.086404 0.146759
0 0.469436 0.123780 0.074487 0.144394
0 0.248596 0.464956 0.081677 0.161968
0 0.423121 0.714572 0.079904 0.178634
0 0.750419 0.448694 0.097078 0.138120
0 0.123280 0.165185 0.081654 0.127019
0 0.183355 0.906081 0.072721 0.154134
0 0.384755 0.839653 0.075078 0.157269
0 0.878454 0.537269 0.089982 0.125352
0 0.969210 0.355919 0.061581 0.155023
0 0.919993 0.451655 0.085737 0.145301
0 0.852014 0.406887 0.082883 0.141431
0 0.703267 0.674220 0.077763 0.149495
0 0.628384 0.687169 0.076185 0.136292
0 0.638898 0.853519 0.082120 0.146639
0 0.579975 0.783382 0.079477 0.141671
0 0.350704 0.726854 0.075841 0.134449
0 0.205962 0.589940 0.085013 0.144019
0 0.139069 0.307722 0.086633 0.154176
0 0.830447 0.220507 0.090768 0.138708
0 0.216469 0.742826 0.087432 0.155060
0 0.898440 0.779623 0.080224 0.144106
0 0.862214 0.647387 0.087271 0.143245
