0 0.795969 0.030250 0.081698 0.060500
0 0.146352 0.975833 0.093057 0.047750
0 0.631630 0.227500 0.080229 0.176685
0 0.675168 0.218861 0.170013 0.158398
0 0.977073 0.666521 0.045854 0.156764
0 0.660132 0.015933 0.096039 0.029782
0 0.042129 0.659727 0.084258 0.136028
0 0.008754 0.794498 0.017508 0.143551
0 0.362034 0.888377 0.080844 0.147829
0 0.122033 0.053861 0.086930 0.107722
0 0.392952 0.613164 0.080904 0.136282
0 0.229674 0.090162 0.092188 0.145676
0 0.679023 0.556148 0.092521 0.152204
0 0.589254 0.945581 0.091643 0.108838
0 0.416788 0.238977 0.100633 0.169194
0 0.495686 0.730405 0.077164 0.164708
0 0.286764 0.266146 0.083253 0.147005
0 0.775914 0.733780 0.081161 0.150523
0 0.196668 0.773414 0.089154 0.171468
0 0.247092 0.693528 0.084919 0.155500
0 0.464078 0.370866 0.088016 0.163250
0 0.843815 0.647731 0.080432 0.147259
0 0.124552 0.873921 0.096885 0.172593
0 0.387142 0.455116 0.083430 0.148065
0 0.688447 0.708569 0.088247 0.146324
0 0.024397 0.507627 0.047846 0.172032
0 0.827857 0.929551 0.081130 0.140880
0 0.770419 0.891787 0.088193 0.161463
0 0.551232 0.159669 0.083276 0.136829
0 0.922096 0.597942 0.092792 0.162921
0 0.319456 0.124405 0.075250 0.164681
0 0.646633 0.821060 0.087755 0.144019
0 0.958940 0.020565 0.077432 0.039509
0 0.944742 0.406361 0.088729 0.165880
0 0.688322 0.349472 0.090081 0.121213
0 0.013577 0.361692 0.027096 0.138199
0 0.478086 0.250113 0.081490 0.116449
0 0.841807 0.240792 0.085214 0.143398
0 0.599809 0.639317 0.084617 0.138681
0 0.778840 0.574058 0.092227 0.167282
0 0.761090 0.111389 0.082299 0.139778
0 0.874954 0.798287 0.100872 0.177815
0 0.533135 0.422361 0.083490 0.159333
0 0.063835 0.974245 0.082846 0.050407
0 0.988057 0.067998 0.023880 0.132940
0 0.916701 0.930611 0.087427 0.136065
0 0.958746 0.984762 0.082508 0.027125
0 0.125612 0.424882 0.094078 0.169542
0 0.053837 0.761363 0.078174 0.135634
0 0.210161 0.467727 0.069964 0.167167
0 0.562987 0.561715 0.085776 0.145005
0 0.712771 0.207164 0.086568 0.144884
0 0.612352 0.448620 0.079615 0.121120
0 0.208935 0.226389 0.084594 0.148833
0 0.301749 0.019759 0.085414 0.038241
0 0.342582 0.748715 0.081039 0.159727
0 0.425161 0.782347 0.083927 0.140213
0 0.009219 0.143213 0.018255 0.157380
0 0.566799 0.781384 0.074344 0.149250
0 0.051772 0.554308 0.086096 0.174329
0 0.088247 0.163972 0.097198 0.130565
0 0.046122 0.036551 0.069974 0.072574
0 0.048647 0.284243 0.096326 0.153347
0 0.446591 0.566539 0.089833 0.170866
0 0.964608 0.905889 0.070784 0.141593
0 0.032529 0.910104 0.064526 0.168449
0 0.983326 0.310352 0.033292 0.144194
0 0.465730 0.122417 0.085424 0.154824
0 0.724182 0.465803 0.088979 0.151375
