1 0.920156 0.774875 0.094016 0.144620
1 0.092385 0.794509 0.098255 0.147861
1 0.476516 0.851060 0.097125 0.148722
1 0.068051 0.571454 0.100289 0.165556
0 0.371242 0.248778 0.078583 0.131972
0 0.124806 0.660880 0.092445 0.151222
0 0.192674 0.153109 0.088474 0.138190
0 0.094443 0.163755 0.089651 0.165426
0 0.505574 0.641049 0.087669 0.148005
0 0.518788 0.928255 0.090273 0.141898
0 0.449030 0.527618 0.094898 0.165551
0 0.363139 0.375028 0.085857 0.142250
0 0.616746 0.841111 0.078456 0.128546
0 0.370216 0.793593 0.082740 0.136750
0 0.201622 0.730000 0.085693 0.153380
0 0.914757 0.542620 0.083169 0.132769
0 0.758134 0.850405 0.085518 0.142773
0 0.891648 0.659285 0.091396 0.130162
0 0.185818 0.045630 0.085375 0.090972
0 0.030270 0.833641 0.060539 0.142162
0 0.114220 0.345389 0.086456 0.162028
0 0.177298 0.501907 0.091633 0.147602
0 0.975971 0.539780 0.047708 0.170829
0 0.695242 0.919681 0.100948 0.145630
0 0.345109 0.895056 0.069828 0.115657
0 0.591212 0.730986 0.100091 0.144370
0 0.704741 0.682477 0.105201 0.151204
0 0.412695 0.039380 0.085406 0.077148
0 0.282629 0.818972 0.094919 0.141769
0 0.843574 0.890356 0.090430 0.136370
0 0.453009 0.726991 0.094388 0.142435
0 0.729284 0.780456 0.123755 0.139894
0 0.799171 0.680123 0.089424 0.139375
0 0.879589 0.971185 0.076677 0.057139
0 0.974197 0.970088 0.051362 0.059194
0 0.019020 0.949120 0.037992 0.101759
0 0.275030 0.024088 0.095034 0.047787
0 0.600852 0.944873 0.087052 0.110255
0 0.063993 0.017535 0.094560 0.032134
0 0.596747 0.014183 0.093651 0.026569
0 0.498173 0.066424 0.091023 0.130727
0 0.281444 0.134685 0.092945 0.138731
0 0.430499 0.146602 0.091065 0.139130
