0 0.757404 0.804910 0.081644 0.100808
0 0.111238 0.236685 0.077438 0.108297
0 0.063546 0.734275 0.087569 0.115381
0 0.582708 0.372973 0.089352 0.110442
0 0.974373 0.280581 0.051177 0.099979
0 0.423507 0.899558 0.080278 0.134959
0 0.044311 0.097135 0.088623 0.116615
0 0.501927 0.190242 0.094325 0.143056
0 0.023758 0.860576 0.047492 0.116893
0 0.657512 0.968799 0.092577 0.062402
0 0.896258 0.949807 0.076011 0.078308
0 0.986912 0.653238 0.025760 0.105314
0 0.937313 0.659678 0.088067 0.126857
0 0.777874 0.016687 0.089653 0.033374
0 0.354410 0.930736 0.063426 0.082778
0 0.986406 0.382515 0.027187 0.114938
0 0.012145 0.969336 0.023735 0.061327
0 0.583935 0.204565 0.084136 0.144532
0 0.903247 0.991420 0.087998 0.017160
0 0.634327 0.441448 0.086856 0.106579
0 0.408906 0.449234 0.085629 0.108765
0 0.589772 0.133117 0.085340 0.109084
0 0.232620 0.011847 0.074915 0.023693
0 0.810806 0.702559 0.089892 0.116127
0 0.643137 0.101281 0.077577 0.102860
0 0.669500 0.602564 0.069556 0.101590
0 0.981057 0.078120 0.036134 0.105869
0 0.875565 0.052341 0.078630 0.098549
0 0.819921 0.188714 0.073792 0.093549
0 0.954196 0.027420 0.081046 0.054841
0 0.267598 0.836073 0.085907 0.107022
0 0.714796 0.940566 0.088025 0.118868
0 0.488318 0.817160 0.070633 0.085000
0 0.126086 0.485334 0.096130 0.096492
0 0.795392 0.674192 0.080505 0.107706
0 0.268277 0.296209 0.073160 0.109352
0 0.868831 0.583837 0.086381 0.092449
0 0.009404 0.312320 0.018630 0.117305
0 0.419487 0.493068 0.090525 0.131528
0 0.052658 0.983629 0.089583 0.032227
0 0.797714 0.818220 0.088461 0.091029
0 0.092083 0.024254 0.092593 0.048508
0 0.765565 0.982814 0.079039 0.034372
0 0.010787 0.712940 0.020895 0.098102
0 0.189815 0.943781 0.079622 0.112438
0 0.945069 0.703140 0.092469 0.124923
0 0.011159 0.048038 0.022319 0.096075
0 0.010291 0.581824 0.020583 0.104254
0 0.284068 0.984663 0.082527 0.030396
0 0.718229 0.075939 0.087145 0.116980
0 0.223410 0.986808 0.078133 0.026003
0 0.148181 0.719637 0.082419 0.109120
0 0.070330 0.334514 0.082465 0.113297
0 0.123160 0.871929 0.084097 0.109949
0 0.043366 0.912467 0.085336 0.098843
0 0.043480 0.484776 0.086775 0.097886
0 0.821605 0.937654 0.084699 0.108447
0 0.958436 0.170671 0.083129 0.129974
0 0.041682 0.219949 0.082701 0.141091
0 0.548846 0.550558 0.084568 0.110787
0 0.967133 0.946011 0.065733 0.107978
0 0.751672 0.584905 0.102095 0.120365
0 0.099983 0.634372 0.094572 0.111533
0 0.399568 0.807605 0.086111 0.124223
0 0.521669 0.897330 0.088237 0.108210
0 0.516015 0.773593 0.082446 0.096373
0 0.424460 0.309853 0.083596 0.101939
0 0.479971 0.948534 0.083731 0.102932
0 0.521881 0.043755 0.096840 0.087510
0 0.865610 0.471476 0.092716 0.153282
0 0.159753 0.436980 0.083086 0.108796
0 0.072465 0.804383 0.078279 0.115566
0 0.465399 0.669090 0.081948 0.100267
0 0.767861 0.267598 0.089904 0.097356
0 0.371254 0.278647 0.085903 0.104496
0 0.371138 0.082456 0.089938 0.130057
0 0.772876 0.387374 0.103854 0.134686
0 0.331809 0.236463 0.085478 0.103493
0 0.163727 0.227204 0.085231 0.094542
0 0.206256 0.845800 0.080698 0.101651
0 0.837894 0.332245 0.079267 0.132413
0 0.294363 0.940008 0.077562 0.101425
0 0.639452 0.834913 0.084190 0.091317
0 0.266674 0.468578 0.092037 0.121466
0 0.274944 0.063714 0.088090 0.116502
0 0.338162 0.545766 0.110806 0.123714
0 0.545187 0.678778 0.088175 0.104902
0 0.318513 0.789480 0.085289 0.109805
0 0.321815 0.673485 0.080498 0.120005
0 0.443667 0.722150 0.080984 0.087140
0 0.274601 0.622829 0.094988 0.116512
0 0.768736 0.159853 0.100644 0.128441
0 0.027535 0.397760 0.055069 0.101816
0 0.142595 0.079043 0.078160 0.112099
0 0.865723 0.819100 0.091501 0.106183
0 0.262207 0.718295 0.088657 0.119470
0 0.720401 0.301217 0.089120 0.119686
0 0.331051 0.380391 0.086948 0.116348
0 0.691132 0.675890 0.100042 0.095463
0 0.976792 0.463840 0.046416 0.121466
0 0.241302 0.319465 0.093407 0.114043
0 0.389035 0.583272 0.083156 0.106903
0 0.677373 0.737798 0.080324 0.103086
0 0.255411 0.135208 0.077419 0.107557
0 0.195774 0.112220 0.082913 0.107022
0 0.575424 0.715412 0.083233 0.103261
0 0.615083 0.703930 0.074124 0.107191
0 0.639647 0.608254 0.096184 0.115396
0 0.647488 0.504478 0.089321 0.111445
0 0.694610 0.432623 0.110363 0.130823
0 0.434136 0.036950 0.077677 0.072582
