0 0.336240 0.028498 0.078943 0.056384
0 0.721776 0.027780 0.089635 0.054523
0 0.313535 0.970106 0.093977 0.058083
0 0.943336 0.964880 0.090453 0.069713
0 0.015516 0.212972 0.031031 0.155269
0 0.078811 0.965442 0.081773 0.068458
0 0.784663 0.962280 0.082159 0.073366
0 0.536021 0.040981 0.085568 0.081843
0 0.981358 0.552002 0.037008 0.144023
0 0.339232 0.562880 0.091021 0.121157
0 0.019803 0.071704 0.039518 0.127472
0 0.548931 0.897657 0.092023 0.130685
0 0.465186 0.474162 0.087878 0.123880
0 0.544151 0.147775 0.098568 0.139005
0 0.754988 0.256919 0.090648 0.135579
0 0.887211 0.897398 0.091917 0.166463
0 0.619585 0.456701 0.085758 0.130356
0 0.960708 0.838039 0.077766 0.156884
0 0.324307 0.261512 0.095031 0.130495
0 0.350126 0.792669 0.090378 0.135755
0 0.768829 0.129961 0.084753 0.137662
0 0.926234 0.730194 0.077906 0.136731
0 0.371611 0.917194 0.090185 0.135435
0 0.229504 0.078329 0.084159 0.145713
0 0.533829 0.295331 0.081727 0.157894
0 0.885751 0.189243 0.082378 0.144968
0 0.126806 0.086681 0.101341 0.155722
0 0.721405 0.774588 0.086346 0.140620
0 0.312654 0.679787 0.084000 0.135602
0 0.391417 0.639590 0.085568 0.158838
0 0.571687 0.661181 0.089990 0.154565
0 0.461841 0.353743 0.083693 0.126875
0 0.947001 0.373340 0.085404 0.137995
0 0.287592 0.148562 0.093466 0.142847
0 0.299792 0.386109 0.091745 0.139412
0 0.692165 0.164032 0.077961 0.151444
0 0.505660 0.585697 0.085539 0.155134
0 0.094546 0.722359 0.083227 0.137903
0 0.646169 0.748875 0.081479 0.144352
0 0.211194 0.471938 0.081820 0.130468
0 0.632062 0.593197 0.087714 0.147264
0 0.943026 0.093586 0.091646 0.154106
0 0.246598 0.786123 0.090174 0.140792
0 0.426734 0.091484 0.087255 0.144940
0 0.150302 0.319632 0.080958 0.143264
0 0.241012 0.603961 0.085367 0.153625
0 0.959104 0.229095 0.079505 0.128282
0 0.692940 0.504167 0.089490 0.151537
0 0.442049 0.229498 0.088380 0.139634
0 0.177837 0.695935 0.085742 0.158500
0 0.080023 0.553007 0.088844 0.150310
0 0.747540 0.626868 0.085508 0.147532
0 0.499418 0.777481 0.091992 0.158380
0 0.116487 0.439333 0.079505 0.129704
0 0.863259 0.663287 0.091398 0.152306
0 0.713974 0.364037 0.086094 0.141963
0 0.114737 0.864380 0.088130 0.151093
0 0.790505 0.845685 0.089161 0.155759
0 0.611663 0.318613 0.093195 0.152227
0 0.865326 0.521299 0.089036 0.151736
0 0.078211 0.252986 0.089339 0.158046
0 0.044357 0.011986 0.083672 0.023972
0 0.850874 0.018669 0.086091 0.037338
0 0.011431 0.929935 0.022794 0.134148
0 0.615243 0.083275 0.088487 0.159014
0 0.010617 0.689676 0.020854 0.149102
0 0.990563 0.749194 0.018875 0.155574
0 0.961534 0.032289 0.076932 0.063708
