1 0.220251 0.639850 0.088513 0.158338
1 0.935010 0.168556 0.085042 0.150639
0 0.305905 0.019840 0.091279 0.039681
0 0.020740 0.664639 0.041219 0.157769
0 0.019289 0.952426 0.038578 0.092556
1 0.817948 0.128111 0.082109 0.143750
1 0.804943 0.783215 0.086422 0.144718
1 0.423053 0.439097 0.090320 0.142157
0 0.021874 0.419199 0.043633 0.141259
0 0.788945 0.937477 0.109276 0.125046
0 0.979669 0.486725 0.040615 0.147106
0 0.870008 0.058243 0.083641 0.115579
0 0.335600 0.954366 0.089159 0.090843
0 0.549441 0.385479 0.090122 0.138755
0 0.583408 0.589361 0.086747 0.131361
0 0.026529 0.273706 0.052693 0.161162
0 0.602258 0.699581 0.090917 0.130986
0 0.143824 0.942104 0.088294 0.112708
0 0.098697 0.821424 0.083617 0.141236
0 0.381112 0.052150 0.091010 0.103023
0 0.161250 0.582032 0.091146 0.151444
0 0.730217 0.564227 0.091888 0.140426
0 0.329576 0.468014 0.094917 0.140917
0 0.501707 0.942993 0.082404 0.113366
0 0.024013 0.795655 0.047938 0.139847
0 0.686355 0.299016 0.088112 0.156088
0 0.677531 0.869484 0.081266 0.173273
0 0.596859 0.890516 0.080568 0.148162
0 0.210587 0.069021 0.083779 0.137644
0 0.203579 0.893245 0.093513 0.133444
0 0.358108 0.810819 0.081388 0.141787
0 0.797268 0.268396 0.080005 0.143218
0 0.485051 0.528627 0.076706 0.163569
0 0.781604 0.030998 0.072896 0.061699
0 0.958876 0.353785 0.081935 0.158718
0 0.948984 0.635574 0.084375 0.123685
0 0.077208 0.625965 0.088500 0.135912
0 0.067422 0.469111 0.085115 0.150472
0 0.186852 0.766579 0.090031 0.140019
0 0.751194 0.883431 0.070539 0.126824
0 0.035292 0.065514 0.070583 0.129472
0 0.959311 0.766060 0.079346 0.140333
0 0.876128 0.855956 0.076813 0.141190
0 0.919757 0.514644 0.083076 0.144870
0 0.145563 0.460759 0.077833 0.123528
0 0.170818 0.266861 0.082078 0.141167
0 0.427301 0.891843 0.091102 0.149972
0 0.292250 0.726926 0.073146 0.137139
0 0.452074 0.137144 0.084326 0.145620
1 0.735594 0.149912 0.083859 0.146361
0 0.485944 0.303185 0.079185 0.138231
0 0.515569 0.814958 0.086586 0.139611
0 0.874794 0.329685 0.090161 0.139898
0 0.615710 0.479252 0.086081 0.151495
0 0.458440 0.711303 0.076901 0.141282
0 0.400229 0.312449 0.083667 0.135213
0 0.105542 0.343164 0.084979 0.130903
0 0.531665 0.131579 0.077956 0.148028
0 0.603117 0.174486 0.084760 0.133611
0 0.710699 0.707870 0.083023 0.142824
0 0.358581 0.182336 0.091359 0.148569
0 0.282785 0.858440 0.076419 0.121824
0 0.133172 0.135553 0.095182 0.146338
0 0.767785 0.427514 0.085482 0.142056
0 0.360870 0.626919 0.091583 0.164486
0 0.614020 0.979613 0.106112 0.039671
1 0.957522 0.904025 0.084956 0.136542
0 0.989570 0.269111 0.020604 0.136185
0 0.641611 0.061164 0.078508 0.120356
0 0.419457 0.982032 0.096919 0.034963
1 0.641803 0.061049 0.078810 0.120884
0 0.849865 0.981826 0.082875 0.034514
