0 0.898138 0.609134 0.082766 0.157750
0 0.428125 0.952796 0.085328 0.093667
0 0.408527 0.419373 0.080862 0.152514
0 0.106466 0.935350 0.071792 0.128069
0 0.957678 0.961815 0.084643 0.076370
0 0.753340 0.047535 0.079555 0.093625
0 0.188190 0.030308 0.080917 0.060181
0 0.117844 0.032979 0.089833 0.065384
0 0.008350 0.932794 0.016643 0.132745
0 0.613410 0.983516 0.084971 0.032208
0 0.261605 0.762975 0.080336 0.136745
0 0.296793 0.851505 0.083419 0.132333
0 0.306482 0.361877 0.080234 0.143727
0 0.543396 0.171394 0.086182 0.134074
0 0.607772 0.064148 0.074878 0.128296
0 0.537723 0.060049 0.081586 0.119440
0 0.394655 0.170662 0.091768 0.142546
0 0.207512 0.107359 0.077065 0.138116
0 0.810839 0.014356 0.078260 0.027907
0 0.729172 0.976817 0.084521 0.044190
0 0.537237 0.976458 0.089672 0.045843
0 0.949314 0.024826 0.088883 0.049190
0 0.174461 0.966796 0.085135 0.066083
0 0.668992 0.956884 0.108021 0.085583
0 0.854802 0.172458 0.099807 0.146852
0 0.848603 0.943535 0.088159 0.111477
0 0.969139 0.866542 0.061721 0.130194
0 0.966743 0.749009 0.066451 0.149463
0 0.679814 0.059660 0.084414 0.118958
0 0.907507 0.745039 0.079294 0.138495
0 0.041318 0.956778 0.076589 0.085120
0 0.333298 0.954192 0.080398 0.091403
0 0.249438 0.953243 0.081844 0.092949
0 0.473415 0.389764 0.082128 0.139963
0 0.470402 0.516975 0.079831 0.127523
0 0.334237 0.741812 0.079453 0.135375
0 0.293587 0.638854 0.086326 0.152856
0 0.385674 0.862914 0.083552 0.146903
0 0.307154 0.494951 0.087411 0.144949
0 0.884505 0.253132 0.088974 0.149208
0 0.482945 0.756796 0.078151 0.130722
0 0.224426 0.626437 0.069596 0.150736
1 0.363941 0.306935 0.098055 0.196833
0 0.913467 0.874981 0.085497 0.153148
0 0.183770 0.759824 0.090888 0.155000
0 0.565010 0.906215 0.073682 0.141968
0 0.150371 0.875081 0.077320 0.150412
0 0.843859 0.776056 0.079495 0.156352
0 0.434733 0.282306 0.081299 0.158602
0 0.139970 0.093391 0.084789 0.157440
0 0.959882 0.636097 0.079529 0.141250
0 0.802004 0.099255 0.088466 0.164833
0 0.488113 0.899220 0.084727 0.163069
0 0.932168 0.109428 0.076122 0.141625
0 0.705083 0.865030 0.081333 0.162042
0 0.471461 0.175056 0.075432 0.135991
0 0.462199 0.641167 0.077060 0.133417
0 0.514091 0.288905 0.096865 0.165736
0 0.872329 0.065292 0.103758 0.130583
0 0.219512 0.871368 0.079044 0.139495
0 0.633246 0.883169 0.081456 0.144125
1 0.790208 0.881833 0.111094 0.194731
