0 0.906586 0.644356 0.097104 0.153370
0 0.902288 0.142016 0.094305 0.155273
0 0.461867 0.523252 0.084604 0.159884
0 0.373217 0.875713 0.102143 0.155861
0 0.600445 0.709692 0.092563 0.148625
0 0.059540 0.615315 0.089424 0.157944
0 0.089829 0.204961 0.089070 0.147162
0 0.943013 0.738109 0.093083 0.150282
0 0.813501 0.075463 0.091607 0.147231
0 0.702086 0.480215 0.086068 0.149505
0 0.040928 0.297169 0.079117 0.144199
0 0.116125 0.064424 0.105536 0.127431
0 0.281033 0.205984 0.093883 0.152681
0 0.188044 0.116539 0.083333 0.155014
0 0.459646 0.847449 0.094307 0.163241
0 0.149742 0.715637 0.112573 0.145745
0 0.198647 0.625993 0.104128 0.145477
0 0.092064 0.865692 0.103492 0.176097
0 0.682629 0.230861 0.089680 0.155444
0 0.806223 0.504882 0.093336 0.162181
0 0.039544 0.936262 0.077375 0.127477
0 0.617299 0.593894 0.109839 0.134639
0 0.291044 0.072979 0.101948 0.138838
0 0.639021 0.926322 0.089844 0.144634
0 0.024202 0.393963 0.045857 0.165731
0 0.984404 0.526241 0.031193 0.170296
0 0.987598 0.784088 0.023523 0.142361
0 0.878199 0.431655 0.091591 0.163523
0 0.014430 0.538419 0.026693 0.160468
0 0.759499 0.206750 0.088982 0.177778
0 0.784465 0.928979 0.088008 0.133579
0 0.016069 0.070940 0.031555 0.141880
0 0.548971 0.049600 0.087609 0.096903
0 0.537810 0.239537 0.077974 0.130009
0 0.311805 0.646824 0.087714 0.156917
0 0.580089 0.395495 0.087896 0.155259
0 0.169036 0.505759 0.092818 0.145852
0 0.379564 0.387208 0.075174 0.134556
0 0.782316 0.796319 0.087576 0.150139
0 0.151720 0.351431 0.091044 0.155593
0 0.637132 0.139060 0.088805 0.146417
0 0.719986 0.710065 0.090096 0.155648
0 0.385568 0.563928 0.091849 0.163273
0 0.860983 0.275167 0.088466 0.153102
0 0.639669 0.324456 0.082625 0.135310
0 0.962191 0.272294 0.075617 0.145579
0 0.229693 0.289528 0.085969 0.151935
0 0.456417 0.305387 0.087807 0.146440
0 0.747186 0.569567 0.073753 0.122384
0 0.771469 0.347921 0.098260 0.145472
0 0.907553 0.863602 0.079367 0.142713
0 0.545813 0.797264 0.088917 0.151556
0 0.256730 0.747333 0.092294 0.154417
0 0.445805 0.715155 0.109167 0.160736
0 0.365915 0.173722 0.087555 0.160148
0 0.303057 0.412579 0.089354 0.149713
0 0.191523 0.828641 0.101063 0.136977
0 0.737529 0.044046 0.095766 0.078741
1 0.493124 0.409245 0.074096 0.126398
0 0.145448 0.943655 0.082875 0.106403
0 0.234766 0.963234 0.090240 0.073532
0 0.934582 0.509852 0.106815 0.162065
0 0.720954 0.950956 0.092081 0.098088
0 0.955781 0.959141 0.088437 0.081718
