0 0.072062 0.237606 0.084010 0.158806
0 0.320773 0.911394 0.095901 0.156454
0 0.130380 0.459810 0.101354 0.126880
0 0.725771 0.226847 0.082396 0.132120
0 0.525120 0.233463 0.080385 0.153778
0 0.259380 0.673032 0.072854 0.159306
0 0.509719 0.719454 0.078948 0.161111
0 0.448482 0.764005 0.090401 0.151491
0 0.616182 0.294653 0.080406 0.157380
0 0.306458 0.213097 0.097125 0.129250
0 0.140312 0.050662 0.090385 0.098120
0 0.453560 0.109208 0.087484 0.195843
0 0.694036 0.319991 0.087271 0.150833
1 0.504742 0.511569 0.086203 0.186065
0 0.851620 0.373208 0.076031 0.165602
0 0.427247 0.894181 0.072849 0.117731
0 0.017557 0.132722 0.034729 0.151204
1 0.690964 0.463903 0.085875 0.149139
0 0.491323 0.952861 0.092698 0.092667
0 0.277471 0.037486 0.079266 0.074972
0 0.115229 0.344361 0.094969 0.146204
0 0.670909 0.033134 0.082974 0.066083
0 0.986560 0.867435 0.026786 0.160648
0 0.392789 0.952653 0.089964 0.092769
0 0.717839 0.089097 0.084271 0.151287
0 0.125503 0.964847 0.097797 0.068361
0 0.970711 0.964579 0.055016 0.066046
0 0.022805 0.685241 0.045609 0.173463
0 0.038674 0.050412 0.075016 0.096657
0 0.077945 0.660662 0.084724 0.161657
0 0.500755 0.365111 0.089646 0.132148
0 0.646854 0.949343 0.080073 0.100667
0 0.130302 0.575676 0.102063 0.132963
0 0.401320 0.188458 0.087766 0.169435
0 0.498753 0.859403 0.082380 0.129769
0 0.294573 0.098301 0.092625 0.137417
0 0.981729 0.190889 0.036323 0.146759
0 0.925273 0.475620 0.090651 0.161611
0 0.762299 0.721162 0.086495 0.128731
0 0.266810 0.293106 0.079953 0.142028
0 0.228721 0.383653 0.087151 0.130565
0 0.835742 0.918278 0.086057 0.144667
0 0.838549 0.746009 0.078172 0.162222
0 0.779310 0.842852 0.087339 0.144537
0 0.913427 0.060903 0.094031 0.120472
0 0.966479 0.323866 0.067042 0.150843
0 0.155820 0.888278 0.084453 0.141852
0 0.191396 0.694704 0.074427 0.163593
0 0.031107 0.379046 0.062214 0.156056
0 0.605409 0.150176 0.091203 0.144481
0 0.080776 0.799134 0.088073 0.124491
0 0.962982 0.590856 0.074036 0.163361
0 0.933813 0.705889 0.097698 0.148222
0 0.798789 0.060773 0.091057 0.121546
0 0.220000 0.533630 0.077500 0.139093
0 0.755995 0.594778 0.092615 0.158889
0 0.807135 0.195681 0.084625 0.143194
0 0.550294 0.061949 0.079922 0.123750
0 0.372674 0.070194 0.081911 0.139500
0 0.764984 0.378398 0.083385 0.150741
0 0.157065 0.245051 0.093745 0.167028
0 0.906391 0.240250 0.092438 0.158222
0 0.308505 0.578583 0.083875 0.149278
0 0.570466 0.423773 0.087443 0.173694
0 0.273016 0.838449 0.091479 0.144676
0 0.575633 0.888773 0.091359 0.153269
0 0.217680 0.182556 0.084703 0.143333
0 0.586451 0.642889 0.092953 0.164333
0 0.332258 0.712208 0.084568 0.139213
0 0.932190 0.849972 0.095839 0.160741
0 0.658930 0.719037 0.080755 0.139704
0 0.431742 0.623347 0.088495 0.156213
0 0.356471 0.351324 0.093828 0.167444
