0 0.719456 0.808282 0.106302 0.147194
0 0.976641 0.976600 0.042349 0.046801
0 0.866137 0.620146 0.114492 0.153356
0 0.075909 0.148470 0.087578 0.153736
0 0.803419 0.803382 0.097656 0.161866
0 0.821174 0.690097 0.103693 0.148870
0 0.236935 0.023502 0.084193 0.040236
1 0.330117 0.569056 0.099922 0.187213
0 0.911557 0.019794 0.095052 0.039588
1 0.170773 0.259176 0.089573 0.148620
0 0.992102 0.712600 0.015797 0.135051
0 0.009353 0.920475 0.018003 0.131995
0 0.334284 0.019977 0.112953 0.039954
0 0.984443 0.453900 0.030620 0.170708
0 0.014727 0.800558 0.028849 0.131134
0 0.865845 0.907419 0.088820 0.175681
0 0.337913 0.866970 0.103023 0.176208
0 0.764480 0.038056 0.089773 0.076111
0 0.146716 0.086815 0.093349 0.106324
0 0.838798 0.397808 0.105201 0.135236
0 0.075233 0.749285 0.097971 0.170801
0 0.282259 0.943674 0.087888 0.110162
0 0.713376 0.079294 0.090784 0.147412
0 0.954225 0.177641 0.091404 0.152051
0 0.076770 0.339847 0.099227 0.175704
0 0.513188 0.955016 0.099573 0.089384
0 0.931159 0.948109 0.074516 0.103782
0 0.961982 0.770345 0.075010 0.114097
0 0.971221 0.063051 0.057557 0.124269
0 0.034543 0.678456 0.069086 0.137542
0 0.916874 0.467148 0.107273 0.163657
0 0.160234 0.693167 0.096026 0.189602
0 0.971280 0.890176 0.056961 0.147694
0 0.674562 0.455187 0.082068 0.154690
0 0.838581 0.515509 0.094526 0.130407
0 0.757417 0.208873 0.101604 0.155273
0 0.452559 0.324843 0.086341 0.156556
0 0.406958 0.060324 0.094896 0.120648
0 0.089109 0.479410 0.099745 0.136523
0 0.364546 0.278831 0.097086 0.145421
0 0.047392 0.937266 0.081451 0.125468
0 0.714234 0.680134 0.105057 0.142056
0 0.101870 0.871153 0.076687 0.123787
0 0.214891 0.943424 0.069292 0.108727
0 0.806120 0.937058 0.100906 0.125884
0 0.694689 0.934412 0.080258 0.131176
0 0.144576 0.937454 0.088510 0.123926
0 0.058842 0.583787 0.102279 0.150139
0 0.444656 0.153734 0.092026 0.156903
0 0.619884 0.924731 0.096680 0.150537
0 0.221276 0.106271 0.081833 0.141569
0 0.229092 0.537998 0.092341 0.150940
0 0.269462 0.219910 0.091138 0.147727
0 0.601749 0.475567 0.082253 0.161745
0 0.658771 0.594454 0.094021 0.148398
0 0.534638 0.290021 0.093052 0.156551
0 0.841639 0.261572 0.094945 0.149347
0 0.416232 0.782132 0.092120 0.149755
0 0.530124 0.747810 0.091487 0.158315
0 0.375482 0.666366 0.098578 0.173491
0 0.750430 0.516419 0.089464 0.150958
0 0.435042 0.985940 0.084729 0.024083
0 0.493893 0.872417 0.105635 0.136759
0 0.268009 0.405289 0.098320 0.165375
0 0.536921 0.056509 0.092549 0.110611
