0 0.928535 0.744190 0.099164 0.161005
0 0.790094 0.904966 0.096859 0.122380
0 0.837988 0.811042 0.096125 0.137708
0 0.612627 0.324417 0.097996 0.131198
0 0.768984 0.521404 0.096102 0.134589
0 0.584129 0.577146 0.094289 0.138656
0 0.460271 0.009529 0.100723 0.019057
0 0.317586 0.011680 0.088687 0.023161
0 0.321322 0.437789 0.103121 0.114016
0 0.389184 0.046646 0.089383 0.092698
0 0.157016 0.948151 0.103383 0.102458
0 0.298686 0.577417 0.094488 0.124177
0 0.972768 0.892242 0.054238 0.131203
0 0.031043 0.416828 0.061961 0.125688
0 0.520275 0.313005 0.101238 0.159615
0 0.623902 0.960068 0.099766 0.079646
0 0.037852 0.965344 0.075703 0.068615
0 0.761225 0.974833 0.100535 0.050333
0 0.292855 0.946766 0.105211 0.106469
0 0.220385 0.043492 0.096895 0.086984
0 0.311719 0.693622 0.105281 0.136859
0 0.197824 0.146789 0.105688 0.127818
0 0.388348 0.858357 0.099492 0.142859
0 0.179416 0.269969 0.106543 0.130771
0 0.426828 0.722451 0.099430 0.125505
0 0.281219 0.193461 0.094430 0.139672
0 0.937480 0.141266 0.097617 0.136979
0 0.104488 0.418266 0.102422 0.137646
0 0.171795 0.665982 0.103645 0.139599
0 0.918465 0.946289 0.103836 0.107422
0 0.710174 0.027451 0.102301 0.054484
0 0.471193 0.423279 0.107559 0.128120
0 0.016791 0.875432 0.033582 0.129365
0 0.022379 0.530794 0.044750 0.135339
0 0.011385 0.047510 0.022770 0.095021
0 0.469607 0.949083 0.098363 0.100458
0 0.052594 0.295862 0.104688 0.129214
0 0.492738 0.550302 0.104258 0.139896
0 0.713350 0.104760 0.108363 0.125333
0 0.061070 0.128706 0.099195 0.148193
0 0.040340 0.711529 0.080680 0.134193
0 0.120758 0.788182 0.110422 0.143542
0 0.487398 0.833245 0.109328 0.142833
0 0.792062 0.693602 0.103977 0.135203
0 0.838391 0.133174 0.100000 0.140120
0 0.601393 0.097117 0.105809 0.131005
0 0.502365 0.160557 0.100449 0.137510
0 0.681055 0.577151 0.092703 0.132854
0 0.753281 0.298154 0.098273 0.128870
0 0.427289 0.296302 0.088922 0.127500
0 0.677102 0.233310 0.103352 0.140359
