0 0.835725 0.390012 0.076029 0.128958
0 0.498556 0.239683 0.086013 0.152986
0 0.970734 0.058917 0.058531 0.114657
0 0.185674 0.810655 0.085536 0.151264
0 0.233383 0.554949 0.088177 0.142833
0 0.108525 0.867484 0.089581 0.141505
0 0.891732 0.886484 0.094536 0.137523
0 0.811161 0.666748 0.085672 0.164690
0 0.900413 0.233488 0.094841 0.136569
0 0.020897 0.918451 0.041273 0.153282
0 0.043969 0.974961 0.076438 0.048912
0 0.985286 0.950921 0.029427 0.093167
0 0.712712 0.965519 0.095221 0.068963
0 0.430986 0.194944 0.081331 0.143898
0 0.225513 0.015009 0.081552 0.028565
0 0.567650 0.983322 0.054091 0.026171
0 0.266647 0.193229 0.092148 0.143440
1 0.381466 0.666998 0.095563 0.154449
0 0.936561 0.785093 0.073695 0.151778
0 0.890624 0.630535 0.082878 0.139792
0 0.396327 0.079322 0.084357 0.134884
0 0.296979 0.075338 0.090943 0.142130
0 0.176428 0.462278 0.078065 0.155000
0 0.006570 0.685451 0.013141 0.129014
0 0.006107 0.816407 0.011839 0.122019
0 0.910592 0.099889 0.079956 0.156213
0 0.259725 0.861560 0.086628 0.151741
0 0.408538 0.803644 0.077914 0.137898
0 0.789612 0.024725 0.080031 0.049449
0 0.779944 0.161632 0.071878 0.138106
0 0.248275 0.413579 0.090143 0.147852
0 0.977293 0.740907 0.045414 0.159639
0 0.522951 0.950118 0.083734 0.099514
0 0.196423 0.939831 0.083424 0.120338
0 0.301995 0.953463 0.087073 0.093074
0 0.485176 0.770808 0.081253 0.155023
0 0.745617 0.715606 0.079432 0.147787
0 0.886870 0.484495 0.087896 0.131935
0 0.831331 0.266745 0.074484 0.134037
0 0.359503 0.366234 0.085182 0.150847
0 0.359473 0.226542 0.080674 0.149463
0 0.122995 0.963368 0.082792 0.069218
0 0.188750 0.670870 0.087448 0.129130
0 0.623654 0.965472 0.087562 0.068093
0 0.072590 0.750384 0.085440 0.136519
0 0.269618 0.702576 0.080362 0.149699
0 0.865042 0.757134 0.081193 0.141102
0 0.799000 0.509005 0.089073 0.148963
0 0.425224 0.318431 0.080437 0.131889
0 0.329513 0.018500 0.088797 0.037000
0 0.621867 0.865472 0.085625 0.149074
0 0.547270 0.847465 0.079648 0.152736
0 0.725564 0.246491 0.077185 0.142213
0 0.644803 0.240722 0.086341 0.150694
0 0.843323 0.088025 0.082328 0.166875
0 0.104576 0.445120 0.081776 0.152426
0 0.287163 0.312049 0.094117 0.149912
0 0.901513 0.355502 0.078307 0.131394
0 0.769549 0.337806 0.079302 0.154315
1 0.381529 0.667060 0.095641 0.154194
