0 0.341336 0.896620 0.126453 0.206667
0 0.021169 0.187713 0.040443 0.203148
0 0.978036 0.095167 0.043052 0.178426
0 0.523471 0.981449 0.097036 0.033731
0 0.643859 0.555653 0.116260 0.197102
0 0.984714 0.922366 0.028833 0.148565
0 0.615901 0.760977 0.122667 0.211509
0 0.860682 0.848194 0.123500 0.237148
0 0.429198 0.833028 0.118427 0.239259
0 0.520852 0.100796 0.126255 0.201593
0 0.863245 0.605972 0.138833 0.242648
0 0.586758 0.386403 0.133401 0.242806
0 0.956271 0.756310 0.087458 0.234287
0 0.484411 0.278657 0.131104 0.235463
0 0.750130 0.424120 0.141385 0.216019
0 0.156417 0.136255 0.120896 0.214620
0 0.955932 0.250949 0.087917 0.203102
0 0.228909 0.490532 0.134724 0.226194
0 0.747971 0.688273 0.123536 0.227509
0 0.495867 0.665352 0.133495 0.259519
0 0.865305 0.179963 0.144755 0.251963
0 0.635628 0.939287 0.127078 0.119352
0 0.757216 0.900042 0.123203 0.199917
0 0.311448 0.660426 0.125385 0.225685
0 0.277690 0.353065 0.140422 0.227352
0 0.778237 0.079935 0.134203 0.152259
0 0.283938 0.156634 0.151365 0.215028
0 0.936260 0.050676 0.111115 0.093611
0 0.050768 0.407019 0.098391 0.212407
0 0.423276 0.530236 0.182219 0.212417
0 0.204005 0.030116 0.119552 0.060231
1 0.395385 0.367968 0.125250 0.233602
0 0.060003 0.074741 0.115651 0.149389
0 0.351919 0.084042 0.156349 0.168083
