0 0.559620 0.064549 0.074828 0.128551
0 0.379810 0.654400 0.079568 0.151042
0 0.104822 0.645090 0.082716 0.139403
0 0.451227 0.662903 0.082917 0.136593
0 0.298061 0.344347 0.087987 0.144296
0 0.803078 0.811553 0.076734 0.131801
0 0.617794 0.028056 0.086979 0.053676
0 0.290074 0.479396 0.079805 0.138375
0 0.515089 0.371421 0.085891 0.136694
0 0.568224 0.202947 0.086984 0.150838
0 0.623715 0.115935 0.082164 0.134352
0 0.347573 0.748498 0.065474 0.129421
0 0.100603 0.075361 0.083612 0.145759
0 0.160559 0.329817 0.081112 0.157218
0 0.647266 0.916840 0.077042 0.166319
0 0.828884 0.703035 0.082633 0.150718
0 0.439359 0.375340 0.074651 0.167792
0 0.905013 0.353308 0.096594 0.133366
0 0.947952 0.058000 0.104096 0.113444
0 0.120867 0.908593 0.095578 0.159083
0 0.923470 0.963729 0.090044 0.071681
0 0.303951 0.660495 0.077521 0.142926
0 0.869309 0.025620 0.097935 0.051241
0 0.036661 0.889824 0.073286 0.167389
0 0.583445 0.336884 0.076823 0.138685
0 0.380509 0.978169 0.092232 0.041338
0 0.972228 0.885975 0.055544 0.140875
0 0.901773 0.709796 0.082031 0.138157
0 0.430766 0.527903 0.079016 0.143565
0 0.460717 0.989604 0.080482 0.020792
0 0.028992 0.427796 0.057438 0.149213
0 0.964107 0.606644 0.071016 0.141407
0 0.219668 0.396009 0.076935 0.162130
0 0.915531 0.861542 0.072484 0.145491
0 0.037678 0.225030 0.074836 0.177069
0 0.911453 0.477634 0.080083 0.126269
0 0.893000 0.585778 0.092495 0.136111
0 0.890882 0.235134 0.092039 0.134722
0 0.859021 0.864236 0.067359 0.227620
0 0.833509 0.273030 0.078763 0.149829
0 0.972958 0.488606 0.054083 0.148296
0 0.167113 0.855549 0.079654 0.170977
0 0.717305 0.844032 0.077974 0.153407
0 0.261854 0.758384 0.075276 0.154963
0 0.006697 0.821873 0.013393 0.173292
0 0.104807 0.510815 0.084516 0.133463
0 0.979823 0.369174 0.040354 0.143255
0 0.039152 0.710090 0.072378 0.198644
0 0.771882 0.056266 0.081914 0.111134
0 0.312639 0.936671 0.079659 0.118111
0 0.417730 0.937470 0.070253 0.113144
0 0.940682 0.165620 0.087609 0.143231
0 0.208530 0.698699 0.068242 0.201509
0 0.778879 0.912387 0.106732 0.149347
0 0.553725 0.779833 0.083383 0.160444
0 0.249447 0.592514 0.084529 0.190769
0 0.043836 0.098979 0.087672 0.172477
0 0.376073 0.416113 0.079589 0.162227
0 0.118855 0.209419 0.095003 0.150255
0 0.012198 0.686194 0.024396 0.129167
0 0.513772 0.509954 0.093190 0.155306
0 0.115001 0.375493 0.085951 0.185829
0 0.231327 0.848780 0.066029 0.159968
0 0.502975 0.273188 0.100305 0.143903
0 0.825091 0.125933 0.093495 0.151718
0 0.091721 0.781933 0.087469 0.165977
0 0.060495 0.339368 0.071031 0.160810
0 0.546581 0.648563 0.091182 0.131292
0 0.349470 0.542444 0.086477 0.152546
0 0.965534 0.270407 0.068875 0.144657
0 0.151382 0.730907 0.073732 0.126843
0 0.184043 0.509539 0.079742 0.156819
0 0.597895 0.845646 0.088664 0.170116
0 0.958992 0.758248 0.081854 0.146329
0 0.701815 0.069391 0.075500 0.137819
0 0.311393 0.818824 0.082089 0.144028
0 0.638503 0.245319 0.070036 0.144963
0 0.571400 0.958331 0.083742 0.082745
1 0.443790 0.810979 0.108654 0.154042
