1 0.587958 0.686972 0.084771 0.169713
0 0.201832 0.921991 0.090180 0.156019
0 0.396168 0.764750 0.089299 0.170407
0 0.229267 0.259025 0.082482 0.173560
0 0.396888 0.435361 0.084219 0.166315
0 0.823909 0.905986 0.076760 0.175759
0 0.567682 0.125565 0.069932 0.151731
0 0.281190 0.891546 0.073062 0.155741
0 0.359259 0.631796 0.079904 0.175935
0 0.489353 0.557037 0.075253 0.188972
0 0.653539 0.633076 0.070219 0.174606
0 0.511807 0.363296 0.083031 0.170241
0 0.488585 0.167030 0.072654 0.171949
0 0.764604 0.074965 0.076422 0.149931
0 0.875508 0.948606 0.067349 0.102787
0 0.074145 0.951444 0.074576 0.097111
0 0.375227 0.335451 0.067510 0.164319
0 0.510943 0.807637 0.099677 0.190653
0 0.117693 0.298785 0.082505 0.158829
0 0.914184 0.867354 0.085503 0.161884
0 0.150971 0.434574 0.083656 0.162463
0 0.980505 0.462435 0.038990 0.154287
0 0.157790 0.668025 0.086945 0.191014
0 0.205777 0.813736 0.105893 0.122630
0 0.980493 0.952650 0.039013 0.092625
0 0.649632 0.523801 0.100883 0.159222
0 0.964962 0.782391 0.069951 0.139745
0 0.030038 0.296069 0.059560 0.162602
0 0.943880 0.548488 0.076734 0.182023
0 0.553176 0.253956 0.087867 0.161588
0 0.084721 0.596838 0.089339 0.180278
0 0.977706 0.672264 0.044589 0.149648
0 0.749708 0.335836 0.074385 0.224606
0 0.047035 0.096317 0.082758 0.168662
0 0.058566 0.466352 0.089753 0.168843
0 0.966022 0.341859 0.067956 0.190042
0 0.325548 0.475662 0.070659 0.200380
0 0.338936 0.947072 0.090701 0.105856
0 0.189109 0.174100 0.076318 0.192014
0 0.157283 0.055808 0.091435 0.111088
0 0.018859 0.967363 0.037719 0.065255
0 0.014536 0.416178 0.029052 0.127495
0 0.013262 0.750185 0.026523 0.159056
0 0.017504 0.557671 0.034674 0.177231
1 0.610286 0.284653 0.084693 0.204843
0 0.404810 0.026387 0.069516 0.052625
0 0.782600 0.167650 0.074805 0.142060
0 0.701868 0.238725 0.077872 0.160977
0 0.696444 0.707847 0.088992 0.155546
0 0.871217 0.158727 0.081320 0.177574
0 0.816669 0.757681 0.077990 0.156917
0 0.121945 0.145500 0.085917 0.153463
0 0.541510 0.472734 0.071474 0.144394
0 0.368224 0.865028 0.085052 0.144028
0 0.826793 0.355146 0.073128 0.160477
0 0.916266 0.640113 0.075792 0.167356
0 0.755882 0.838340 0.075180 0.162060
0 0.835673 0.628229 0.072544 0.143625
0 0.804495 0.504949 0.081766 0.177157
0 0.885915 0.308551 0.072383 0.180907
0 0.587650 0.838963 0.081815 0.160620
0 0.453354 0.312866 0.081833 0.177065
0 0.431329 0.641775 0.077154 0.164690
0 0.258158 0.363447 0.089237 0.160977
0 0.510353 0.676907 0.087451 0.167907
0 0.654823 0.838498 0.085359 0.163773
0 0.223043 0.488051 0.093701 0.141287
0 0.008822 0.017500 0.017643 0.035000
0 0.007820 0.074053 0.015641 0.126856
0 0.655488 0.370377 0.080357 0.190773
0 0.544694 0.940137 0.083518 0.118792
0 0.456049 0.056248 0.080260 0.112032
0 0.227029 0.691900 0.080932 0.154718
0 0.729634 0.553852 0.082232 0.196694
