0 0.387600 0.829156 0.055941 0.084125
0 0.025000 0.421990 0.050000 0.081042
0 0.032484 0.297698 0.064969 0.082771
0 0.972234 0.895536 0.055531 0.084417
0 0.365266 0.101240 0.070844 0.084323
0 0.844959 0.810539 0.062699 0.080391
0 0.095172 0.093734 0.059922 0.076552
0 0.590857 0.657271 0.062324 0.077021
0 0.377930 0.374292 0.063414 0.086646
0 0.803283 0.531703 0.067207 0.084292
0 0.802574 0.135477 0.063898 0.078214
0 0.378414 0.730518 0.055102 0.095589
0 0.860010 0.179289 0.071699 0.092349
0 0.482158 0.410562 0.059105 0.092677
0 0.147447 0.051104 0.078309 0.102208
0 0.285043 0.960211 0.058875 0.079578
0 0.857459 0.391742 0.059645 0.083016
0 0.230092 0.584924 0.062105 0.084932
0 0.265336 0.284919 0.067336 0.080734
0 0.583516 0.969034 0.071500 0.061099
0 0.654842 0.970964 0.066691 0.056146
0 0.064000 0.379766 0.059914 0.078563
0 0.656338 0.237823 0.063176 0.096854
0 0.293703 0.888836 0.063016 0.086120
0 0.909996 0.824646 0.060320 0.073635
0 0.183912 0.325594 0.069559 0.081854
0 0.283020 0.528656 0.057352 0.083604
0 0.609791 0.737552 0.063598 0.087365
0 0.548064 0.280849 0.075645 0.085146
0 0.027506 0.756344 0.055012 0.106469
0 0.442391 0.417753 0.064938 0.083797
0 0.429771 0.331164 0.053637 0.076422
0 0.284965 0.614729 0.056187 0.078792
0 0.247988 0.717237 0.078719 0.098245
0 0.465072 0.954247 0.062121 0.091505
0 0.762113 0.597526 0.062250 0.079333
0 0.632906 0.599922 0.063898 0.096198
0 0.694041 0.616010 0.055363 0.071552
0 0.590445 0.261807 0.064703 0.087771
0 0.703836 0.786115 0.062891 0.079875
0 0.351381 0.922229 0.062582 0.082552
0 0.461395 0.027977 0.075055 0.055214
0 0.330830 0.819490 0.053980 0.075271
0 0.612271 0.420714 0.059652 0.082073
0 0.477482 0.573310 0.062191 0.086776
0 0.174012 0.645534 0.069461 0.082630
0 0.481438 0.318122 0.057008 0.082526
0 0.676500 0.411177 0.064258 0.081219
0 0.491799 0.772758 0.056410 0.074911
0 0.798445 0.864745 0.059750 0.078187
0 0.812885 0.442612 0.055363 0.085141
0 0.550645 0.116117 0.068352 0.082505
0 0.470150 0.187331 0.060832 0.087130
0 0.982596 0.706286 0.033988 0.086979
0 0.372572 0.291404 0.066145 0.074714
0 0.369492 0.199971 0.074273 0.108318
0 0.848842 0.615716 0.063684 0.101547
0 0.545777 0.428594 0.065594 0.107187
0 0.639930 0.070576 0.065031 0.087776
0 0.433146 0.768258 0.058793 0.091151
0 0.718414 0.271180 0.073273 0.104745
0 0.100377 0.955318 0.059668 0.088708
0 0.838809 0.090518 0.064937 0.093359
0 0.847432 0.923258 0.063910 0.087859
0 0.169404 0.544898 0.078207 0.107443
0 0.746529 0.439122 0.074355 0.093807
0 0.220082 0.496615 0.061961 0.086167
0 0.528629 0.674841 0.064281 0.086401
0 0.434756 0.502971 0.071770 0.095453
0 0.243699 0.212594 0.079461 0.078458
0 0.360715 0.621182 0.059031 0.079938
0 0.734920 0.944365 0.065121 0.089531
0 0.252639 0.413008 0.075082 0.094734
0 0.923496 0.391404 0.069844 0.087651
0 0.795770 0.969305 0.059625 0.061391
0 0.315129 0.220703 0.061062 0.081563
0 0.294881 0.116906 0.070652 0.091323
0 0.139047 0.813362 0.068937 0.096214
0 0.247438 0.808161 0.076062 0.098958
0 0.915162 0.908076 0.063168 0.082266
0 0.540609 0.037224 0.066383 0.072938
0 0.086152 0.177557 0.066289 0.085927
0 0.183986 0.164375 0.068129 0.091385
0 0.816350 0.724138 0.067434 0.088172
0 0.820523 0.253867 0.072039 0.074359
0 0.104506 0.732148 0.067621 0.092964
0 0.308168 0.354388 0.076648 0.088245
0 0.958875 0.631654 0.064594 0.082370
0 0.734656 0.853159 0.059906 0.081359
0 0.109914 0.300995 0.067039 0.080885
0 0.990193 0.554961 0.019613 0.083703
0 0.400846 0.974193 0.072285 0.051615
0 0.914818 0.697852 0.058777 0.083036
0 0.021035 0.022279 0.042070 0.043724
0 0.009359 0.973133 0.017102 0.053734
0 0.004182 0.082130 0.008043 0.087146
0 0.376879 0.933242 0.103352 0.088464
0 0.993742 0.354474 0.012508 0.085146
0 0.904246 0.670469 0.061086 0.076646
0 0.605477 0.007974 0.066844 0.015948
0 0.990596 0.234232 0.017199 0.103974
0 0.912090 0.976232 0.063039 0.046589
0 0.972758 0.986891 0.054484 0.025292
0 0.040887 0.935948 0.059781 0.079896
0 0.594359 0.171727 0.063523 0.078807
0 0.338840 0.981539 0.058406 0.036526
0 0.548609 0.900646 0.055891 0.074917
0 0.625160 0.157086 0.059914 0.077109
0 0.626990 0.335854 0.060488 0.080302
0 0.191729 0.279758 0.064527 0.083578
0 0.686984 0.023141 0.069609 0.046281
0 0.704250 0.970878 0.059539 0.055411
0 0.641828 0.723013 0.062250 0.086255
0 0.774965 0.313888 0.078547 0.061005
0 0.982393 0.809354 0.035215 0.086219
0 0.322521 0.676974 0.064199 0.133344
0 0.021672 0.907104 0.041766 0.087021
0 0.601828 0.065651 0.062039 0.087385
0 0.731352 0.713094 0.071211 0.091427
0 0.654270 0.331732 0.059180 0.082589
0 0.946684 0.804258 0.068828 0.083964
0 0.377111 0.024901 0.071738 0.048740
0 0.551113 0.564708 0.061156 0.090448
0 0.650910 0.898810 0.063875 0.082818
0 0.026529 0.852701 0.052434 0.082734
0 0.575148 0.884326 0.059687 0.086682
0 0.498008 0.878143 0.044805 0.093724
0 0.392063 0.447612 0.055242 0.075807
0 0.409992 0.954510 0.067906 0.082948
0 0.899594 0.047703 0.068219 0.092760
0 0.048791 0.018909 0.059418 0.037818
0 0.522719 0.982065 0.068305 0.035870
0 0.896414 0.558846 0.075531 0.137443
0 0.501602 0.497781 0.062914 0.081479
0 0.013578 0.609422 0.025977 0.080865
0 0.039984 0.990117 0.064516 0.019766
