0 0.013564 0.592638 0.027004 0.088193
0 0.418301 0.797940 0.068695 0.079620
0 0.041080 0.767133 0.077723 0.098974
0 0.144566 0.373456 0.069867 0.089339
0 0.022648 0.675716 0.044570 0.087130
0 0.161449 0.868221 0.062742 0.089057
0 0.605631 0.053492 0.060043 0.078797
0 0.433270 0.723667 0.077453 0.083031
0 0.776154 0.697201 0.065230 0.086161
0 0.632742 0.282474 0.072719 0.076667
0 0.469457 0.040813 0.062016 0.081625
0 0.432436 0.663901 0.080496 0.081146
0 0.493059 0.202523 0.064953 0.087547
0 0.846354 0.864336 0.075332 0.095547
0 0.979119 0.935227 0.041762 0.094776
0 0.982611 0.025331 0.034777 0.050661
0 0.768436 0.084130 0.069035 0.092240
0 0.240584 0.019607 0.072137 0.034807
0 0.605133 0.983495 0.069891 0.032865
0 0.417727 0.018448 0.068641 0.036229
0 0.924314 0.017208 0.069301 0.034417
0 0.966625 0.986258 0.065922 0.027484
0 0.135361 0.012411 0.068035 0.024823
0 0.845914 0.009951 0.068203 0.019901
0 0.585729 0.008898 0.066520 0.017797
0 0.993410 0.685151 0.013180 0.085500
0 0.005027 0.376721 0.010055 0.094557
0 0.005512 0.028026 0.011023 0.056052
0 0.465555 0.429943 0.071125 0.091365
0 0.713137 0.509628 0.080047 0.098776
0 0.362777 0.517763 0.074414 0.099672
0 0.571111 0.744349 0.077012 0.095677
0 0.215260 0.346755 0.070652 0.100438
0 0.386395 0.962008 0.065945 0.075984
0 0.839330 0.158885 0.073316 0.093719
0 0.255410 0.586818 0.073227 0.100469
0 0.966256 0.549456 0.066270 0.095130
0 0.654664 0.598982 0.074078 0.094578
0 0.805080 0.911385 0.074293 0.098802
0 0.304234 0.134875 0.071313 0.097698
0 0.543660 0.494977 0.068828 0.091755
0 0.336693 0.872117 0.067902 0.094328
0 0.522400 0.596599 0.076582 0.097094
0 0.898422 0.670992 0.080531 0.095547
0 0.611338 0.523065 0.066340 0.090474
0 0.562582 0.946742 0.065250 0.095974
0 0.259168 0.702732 0.073352 0.099422
0 0.443766 0.876086 0.068156 0.089964
0 0.751869 0.379047 0.070098 0.092542
0 0.758639 0.179427 0.072340 0.092750
0 0.668385 0.436341 0.070277 0.088859
0 0.209975 0.772549 0.063316 0.082318
0 0.846549 0.293044 0.074746 0.098724
0 0.153396 0.727154 0.070754 0.096661
0 0.316746 0.958016 0.068664 0.083969
0 0.249375 0.087742 0.071133 0.099641
0 0.259402 0.439109 0.071430 0.098177
0 0.233225 0.962104 0.070051 0.074781
0 0.185039 0.105766 0.063273 0.089885
0 0.819332 0.628221 0.065719 0.085891
0 0.765469 0.961190 0.072203 0.076807
0 0.305828 0.639302 0.070687 0.097396
0 0.933367 0.318417 0.070172 0.090021
0 0.530035 0.863693 0.069602 0.092000
0 0.452348 0.338885 0.075602 0.105104
0 0.734768 0.633523 0.066613 0.089536
0 0.910590 0.479474 0.073164 0.095219
0 0.219832 0.232609 0.068875 0.093562
0 0.431744 0.578979 0.070973 0.088125
0 0.502230 0.110646 0.069750 0.094333
0 0.691568 0.212828 0.066277 0.091583
0 0.329639 0.742250 0.066090 0.085427
0 0.188305 0.448091 0.069477 0.086203
0 0.574043 0.137201 0.071859 0.086984
0 0.150191 0.279240 0.077156 0.096771
0 0.880639 0.577831 0.068230 0.086797
0 0.501373 0.957016 0.063262 0.085969
0 0.934109 0.762284 0.066078 0.089359
0 0.643486 0.357953 0.077535 0.090010
0 0.958254 0.193057 0.064461 0.089708
0 0.837195 0.066862 0.067289 0.086193
0 0.034445 0.076474 0.068539 0.092156
0 0.955283 0.405701 0.068691 0.092745
0 0.160742 0.187701 0.068547 0.091745
0 0.054713 0.520016 0.071824 0.094750
0 0.417264 0.157234 0.071371 0.092344
0 0.621873 0.205924 0.073301 0.080755
0 0.120369 0.077534 0.071418 0.093151
0 0.899660 0.119055 0.069383 0.094453
0 0.542383 0.679219 0.064961 0.088073
