0 0.499452 0.706854 0.093263 0.169958
0 0.640979 0.984613 0.069417 0.029412
0 0.011555 0.524116 0.023109 0.148139
0 0.034503 0.599528 0.068505 0.179028
0 0.007990 0.380984 0.015979 0.132403
0 0.332539 0.984125 0.078552 0.029630
0 0.960526 0.980382 0.078948 0.037671
0 0.243645 0.981549 0.083924 0.034773
0 0.985733 0.861632 0.028383 0.137338
0 0.780292 0.018062 0.090057 0.036125
0 0.019707 0.233831 0.039336 0.167606
0 0.304729 0.029667 0.074620 0.058315
0 0.290846 0.726053 0.076396 0.148708
0 0.972577 0.553032 0.054721 0.136250
0 0.239720 0.185155 0.086711 0.147903
0 0.172513 0.063206 0.084802 0.123579
0 0.076346 0.767414 0.083427 0.133940
0 0.775934 0.133912 0.088409 0.131620
0 0.359672 0.816218 0.068151 0.151991
0 0.616277 0.926174 0.076128 0.142486
0 0.824139 0.946118 0.077909 0.106403
0 0.706922 0.659981 0.077151 0.175713
0 0.347271 0.394199 0.078604 0.158500
0 0.165820 0.952528 0.070656 0.094380
0 0.359754 0.651852 0.079232 0.144870
0 0.064592 0.354769 0.086352 0.158028
0 0.232004 0.098190 0.082065 0.148130
0 0.857201 0.578502 0.071922 0.169949
0 0.879085 0.048519 0.082466 0.095435
0 0.969617 0.429794 0.060766 0.142903
0 0.590016 0.457525 0.077260 0.178838
0 0.191991 0.652292 0.079362 0.162824
0 0.987927 0.322778 0.023620 0.145963
0 0.879384 0.989458 0.072201 0.019019
0 0.418482 0.751926 0.077948 0.176491
0 0.860846 0.754727 0.075490 0.167463
0 0.593384 0.599491 0.086643 0.166333
0 0.338665 0.530176 0.082003 0.127176
0 0.462150 0.399870 0.081284 0.183843
0 0.520310 0.464938 0.073292 0.130023
0 0.779861 0.841542 0.081310 0.157009
0 0.136897 0.849935 0.080133 0.151296
0 0.889973 0.908669 0.077294 0.135236
0 0.534405 0.937387 0.069643 0.123727
0 0.029115 0.858053 0.058229 0.143977
0 0.721970 0.064472 0.072576 0.127537
0 0.953018 0.681725 0.075781 0.156310
0 0.473993 0.872961 0.082221 0.147940
0 0.809861 0.326720 0.086185 0.162227
0 0.520678 0.069970 0.079393 0.139375
0 0.731509 0.361956 0.075414 0.124708
0 0.757086 0.246623 0.073078 0.124134
0 0.141417 0.471734 0.077620 0.134292
0 0.927592 0.812773 0.083607 0.137944
0 0.301092 0.285917 0.078164 0.155556
0 0.231664 0.413160 0.078854 0.135829
0 0.781964 0.698933 0.079599 0.127190
0 0.640319 0.713972 0.073997 0.131083
0 0.405633 0.236743 0.087281 0.143236
0 0.473040 0.609053 0.083846 0.147171
0 0.598710 0.204373 0.080518 0.139856
0 0.303599 0.902861 0.077552 0.182148
0 0.682199 0.826155 0.078930 0.138782
0 0.790374 0.469637 0.078451 0.135829
0 0.668395 0.129940 0.087190 0.145139
0 0.674504 0.264861 0.083596 0.142287
0 0.678710 0.545789 0.086883 0.163681
0 0.216824 0.858755 0.080174 0.150583
0 0.907005 0.184618 0.083672 0.148690
0 0.065419 0.204762 0.083484 0.136736
0 0.336720 0.137977 0.093096 0.146361
0 0.518098 0.206583 0.083190 0.152398
