0 0.379353 0.742905 0.072930 0.132977
0 0.550796 0.843062 0.084169 0.143421
0 0.568715 0.060565 0.093044 0.121000
0 0.105499 0.952072 0.089711 0.095329
0 0.917496 0.512146 0.078961 0.154523
0 0.146822 0.063653 0.081409 0.126880
0 0.548089 0.952697 0.083568 0.094606
0 0.074387 0.407502 0.102987 0.123884
0 0.441437 0.699887 0.071422 0.133319
0 0.537428 0.688120 0.081388 0.127472
0 0.062469 0.623850 0.090172 0.156431
0 0.591921 0.152100 0.069346 0.120727
0 0.659707 0.728100 0.086091 0.140782
0 0.304164 0.758461 0.081333 0.140458
0 0.840572 0.528637 0.077997 0.144866
0 0.695307 0.421875 0.090021 0.154685
0 0.301971 0.297007 0.093547 0.155440
0 0.294620 0.892579 0.084323 0.144370
0 0.023798 0.702625 0.047497 0.159769
0 0.338193 0.421808 0.079828 0.137866
0 0.700914 0.851882 0.089453 0.155949
0 0.384177 0.328090 0.081344 0.158819
0 0.620927 0.977905 0.090464 0.042477
0 0.221125 0.042762 0.080354 0.085523
0 0.870395 0.890595 0.084654 0.137773
0 0.184206 0.658475 0.071031 0.125181
0 0.843898 0.099528 0.083094 0.143880
0 0.174915 0.226542 0.079117 0.134037
0 0.010233 0.187926 0.020466 0.155519
0 0.538828 0.271007 0.073411 0.167394
0 0.764516 0.659074 0.080896 0.138898
0 0.687029 0.029125 0.084927 0.058250
0 0.061536 0.056771 0.086885 0.113542
0 0.769786 0.789329 0.076365 0.134056
0 0.058630 0.856574 0.093505 0.178426
0 0.033780 0.267079 0.067461 0.179315
0 0.103626 0.514495 0.092586 0.152944
0 0.861539 0.659023 0.104411 0.138250
0 0.365582 0.165810 0.079003 0.140769
0 0.980831 0.279512 0.038167 0.138412
0 0.100204 0.297039 0.084878 0.140486
0 0.925160 0.326264 0.092206 0.160352
0 0.695729 0.961197 0.083703 0.076856
0 0.753841 0.184928 0.084010 0.136782
0 0.902574 0.967060 0.098727 0.065667
0 0.851380 0.384169 0.084062 0.146412
0 0.873803 0.228738 0.084622 0.144394
0 0.684193 0.267516 0.085630 0.168949
0 0.654710 0.145213 0.067086 0.119000
0 0.253751 0.669944 0.080706 0.140583
0 0.272915 0.158002 0.088633 0.145866
0 0.311118 0.067007 0.098690 0.124847
0 0.263844 0.462134 0.082344 0.155852
0 0.506023 0.560993 0.082057 0.140569
0 0.962682 0.051461 0.074234 0.101255
0 0.195590 0.528743 0.088982 0.151014
0 0.126753 0.739109 0.092375 0.159106
0 0.774587 0.477271 0.082023 0.152486
0 0.963938 0.161815 0.071224 0.134352
0 0.016438 0.016111 0.032063 0.032222
0 0.609753 0.283382 0.080063 0.155523
0 0.848251 0.789894 0.102591 0.147907
0 0.972199 0.541398 0.055393 0.164046
0 0.615350 0.434940 0.076747 0.142926
0 0.103241 0.165505 0.083409 0.127167
0 0.625227 0.885333 0.082109 0.151806
0 0.763355 0.060653 0.085253 0.119861
0 0.349462 0.566187 0.090654 0.157319
0 0.363840 0.945917 0.097018 0.107667
0 0.457935 0.393590 0.107813 0.187384
0 0.899053 0.021382 0.089148 0.042218
0 0.602435 0.584676 0.083302 0.152917
