0 0.742328 0.375176 0.079000 0.140907
0 0.471112 0.298333 0.080443 0.157926
0 0.335018 0.265389 0.082922 0.171648
0 0.558073 0.125537 0.092260 0.160500
0 0.041685 0.195921 0.083370 0.171880
0 0.287659 0.471671 0.081620 0.170676
0 0.662872 0.222301 0.095609 0.142380
0 0.236245 0.687843 0.099625 0.177556
0 0.408695 0.352690 0.087391 0.166843
0 0.521359 0.503903 0.103552 0.128269
0 0.840557 0.538838 0.088927 0.141472
0 0.269406 0.313921 0.081812 0.203583
0 0.342789 0.399218 0.084443 0.161231
0 0.894737 0.262176 0.089307 0.170370
0 0.800141 0.610986 0.093188 0.165361
0 0.742935 0.654847 0.084120 0.173861
0 0.855219 0.412954 0.084198 0.151352
0 0.833901 0.866292 0.087490 0.157639
0 0.699161 0.550954 0.080187 0.143185
0 0.342047 0.541792 0.084219 0.156713
0 0.552930 0.381611 0.103130 0.160704
0 0.618966 0.547157 0.100453 0.140611
0 0.790617 0.754380 0.104453 0.157463
1 0.606602 0.443884 0.074109 0.124861
0 0.106201 0.118519 0.095495 0.164389
0 0.014609 0.298963 0.027635 0.147537
0 0.008349 0.146954 0.016698 0.166315
0 0.094188 0.947866 0.115469 0.104269
0 0.065789 0.764556 0.096016 0.181111
0 0.017219 0.779481 0.034438 0.172148
0 0.024227 0.649449 0.048453 0.144139
0 0.117763 0.420931 0.105578 0.173065
0 0.662229 0.029750 0.089219 0.059500
0 0.984107 0.299551 0.031786 0.150120
0 0.026919 0.431250 0.053516 0.160352
0 0.213479 0.458565 0.096083 0.176241
0 0.035245 0.919565 0.070490 0.157370
0 0.957919 0.044380 0.081432 0.088759
0 0.584664 0.044051 0.093464 0.088102
0 0.752430 0.500472 0.098005 0.153241
0 0.263089 0.147856 0.073969 0.173213
0 0.052870 0.539963 0.105740 0.189556
0 0.099714 0.649931 0.096188 0.153861
0 0.864661 0.956144 0.085229 0.087713
0 0.167586 0.051042 0.098891 0.102083
0 0.827484 0.272981 0.075542 0.172000
0 0.283836 0.039194 0.085870 0.078389
0 0.760732 0.255532 0.103734 0.144028
0 0.663255 0.105912 0.097323 0.125472
0 0.761396 0.148644 0.089552 0.142250
0 0.200852 0.152222 0.085693 0.182500
0 0.327544 0.121824 0.076203 0.159852
0 0.065214 0.342722 0.103469 0.159426
0 0.921609 0.390574 0.088656 0.183741
0 0.207581 0.296898 0.090036 0.163278
0 0.117229 0.245157 0.106635 0.154722
0 0.135615 0.557426 0.092854 0.136722
0 0.672661 0.419398 0.086219 0.166759
0 0.412904 0.475755 0.101911 0.133398
0 0.174633 0.373361 0.086495 0.152148
0 0.203805 0.595255 0.110130 0.165917
0 0.116896 0.839102 0.098927 0.168685
0 0.407388 0.217884 0.085151 0.157065
