0 0.008244 0.023247 0.016488 0.046495
0 0.985156 0.779690 0.028937 0.104932
0 0.991838 0.021888 0.016262 0.043495
0 0.417869 0.988435 0.067629 0.023130
0 0.992561 0.835562 0.014879 0.094021
0 0.713729 0.448935 0.072574 0.077339
0 0.948121 0.979055 0.078570 0.041016
0 0.762412 0.870315 0.080020 0.092495
0 0.008602 0.259578 0.017195 0.100823
0 0.367803 0.009083 0.069152 0.017750
0 0.987701 0.550862 0.024418 0.084630
0 0.268090 0.260932 0.080211 0.099792
0 0.634963 0.663044 0.076598 0.082641
0 0.014098 0.831370 0.028195 0.096781
0 0.097293 0.121352 0.068867 0.105234
0 0.102539 0.164641 0.074664 0.093448
0 0.381260 0.310620 0.065160 0.085354
0 0.373830 0.164266 0.087199 0.087250
0 0.700053 0.022148 0.062113 0.044286
0 0.915371 0.035331 0.087953 0.070661
0 0.198477 0.063266 0.046719 0.077771
0 0.337572 0.958299 0.071621 0.083214
0 0.404732 0.883872 0.071090 0.085859
0 0.068086 0.540643 0.075063 0.087391
0 0.122904 0.029367 0.078777 0.058734
0 0.416336 0.580396 0.067008 0.082125
0 0.090141 0.310872 0.083883 0.116703
0 0.273473 0.930740 0.061508 0.093229
0 0.757564 0.058794 0.076129 0.076245
0 0.941666 0.567836 0.066371 0.082349
0 0.771982 0.728513 0.080941 0.100411
0 0.715584 0.487289 0.072293 0.085932
0 0.402795 0.059104 0.063105 0.089938
0 0.948338 0.150729 0.071465 0.092656
0 0.369096 0.062747 0.068035 0.083495
0 0.179186 0.644784 0.068652 0.073911
0 0.398652 0.541229 0.068820 0.094292
0 0.929432 0.334201 0.079027 0.098870
0 0.338352 0.459331 0.075906 0.102453
0 0.980102 0.388237 0.039797 0.103349
0 0.413000 0.927138 0.072141 0.086911
0 0.464787 0.154005 0.067934 0.083573
0 0.692281 0.709422 0.069625 0.085740
0 0.882730 0.340143 0.071461 0.103880
0 0.930383 0.480419 0.082312 0.107172
0 0.475406 0.203182 0.076281 0.095156
0 0.028613 0.878823 0.056758 0.103000
0 0.309180 0.724849 0.067242 0.095750
0 0.609719 0.790711 0.075000 0.094599
0 0.556666 0.336776 0.073566 0.096125
0 0.242811 0.917451 0.061051 0.097766
0 0.490689 0.959206 0.074371 0.081589
0 0.558164 0.071867 0.071086 0.089943
0 0.338818 0.904104 0.065105 0.088313
0 0.372533 0.366302 0.063113 0.096219
0 0.522541 0.109740 0.065410 0.098323
0 0.631357 0.159419 0.073777 0.103839
0 0.901680 0.860992 0.073289 0.099724
0 0.668012 0.951971 0.072836 0.094297
0 0.129137 0.586914 0.073625 0.078995
0 0.289146 0.818125 0.073816 0.083229
0 0.309057 0.548258 0.078082 0.085953
0 0.585301 0.936458 0.076477 0.101302
0 0.442600 0.353357 0.076418 0.092057
0 0.540676 0.642794 0.073688 0.092797
0 0.688891 0.234497 0.067867 0.084547
0 0.312730 0.409383 0.066125 0.088797
0 0.751436 0.137669 0.075613 0.084766
0 0.183049 0.883076 0.068035 0.096297
0 0.788812 0.590380 0.068398 0.093146
0 0.022834 0.672362 0.045316 0.087714
0 0.533385 0.852961 0.074918 0.087589
0 0.256619 0.467109 0.071926 0.093375
0 0.088195 0.667427 0.079805 0.095781
0 0.902812 0.658698 0.073062 0.101406
0 0.598344 0.575250 0.076469 0.101052
0 0.879965 0.229979 0.072953 0.100469
0 0.523518 0.759281 0.077121 0.098062
0 0.804410 0.213409 0.072953 0.091505
0 0.528531 0.525953 0.074055 0.095729
0 0.823348 0.510763 0.065758 0.094943
0 0.136475 0.954680 0.073730 0.090318
0 0.228982 0.703549 0.064316 0.087651
0 0.373057 0.783255 0.075582 0.103812
0 0.240842 0.339711 0.068730 0.091026
0 0.115016 0.759003 0.073000 0.095755
0 0.166730 0.270956 0.068727 0.094505
0 0.690061 0.094849 0.071371 0.085000
0 0.198586 0.788146 0.075805 0.097385
0 0.576666 0.425693 0.073012 0.098625
0 0.033066 0.413766 0.065078 0.094250
