0 0.583977 0.660797 0.073977 0.092490
0 0.185842 0.178951 0.072723 0.110661
0 0.954416 0.508505 0.076809 0.101365
0 0.506389 0.057583 0.074168 0.097531
0 0.685277 0.791263 0.082437 0.110526
0 0.455113 0.663076 0.074437 0.099005
0 0.257021 0.315172 0.080277 0.102542
0 0.030713 0.727354 0.061371 0.107781
0 0.669143 0.159810 0.081379 0.088141
0 0.194127 0.361375 0.070879 0.100469
0 0.139258 0.875250 0.067687 0.107583
0 0.815648 0.362281 0.094953 0.090010
0 0.631959 0.228708 0.083340 0.105448
0 0.435318 0.392201 0.078621 0.099432
0 0.778607 0.293534 0.084285 0.089516
0 0.069395 0.844057 0.074008 0.091062
0 0.856836 0.496437 0.074273 0.106708
0 0.568236 0.228896 0.064027 0.116344
0 0.573029 0.776852 0.074801 0.108422
0 0.080687 0.597734 0.070609 0.103021
0 0.380730 0.523271 0.074078 0.089354
0 0.223646 0.659057 0.069824 0.107000
0 0.411273 0.925781 0.065523 0.096604
0 0.269539 0.408549 0.082695 0.094693
0 0.557127 0.947766 0.073730 0.104469
0 0.288771 0.777102 0.078105 0.095734
0 0.506316 0.009896 0.086555 0.019448
0 0.359865 0.801917 0.064559 0.097333
0 0.514418 0.545427 0.067687 0.098062
0 0.989275 0.025719 0.020199 0.051438
0 0.692363 0.496292 0.071211 0.096656
0 0.381064 0.068180 0.070730 0.101245
0 0.006473 0.834284 0.012945 0.104005
0 0.976709 0.663919 0.044293 0.091839
0 0.989020 0.150349 0.021484 0.110740
0 0.879836 0.988099 0.090781 0.022583
0 0.659687 0.010479 0.088508 0.020958
0 0.983451 0.099927 0.033098 0.071698
0 0.990844 0.477224 0.018313 0.093583
0 0.263355 0.912828 0.069375 0.088990
0 0.009359 0.648190 0.018719 0.103182
0 0.122559 0.053961 0.070414 0.107922
0 0.846906 0.016281 0.072625 0.032563
0 0.569791 0.017445 0.081832 0.034891
0 0.754840 0.208526 0.085539 0.107740
0 0.964039 0.051841 0.071922 0.103682
0 0.313443 0.067719 0.081090 0.098531
0 0.016693 0.131221 0.032191 0.115807
0 0.801775 0.838068 0.088457 0.113365
0 0.548400 0.123573 0.069488 0.093240
0 0.277012 0.023529 0.093867 0.047057
0 0.596406 0.980000 0.088891 0.040000
0 0.978313 0.563255 0.043375 0.094458
0 0.674215 0.597094 0.084039 0.095417
0 0.839945 0.637148 0.080031 0.117589
0 0.980477 0.268727 0.038883 0.112328
0 0.346029 0.628216 0.072965 0.126807
0 0.953430 0.400242 0.076508 0.093870
0 0.207305 0.952935 0.076766 0.090401
0 0.023721 0.954721 0.047441 0.089297
0 0.730910 0.025497 0.076234 0.048703
0 0.406928 0.631070 0.074270 0.137432
0 0.641689 0.529039 0.075762 0.094464
0 0.238434 0.553924 0.071023 0.095880
0 0.818002 0.717706 0.076988 0.095130
0 0.019498 0.567953 0.038996 0.105312
0 0.317229 0.166534 0.079887 0.109609
0 0.764594 0.642896 0.080984 0.125948
0 0.505764 0.181849 0.077684 0.093333
0 0.679672 0.063141 0.082008 0.096969
0 0.637574 0.315081 0.080945 0.084370
0 0.905379 0.182237 0.098602 0.098651
0 0.633799 0.765625 0.065199 0.118448
0 0.027256 0.334969 0.053082 0.108802
0 0.739686 0.729128 0.065535 0.087432
0 0.955779 0.619190 0.083441 0.097880
0 0.888977 0.347151 0.068672 0.096802
0 0.472629 0.898411 0.079938 0.113656
0 0.911566 0.813661 0.083680 0.114021
0 0.688037 0.693773 0.081902 0.107036
0 0.050686 0.078401 0.077887 0.098094
0 0.777424 0.058990 0.076395 0.089688
0 0.974031 0.810979 0.051938 0.095573
0 0.363691 0.964685 0.075117 0.070630
0 0.446354 0.046906 0.073980 0.090573
0 0.075295 0.977995 0.083848 0.044010
0 0.709080 0.335620 0.063090 0.078656
0 0.700520 0.416578 0.095328 0.101802
0 0.418691 0.316685 0.081695 0.079224
0 0.346953 0.894427 0.089992 0.095146
0 0.979912 0.945245 0.039512 0.105990
0 0.964531 0.734443 0.069820 0.086115
0 0.785277 0.977862 0.087484 0.044276
0 0.272494 0.212388 0.083051 0.101745
0 0.143352 0.969565 0.069336 0.060870
0 0.448326 0.130086 0.077965 0.093880
0 0.723561 0.916763 0.080707 0.095182
0 0.313256 0.564628 0.080996 0.101578
0 0.879221 0.594315 0.077543 0.100130
0 0.920816 0.258948 0.079055 0.092604
0 0.821441 0.440044 0.085977 0.089474
0 0.435338 0.255505 0.078223 0.090521
0 0.076021 0.923641 0.084473 0.086167
0 0.084689 0.488966 0.073770 0.095745
0 0.364945 0.688760 0.080750 0.107615
0 0.058166 0.245500 0.075387 0.102156
0 0.928348 0.113966 0.080375 0.101995
0 0.330615 0.458000 0.068512 0.135948
0 0.273242 0.489198 0.064625 0.082167
0 0.180924 0.052714 0.064066 0.102271
0 0.793641 0.525531 0.075695 0.105646
0 0.927117 0.960987 0.083734 0.078026
0 0.494859 0.356247 0.076563 0.106349
0 0.445385 0.486422 0.076496 0.105615
0 0.176346 0.520581 0.074262 0.090599
0 0.305924 0.848401 0.070863 0.085271
0 0.753193 0.464693 0.080293 0.116104
0 0.035646 0.438823 0.069598 0.095156
0 0.552322 0.312089 0.073137 0.090708
0 0.169453 0.718375 0.074258 0.107708
0 0.846820 0.953245 0.080867 0.093510
0 0.480586 0.593169 0.080602 0.122089
0 0.357447 0.346846 0.079941 0.099839
0 0.855465 0.075974 0.075438 0.097896
0 0.497457 0.957490 0.068102 0.085021
0 0.613990 0.095565 0.062629 0.094401
0 0.643004 0.877276 0.071297 0.096885
0 0.898187 0.042328 0.071195 0.084656
0 0.498064 0.777430 0.085402 0.116516
0 0.507459 0.257878 0.083363 0.086182
0 0.282305 0.655141 0.071078 0.095552
0 0.955809 0.317096 0.078891 0.094536
0 0.381646 0.434359 0.074371 0.097302
0 0.541027 0.857406 0.080484 0.094604
0 0.417285 0.765479 0.073141 0.095260
0 0.387471 0.169786 0.077832 0.100094
1 0.298801 0.267508 0.070398 0.092464
0 0.239035 0.058271 0.067852 0.098750
0 0.358061 0.803219 0.066645 0.097333
0 0.156709 0.610211 0.072840 0.097203
0 0.107988 0.767747 0.083422 0.103057
0 0.910039 0.449654 0.083250 0.104182
0 0.118598 0.680208 0.068758 0.094042
0 0.228012 0.751857 0.078766 0.101901
0 0.168283 0.452576 0.090848 0.096755
0 0.164379 0.275940 0.073266 0.091984
0 0.706197 0.254346 0.070871 0.093818
