0 0.069665 0.920296 0.100758 0.135574
0 0.933897 0.043755 0.100258 0.087083
0 0.993310 0.308558 0.013089 0.157912
0 0.430272 0.022289 0.090581 0.044579
0 0.990284 0.605169 0.019432 0.155792
0 0.684724 0.966079 0.088031 0.067843
0 0.425788 0.958713 0.096388 0.082574
0 0.216530 0.389095 0.100555 0.130782
0 0.150952 0.196310 0.095711 0.150583
0 0.022150 0.693060 0.044294 0.167574
0 0.980182 0.178301 0.039219 0.171583
0 0.185775 0.299417 0.093492 0.133694
0 0.599870 0.052588 0.085396 0.104546
0 0.850993 0.946632 0.097971 0.105810
0 0.585797 0.503225 0.085208 0.143431
0 0.629409 0.911086 0.094719 0.165653
0 0.764503 0.944683 0.084255 0.110588
0 0.508172 0.419086 0.085245 0.167856
0 0.261674 0.061583 0.086698 0.123167
0 0.035448 0.201977 0.070755 0.140935
0 0.583840 0.370414 0.079846 0.161005
0 0.978849 0.468609 0.041953 0.157431
0 0.715492 0.143169 0.079693 0.131755
0 0.065807 0.346873 0.091531 0.150745
0 0.749764 0.454407 0.089029 0.148417
0 0.480793 0.881581 0.079289 0.134023
0 0.375096 0.646773 0.099422 0.159065
0 0.753129 0.058486 0.081221 0.115037
0 0.126336 0.776769 0.084141 0.163130
0 0.033428 0.549778 0.066857 0.141722
0 0.448986 0.451877 0.076279 0.126042
0 0.848673 0.573998 0.080070 0.151764
0 0.346533 0.902454 0.086013 0.152565
0 0.485290 0.754407 0.092727 0.143991
0 0.736036 0.218935 0.078937 0.139981
0 0.289712 0.189387 0.091565 0.153477
0 0.820677 0.332178 0.078781 0.156644
0 0.479805 0.259097 0.101276 0.182120
0 0.523134 0.601806 0.083352 0.148157
0 0.101185 0.616595 0.081224 0.141542
0 0.046194 0.794102 0.089211 0.148713
0 0.092711 0.109907 0.083354 0.134259
0 0.916824 0.142005 0.086326 0.138556
0 0.403892 0.812669 0.085841 0.151634
0 0.433023 0.138523 0.093865 0.163546
0 0.959720 0.785169 0.079971 0.164551
0 0.985674 0.975002 0.028651 0.049069
0 0.751996 0.602007 0.091602 0.157662
0 0.847143 0.803139 0.085828 0.150833
0 0.907283 0.682549 0.088878 0.165486
0 0.993288 0.893850 0.013398 0.140458
0 0.689717 0.760403 0.081258 0.153037
0 0.613257 0.690160 0.091841 0.150681
0 0.108951 0.023481 0.098760 0.046963
0 0.324589 0.739919 0.083708 0.144329
0 0.763663 0.759694 0.081872 0.165843
0 0.347802 0.521410 0.086318 0.152569
0 0.265513 0.524806 0.086813 0.162380
0 0.887676 0.457903 0.086799 0.156815
1 0.661031 0.256375 0.084354 0.142287
0 0.351036 0.024088 0.087427 0.048176
