0 0.475837 0.555155 0.083461 0.129931
0 0.647882 0.803088 0.072560 0.147444
0 0.478590 0.059975 0.072909 0.116671
0 0.202749 0.396528 0.073534 0.135852
0 0.048118 0.129736 0.079242 0.139648
0 0.819155 0.362750 0.079315 0.127657
0 0.520579 0.754285 0.084320 0.147171
0 0.530932 0.466120 0.080411 0.134870
0 0.438704 0.826183 0.079826 0.133218
0 0.841165 0.671542 0.092424 0.140991
0 0.757008 0.064813 0.084505 0.128495
0 0.964182 0.629007 0.071635 0.135079
0 0.617165 0.669981 0.084299 0.128620
0 0.645449 0.530799 0.085503 0.142468
0 0.754194 0.467523 0.075534 0.136194
0 0.481574 0.697493 0.082169 0.137764
0 0.866747 0.077870 0.075948 0.138722
0 0.725671 0.660981 0.083232 0.146343
0 0.683246 0.230678 0.076247 0.124255
0 0.655167 0.957331 0.081354 0.082829
1 0.549822 0.251937 0.084784 0.144079
1 0.384954 0.450734 0.085273 0.136356
0 0.716452 0.395984 0.086716 0.138986
0 0.097411 0.966720 0.081036 0.064884
0 0.020306 0.944188 0.040612 0.106903
0 0.185471 0.607912 0.088630 0.127176
0 0.112073 0.600486 0.073568 0.129648
0 0.032497 0.897569 0.063734 0.110917
0 0.937120 0.033759 0.090141 0.067519
0 0.022095 0.211655 0.043352 0.129264
0 0.573918 0.853975 0.077664 0.135616
0 0.982685 0.863715 0.034630 0.144736
0 0.098034 0.853778 0.074068 0.122056
0 0.984603 0.449579 0.030794 0.135157
0 0.390680 0.066306 0.081990 0.128694
0 0.578003 0.437072 0.081651 0.139597
0 0.576216 0.942046 0.074443 0.114380
0 0.125004 0.098576 0.080013 0.136458
0 0.874698 0.881887 0.077880 0.136144
0 0.501659 0.951153 0.075802 0.097694
0 0.424177 0.189354 0.071130 0.125449
0 0.499133 0.204438 0.074250 0.144023
0 0.980525 0.144417 0.038951 0.156352
0 0.057324 0.783259 0.080133 0.131324
0 0.321556 0.488326 0.071102 0.117208
0 0.943128 0.374329 0.079083 0.141648
0 0.375552 0.299736 0.080177 0.156370
0 0.142927 0.265931 0.073818 0.135407
0 0.023901 0.359153 0.047802 0.146065
0 0.926483 0.785889 0.089299 0.141981
0 0.866229 0.536259 0.084396 0.150806
0 0.632880 0.046944 0.072922 0.090806
0 0.043857 0.515440 0.083125 0.148028
0 0.932168 0.510241 0.074841 0.121583
0 0.110389 0.440778 0.087935 0.146204
0 0.213559 0.137748 0.088445 0.136181
0 0.287273 0.201030 0.078818 0.123310
0 0.170467 0.766060 0.081164 0.144343
0 0.404086 0.657736 0.083359 0.147861
0 0.564441 0.579935 0.069070 0.119111
0 0.077490 0.288340 0.070812 0.148912
0 0.880926 0.264215 0.078466 0.127014
0 0.956695 0.941479 0.084599 0.114190
0 0.263210 0.056632 0.086388 0.109181
0 0.330814 0.804741 0.084846 0.146722
0 0.808952 0.179685 0.076023 0.126583
0 0.256891 0.495285 0.067615 0.140856
0 0.642728 0.370708 0.074201 0.156213
0 0.244120 0.830417 0.074406 0.127361
0 0.358629 0.599088 0.095565 0.150056
0 0.763918 0.274683 0.069732 0.116801
0 0.559040 0.105519 0.087008 0.139241
0 0.444677 0.338377 0.073547 0.129829
0 0.169816 0.930914 0.073232 0.132356
0 0.083487 0.018002 0.104286 0.036005
0 0.045763 0.683912 0.086885 0.138157
0 0.361553 0.050243 0.074424 0.100486
0 0.942293 0.202806 0.077706 0.162574
0 0.290703 0.928887 0.082151 0.119366
0 0.276559 0.351435 0.074195 0.146157
