1 0.577738 0.328382 0.091893 0.134718
0 0.443263 0.711977 0.075901 0.140426
0 0.229079 0.844171 0.081221 0.138065
0 0.318198 0.824778 0.087234 0.138019
0 0.175478 0.416968 0.082070 0.143731
0 0.989073 0.949130 0.019234 0.101741
0 0.706805 0.175949 0.079771 0.139296
0 0.704104 0.915854 0.087807 0.164282
0 0.582234 0.122326 0.080437 0.128708
0 0.490609 0.201708 0.081766 0.140315
0 0.057366 0.763715 0.080060 0.137236
0 0.113029 0.267134 0.083708 0.146509
0 0.111626 0.089167 0.079560 0.159870
0 0.244712 0.050113 0.083331 0.096486
0 0.569305 0.795940 0.083719 0.147657
0 0.084931 0.403312 0.089102 0.131125
0 0.206168 0.288722 0.076466 0.122519
0 0.487544 0.330072 0.085177 0.128514
0 0.347565 0.940000 0.085307 0.116593
0 0.180077 0.169873 0.082049 0.142653
0 0.804089 0.489678 0.080026 0.135875
0 0.503060 0.638731 0.091411 0.148972
0 0.461884 0.445681 0.087841 0.119370
0 0.682076 0.780743 0.093328 0.129551
0 0.410361 0.155616 0.086690 0.154898
0 0.431423 0.561109 0.074138 0.127671
0 0.364888 0.689657 0.088417 0.152759
0 0.458729 0.969396 0.092865 0.060782
0 0.048521 0.632639 0.087563 0.138944
0 0.065181 0.894787 0.090273 0.138546
0 0.402803 0.356579 0.084695 0.138796
0 0.694430 0.059053 0.091083 0.115681
0 0.348462 0.244586 0.084419 0.140819
0 0.135053 0.602961 0.083336 0.124708
0 0.714773 0.635405 0.088750 0.157319
0 0.661832 0.553854 0.078742 0.143819
0 0.144665 0.844030 0.080898 0.140255
0 0.818034 0.978431 0.083599 0.040648
0 0.008086 0.840688 0.016172 0.123190
0 0.025358 0.135968 0.050716 0.131880
0 0.776163 0.364111 0.086612 0.134444
0 0.947255 0.957935 0.082792 0.084130
0 0.483036 0.067167 0.103510 0.131074
0 0.780858 0.910287 0.077070 0.135759
0 0.990690 0.042171 0.016536 0.084343
0 0.477113 0.841484 0.083747 0.142005
0 0.117701 0.723907 0.097094 0.142111
0 0.345616 0.550083 0.098711 0.148824
0 0.681267 0.317509 0.078393 0.139667
0 0.767174 0.024287 0.089323 0.048574
0 0.634914 0.215377 0.073182 0.134588
0 0.259689 0.952354 0.090852 0.095292
0 0.971530 0.877384 0.056742 0.114241
0 0.622251 0.897400 0.090216 0.159162
0 0.035141 0.268789 0.069630 0.143227
0 0.307139 0.117104 0.082951 0.128412
0 0.776296 0.108437 0.087440 0.146310
0 0.750849 0.257475 0.080786 0.160301
0 0.084405 0.530326 0.078102 0.127551
0 0.858060 0.026171 0.089333 0.051685
0 0.191520 0.082199 0.107378 0.153194
0 0.599215 0.031306 0.078862 0.062315
0 0.878931 0.969734 0.063148 0.057412
0 0.237044 0.714461 0.078672 0.135440
0 0.933974 0.071648 0.085943 0.134130
0 0.855074 0.114743 0.082206 0.130977
0 0.011198 0.942676 0.022151 0.114648
0 0.828160 0.232718 0.087706 0.147269
0 0.016000 0.719481 0.031427 0.160676
0 0.597544 0.652185 0.082224 0.124593
0 0.718505 0.480463 0.080974 0.162407
0 0.236233 0.506833 0.090742 0.130120
0 0.594124 0.496470 0.090789 0.151208
