0 0.994475 0.634259 0.010971 0.123324
0 0.006052 0.895264 0.012104 0.139528
0 0.595609 0.019898 0.106302 0.039796
0 0.987366 0.362521 0.024596 0.135681
1 0.243629 0.277938 0.076898 0.146347
0 0.175512 0.025435 0.103628 0.050870
0 0.133961 0.963602 0.087562 0.071546
0 0.987276 0.099995 0.024974 0.140694
0 0.885147 0.028449 0.085544 0.056898
0 0.010642 0.563109 0.020367 0.136560
0 0.119049 0.733248 0.085885 0.135088
0 0.020594 0.170685 0.040807 0.130889
0 0.024180 0.760894 0.048245 0.135472
0 0.411186 0.119563 0.087440 0.137014
0 0.326658 0.854986 0.091508 0.144685
0 0.574063 0.096595 0.086661 0.136606
0 0.065449 0.917998 0.083232 0.150236
0 0.979676 0.755674 0.040352 0.141921
0 0.163134 0.226252 0.095232 0.134653
0 0.376643 0.209984 0.086693 0.151431
0 0.737620 0.525127 0.082437 0.145727
0 0.324887 0.719410 0.085242 0.137866
0 0.411409 0.437405 0.079839 0.141338
0 0.028837 0.391581 0.057674 0.127986
0 0.186100 0.102880 0.078909 0.119269
0 0.824759 0.882019 0.084846 0.132454
0 0.054289 0.652289 0.081656 0.135569
0 0.221201 0.788382 0.089271 0.157014
0 0.331460 0.589127 0.078810 0.121625
0 0.743320 0.304958 0.081359 0.127056
0 0.880332 0.188178 0.079872 0.146116
0 0.803359 0.587850 0.091130 0.133301
0 0.279167 0.082604 0.086146 0.131829
0 0.872052 0.752065 0.076542 0.138648
0 0.065056 0.282725 0.084320 0.146727
0 0.244168 0.606488 0.079487 0.146032
0 0.460178 0.631299 0.091919 0.136162
0 0.582848 0.651838 0.078326 0.132796
0 0.098686 0.492866 0.086674 0.146454
0 0.507297 0.278905 0.088609 0.131569
0 0.048758 0.066201 0.084349 0.132403
0 0.303251 0.371808 0.088753 0.131245
0 0.894862 0.330847 0.079021 0.128528
0 0.778400 0.053910 0.089159 0.104653
0 0.964082 0.230831 0.071836 0.146912
0 0.477862 0.499944 0.076948 0.144741
0 0.468380 0.361514 0.082104 0.123704
0 0.792530 0.728306 0.095055 0.148935
0 0.513458 0.142718 0.085885 0.146519
0 0.601828 0.215440 0.080182 0.150037
0 0.629965 0.346748 0.086867 0.143801
0 0.578026 0.514433 0.086719 0.144301
0 0.931264 0.819144 0.080956 0.131935
0 0.779012 0.176903 0.087378 0.136463
0 0.681729 0.193921 0.079161 0.141824
0 0.430980 0.842065 0.087237 0.146009
0 0.147112 0.860155 0.086073 0.135681
0 0.813792 0.444657 0.089318 0.139546
0 0.161682 0.601213 0.087563 0.143870
0 0.686434 0.923468 0.087628 0.140870
0 0.697211 0.420019 0.086391 0.152796
0 0.313165 0.230363 0.077451 0.142995
0 0.664672 0.669292 0.085578 0.140917
0 0.278844 0.493005 0.082802 0.133556
0 0.535190 0.868595 0.089411 0.152088
0 0.468663 0.956067 0.084997 0.086431
0 0.663754 0.804340 0.081992 0.122134
0 0.951931 0.463639 0.084758 0.149130
0 0.794052 0.973549 0.092474 0.044458
0 0.917109 0.975005 0.099880 0.039444
