0 0.098695 0.850732 0.077195 0.094839
0 0.278115 0.421586 0.090980 0.079620
0 0.605578 0.795487 0.076367 0.099078
0 0.141971 0.507922 0.067879 0.092948
0 0.816039 0.897828 0.069320 0.082406
0 0.388215 0.483216 0.071141 0.090182
0 0.141949 0.073568 0.066211 0.088198
0 0.967211 0.377026 0.062414 0.073521
0 0.225930 0.482385 0.068773 0.087813
0 0.467799 0.712276 0.070715 0.077010
0 0.507871 0.381633 0.068297 0.082078
0 0.397205 0.075669 0.065949 0.096839
0 0.730217 0.437888 0.075527 0.101380
0 0.330357 0.257023 0.063191 0.085776
0 0.324289 0.738607 0.070578 0.089932
0 0.814602 0.094146 0.065680 0.101375
0 0.057975 0.314581 0.065918 0.091505
0 0.908275 0.739594 0.073629 0.096510
0 0.034314 0.608818 0.068629 0.097687
0 0.414561 0.935807 0.064441 0.106562
0 0.022750 0.479161 0.044773 0.087083
0 0.657502 0.101130 0.069746 0.088698
0 0.048848 0.771396 0.076063 0.091677
0 0.489426 0.933042 0.061945 0.087438
0 0.850199 0.961630 0.066516 0.076740
0 0.839846 0.496430 0.070355 0.107536
0 0.227836 0.788052 0.066617 0.095115
0 0.943848 0.529057 0.072203 0.105135
0 0.969305 0.204125 0.061047 0.089615
0 0.920592 0.329284 0.066957 0.079661
0 0.227068 0.894312 0.067418 0.094542
0 0.725822 0.825802 0.064410 0.087365
0 0.718568 0.189367 0.077988 0.086391
0 0.886436 0.246578 0.075754 0.095990
0 0.538188 0.828060 0.065289 0.088536
0 0.304361 0.093292 0.067207 0.092406
0 0.270566 0.216984 0.071305 0.091771
0 0.265314 0.574865 0.075957 0.082854
0 0.636762 0.704732 0.082117 0.110182
0 0.394850 0.248854 0.067762 0.094281
0 0.456432 0.637026 0.072926 0.091021
0 0.948201 0.046107 0.083801 0.092214
0 0.922535 0.858076 0.067687 0.084401
0 0.513051 0.285380 0.072398 0.097302
0 0.070023 0.214633 0.092180 0.114630
0 0.590188 0.271117 0.070469 0.096422
0 0.626164 0.471823 0.076812 0.097490
0 0.388516 0.628505 0.068852 0.084125
0 0.772789 0.546328 0.072742 0.092594
0 0.475385 0.795268 0.073160 0.091776
0 0.128301 0.344714 0.070055 0.097740
0 0.235984 0.062393 0.071055 0.094339
0 0.256588 0.963286 0.064012 0.073427
0 0.486377 0.099164 0.073926 0.095474
0 0.839420 0.773102 0.073066 0.101797
0 0.586004 0.143841 0.078539 0.103036
0 0.751332 0.992086 0.070695 0.014464
0 0.994139 0.601919 0.011613 0.087182
0 0.466756 0.990503 0.062566 0.018995
0 0.581758 0.988049 0.065648 0.023089
0 0.061418 0.021193 0.067836 0.040771
0 0.182660 0.768815 0.063430 0.087078
0 0.556805 0.024159 0.068430 0.047349
0 0.986873 0.950534 0.025598 0.094464
0 0.664346 0.025096 0.074035 0.048151
0 0.984145 0.291266 0.031703 0.087750
0 0.292398 0.651576 0.064945 0.082495
0 0.129533 0.633424 0.060980 0.079849
0 0.595918 0.891737 0.062586 0.078661
0 0.546230 0.440810 0.062836 0.074266
0 0.760141 0.028529 0.071570 0.055370
0 0.180541 0.029875 0.063012 0.057969
0 0.253209 0.308523 0.056887 0.083797
0 0.199410 0.683003 0.075609 0.088328
0 0.359410 0.969419 0.063891 0.061161
0 0.548283 0.543802 0.071082 0.085375
0 0.101695 0.986440 0.074953 0.026453
0 0.378803 0.374078 0.073957 0.090833
