0 0.954275 0.955891 0.090586 0.088042
0 0.961221 0.317400 0.077557 0.149421
0 0.767749 0.041711 0.088732 0.081995
0 0.878727 0.189312 0.088542 0.149440
0 0.977866 0.422382 0.044164 0.171903
0 0.464279 0.966583 0.093911 0.066444
0 0.979832 0.895019 0.039982 0.166769
0 0.017764 0.065806 0.035508 0.131176
0 0.050478 0.904042 0.089336 0.156278
0 0.322039 0.206100 0.092849 0.168431
0 0.345112 0.791005 0.092901 0.170630
0 0.579480 0.671801 0.092357 0.156306
0 0.380250 0.330241 0.094604 0.169824
0 0.065760 0.518759 0.087083 0.155593
0 0.284815 0.357646 0.093547 0.156699
0 0.678884 0.360546 0.094268 0.156500
0 0.929388 0.574169 0.092474 0.156856
0 0.615427 0.814917 0.087437 0.162759
0 0.243073 0.239394 0.087958 0.151731
0 0.425116 0.814993 0.083419 0.144495
0 0.819969 0.937329 0.092703 0.124926
0 0.173986 0.839375 0.089810 0.150787
0 0.148361 0.710514 0.092357 0.160074
0 0.094694 0.012123 0.082706 0.024245
0 0.967944 0.032347 0.064112 0.064250
0 0.969956 0.198921 0.060089 0.168111
0 0.012836 0.842019 0.025646 0.153120
1 0.545589 0.183280 0.088490 0.164477
0 0.935227 0.081062 0.100854 0.156681
0 0.845428 0.026738 0.094602 0.051579
0 0.021203 0.960752 0.041906 0.077412
0 0.520983 0.039926 0.080878 0.077917
0 0.889247 0.313750 0.091521 0.145444
0 0.506004 0.541863 0.088930 0.162486
0 0.160874 0.234306 0.090409 0.155370
0 0.276301 0.837812 0.086612 0.153301
0 0.826049 0.496326 0.085667 0.154977
0 0.242081 0.935370 0.095318 0.128472
0 0.619168 0.558201 0.088044 0.150866
0 0.733293 0.598731 0.085258 0.150574
0 0.679296 0.501576 0.096029 0.162829
0 0.483273 0.726125 0.086536 0.154963
0 0.036543 0.325942 0.073086 0.166468
0 0.687723 0.851324 0.086471 0.156685
0 0.849716 0.723794 0.088833 0.152162
0 0.754753 0.137986 0.086719 0.144472
0 0.899073 0.451338 0.096214 0.165583
0 0.213296 0.524944 0.088727 0.146981
0 0.286655 0.503308 0.082336 0.157551
0 0.167161 0.432912 0.088365 0.161306
0 0.430780 0.509782 0.089091 0.176315
0 0.358488 0.526405 0.085305 0.178227
0 0.339703 0.927630 0.097828 0.143306
0 0.335811 0.067755 0.091706 0.135509
0 0.153790 0.579308 0.101831 0.149792
0 0.742781 0.945106 0.088448 0.109269
0 0.537667 0.799419 0.101031 0.179236
0 0.028113 0.711687 0.056076 0.164810
0 0.686895 0.218667 0.096737 0.156417
0 0.811982 0.829961 0.095734 0.133208
0 0.834816 0.106421 0.098180 0.147806
0 0.480385 0.892326 0.100552 0.147792
0 0.736559 0.765535 0.092034 0.160273
0 0.444273 0.395030 0.084635 0.138412
0 0.457077 0.057782 0.084591 0.114380
0 0.618897 0.175942 0.084456 0.162412
0 0.656924 0.046951 0.085943 0.093273
