0 0.991091 0.272481 0.017714 0.109741
0 0.512832 0.923419 0.076513 0.153162
0 0.933221 0.779782 0.095354 0.168324
0 0.211988 0.347417 0.100346 0.143407
0 0.786936 0.761167 0.070279 0.186583
0 0.963637 0.881326 0.072372 0.155144
0 0.108948 0.789988 0.094052 0.149819
0 0.728385 0.919375 0.078984 0.154556
0 0.159283 0.705613 0.092086 0.185088
0 0.700007 0.697352 0.073857 0.168074
0 0.356473 0.957968 0.072404 0.083907
0 0.439605 0.870785 0.093674 0.136106
0 0.079061 0.943734 0.099117 0.112292
0 0.846042 0.606998 0.090766 0.190218
0 0.038392 0.461322 0.075305 0.118875
0 0.640723 0.446648 0.102555 0.149426
0 0.280255 0.881868 0.071292 0.182671
0 0.965371 0.199241 0.068706 0.137407
0 0.149117 0.872433 0.090401 0.189884
0 0.565504 0.899637 0.075992 0.145810
0 0.709661 0.384294 0.078437 0.144190
0 0.284194 0.157190 0.092872 0.187806
0 0.640464 0.785509 0.077031 0.155889
0 0.212089 0.739951 0.071385 0.182042
0 0.964138 0.458720 0.071724 0.179977
0 0.028508 0.869144 0.055089 0.136852
0 0.431188 0.949053 0.094922 0.100745
0 0.867139 0.448602 0.085190 0.179639
0 0.107060 0.654391 0.077370 0.118597
0 0.487991 0.702090 0.070070 0.189708
0 0.811512 0.410076 0.072409 0.141005
0 0.323570 0.436019 0.084734 0.186481
0 0.853430 0.169602 0.089005 0.122611
0 0.156306 0.072229 0.091716 0.140745
0 0.909033 0.534562 0.080445 0.151227
0 0.571203 0.762933 0.074755 0.149569
0 0.046789 0.756069 0.093214 0.143861
0 0.562764 0.432676 0.084956 0.151426
0 0.305659 0.294035 0.079427 0.150755
0 0.282608 0.581065 0.072763 0.151769
0 0.346755 0.836972 0.081078 0.172685
0 0.134953 0.543731 0.102146 0.149380
0 0.238556 0.081056 0.088279 0.152657
0 0.625801 0.654419 0.085133 0.145736
0 0.637805 0.322743 0.082656 0.147440
0 0.645100 0.911579 0.091523 0.135991
0 0.212329 0.221708 0.102154 0.137824
0 0.047371 0.156833 0.093878 0.131630
0 0.741965 0.237289 0.091966 0.164125
0 0.428625 0.625391 0.086266 0.139458
0 0.561134 0.308486 0.085299 0.173880
0 0.645947 0.180958 0.075211 0.165343
0 0.390732 0.316333 0.078151 0.155944
0 0.719505 0.066602 0.083115 0.132241
0 0.510456 0.501014 0.079083 0.151806
0 0.246292 0.448366 0.097922 0.151463
0 0.788191 0.092100 0.075055 0.160940
0 0.364267 0.149785 0.095596 0.146773
0 0.504326 0.151773 0.091844 0.156963
0 0.450701 0.416074 0.095411 0.142630
0 0.213077 0.893757 0.085294 0.146366
0 0.590947 0.064507 0.086247 0.129014
0 0.277875 0.718199 0.087198 0.149898
0 0.439298 0.227097 0.085013 0.148083
0 0.420641 0.751162 0.086740 0.142435
0 0.604398 0.525745 0.091464 0.151556
0 0.063785 0.056618 0.098174 0.113236
0 0.548717 0.626678 0.086914 0.158125
0 0.021520 0.535475 0.040607 0.135116
0 0.749930 0.485799 0.087464 0.155514
0 0.775461 0.594495 0.083187 0.183815
0 0.044082 0.627324 0.088164 0.170806
1 0.941642 0.081030 0.085852 0.161505
0 0.260861 0.962669 0.078393 0.074662
0 0.727902 0.787905 0.071977 0.146949
0 0.806250 0.862940 0.076844 0.170657
0 0.984189 0.072308 0.031539 0.144616
0 0.928712 0.364032 0.106758 0.167426
0 0.825466 0.026940 0.074281 0.053685
0 0.976694 0.680743 0.045102 0.175634
0 0.889051 0.042326 0.073018 0.084653
1 0.860311 0.747910 0.087872 0.151699
0 0.918102 0.652407 0.095755 0.143028
1 0.218398 0.550576 0.077240 0.146653
0 0.011780 0.260567 0.023154 0.145153
0 0.006229 0.709593 0.012302 0.161519
0 0.991391 0.557160 0.016672 0.170551
0 0.138650 0.757454 0.112216 0.181407
1 0.879895 0.878736 0.093076 0.162426
1 0.477029 0.320312 0.073083 0.128005
