0 0.955064 0.794870 0.089872 0.151167
0 0.284129 0.087819 0.088581 0.157120
0 0.260292 0.510046 0.082557 0.145111
0 0.583572 0.635319 0.083518 0.138972
0 0.692129 0.650076 0.085857 0.144162
0 0.570283 0.493139 0.087591 0.162009
0 0.715496 0.773616 0.075263 0.130333
0 0.721624 0.518398 0.089409 0.150185
0 0.723767 0.378044 0.092945 0.142894
0 0.770984 0.615590 0.078932 0.138338
0 0.564811 0.771725 0.073352 0.143301
0 0.278544 0.950315 0.076885 0.099370
0 0.953296 0.516150 0.085221 0.147079
0 0.348181 0.196690 0.075299 0.147287
0 0.282490 0.228620 0.077141 0.137602
0 0.245520 0.376245 0.081112 0.135370
0 0.225454 0.874481 0.087544 0.154861
0 0.077560 0.681289 0.078469 0.132847
0 0.665599 0.229354 0.073948 0.127319
0 0.355509 0.067125 0.076789 0.134250
0 0.419569 0.245000 0.078799 0.137713
0 0.955832 0.355324 0.077404 0.136898
0 0.896152 0.449326 0.088268 0.155245
0 0.625370 0.742713 0.066010 0.130194
0 0.072423 0.552032 0.079758 0.147722
0 0.977811 0.141032 0.044378 0.135880
0 0.140292 0.551028 0.075896 0.183000
0 0.388908 0.482970 0.087523 0.148134
0 0.331178 0.554808 0.082174 0.167736
0 0.841009 0.231382 0.083820 0.146032
0 0.024039 0.272912 0.048078 0.125648
1 0.300788 0.861444 0.078982 0.121500
0 0.853770 0.360095 0.091607 0.143495
0 0.653105 0.944949 0.080831 0.109963
0 0.024936 0.590870 0.049872 0.150139
0 0.640251 0.096653 0.070513 0.154833
0 0.215516 0.736634 0.084115 0.143833
0 0.033177 0.136225 0.066354 0.150884
0 0.030896 0.906616 0.060979 0.148546
0 0.018004 0.396528 0.036008 0.141278
1 0.555763 0.294637 0.086198 0.152681
0 0.550642 0.163625 0.086576 0.133398
0 0.507382 0.063238 0.071747 0.123245
0 0.085116 0.073843 0.078279 0.146731
0 0.290810 0.759836 0.088542 0.131903
0 0.272720 0.647081 0.091263 0.141829
0 0.027663 0.033289 0.054294 0.064634
0 0.488451 0.230627 0.070781 0.140356
0 0.681749 0.039993 0.079951 0.079144
0 0.028565 0.726148 0.057130 0.144639
0 0.993793 0.732255 0.012414 0.144833
0 0.989155 0.582965 0.021570 0.143227
0 0.975117 0.264213 0.049719 0.130713
0 0.580533 0.905127 0.087596 0.136847
0 0.958198 0.653069 0.083604 0.148046
0 0.715354 0.907157 0.095083 0.159889
0 0.391259 0.348896 0.094440 0.139894
0 0.447445 0.551750 0.096531 0.162880
0 0.492432 0.360868 0.081167 0.134764
0 0.780544 0.181826 0.077891 0.146921
0 0.771141 0.966454 0.079187 0.067093
0 0.032568 0.453058 0.063359 0.186718
0 0.917207 0.897028 0.079247 0.133120
0 0.709164 0.147162 0.080318 0.149185
0 0.070833 0.274931 0.078849 0.158926
0 0.845848 0.927086 0.094372 0.145829
0 0.913033 0.273160 0.079555 0.148227
0 0.746290 0.273069 0.090982 0.125426
0 0.502232 0.479799 0.088615 0.165134
0 0.901793 0.584292 0.082023 0.143352
0 0.568936 0.053796 0.079555 0.106296
0 0.086178 0.411428 0.081341 0.155736
0 0.187974 0.623720 0.090292 0.162144
0 0.633115 0.370935 0.076948 0.132852
0 0.929073 0.976127 0.097078 0.046088
0 0.995303 0.379898 0.009393 0.140907
