0 0.479857 0.646044 0.082010 0.129162
0 0.240536 0.252595 0.082349 0.142875
0 0.987109 0.657593 0.025719 0.126602
0 0.994040 0.035176 0.011841 0.070352
0 0.667462 0.607002 0.079013 0.137458
0 0.634785 0.031660 0.065961 0.063292
0 0.942888 0.963627 0.068344 0.070440
0 0.812191 0.445734 0.082904 0.136912
0 0.986931 0.951667 0.026117 0.094102
0 0.525148 0.968604 0.067943 0.060505
0 0.813753 0.013734 0.084990 0.027468
0 0.883072 0.030076 0.066555 0.057532
0 0.012378 0.346028 0.024724 0.132167
0 0.009078 0.973326 0.018156 0.049495
0 0.980181 0.447507 0.039638 0.115319
1 0.551540 0.528637 0.069206 0.117653
0 0.860046 0.968623 0.082576 0.060690
0 0.015607 0.051498 0.031214 0.102801
0 0.421156 0.028662 0.077870 0.057324
0 0.424223 0.747062 0.076289 0.119375
0 0.412828 0.130102 0.077438 0.142676
0 0.164309 0.046569 0.073107 0.091991
0 0.231174 0.930926 0.082542 0.102296
0 0.724357 0.932975 0.092224 0.109903
0 0.302753 0.956900 0.079698 0.085431
0 0.792796 0.935123 0.069956 0.127014
0 0.593923 0.054238 0.074336 0.108106
0 0.308173 0.467407 0.080112 0.109861
0 0.129690 0.589900 0.082510 0.123347
0 0.135284 0.948697 0.085682 0.097995
0 0.342465 0.833060 0.072893 0.117157
0 0.107633 0.371241 0.087760 0.116981
0 0.343957 0.268303 0.075388 0.126477
0 0.527945 0.854236 0.074109 0.139611
0 0.800736 0.781896 0.072242 0.146069
0 0.740487 0.509243 0.062161 0.131106
0 0.196426 0.508537 0.069378 0.108120
0 0.971190 0.299053 0.057396 0.156375
0 0.667194 0.356769 0.074576 0.109269
0 0.506988 0.768368 0.073680 0.108579
0 0.211569 0.382887 0.087633 0.122606
0 0.048049 0.449417 0.076026 0.126269
0 0.934948 0.720833 0.075375 0.109787
0 0.031555 0.583056 0.062891 0.128713
0 0.600311 0.876937 0.076852 0.131532
0 0.404990 0.403734 0.083411 0.120245
0 0.091553 0.030227 0.067596 0.059472
0 0.337661 0.062993 0.068833 0.125764
0 0.383414 0.521956 0.076344 0.129819
0 0.040148 0.882641 0.076563 0.133412
0 0.141237 0.146887 0.091281 0.126810
0 0.901288 0.382227 0.083039 0.122417
0 0.097172 0.244303 0.080682 0.128931
0 0.767720 0.301644 0.071982 0.136824
0 0.687036 0.216023 0.078458 0.160796
0 0.027220 0.216602 0.054362 0.131852
0 0.760082 0.091854 0.072346 0.136134
0 0.836840 0.113771 0.072023 0.136810
0 0.498699 0.145250 0.069294 0.128583
0 0.165503 0.715162 0.076917 0.134120
0 0.427129 0.266227 0.078638 0.123398
0 0.620796 0.484472 0.069763 0.128694
0 0.915730 0.149963 0.076758 0.132704
0 0.603117 0.212782 0.078172 0.121593
0 0.856423 0.261537 0.078237 0.135620
0 0.514479 0.312162 0.078271 0.118731
0 0.737951 0.695049 0.072703 0.144542
0 0.495573 0.441935 0.080141 0.120287
0 0.246607 0.804880 0.075677 0.133935
0 0.110734 0.821197 0.074453 0.135273
0 0.273150 0.121222 0.080612 0.127093
0 0.692530 0.818197 0.084904 0.129940
0 0.799065 0.599720 0.077375 0.130106
0 0.427232 0.936681 0.078922 0.122852
0 0.035999 0.732914 0.071997 0.130949
0 0.236779 0.615995 0.073099 0.135426
0 0.308247 0.703278 0.077057 0.124083
0 0.331738 0.604685 0.069232 0.083269
0 0.982982 0.829373 0.033719 0.119199
0 0.617691 0.970956 0.071721 0.056458
