0 0.170609 0.064181 0.090875 0.128361
0 0.220669 0.917046 0.090714 0.146426
0 0.342654 0.209199 0.085766 0.141306
0 0.075844 0.852384 0.088323 0.155139
0 0.971854 0.658505 0.053156 0.169509
0 0.848753 0.152190 0.085557 0.148639
0 0.255977 0.978491 0.096859 0.043019
0 0.988268 0.258065 0.023464 0.157463
0 0.208279 0.185801 0.090214 0.133731
0 0.417232 0.026019 0.087807 0.049500
1 0.107250 0.317718 0.078531 0.138250
0 0.021253 0.799931 0.042505 0.163065
0 0.991956 0.126903 0.016089 0.126120
0 0.993378 0.815759 0.013245 0.154315
0 0.340831 0.967486 0.103068 0.065028
0 0.498253 0.038176 0.097505 0.073667
0 0.065060 0.059759 0.086328 0.119259
0 0.849042 0.273796 0.082719 0.125889
0 0.933956 0.956829 0.094172 0.082639
0 0.208641 0.185347 0.089417 0.133861
0 0.545578 0.604884 0.087802 0.126028
0 0.716682 0.939829 0.087021 0.117398
0 0.027359 0.934847 0.054719 0.129546
0 0.957003 0.405472 0.085995 0.131704
0 0.951656 0.043014 0.093510 0.086009
0 0.033430 0.438782 0.066339 0.173602
0 0.837729 0.958421 0.100083 0.083157
0 0.704195 0.032454 0.081266 0.062130
0 0.440943 0.428505 0.092885 0.143898
0 0.784750 0.064593 0.094771 0.129185
0 0.330888 0.524097 0.092901 0.152324
0 0.768206 0.268185 0.100193 0.146241
0 0.877062 0.867005 0.097146 0.149454
0 0.654807 0.187884 0.100000 0.146657
0 0.610208 0.878880 0.088740 0.154019
0 0.568609 0.765676 0.103292 0.154333
0 0.785497 0.884593 0.090286 0.169093
0 0.909781 0.680176 0.092917 0.163167
0 0.736990 0.400630 0.093198 0.153963
0 0.168516 0.386264 0.081688 0.154120
0 0.834812 0.756199 0.090115 0.164269
0 0.506201 0.137426 0.091318 0.165500
0 0.650583 0.360870 0.086542 0.172407
0 0.041880 0.309856 0.077646 0.150435
0 0.342130 0.826801 0.085094 0.159306
0 0.434060 0.797269 0.083266 0.158815
0 0.954706 0.780648 0.087995 0.149870
0 0.069380 0.715773 0.092229 0.158065
0 0.398422 0.930722 0.080042 0.136926
0 0.631219 0.645181 0.087812 0.158602
0 0.274536 0.829287 0.082729 0.151704
0 0.692547 0.523917 0.092948 0.152556
0 0.471432 0.548847 0.087104 0.155435
0 0.317049 0.399699 0.083797 0.154991
0 0.760388 0.740972 0.087182 0.166185
0 0.701945 0.664176 0.084036 0.165741
0 0.945286 0.533407 0.092323 0.165111
0 0.865747 0.520833 0.088641 0.152019
0 0.323565 0.685051 0.085682 0.161398
0 0.290070 0.265213 0.089630 0.155852
0 0.189372 0.554926 0.096786 0.163148
0 0.861479 0.387338 0.089760 0.153935
0 0.378529 0.325069 0.094620 0.158306
0 0.926289 0.257019 0.088964 0.151556
0 0.758948 0.147051 0.087458 0.162250
0 0.819260 0.638954 0.095896 0.135537
0 0.099492 0.453907 0.089411 0.154426
0 0.336826 0.088278 0.081401 0.134926
0 0.504484 0.718792 0.091240 0.159491
0 0.944562 0.132963 0.094323 0.141037
0 0.787372 0.504190 0.087422 0.158157
0 0.419279 0.660764 0.085922 0.160157
0 0.253003 0.412569 0.089255 0.160306
0 0.263995 0.104588 0.079240 0.156102
0 0.596987 0.524431 0.086349 0.155972
0 0.502766 0.938218 0.099792 0.123565
0 0.251354 0.693384 0.089406 0.161972
0 0.146063 0.772296 0.083427 0.157185
0 0.576729 0.070815 0.098208 0.140074
0 0.433273 0.129315 0.084099 0.160815
0 0.864945 0.048310 0.088172 0.096620
0 0.381867 0.582042 0.077234 0.144176
