1 0.171203 0.460151 0.081812 0.089229
0 0.716361 0.789349 0.080230 0.089427
0 0.071178 0.538505 0.069238 0.094677
0 0.036121 0.433716 0.068102 0.088391
0 0.434031 0.617615 0.075867 0.097552
0 0.619947 0.970464 0.074715 0.059073
0 0.908355 0.052802 0.067875 0.092573
0 0.225887 0.382857 0.070656 0.083495
0 0.967332 0.082904 0.065336 0.084609
0 0.214465 0.187151 0.072664 0.100250
0 0.021367 0.272273 0.042500 0.088245
0 0.394016 0.306984 0.074438 0.098729
0 0.021404 0.354323 0.042738 0.084062
0 0.419305 0.491620 0.077375 0.092823
0 0.882238 0.154016 0.074211 0.091729
0 0.725406 0.340997 0.079016 0.103599
0 0.913143 0.785781 0.081168 0.104083
0 0.608877 0.094471 0.081848 0.094526
0 0.676873 0.877299 0.075254 0.094234
0 0.705898 0.466242 0.077914 0.092943
0 0.661521 0.373260 0.075645 0.098573
0 0.722400 0.703779 0.074918 0.097380
0 0.803707 0.390581 0.069125 0.093984
0 0.817840 0.468193 0.068836 0.099365
0 0.533744 0.171177 0.071160 0.093646
0 0.435551 0.816404 0.066344 0.086380
0 0.059406 0.138773 0.062852 0.088568
0 0.844000 0.052927 0.069633 0.087031
0 0.026695 0.836128 0.053391 0.089151
0 0.180791 0.621120 0.070371 0.097146
0 0.556920 0.871596 0.076934 0.090016
0 0.400256 0.688406 0.072301 0.090948
0 0.145549 0.206914 0.075043 0.091849
0 0.237881 0.503378 0.073137 0.099255
0 0.760555 0.431044 0.073500 0.095974
0 0.333992 0.829182 0.064039 0.083927
0 0.291758 0.938560 0.079375 0.098526
0 0.183410 0.540396 0.061594 0.081896
0 0.396988 0.390779 0.069430 0.082630
0 0.501373 0.799745 0.067645 0.097531
0 0.027564 0.584081 0.055129 0.091995
0 0.566969 0.619615 0.082062 0.100115
0 0.083195 0.958359 0.069250 0.083281
0 0.117611 0.864760 0.072387 0.097687
0 0.357777 0.180219 0.073453 0.091781
0 0.627086 0.804859 0.062328 0.082104
0 0.744051 0.869953 0.067891 0.105281
0 0.558557 0.502862 0.071980 0.098682
0 0.740096 0.050508 0.072629 0.101016
0 0.931816 0.421646 0.076195 0.098427
0 0.624027 0.905674 0.068453 0.088661
0 0.317482 0.348315 0.066254 0.081224
0 0.081600 0.421315 0.070238 0.087599
0 0.148488 0.385966 0.071375 0.089651
0 0.286879 0.419573 0.073570 0.089156
0 0.048188 0.212245 0.066484 0.081052
0 0.466268 0.894833 0.070238 0.093448
0 0.565629 0.950880 0.066781 0.084542
0 0.845951 0.734354 0.071191 0.091135
0 0.119553 0.331479 0.065535 0.091000
0 0.965395 0.576510 0.068922 0.086958
0 0.061797 0.797289 0.063898 0.086932
0 0.701924 0.957604 0.070488 0.084771
0 0.302834 0.632878 0.077598 0.095047
0 0.224850 0.937995 0.070145 0.102281
0 0.129064 0.570612 0.066332 0.099922
0 0.033709 0.917008 0.067418 0.095151
0 0.453619 0.739268 0.064910 0.088620
0 0.324217 0.537521 0.074270 0.095802
0 0.614123 0.291922 0.072402 0.086063
0 0.016887 0.023440 0.033773 0.046130
0 0.963330 0.021562 0.058590 0.043125
0 0.670268 0.596419 0.058504 0.088849
0 0.837943 0.563766 0.079801 0.091448
0 0.804824 0.875482 0.063141 0.086693
0 0.336926 0.706154 0.071516 0.079755
0 0.672248 0.539469 0.058379 0.080510
0 0.825467 0.098880 0.066699 0.079688
0 0.609980 0.546622 0.065258 0.073370
0 0.264215 0.040346 0.066570 0.079891
0 0.524113 0.353607 0.078914 0.089505
0 0.511455 0.466669 0.073309 0.077016
0 0.309611 0.034969 0.062027 0.069937
0 0.900867 0.636039 0.070094 0.080693
0 0.355100 0.947971 0.055402 0.073922
0 0.949930 0.480161 0.067258 0.090854
0 0.831643 0.214565 0.070238 0.098182
0 0.450658 0.990427 0.076207 0.019146
0 0.501193 0.680016 0.068449 0.088510
0 0.534408 0.092492 0.067965 0.084568
0 0.588369 0.337104 0.070059 0.078177
0 0.253332 0.085073 0.070367 0.083646
0 0.974613 0.983885 0.050773 0.032062
0 0.416111 0.097151 0.064348 0.084875
0 0.236221 0.288339 0.069199 0.086219
0 0.270172 0.205370 0.062938 0.088083
0 0.911330 0.342307 0.068066 0.089344
0 0.844162 0.006773 0.074496 0.013547
0 0.590414 0.382086 0.070680 0.084849
0 0.348229 0.019453 0.067551 0.038906
0 0.476629 0.120013 0.065758 0.089005
0 0.636885 0.761557 0.067637 0.081854
0 0.113564 0.483628 0.057332 0.079286
0 0.857205 0.815258 0.067082 0.084016
0 0.115955 0.128552 0.067613 0.088656
0 0.071125 0.335828 0.068273 0.095750
0 0.834812 0.892880 0.071953 0.083958
0 0.700635 0.024943 0.059410 0.049885
0 0.533420 0.267208 0.062254 0.088167
0 0.336414 0.421628 0.068930 0.086401
0 0.496244 0.226896 0.070254 0.092740
0 0.993586 0.327112 0.012828 0.102984
0 0.984250 0.613852 0.031500 0.084339
0 0.336518 0.757201 0.081113 0.090245
0 0.799729 0.984828 0.065465 0.030344
0 0.349691 0.084339 0.064656 0.097594
0 0.665393 0.044302 0.072652 0.086667
0 0.009029 0.461383 0.018012 0.088234
0 0.481369 0.300961 0.059168 0.072661
0 0.734412 0.615185 0.066113 0.076682
0 0.995305 0.204398 0.009391 0.095224
0 0.872416 0.598651 0.070879 0.095333
0 0.990225 0.545341 0.019316 0.076891
0 0.805324 0.234258 0.067945 0.091599
0 0.103453 0.041513 0.078477 0.082766
0 0.874398 0.471188 0.073047 0.098094
0 0.466727 0.538948 0.056430 0.073906
0 0.162678 0.013362 0.073738 0.026724
0 0.175623 0.132336 0.070215 0.084630
0 0.649068 0.223547 0.068395 0.087542
0 0.204664 0.279102 0.065992 0.088109
0 0.527389 0.687867 0.071105 0.084714
0 0.619283 0.507003 0.066426 0.086776
0 0.655930 0.169440 0.074812 0.087349
0 0.391596 0.823094 0.065168 0.097448
0 0.522539 0.432406 0.070242 0.076833
0 0.011650 0.765208 0.023145 0.095146
0 0.846193 0.967547 0.071262 0.064906
0 0.976361 0.825070 0.047277 0.102328
0 0.465842 0.340120 0.060996 0.077771
0 0.910512 0.984339 0.070023 0.031323
0 0.402463 0.060682 0.057566 0.086604
0 0.877582 0.368951 0.066648 0.089661
0 0.785172 0.652938 0.075320 0.095833
0 0.503025 0.543794 0.069551 0.085849
0 0.292832 0.167339 0.065766 0.083562
0 0.496654 0.599201 0.072949 0.088661
0 0.688498 0.081323 0.069043 0.077146
0 0.318508 0.259464 0.062055 0.077937
0 0.165889 0.702102 0.068715 0.083620
0 0.559096 0.745969 0.082941 0.085198
0 0.565227 0.793945 0.068883 0.084672
0 0.353715 0.247255 0.073609 0.081760
0 0.648139 0.677516 0.062277 0.073625
0 0.980023 0.908784 0.039953 0.097464
0 0.979414 0.460305 0.041172 0.097453
0 0.644854 0.626323 0.063738 0.081937
0 0.309906 0.899065 0.077188 0.084922
0 0.780605 0.708620 0.077516 0.090385
0 0.266584 0.985964 0.072191 0.028073
0 0.974273 0.124755 0.051453 0.080219
0 0.562869 0.250872 0.069277 0.085859
0 0.596762 0.182253 0.069898 0.091807
0 0.436359 0.236089 0.062742 0.097771
0 0.140811 0.064448 0.082012 0.089021
0 0.138215 0.723823 0.068555 0.091667
