0 0.708266 0.478060 0.094161 0.150583
0 0.338632 0.765815 0.081607 0.143546
0 0.843819 0.265801 0.082799 0.127000
0 0.268242 0.797345 0.076005 0.131403
0 0.190483 0.860708 0.075987 0.131009
0 0.858216 0.386977 0.081052 0.133833
0 0.609453 0.938905 0.082271 0.121106
0 0.502480 0.733243 0.080263 0.148838
0 0.855126 0.154794 0.075273 0.121745
0 0.861979 0.714736 0.073339 0.130639
0 0.500266 0.141468 0.088406 0.131241
0 0.118223 0.643220 0.086612 0.142792
0 0.181089 0.435840 0.099406 0.164699
0 0.138046 0.931919 0.083513 0.136162
0 0.743647 0.057137 0.077201 0.113116
0 0.916915 0.941764 0.088070 0.114880
0 0.767703 0.535127 0.083536 0.162458
0 0.097612 0.526134 0.094250 0.125463
0 0.698160 0.273882 0.095560 0.138347
0 0.963076 0.612736 0.072667 0.179056
0 0.865612 0.052606 0.094625 0.103574
0 0.464241 0.330412 0.079336 0.119546
0 0.966371 0.781514 0.067258 0.165472
0 0.061512 0.944544 0.083602 0.110912
0 0.035322 0.854870 0.065732 0.146528
0 0.512975 0.045410 0.088721 0.089227
0 0.056250 0.067319 0.096620 0.132806
0 0.015103 0.944894 0.030206 0.109000
0 0.015113 0.375160 0.030227 0.140606
0 0.012475 0.568995 0.024945 0.143231
0 0.348165 0.973637 0.090211 0.052394
1 0.382578 0.299949 0.093385 0.152454
0 0.007490 0.834708 0.014828 0.150231
0 0.008371 0.240729 0.016471 0.170532
0 0.994598 0.632058 0.010508 0.144782
0 0.993991 0.761282 0.011768 0.151741
0 0.447766 0.219324 0.091438 0.160167
0 0.269993 0.307340 0.089331 0.145634
0 0.701336 0.150317 0.088693 0.148421
0 0.263764 0.447981 0.086451 0.156019
0 0.216451 0.660903 0.080115 0.147889
0 0.266646 0.580072 0.074469 0.129773
0 0.547565 0.817442 0.072698 0.132792
0 0.691366 0.607248 0.089701 0.145153
0 0.188210 0.303153 0.083773 0.136389
0 0.603740 0.406113 0.081182 0.142699
0 0.563398 0.514322 0.087714 0.151394
0 0.061823 0.429236 0.076219 0.132991
0 0.815109 0.622868 0.090297 0.146588
0 0.073189 0.728720 0.091852 0.147403
0 0.076727 0.163062 0.083188 0.137319
0 0.442540 0.449954 0.082602 0.151685
0 0.327477 0.523736 0.083276 0.140898
0 0.670005 0.375213 0.076896 0.137917
0 0.845219 0.512907 0.081432 0.143093
0 0.371807 0.427391 0.081318 0.136764
0 0.037480 0.275097 0.074961 0.146861
0 0.908095 0.822287 0.092534 0.151009
0 0.099801 0.846639 0.085471 0.142361
0 0.458228 0.656391 0.078435 0.135329
0 0.911470 0.485620 0.084367 0.147148
0 0.618635 0.277083 0.084839 0.143815
0 0.354854 0.637380 0.087359 0.135519
0 0.127693 0.242139 0.084370 0.137852
0 0.616673 0.813153 0.085612 0.150324
0 0.897236 0.610398 0.080701 0.139120
0 0.542036 0.234366 0.079099 0.137722
0 0.297711 0.901616 0.070255 0.127454
0 0.644707 0.697067 0.081128 0.135394
0 0.239052 0.921025 0.068036 0.129801
0 0.610275 0.600630 0.080279 0.135583
0 0.775893 0.190164 0.077052 0.135653
0 0.107836 0.357579 0.096406 0.159824
0 0.534346 0.935009 0.084109 0.129981
0 0.361510 0.887713 0.080349 0.141963
0 0.411941 0.750178 0.080607 0.145579
0 0.482068 0.549384 0.090583 0.131907
0 0.512978 0.431269 0.076867 0.139472
0 0.787180 0.011743 0.081896 0.023486
0 0.593539 0.153544 0.078406 0.133125
