0 0.395388 0.950796 0.117745 0.098407
0 0.182138 0.337505 0.109141 0.191157
0 0.592945 0.566292 0.115089 0.205954
0 0.084977 0.369810 0.114047 0.196806
0 0.022216 0.933551 0.044432 0.128380
0 0.933979 0.257074 0.120604 0.213278
0 0.859594 0.436384 0.114510 0.194898
0 0.194130 0.168556 0.108010 0.193556
0 0.510964 0.881412 0.117698 0.203935
0 0.887792 0.837296 0.118490 0.208000
0 0.686255 0.084440 0.105125 0.168880
0 0.880807 0.644444 0.116385 0.209167
0 0.332279 0.849611 0.116641 0.170944
0 0.803737 0.097296 0.115755 0.189444
0 0.954125 0.447023 0.091750 0.197750
0 0.765495 0.376644 0.113292 0.207324
0 0.673174 0.368199 0.106359 0.191676
0 0.429474 0.799889 0.112062 0.205537
0 0.301026 0.660546 0.105927 0.181370
0 0.256484 0.612880 0.100729 0.179019
0 0.421208 0.349282 0.121042 0.204176
0 0.355612 0.695329 0.106672 0.202602
0 0.782818 0.185741 0.106552 0.191630
0 0.694841 0.246097 0.109234 0.193361
0 0.355573 0.106935 0.117396 0.192537
0 0.104766 0.099486 0.110146 0.194565
0 0.155008 0.761921 0.114266 0.190769
0 0.315706 0.306500 0.139964 0.235352
0 0.053021 0.566523 0.106042 0.185306
0 0.871721 0.040167 0.112734 0.079148
0 0.501195 0.639417 0.103682 0.189352
0 0.095380 0.952361 0.113740 0.095278
0 0.054615 0.757829 0.105031 0.220546
0 0.710531 0.711866 0.117458 0.190583
0 0.628630 0.850741 0.106594 0.181407
0 0.951398 0.699023 0.097203 0.186269
1 0.610797 0.261440 0.105042 0.172491
1 0.306260 0.485620 0.119312 0.180685
0 0.169156 0.693801 0.104740 0.170861
0 0.483221 0.030264 0.111036 0.060528
0 0.307773 0.916019 0.112026 0.167963
0 0.534443 0.108653 0.116667 0.196620
0 0.432979 0.517588 0.102906 0.176065
0 0.481898 0.975769 0.113609 0.048463
0 0.891185 0.582056 0.108922 0.171759
0 0.030859 0.043074 0.058365 0.086148
0 0.019966 0.386986 0.039932 0.193213
0 0.302135 0.025032 0.119000 0.050065
0 0.794018 0.293167 0.115141 0.177796
0 0.621378 0.031931 0.110943 0.063861
0 0.241536 0.937097 0.103406 0.125806
0 0.984729 0.050481 0.030031 0.097352
0 0.920182 0.967713 0.123708 0.064574
0 0.099018 0.551347 0.102130 0.192083
0 0.528299 0.714106 0.119349 0.186102
0 0.734578 0.547083 0.137271 0.208074
0 0.983628 0.825306 0.031516 0.197278
0 0.582698 0.952056 0.110531 0.095889
0 0.733344 0.868028 0.105792 0.179759
0 0.516677 0.286287 0.120500 0.204370
