1 0.526725 0.345942 0.099924 0.141921
1 0.717708 0.496153 0.079776 0.138630
1 0.283044 0.322310 0.092000 0.172861
1 0.399663 0.575671 0.087846 0.160167
1 0.442639 0.864907 0.099065 0.162130
1 0.676305 0.357535 0.109589 0.133208
1 0.352966 0.064713 0.098375 0.129426
0 0.978617 0.736819 0.041995 0.178648
0 0.677329 0.574840 0.097997 0.150727
0 0.614365 0.204306 0.089818 0.148167
0 0.862370 0.051741 0.081667 0.098861
0 0.384513 0.294440 0.096922 0.139389
0 0.466029 0.438069 0.095380 0.132083
0 0.511701 0.951995 0.096443 0.096009
0 0.975674 0.112558 0.048427 0.147255
0 0.399836 0.170030 0.095911 0.140236
0 0.144928 0.937079 0.124539 0.125843
0 0.297711 0.159056 0.084781 0.153602
0 0.022707 0.483979 0.044174 0.121384
0 0.024971 0.107866 0.049943 0.161972
0 0.722462 0.660801 0.087169 0.144880
0 0.667449 0.050410 0.086299 0.097625
0 0.543094 0.101998 0.083719 0.140329
0 0.786641 0.721630 0.083115 0.153731
0 0.961353 0.567241 0.076732 0.154963
0 0.484643 0.575250 0.089729 0.155361
0 0.226488 0.371937 0.100466 0.162921
0 0.748568 0.825937 0.085510 0.165375
0 0.317188 0.906924 0.097026 0.175634
0 0.584546 0.919257 0.078133 0.161486
0 0.104439 0.502812 0.111648 0.145181
0 0.457221 0.088044 0.098656 0.146292
0 0.161001 0.560498 0.098018 0.142190
0 0.112634 0.333104 0.092727 0.132819
0 0.272548 0.796148 0.086461 0.183509
0 0.896785 0.135574 0.097549 0.144565
0 0.968796 0.902794 0.062409 0.136208
0 0.169316 0.672250 0.099576 0.126741
0 0.888233 0.343565 0.093201 0.153880
0 0.230142 0.227083 0.094867 0.149407
0 0.173590 0.088222 0.091971 0.130083
0 0.519823 0.832981 0.093656 0.168491
0 0.606362 0.497822 0.094604 0.160819
0 0.111799 0.852535 0.106167 0.136106
0 0.770401 0.061690 0.089042 0.123380
0 0.453421 0.715854 0.095372 0.144940
0 0.335667 0.703669 0.087370 0.148931
0 0.086855 0.129322 0.091492 0.143329
0 0.831943 0.598928 0.087714 0.146884
0 0.671030 0.793660 0.093773 0.152097
0 0.057943 0.407586 0.094115 0.132838
0 0.317573 0.556523 0.089818 0.160528
0 0.056801 0.269896 0.093102 0.144338
0 0.135078 0.198583 0.091312 0.132565
0 0.041544 0.749398 0.083089 0.138843
0 0.794164 0.473583 0.086766 0.153630
0 0.186866 0.801507 0.098404 0.141884
0 0.882587 0.725720 0.083716 0.163440
0 0.051616 0.600338 0.096133 0.136731
0 0.794073 0.932965 0.100224 0.134069
0 0.733561 0.979688 0.102044 0.037801
1 0.540430 0.666961 0.085583 0.131514
0 0.174215 0.018523 0.107081 0.037046
0 0.976836 0.974981 0.046328 0.050037
0 0.987107 0.325650 0.025094 0.140458
0 0.588374 0.031539 0.099440 0.063079
0 0.010846 0.328549 0.021693 0.157727
0 0.976628 0.452144 0.046146 0.136750
