0 0.460922 0.859227 0.118164 0.157359
0 0.073506 0.082737 0.110910 0.143182
0 0.249977 0.573044 0.125039 0.164411
0 0.504326 0.098068 0.118863 0.151323
0 0.382559 0.124125 0.112273 0.144656
0 0.650885 0.802547 0.108215 0.128250
0 0.706711 0.696151 0.110977 0.156437
0 0.152365 0.610052 0.110605 0.168542
0 0.556422 0.566812 0.117539 0.147344
0 0.312123 0.056240 0.105816 0.112083
0 0.461232 0.274917 0.099926 0.161188
0 0.867643 0.057320 0.131152 0.114641
0 0.433609 0.039125 0.120805 0.078250
0 0.146346 0.763904 0.119887 0.145443
0 0.729896 0.573596 0.106754 0.139234
0 0.017096 0.075229 0.034082 0.144823
0 0.013143 0.931008 0.026160 0.137859
0 0.624322 0.954013 0.112152 0.091714
0 0.322850 0.970010 0.124730 0.059969
0 0.990207 0.578333 0.019586 0.150260
0 0.024975 0.648922 0.049590 0.147833
0 0.886801 0.193091 0.114352 0.143932
0 0.622066 0.041898 0.129055 0.083651
0 0.327447 0.266193 0.100832 0.152833
0 0.934779 0.399591 0.115621 0.122266
0 0.433791 0.977391 0.114832 0.045219
0 0.309330 0.924083 0.116176 0.136917
0 0.445818 0.419917 0.121949 0.145646
0 0.940916 0.086372 0.103160 0.133245
0 0.220141 0.267927 0.139195 0.165354
0 0.542844 0.826271 0.117883 0.165188
0 0.086629 0.739560 0.114031 0.141432
0 0.054020 0.594359 0.106969 0.135490
0 0.264529 0.099992 0.103699 0.154714
0 0.118854 0.953406 0.107621 0.091063
0 0.765488 0.847622 0.118602 0.141526
0 0.526717 0.954333 0.111605 0.091073
0 0.942828 0.719695 0.114117 0.168828
0 0.035687 0.474047 0.071375 0.150604
0 0.827771 0.938979 0.113168 0.122042
