1 0.610508 0.600523 0.104281 0.203269
0 0.988005 0.062919 0.023990 0.124866
0 0.015540 0.549861 0.030919 0.178519
0 0.477555 0.584752 0.092536 0.155181
0 0.968240 0.659625 0.063521 0.147528
0 0.427974 0.111806 0.081635 0.155167
0 0.122863 0.507854 0.102820 0.185532
0 0.729917 0.601817 0.089865 0.186079
0 0.296077 0.049523 0.096195 0.096824
0 0.373396 0.890979 0.088547 0.158116
0 0.979977 0.295407 0.040047 0.151870
0 0.650874 0.398646 0.105326 0.132792
0 0.061958 0.714502 0.095198 0.166708
0 0.055878 0.926912 0.102536 0.143630
0 0.712629 0.211447 0.092987 0.154690
0 0.149777 0.272505 0.095154 0.161685
0 0.069484 0.134093 0.102339 0.152815
0 0.631638 0.149451 0.097635 0.158958
0 0.923983 0.909032 0.092565 0.168694
0 0.561543 0.359671 0.093695 0.160778
0 0.439805 0.454722 0.087656 0.150583
0 0.054975 0.257375 0.096117 0.149880
0 0.647414 0.836333 0.101422 0.167556
0 0.065930 0.391264 0.092010 0.152491
0 0.487409 0.058333 0.089255 0.113389
0 0.958807 0.524477 0.081547 0.164574
0 0.422719 0.281030 0.094026 0.164449
0 0.951862 0.125234 0.090052 0.158505
0 0.279986 0.145081 0.095956 0.157847
0 0.447492 0.850192 0.099104 0.147005
0 0.231540 0.541944 0.099628 0.170833
0 0.700578 0.071606 0.081484 0.140676
0 0.134471 0.660609 0.095010 0.168894
0 0.186169 0.411961 0.093656 0.169616
0 0.196195 0.157245 0.092536 0.145620
0 0.220818 0.058194 0.086698 0.113815
0 0.953134 0.385178 0.091659 0.159477
0 0.787740 0.919500 0.095214 0.157176
0 0.320115 0.576194 0.095333 0.154130
0 0.766172 0.156368 0.087328 0.150440
0 0.329082 0.336896 0.084565 0.152653
0 0.890367 0.501437 0.083031 0.162477
0 0.358910 0.064208 0.079820 0.125843
0 0.845417 0.262826 0.086781 0.153218
0 0.491480 0.340067 0.082070 0.159736
0 0.875798 0.137049 0.083107 0.159671
0 0.827848 0.410676 0.089841 0.160222
0 0.815802 0.074567 0.084807 0.142523
0 0.459921 0.724301 0.092414 0.156426
0 0.691801 0.461336 0.101424 0.162569
0 0.734663 0.815271 0.090966 0.156069
0 0.400677 0.595854 0.087490 0.161903
0 0.560992 0.842944 0.090365 0.155065
0 0.541728 0.713516 0.083706 0.144060
0 0.288927 0.462039 0.088026 0.154227
0 0.519091 0.481493 0.093328 0.156227
0 0.640727 0.289981 0.099542 0.166009
0 0.670526 0.720419 0.088865 0.154032
