0 0.141747 0.062218 0.117646 0.115435
0 0.129303 0.125229 0.112367 0.104708
0 0.154568 0.224444 0.117646 0.128843
0 0.230359 0.689667 0.110859 0.102028
0 0.584286 0.675498 0.087141 0.179227
0 0.056384 0.056657 0.095904 0.113315
0 0.031684 0.198563 0.063367 0.167181
0 0.050240 0.812838 0.085661 0.152287
0 0.063275 0.471023 0.076352 0.160565
0 0.427335 0.578616 0.111732 0.163870
0 0.784875 0.091914 0.093109 0.183829
0 0.723423 0.079546 0.080076 0.139046
0 0.623796 0.320391 0.081935 0.134079
0 0.671747 0.432951 0.086594 0.144014
0 0.622865 0.457780 0.068901 0.177116
0 0.247691 0.951600 0.074102 0.096801
0 0.770089 0.928220 0.096359 0.141227
0 0.308452 0.081792 0.092862 0.146056
0 0.223152 0.200870 0.099102 0.135611
0 0.811530 0.822611 0.080221 0.138370
0 0.480553 0.515442 0.082773 0.147486
0 0.516717 0.238843 0.087117 0.152963
0 0.505871 0.874949 0.084232 0.163509
0 0.673794 0.728190 0.075198 0.161546
0 0.783367 0.687736 0.087385 0.165815
0 0.715358 0.530988 0.097117 0.145569
0 0.292991 0.845313 0.088190 0.148792
0 0.694943 0.334079 0.094844 0.142333
0 0.485887 0.084919 0.090701 0.131995
0 0.348835 0.906083 0.079956 0.155157
0 0.442958 0.812181 0.088182 0.160241
0 0.575941 0.886292 0.091128 0.176426
0 0.661210 0.848368 0.090138 0.152032
0 0.594671 0.213507 0.092049 0.166199
0 0.049188 0.124576 0.093240 0.138588
0 0.095818 0.293563 0.094042 0.144792
0 0.179727 0.338512 0.084885 0.159301
0 0.332740 0.406694 0.082130 0.175509
0 0.944712 0.937560 0.071820 0.119917
0 0.278770 0.495157 0.083445 0.158750
0 0.937176 0.193049 0.091966 0.159468
0 0.344811 0.288593 0.095310 0.151333
0 0.821712 0.333329 0.084570 0.158648
0 0.538182 0.610815 0.075380 0.126806
0 0.539579 0.769963 0.080758 0.139315
0 0.795224 0.228799 0.088286 0.145523
0 0.738036 0.751463 0.084167 0.180648
0 0.225928 0.398088 0.077268 0.164565
0 0.468730 0.285919 0.080487 0.170477
0 0.079422 0.602292 0.092521 0.145880
0 0.482587 0.673650 0.072065 0.148995
0 0.535423 0.374530 0.083174 0.159579
0 0.978220 0.408521 0.043560 0.147606
0 0.968271 0.732801 0.062479 0.149954
0 0.901260 0.320127 0.079427 0.184199
0 0.663017 0.236183 0.081227 0.130356
0 0.216201 0.589280 0.084026 0.141606
0 0.311270 0.742600 0.090076 0.149727
0 0.211266 0.056007 0.096599 0.105449
0 0.382185 0.528595 0.076927 0.180338
0 0.644470 0.944275 0.090258 0.107495
0 0.122611 0.832604 0.093044 0.158995
0 0.293600 0.624454 0.105258 0.155102
0 0.871945 0.126241 0.078755 0.172769
0 0.150225 0.482345 0.093169 0.139208
0 0.975173 0.842056 0.049654 0.147907
