0 0.005686 0.391345 0.011372 0.137449
0 0.990954 0.846313 0.018091 0.136912
1 0.658548 0.887234 0.086867 0.157931
0 0.456227 0.984704 0.083521 0.029435
0 0.014589 0.946856 0.028984 0.106287
1 0.399930 0.105498 0.077714 0.142310
0 0.990180 0.954519 0.019333 0.089620
1 0.076406 0.953123 0.087391 0.093227
1 0.039466 0.074979 0.078615 0.141579
1 0.457776 0.207576 0.078854 0.135708
0 0.528352 0.034912 0.082823 0.069630
1 0.181109 0.384583 0.082854 0.123657
1 0.820290 0.929639 0.080560 0.136630
1 0.771672 0.588528 0.077255 0.140565
1 0.865316 0.220475 0.080940 0.148116
1 0.774404 0.330046 0.086151 0.149528
0 0.890624 0.962377 0.088060 0.074597
1 0.313017 0.553257 0.085206 0.167838
1 0.140453 0.494130 0.090417 0.144093
0 0.655491 0.039211 0.078935 0.077394
1 0.208372 0.748083 0.086896 0.153009
1 0.680314 0.592065 0.087560 0.144444
0 0.400281 0.766319 0.086583 0.143037
0 0.732510 0.046252 0.078948 0.091060
0 0.714046 0.957407 0.092471 0.085185
0 0.029342 0.210317 0.058591 0.145394
0 0.460887 0.052157 0.075773 0.103593
0 0.805814 0.169958 0.079477 0.159083
0 0.962417 0.351199 0.075167 0.176870
0 0.929421 0.049653 0.088909 0.097380
0 0.193437 0.264100 0.100141 0.135218
0 0.882538 0.822465 0.075747 0.161116
0 0.242635 0.057259 0.083672 0.112954
0 0.060471 0.320692 0.088766 0.127671
0 0.122228 0.079630 0.099779 0.148167
0 0.522092 0.944060 0.077029 0.110880
0 0.270208 0.942979 0.087667 0.112403
0 0.974865 0.508796 0.050083 0.147676
0 0.971480 0.167641 0.056747 0.148810
0 0.323135 0.090016 0.084375 0.139940
0 0.055464 0.854528 0.091625 0.153148
0 0.132109 0.198106 0.086667 0.123056
0 0.356522 0.315646 0.088435 0.148403
0 0.314180 0.223530 0.090865 0.143440
0 0.041678 0.435016 0.081586 0.141273
0 0.120542 0.636468 0.091401 0.144769
0 0.464333 0.648289 0.093641 0.147153
0 0.962987 0.763847 0.073833 0.136898
0 0.193184 0.908887 0.084805 0.139375
0 0.367870 0.922396 0.089422 0.154551
0 0.891797 0.346586 0.087156 0.146171
0 0.457474 0.890699 0.084286 0.138509
0 0.517557 0.773394 0.088990 0.146343
0 0.674159 0.734215 0.085208 0.133560
0 0.034023 0.734289 0.068047 0.146736
0 0.415266 0.390368 0.088661 0.131921
0 0.767763 0.843475 0.077161 0.138144
0 0.942367 0.631549 0.087990 0.154866
0 0.602220 0.559593 0.079742 0.138509
0 0.276850 0.815079 0.081044 0.143907
0 0.133411 0.774243 0.076349 0.137560
0 0.551139 0.456294 0.082143 0.132949
0 0.727790 0.163738 0.091029 0.150875
0 0.246771 0.624435 0.087344 0.150333
0 0.570995 0.676785 0.085089 0.141634
0 0.850814 0.644225 0.087784 0.141671
0 0.044857 0.582245 0.081214 0.143065
0 0.509372 0.339593 0.083740 0.156120
0 0.706948 0.420674 0.094354 0.145245
0 0.810777 0.454787 0.079107 0.135083
0 0.651152 0.292701 0.081701 0.142801
0 0.410798 0.529352 0.090055 0.149833
0 0.620227 0.136602 0.094578 0.165296
