1 0.363952 0.095104 0.087357 0.136764
1 0.207961 0.420032 0.089484 0.138241
1 0.639975 0.598150 0.079008 0.151625
1 0.213767 0.306919 0.092398 0.130245
1 0.626625 0.428169 0.076010 0.142079
1 0.111233 0.461870 0.085346 0.150111
1 0.796732 0.713968 0.076922 0.142833
1 0.960401 0.646197 0.078344 0.147949
1 0.958698 0.075437 0.080484 0.139644
1 0.380366 0.708812 0.090018 0.155856
0 0.890044 0.569479 0.092115 0.163755
1 0.297375 0.301752 0.086453 0.152449
0 0.580245 0.521278 0.078896 0.145037
0 0.847220 0.867248 0.086982 0.143736
0 0.673953 0.107549 0.100453 0.164458
0 0.350725 0.549806 0.083701 0.155204
0 0.095405 0.800583 0.083883 0.124759
0 0.232440 0.827222 0.090089 0.148889
0 0.977595 0.187333 0.044810 0.154565
0 0.375564 0.297530 0.082622 0.130958
0 0.381250 0.900500 0.081260 0.143102
0 0.478824 0.928648 0.087154 0.134880
0 0.121997 0.346914 0.075646 0.120662
0 0.299743 0.918683 0.091029 0.142106
0 0.188572 0.534060 0.090784 0.134231
0 0.036971 0.150956 0.072500 0.139134
0 0.911137 0.887995 0.093560 0.136398
0 0.712936 0.018400 0.094185 0.036801
1 0.188286 0.119313 0.084333 0.152968
0 0.124923 0.027285 0.083971 0.054569
0 0.175763 0.748951 0.096271 0.144106
0 0.471061 0.686769 0.105695 0.153389
0 0.316296 0.187711 0.092201 0.153458
0 0.348079 0.412269 0.093794 0.143037
0 0.321223 0.039699 0.087492 0.079398
0 0.692991 0.586822 0.077409 0.138125
0 0.563150 0.389106 0.076799 0.148528
0 0.983904 0.327558 0.031510 0.153347
0 0.438467 0.818919 0.093935 0.148662
0 0.114841 0.116581 0.079786 0.146218
0 0.067371 0.257495 0.080742 0.135065
0 0.281005 0.460604 0.075578 0.146856
0 0.025840 0.769479 0.051680 0.139949
0 0.086905 0.918208 0.088096 0.140796
0 0.984858 0.916870 0.030284 0.154704
0 0.888671 0.775991 0.103883 0.125111
0 0.076595 0.690514 0.088419 0.144972
0 0.147883 0.244662 0.073839 0.136315
0 0.877398 0.948868 0.089719 0.102208
0 0.784008 0.926431 0.086167 0.144657
0 0.153527 0.633347 0.086794 0.140546
0 0.599139 0.850609 0.085664 0.150894
0 0.865618 0.685984 0.090122 0.129782
0 0.743621 0.171495 0.092440 0.156806
0 0.846906 0.247887 0.090031 0.146088
0 0.561629 0.093644 0.086091 0.160074
0 0.629298 0.064958 0.085523 0.129917
0 0.768871 0.304315 0.091513 0.147463
0 0.947053 0.290176 0.076440 0.139241
0 0.481357 0.068125 0.081240 0.136250
0 0.819491 0.109350 0.088294 0.142625
0 0.752999 0.470296 0.078398 0.150315
0 0.505799 0.491745 0.080745 0.148343
0 0.551508 0.230396 0.088422 0.143079
0 0.476224 0.358194 0.088854 0.148343
0 0.300027 0.756451 0.087206 0.146069
0 0.190021 0.946192 0.084125 0.105042
0 0.779352 0.042824 0.086385 0.084500
0 0.445388 0.255847 0.075385 0.131102
0 0.816647 0.539275 0.073810 0.168968
0 0.963600 0.819178 0.072706 0.174171
0 0.654845 0.329262 0.080628 0.148606
0 0.676194 0.243630 0.093836 0.144056
0 0.964122 0.528637 0.071755 0.158736
0 0.235581 0.635942 0.085203 0.142921
0 0.396574 0.979137 0.087961 0.040125
0 0.771740 0.594231 0.074922 0.130287
0 0.227909 0.199201 0.098125 0.150894
0 0.120367 0.974859 0.090766 0.046838
