0 0.496172 0.651782 0.085448 0.134731
0 0.109841 0.529852 0.086151 0.136000
0 0.167643 0.714620 0.098182 0.135778
0 0.726385 0.251009 0.118135 0.143352
0 0.767734 0.725931 0.082760 0.165602
0 0.664568 0.064199 0.101802 0.126602
0 0.367831 0.767810 0.086693 0.140657
0 0.959557 0.539671 0.076500 0.145028
0 0.645081 0.178000 0.119203 0.154519
0 0.968932 0.420519 0.061313 0.138463
0 0.029690 0.701810 0.058974 0.160046
0 0.336732 0.656741 0.107641 0.165000
0 0.826453 0.801394 0.105542 0.161731
0 0.058469 0.929102 0.087604 0.137148
0 0.190628 0.562352 0.106245 0.159019
0 0.656578 0.344722 0.085625 0.133481
0 0.700083 0.528736 0.110042 0.187676
0 0.323914 0.219574 0.083057 0.155889
0 0.083461 0.084704 0.093859 0.169407
0 0.847284 0.105394 0.087964 0.139287
0 0.550797 0.779630 0.093812 0.210333
0 0.459151 0.778667 0.089240 0.146019
1 0.169063 0.449139 0.076208 0.135093
0 0.926432 0.331630 0.085146 0.137759
0 0.727799 0.398435 0.085651 0.153611
0 0.145732 0.183676 0.115109 0.191778
0 0.966542 0.802403 0.066917 0.132213
0 0.447734 0.487542 0.082344 0.148602
0 0.529315 0.156727 0.085474 0.154454
0 0.070516 0.625468 0.078302 0.139454
0 0.434378 0.340250 0.095547 0.135111
0 0.635703 0.826204 0.085437 0.145722
0 0.086365 0.756171 0.096906 0.123676
0 0.537070 0.287819 0.087703 0.149843
0 0.585669 0.516537 0.094630 0.131574
0 0.984151 0.265005 0.030208 0.147620
0 0.418474 0.097005 0.090354 0.165454
0 0.255773 0.709431 0.087130 0.154324
0 0.017029 0.289449 0.034057 0.155231
0 0.861052 0.025278 0.090917 0.050556
0 0.317271 0.963764 0.081469 0.070880
0 0.989500 0.645625 0.021000 0.140750
0 0.214654 0.971185 0.086901 0.057630
0 0.023581 0.091875 0.046839 0.164731
0 0.849802 0.309815 0.088729 0.133630
0 0.558461 0.053634 0.083109 0.106454
0 0.930917 0.038347 0.088552 0.068602
0 0.771133 0.054426 0.114974 0.106167
0 0.818245 0.268787 0.077854 0.175148
0 0.746685 0.950806 0.099130 0.098389
0 0.441133 0.901213 0.098922 0.164074
0 0.089445 0.403819 0.086255 0.146065
0 0.349055 0.415444 0.111349 0.144074
0 0.252273 0.644014 0.076766 0.130491
0 0.671005 0.680139 0.084240 0.200722
0 0.262307 0.111977 0.109490 0.145676
0 0.189581 0.894032 0.122651 0.149157
0 0.339565 0.083681 0.105161 0.167361
0 0.946018 0.136694 0.076505 0.162389
0 0.259182 0.792463 0.086406 0.147167
0 0.938651 0.664227 0.112531 0.146028
0 0.466706 0.216306 0.085359 0.146019
0 0.411841 0.668944 0.079099 0.146296
0 0.177805 0.311380 0.088932 0.138889
0 0.807943 0.407806 0.092708 0.119889
0 0.527005 0.441704 0.072615 0.129148
0 0.052529 0.213227 0.088151 0.149046
