1 0.223906 0.392602 0.119430 0.162182
1 0.639969 0.824539 0.124437 0.144068
0 0.737699 0.921443 0.064305 0.076938
0 0.245414 0.020451 0.101258 0.040693
0 0.046561 0.010951 0.093121 0.021797
0 0.990980 0.220357 0.017953 0.147203
0 0.387555 0.983911 0.110508 0.032177
0 0.011621 0.044240 0.023187 0.087781
0 0.336633 0.019432 0.116148 0.038865
0 0.012287 0.146469 0.024387 0.138760
0 0.980783 0.608878 0.038434 0.149755
0 0.030531 0.543255 0.061062 0.144104
0 0.822973 0.029339 0.091312 0.058677
0 0.030031 0.390859 0.059758 0.135406
0 0.055686 0.976297 0.110684 0.047406
0 0.745170 0.974674 0.112082 0.050651
0 0.446619 0.038094 0.134207 0.076188
0 0.087512 0.599792 0.110516 0.139260
0 0.025922 0.695732 0.051609 0.158370
0 0.971844 0.114883 0.056312 0.129568
0 0.973674 0.843380 0.052512 0.147156
0 0.131920 0.039401 0.107324 0.078687
0 0.204219 0.686773 0.136266 0.139828
0 0.970227 0.376602 0.059117 0.158661
0 0.351098 0.554510 0.134766 0.145302
0 0.425682 0.950747 0.112730 0.098505
0 0.445096 0.781951 0.115723 0.172078
0 0.073555 0.161372 0.129336 0.139891
0 0.761986 0.385495 0.116738 0.149542
0 0.723143 0.044495 0.106285 0.088990
0 0.093195 0.902799 0.114594 0.135703
0 0.953166 0.716831 0.093668 0.160849
0 0.880730 0.121667 0.130852 0.152344
0 0.911361 0.454034 0.118895 0.138818
0 0.345506 0.852732 0.107371 0.138318
0 0.400871 0.658396 0.131531 0.164208
0 0.613775 0.247508 0.113309 0.145974
0 0.734627 0.201984 0.117293 0.148917
0 0.537330 0.811878 0.104965 0.140464
0 0.649391 0.436505 0.107406 0.158042
0 0.641744 0.955964 0.111754 0.088073
0 0.614934 0.072839 0.104609 0.145677
0 0.158336 0.796927 0.112664 0.145948
0 0.362457 0.194187 0.102445 0.146531
0 0.488592 0.254740 0.111801 0.129833
0 0.802682 0.613044 0.111168 0.144505
0 0.598340 0.708174 0.124797 0.137672
0 0.815387 0.486706 0.101016 0.133724
0 0.902992 0.935159 0.114883 0.129484
0 0.229795 0.181396 0.112293 0.158229
0 0.315670 0.306794 0.105496 0.122089
0 0.772687 0.833216 0.114711 0.147661
0 0.328195 0.435250 0.110375 0.134167
0 0.451617 0.145708 0.110266 0.137010
0 0.869619 0.783734 0.117059 0.158302
0 0.634062 0.577448 0.127859 0.163625
0 0.521324 0.930057 0.112750 0.139885
