0 0.335238 0.257594 0.098992 0.126271
0 0.990984 0.304792 0.017969 0.134250
0 0.328467 0.525424 0.110902 0.135755
0 0.754713 0.020917 0.101160 0.041510
0 0.953258 0.839805 0.092969 0.131505
0 0.045359 0.214120 0.090563 0.141187
0 0.733318 0.287352 0.103262 0.134005
0 0.614637 0.508135 0.101219 0.136427
0 0.225072 0.209701 0.099473 0.138172
0 0.715287 0.907635 0.106785 0.134500
0 0.809232 0.711185 0.109426 0.138099
0 0.210100 0.050370 0.104301 0.100740
0 0.682232 0.167620 0.102848 0.121604
0 0.193781 0.620617 0.101578 0.147703
0 0.014375 0.478839 0.028539 0.142500
0 0.687979 0.663643 0.105191 0.145036
0 0.822904 0.426760 0.101379 0.148302
0 0.363641 0.403609 0.106680 0.135417
0 0.531449 0.022341 0.102602 0.044474
0 0.690398 0.058185 0.099758 0.116286
0 0.886703 0.520219 0.106563 0.148885
0 0.105957 0.647466 0.105172 0.145411
0 0.535658 0.945219 0.099980 0.109562
0 0.126939 0.398521 0.100918 0.148365
0 0.637102 0.275669 0.105859 0.137172
0 0.771105 0.589995 0.110836 0.139438
0 0.273227 0.358367 0.109062 0.142974
0 0.615301 0.884305 0.110687 0.147766
0 0.061158 0.532565 0.104699 0.139984
0 0.188059 0.876055 0.106000 0.145078
0 0.026625 0.081802 0.053250 0.142677
0 0.291426 0.795258 0.114516 0.150724
0 0.339256 0.946714 0.104676 0.106573
0 0.427883 0.057224 0.099031 0.114448
0 0.508773 0.481966 0.112141 0.147286
0 0.902164 0.290841 0.114117 0.150807
0 0.710730 0.449492 0.100359 0.136839
0 0.858705 0.822143 0.110840 0.138432
0 0.132225 0.193112 0.101926 0.142526
0 0.116654 0.066432 0.102684 0.131406
0 0.407742 0.600604 0.115008 0.146333
0 0.596727 0.386331 0.112016 0.135318
0 0.026139 0.728578 0.052105 0.132667
0 0.129893 0.771471 0.115246 0.135609
0 0.916754 0.968919 0.120055 0.061714
0 0.592234 0.064880 0.095406 0.128198
0 0.463250 0.240018 0.105953 0.133307
0 0.980824 0.583539 0.038109 0.148495
0 0.591211 0.633497 0.110422 0.145214
0 0.324701 0.084419 0.107824 0.139859
0 0.405531 0.991578 0.100961 0.016844
0 0.894469 0.020427 0.116703 0.040719
0 0.260893 0.930792 0.096598 0.138021
1 0.433861 0.716443 0.095816 0.133781
0 0.906133 0.650151 0.109938 0.136115
0 0.992469 0.173492 0.015047 0.147953
0 0.896250 0.125641 0.104648 0.137469
