1 0.237500 0.306389 0.074875 0.132278
0 0.919471 0.082264 0.094151 0.153824
0 0.066365 0.839514 0.078969 0.171435
0 0.354815 0.105356 0.080172 0.130898
0 0.633393 0.307375 0.080807 0.150639
0 0.292466 0.333440 0.083005 0.159880
0 0.282687 0.060977 0.091281 0.120343
0 0.748727 0.580657 0.089474 0.160519
0 0.437242 0.384426 0.090661 0.129407
0 0.438935 0.107157 0.080995 0.145278
0 0.538258 0.502981 0.081682 0.137648
0 0.801500 0.922458 0.083542 0.145972
0 0.647685 0.814926 0.083599 0.149463
0 0.334232 0.779144 0.080484 0.136324
0 0.963253 0.399176 0.073443 0.139333
0 0.232224 0.418356 0.083750 0.139009
0 0.705482 0.550366 0.094734 0.152176
0 0.585599 0.330315 0.092323 0.132648
0 0.502339 0.116847 0.084250 0.155917
0 0.688375 0.381713 0.075792 0.162389
0 0.920536 0.836046 0.088437 0.151352
0 0.880964 0.923343 0.091302 0.152685
0 0.379250 0.908491 0.079562 0.144519
0 0.509315 0.372144 0.080120 0.161657
0 0.326284 0.640065 0.083911 0.151130
0 0.825518 0.385167 0.085245 0.180481
0 0.487758 0.698468 0.086786 0.149954
0 0.876151 0.538912 0.094937 0.139917
0 0.079716 0.694259 0.093786 0.136130
0 0.439372 0.301245 0.086339 0.150917
0 0.446953 0.574056 0.086865 0.133426
0 0.407956 0.695574 0.091120 0.145333
0 0.348229 0.488093 0.086937 0.142444
0 0.554604 0.057093 0.095469 0.114185
0 0.115052 0.536486 0.087813 0.150880
0 0.151977 0.759412 0.078797 0.128102
0 0.453096 0.870269 0.096182 0.125130
0 0.977357 0.809699 0.045286 0.153083
0 0.967982 0.934787 0.064036 0.130426
0 0.494427 0.974759 0.081531 0.050407
0 0.141435 0.052417 0.093307 0.104833
0 0.062766 0.093759 0.089917 0.118463
0 0.026229 0.669972 0.052458 0.145889
0 0.668740 0.128227 0.095031 0.208491
0 0.968378 0.046102 0.061984 0.092204
0 0.126638 0.960231 0.090703 0.078426
0 0.813695 0.054273 0.092818 0.103565
0 0.471813 0.024421 0.090958 0.048843
0 0.770617 0.043898 0.086766 0.087796
0 0.652404 0.667500 0.087661 0.155981
0 0.106878 0.322162 0.081724 0.156694
0 0.056133 0.040250 0.107724 0.080500
0 0.345693 0.196574 0.091375 0.139648
0 0.210706 0.914745 0.089922 0.146602
0 0.358167 0.367444 0.085260 0.151296
0 0.894956 0.424546 0.079641 0.127333
0 0.703531 0.822255 0.087344 0.142343
0 0.259029 0.783139 0.083505 0.140574
0 0.283682 0.910389 0.076562 0.133056
0 0.229305 0.645880 0.091349 0.167574
0 0.960503 0.522884 0.078359 0.129676
0 0.583232 0.544204 0.096089 0.150944
0 0.781794 0.739088 0.088484 0.152935
0 0.557599 0.678662 0.086052 0.159009
0 0.038326 0.272241 0.076651 0.171204
0 0.753891 0.331278 0.081573 0.165593
0 0.056656 0.445606 0.088167 0.173250
0 0.906919 0.675111 0.095432 0.151241
0 0.605971 0.428755 0.091026 0.131324
0 0.019958 0.883491 0.039917 0.155537
0 0.900607 0.213810 0.090630 0.163324
0 0.974672 0.135333 0.050656 0.138111
0 0.850268 0.122505 0.085328 0.137065
0 0.798464 0.226227 0.091667 0.147194
0 0.387997 0.019361 0.099786 0.038722
0 0.649552 0.024949 0.100844 0.049898
0 0.991359 0.612667 0.017281 0.139333
0 0.969529 0.721356 0.060943 0.140102
0 0.137057 0.145657 0.081708 0.139704
0 0.595232 0.206306 0.095443 0.149944
0 0.052021 0.957125 0.089208 0.085750
0 0.572115 0.151782 0.084500 0.133213
0 0.186185 0.324764 0.068859 0.140472
0 0.707961 0.680468 0.088682 0.127787
0 0.706430 0.943231 0.087536 0.113537
0 0.962729 0.253463 0.074542 0.143796
0 0.207669 0.098917 0.090589 0.153944
0 0.250674 0.189412 0.096974 0.140176
