0 0.441344 0.271491 0.084750 0.132000
0 0.521365 0.492148 0.082917 0.145463
0 0.446503 0.415769 0.082880 0.175111
0 0.380956 0.131440 0.090214 0.165065
0 0.346974 0.762778 0.083615 0.146537
0 0.763888 0.589412 0.081318 0.160565
0 0.670372 0.731597 0.084318 0.176028
0 0.388625 0.605634 0.103885 0.155157
0 0.378711 0.890731 0.080109 0.142926
0 0.316893 0.505889 0.074453 0.151148
0 0.259021 0.405546 0.096448 0.136704
0 0.036359 0.296995 0.072719 0.158398
0 0.309531 0.907736 0.083208 0.176935
0 0.056302 0.135491 0.092000 0.163241
0 0.337292 0.384870 0.080927 0.139389
0 0.965992 0.087731 0.068016 0.144426
0 0.033383 0.466347 0.066766 0.156787
0 0.578469 0.071394 0.091417 0.142787
0 0.576052 0.593903 0.084656 0.141972
0 0.520893 0.312079 0.090641 0.154120
0 0.722245 0.184616 0.088302 0.168694
0 0.692445 0.605861 0.090276 0.158481
0 0.793594 0.227815 0.092188 0.155833
0 0.493664 0.649218 0.087464 0.155231
0 0.956648 0.627921 0.086703 0.156861
0 0.951128 0.202782 0.092859 0.167343
0 0.177375 0.731981 0.092250 0.180389
0 0.500586 0.180069 0.092099 0.150157
0 0.124138 0.643819 0.090786 0.176398
0 0.994044 0.043069 0.011068 0.086139
0 0.983464 0.738125 0.033073 0.145935
0 0.982596 0.867472 0.034807 0.145667
0 0.589935 0.959028 0.089880 0.080889
0 0.592497 0.455468 0.084484 0.159602
0 0.933656 0.473444 0.084031 0.153944
0 0.481185 0.955648 0.079661 0.085148
0 0.085135 0.046398 0.078646 0.089241
0 0.335586 0.044981 0.091214 0.087611
0 0.154987 0.057060 0.081609 0.109861
0 0.206534 0.620667 0.093057 0.169963
0 0.419255 0.051491 0.083781 0.102981
0 0.177807 0.371111 0.093708 0.150556
0 0.991190 0.583917 0.017620 0.146241
0 0.944729 0.974407 0.099396 0.047352
0 0.637586 0.021648 0.084641 0.043296
0 0.757167 0.968417 0.085625 0.063167
1 0.258810 0.286250 0.086672 0.145574
0 0.915651 0.033602 0.096729 0.067204
0 0.182016 0.965977 0.078396 0.066676
0 0.407284 0.957912 0.076953 0.084139
0 0.016813 0.065958 0.033625 0.128102
0 0.759477 0.781287 0.090109 0.162833
0 0.221190 0.841185 0.079036 0.150963
0 0.842862 0.761056 0.096589 0.161667
0 0.254674 0.538963 0.090547 0.162852
0 0.945682 0.341278 0.083313 0.135778
0 0.382906 0.474773 0.083042 0.144361
0 0.650974 0.223292 0.090938 0.157269
0 0.419716 0.746458 0.081505 0.159843
0 0.135997 0.177106 0.095953 0.159343
0 0.668091 0.097745 0.090391 0.152472
0 0.718758 0.887398 0.092453 0.153685
0 0.635740 0.876060 0.087406 0.151287
