0 0.498244 0.877812 0.081020 0.106927
1 0.974992 0.976951 0.046297 0.046099
1 0.260945 0.796901 0.073945 0.101594
1 0.392383 0.525927 0.066727 0.088771
1 0.116684 0.133797 0.074133 0.098760
1 0.140045 0.594740 0.066129 0.087844
1 0.333824 0.678208 0.076523 0.097219
0 0.603910 0.010599 0.082703 0.021198
1 0.331236 0.506185 0.068559 0.090401
1 0.711830 0.140628 0.072301 0.092026
1 0.642867 0.739148 0.070906 0.087932
0 0.010943 0.958646 0.021746 0.082708
1 0.677055 0.666214 0.077109 0.109969
0 0.351227 0.012958 0.066086 0.025417
1 0.357172 0.222057 0.072992 0.100229
1 0.494836 0.969604 0.076289 0.060792
1 0.306803 0.851716 0.063566 0.096411
1 0.810344 0.908130 0.072031 0.097562
1 0.925115 0.583818 0.070871 0.096146
1 0.787639 0.763865 0.081090 0.098042
1 0.726316 0.719424 0.077117 0.111964
1 0.567301 0.703326 0.069133 0.092078
1 0.715201 0.232419 0.077105 0.105891
1 0.919293 0.367865 0.077984 0.103042
1 0.869613 0.868148 0.075305 0.110786
1 0.765666 0.847727 0.079348 0.102547
0 0.696396 0.022336 0.073043 0.043307
0 0.013178 0.507685 0.026355 0.092953
0 0.299131 0.033229 0.067574 0.065885
0 0.984787 0.295505 0.030426 0.096948
0 0.046037 0.977010 0.070379 0.044458
0 0.984738 0.032328 0.030523 0.060156
0 0.985637 0.108729 0.028195 0.097344
0 0.326879 0.973742 0.072078 0.050464
0 0.975600 0.613914 0.048801 0.104370
0 0.888443 0.724393 0.074168 0.089943
0 0.424855 0.650966 0.076891 0.087161
0 0.901670 0.949102 0.069645 0.088422
0 0.968906 0.710565 0.062008 0.087839
0 0.427551 0.198362 0.084875 0.088880
0 0.133525 0.684802 0.074387 0.102198
0 0.501834 0.350565 0.064613 0.093339
0 0.055371 0.143333 0.072477 0.093115
0 0.795828 0.071214 0.070437 0.096927
0 0.362145 0.879604 0.069680 0.108875
0 0.394115 0.725687 0.087418 0.090094
0 0.607324 0.908982 0.065805 0.087766
0 0.943135 0.078042 0.071699 0.095708
0 0.797721 0.678430 0.081473 0.095932
0 0.665215 0.079964 0.070773 0.097167
0 0.117885 0.413891 0.067879 0.088729
0 0.024842 0.411187 0.048863 0.106833
0 0.158688 0.955513 0.071578 0.087880
0 0.116543 0.890357 0.070281 0.097620
0 0.814430 0.336042 0.067984 0.086063
0 0.538605 0.798383 0.075469 0.101891
0 0.414721 0.118628 0.078957 0.095391
0 0.870316 0.039922 0.074031 0.079740
0 0.227010 0.727758 0.064020 0.093984
0 0.281057 0.227516 0.073113 0.101396
0 0.339244 0.134326 0.073473 0.087557
0 0.255582 0.077815 0.074367 0.111047
0 0.133699 0.510315 0.072703 0.091318
0 0.557937 0.469031 0.070516 0.091448
0 0.122848 0.050911 0.082797 0.095177
0 0.442160 0.345284 0.069094 0.095891
0 0.278316 0.936081 0.074539 0.099464
0 0.406027 0.794206 0.069258 0.085599
0 0.555988 0.941435 0.064875 0.104245
1 0.052504 0.556258 0.072797 0.103536
1 0.188176 0.633073 0.061641 0.080677
0 0.888500 0.222833 0.074023 0.081396
0 0.365094 0.350651 0.075633 0.093844
0 0.454609 0.046359 0.075203 0.092365
0 0.872699 0.301953 0.073797 0.096021
0 0.487141 0.497974 0.072797 0.102323
0 0.389660 0.438099 0.077539 0.093125
0 0.787236 0.201742 0.073324 0.097568
0 0.361467 0.599232 0.072863 0.088734
0 0.072215 0.647185 0.071766 0.093411
0 0.317762 0.295354 0.080547 0.102802
0 0.834187 0.128721 0.071609 0.095099
0 0.190307 0.102971 0.072262 0.097818
0 0.634174 0.829888 0.073707 0.104693
0 0.314549 0.759263 0.068559 0.087182
0 0.444291 0.567089 0.072973 0.101521
0 0.092105 0.330646 0.071641 0.100250
0 0.037785 0.053951 0.074078 0.101661
0 0.915383 0.484747 0.078937 0.106651
0 0.186232 0.839375 0.072168 0.092583
0 0.732211 0.069870 0.073766 0.105948
0 0.903381 0.140359 0.073340 0.102458
0 0.614986 0.520326 0.079082 0.103516
0 0.697633 0.839805 0.064508 0.104026
0 0.025752 0.223776 0.051504 0.109646
0 0.082311 0.231029 0.077949 0.109693
0 0.657264 0.196857 0.074074 0.102161
0 0.480600 0.750716 0.071590 0.105641
0 0.423203 0.275680 0.086070 0.083797
0 0.567824 0.360057 0.077281 0.112594
0 0.966201 0.182419 0.067363 0.099911
0 0.519107 0.617807 0.077770 0.108896
0 0.169922 0.752112 0.071164 0.108766
0 0.228184 0.177276 0.078977 0.102677
0 0.640018 0.289557 0.082559 0.104063
0 0.870793 0.421273 0.079148 0.101776
0 0.214613 0.561063 0.083602 0.101448
