0 0.922868 0.062799 0.084003 0.123486
0 0.254776 0.369206 0.092958 0.162069
0 0.977999 0.512567 0.043549 0.136208
0 0.416105 0.412502 0.086716 0.138968
0 0.123831 0.673000 0.077057 0.146556
0 0.346934 0.955016 0.098810 0.089940
0 0.016122 0.235569 0.032245 0.160454
0 0.012845 0.097361 0.025690 0.133981
0 0.067482 0.026294 0.094484 0.052273
0 0.014034 0.580924 0.028068 0.139792
0 0.017086 0.451324 0.034120 0.149463
0 0.472642 0.964935 0.087315 0.070130
0 0.985488 0.148662 0.028591 0.151352
0 0.980203 0.639725 0.039536 0.151773
0 0.652426 0.964681 0.089945 0.070241
0 0.976553 0.369137 0.046716 0.183273
0 0.255970 0.121447 0.095221 0.151792
0 0.419969 0.168308 0.086599 0.152181
0 0.603236 0.844975 0.086221 0.162005
0 0.546085 0.617949 0.069831 0.158583
0 0.746863 0.672259 0.077763 0.155806
0 0.680483 0.653016 0.082174 0.168755
0 0.037249 0.946419 0.073648 0.107162
0 0.479171 0.837167 0.069456 0.172972
0 0.066755 0.578706 0.097500 0.143236
0 0.360737 0.075623 0.102234 0.144801
0 0.253645 0.042090 0.085607 0.084005
0 0.250975 0.917718 0.084201 0.145426
0 0.209017 0.198090 0.100159 0.147616
0 0.119117 0.425711 0.066719 0.168486
0 0.874578 0.542347 0.088875 0.163833
0 0.712103 0.556576 0.091997 0.136106
0 0.763169 0.056884 0.091031 0.113769
0 0.581944 0.521620 0.085128 0.137907
0 0.640362 0.767512 0.106016 0.140856
0 0.566861 0.046836 0.078154 0.093671
0 0.266533 0.801400 0.076055 0.175736
0 0.399030 0.690544 0.093299 0.160282
0 0.324621 0.161993 0.086008 0.155875
0 0.705978 0.429697 0.079336 0.172245
0 0.692523 0.059785 0.074880 0.118662
0 0.176445 0.923655 0.083016 0.139699
0 0.063888 0.447035 0.075432 0.154708
0 0.873609 0.660532 0.075417 0.183972
0 0.088669 0.933731 0.082510 0.132019
0 0.484949 0.665412 0.083117 0.174880
0 0.417142 0.823553 0.074586 0.139486
0 0.129701 0.809238 0.077656 0.149282
0 0.800674 0.922472 0.074854 0.147130
0 0.461353 0.319502 0.081555 0.161292
0 0.638397 0.260394 0.086784 0.129694
0 0.647305 0.383572 0.082484 0.135829
0 0.446225 0.063984 0.078497 0.126079
0 0.924340 0.334623 0.073372 0.173403
0 0.741422 0.803146 0.092625 0.138801
0 0.197005 0.673931 0.086375 0.150120
0 0.880870 0.861560 0.089839 0.151231
0 0.859970 0.356150 0.069930 0.191921
0 0.174216 0.091968 0.078896 0.134759
0 0.157988 0.555444 0.075320 0.135037
0 0.510615 0.119975 0.091177 0.149644
0 0.125733 0.182384 0.078018 0.144398
0 0.572034 0.398387 0.087104 0.147051
0 0.788568 0.187660 0.104635 0.193144
0 0.387275 0.264345 0.096685 0.176597
0 0.784448 0.470438 0.081359 0.124245
0 0.050082 0.177083 0.078951 0.145037
0 0.528177 0.885764 0.078391 0.141296
0 0.039651 0.676148 0.076484 0.131843
0 0.143488 0.972752 0.084263 0.053273
0 0.040247 0.813951 0.078599 0.143301
0 0.705113 0.909405 0.091862 0.136866
0 0.197484 0.797454 0.077724 0.141657
0 0.313690 0.702030 0.084833 0.149495
0 0.169318 0.292530 0.092167 0.145106
0 0.034874 0.339231 0.069430 0.130935
0 0.929395 0.484106 0.080221 0.158991
0 0.859978 0.102252 0.082539 0.143569
0 0.927717 0.947333 0.083398 0.104417
0 0.942850 0.179368 0.080029 0.144690
0 0.608439 0.643708 0.082034 0.142065
0 0.340139 0.841995 0.087216 0.161222
0 0.624960 0.132201 0.089055 0.153347
0 0.719047 0.272313 0.084828 0.158458
0 0.640137 0.491451 0.074513 0.127319
1 0.542652 0.753836 0.098669 0.162986
0 0.184173 0.423498 0.084883 0.149458
0 0.828514 0.744926 0.083690 0.155194
0 0.512777 0.247523 0.086143 0.143491
0 0.958565 0.861549 0.082359 0.148662
0 0.424199 0.555954 0.079284 0.140398
0 0.794529 0.347977 0.082641 0.149037
0 0.233605 0.550097 0.089831 0.174500
0 0.723811 0.982745 0.089013 0.032833
0 0.862120 0.952486 0.065703 0.093481
0 0.944898 0.713970 0.084104 0.175921
0 0.800522 0.584373 0.080997 0.137699
0 0.992553 0.804998 0.014893 0.162051
0 0.968357 0.032924 0.062349 0.065523
0 0.493036 0.030870 0.086302 0.061667
0 0.986501 0.958333 0.026997 0.080019
