0 0.992284 0.312738 0.015432 0.132551
0 0.009216 0.944229 0.018432 0.111301
0 0.013400 0.711623 0.026799 0.135181
0 0.983487 0.816731 0.033026 0.136778
0 0.016697 0.573192 0.033336 0.131532
0 0.730052 0.958255 0.087135 0.082843
0 0.376406 0.957856 0.081854 0.084287
0 0.953142 0.906447 0.076846 0.132542
0 0.210724 0.414403 0.070167 0.151361
0 0.417263 0.038218 0.067839 0.076435
0 0.229757 0.590296 0.088367 0.132500
0 0.829466 0.480602 0.098818 0.115935
0 0.844927 0.892412 0.077958 0.134361
0 0.275999 0.338856 0.085549 0.117556
0 0.349193 0.783363 0.070365 0.145394
0 0.974242 0.683539 0.051516 0.135681
0 0.038900 0.063479 0.074518 0.126644
0 0.596573 0.899060 0.076682 0.123880
0 0.025885 0.217481 0.051771 0.144019
0 0.850750 0.579551 0.075927 0.118463
0 0.162948 0.383162 0.073089 0.140491
0 0.455770 0.639926 0.073716 0.116065
0 0.505712 0.915255 0.073784 0.127593
0 0.234350 0.096572 0.075732 0.134245
0 0.083794 0.171016 0.072969 0.129718
0 0.492918 0.053157 0.071013 0.106315
0 0.851004 0.759856 0.071159 0.122750
0 0.904197 0.119488 0.075326 0.160338
0 0.355030 0.084581 0.075357 0.130736
0 0.425665 0.879903 0.077352 0.127796
0 0.569944 0.052845 0.078253 0.105690
0 0.034163 0.378437 0.068065 0.129699
0 0.905383 0.675278 0.085328 0.147704
0 0.135185 0.705475 0.071505 0.133569
0 0.279298 0.457333 0.078664 0.128046
0 0.161277 0.080472 0.071268 0.129583
0 0.683818 0.654458 0.084292 0.143935
0 0.588268 0.778729 0.073786 0.126912
0 0.206208 0.712979 0.071526 0.142088
0 0.171526 0.536343 0.067516 0.125843
0 0.484967 0.537044 0.068424 0.119764
0 0.310874 0.864417 0.080435 0.145556
0 0.950122 0.577806 0.077516 0.115963
0 0.096361 0.522882 0.075784 0.134708
0 0.514361 0.773264 0.077034 0.147704
0 0.874353 0.968829 0.089654 0.062343
1 0.435225 0.755741 0.088346 0.146046
1 0.130751 0.273113 0.084466 0.142495
0 0.966221 0.453377 0.066849 0.147356
0 0.900241 0.382759 0.084383 0.145926
0 0.488638 0.304720 0.082573 0.129412
0 0.279204 0.726398 0.075591 0.140463
0 0.821167 0.365905 0.076359 0.127560
0 0.033516 0.840417 0.067031 0.147296
0 0.416259 0.509282 0.080529 0.141852
0 0.660184 0.094718 0.078987 0.133917
0 0.665840 0.783065 0.083258 0.134713
0 0.740169 0.602565 0.079849 0.133880
0 0.266837 0.214838 0.082273 0.134315
0 0.854139 0.193597 0.067034 0.127176
0 0.403406 0.371620 0.079036 0.141519
0 0.968924 0.114076 0.061698 0.156856
0 0.600846 0.468648 0.076958 0.133157
0 0.803941 0.664572 0.075565 0.130597
0 0.494486 0.173597 0.069638 0.131685
0 0.562322 0.585500 0.080914 0.143111
0 0.576108 0.338995 0.082378 0.142546
0 0.787016 0.238248 0.072786 0.121921
0 0.828832 0.068778 0.082461 0.137407
0 0.695113 0.258748 0.078977 0.133282
0 0.565492 0.173866 0.076167 0.131898
0 0.741060 0.136248 0.076911 0.132532
