0 0.033025 0.038289 0.065445 0.076023
0 0.837650 0.391248 0.082643 0.140884
0 0.333564 0.456350 0.083648 0.151144
0 0.460070 0.752764 0.083458 0.146731
0 0.503728 0.595882 0.077357 0.143894
0 0.929845 0.479611 0.090122 0.142870
0 0.745323 0.304199 0.094214 0.149157
0 0.792970 0.188630 0.080154 0.150843
0 0.761915 0.439556 0.087435 0.136750
0 0.951533 0.672012 0.091992 0.135116
0 0.044152 0.640593 0.088133 0.143065
0 0.772645 0.878262 0.081508 0.150125
0 0.622163 0.102995 0.087612 0.148231
0 0.678555 0.564940 0.085359 0.145926
0 0.090543 0.086150 0.080331 0.135949
0 0.084557 0.256903 0.086755 0.156028
0 0.494312 0.072734 0.074026 0.132329
0 0.527094 0.448896 0.083052 0.150931
0 0.171759 0.860528 0.082617 0.142444
0 0.245083 0.910810 0.082349 0.147491
0 0.668470 0.372343 0.082471 0.136222
0 0.247103 0.060343 0.085201 0.119981
0 0.603122 0.419044 0.080276 0.150060
0 0.640887 0.674778 0.092383 0.146852
0 0.432658 0.626785 0.076852 0.129588
0 0.856520 0.870461 0.090299 0.131819
0 0.717309 0.189051 0.075716 0.140528
0 0.843069 0.566940 0.080039 0.153454
0 0.464134 0.503620 0.080945 0.141741
0 0.542954 0.765294 0.079586 0.125940
0 0.022574 0.247634 0.044690 0.149407
0 0.820211 0.063752 0.073839 0.127505
0 0.265776 0.233667 0.087146 0.157037
0 0.576996 0.210611 0.086826 0.140426
0 0.698730 0.807005 0.085940 0.157056
0 0.377630 0.862880 0.090797 0.156148
0 0.968750 0.128417 0.062500 0.173019
0 0.406462 0.275083 0.078841 0.147333
0 0.215039 0.421060 0.089146 0.158815
0 0.451924 0.945086 0.080354 0.109829
0 0.942001 0.360472 0.066685 0.144315
0 0.887439 0.745664 0.077180 0.149736
0 0.981484 0.281697 0.037031 0.147116
0 0.203052 0.725595 0.085010 0.154977
0 0.418777 0.054308 0.091930 0.106755
0 0.978195 0.615266 0.043604 0.137606
0 0.807871 0.535889 0.078440 0.135806
0 0.322320 0.056306 0.069557 0.110787
0 0.696111 0.901028 0.082299 0.140417
0 0.744576 0.051046 0.079484 0.099157
0 0.033018 0.942294 0.065802 0.113569
0 0.677913 0.178870 0.073648 0.157324
0 0.020967 0.444111 0.041935 0.141130
0 0.981103 0.949049 0.037794 0.099681
0 0.852547 0.966104 0.091026 0.067792
0 0.322204 0.767104 0.082711 0.139940
0 0.354434 0.964755 0.082284 0.069917
0 0.596832 0.933530 0.095867 0.131542
0 0.578697 0.291766 0.076581 0.117829
0 0.363357 0.740845 0.075464 0.127255
0 0.479366 0.419519 0.078070 0.121306
0 0.931609 0.056141 0.082786 0.111644
0 0.364469 0.615611 0.074234 0.134065
0 0.363104 0.127627 0.085901 0.131560
0 0.394349 0.625657 0.067120 0.115870
0 0.597436 0.017708 0.089846 0.035417
0 0.096835 0.967285 0.101747 0.064069
0 0.928586 0.133440 0.069224 0.114565
0 0.499402 0.978428 0.082341 0.042060
1 0.413520 0.399475 0.068909 0.133616
0 0.182085 0.017831 0.087659 0.035662
0 0.191993 0.662359 0.086169 0.140134
0 0.006565 0.839174 0.013021 0.134829
0 0.006197 0.714387 0.011888 0.131782
0 0.005832 0.600345 0.011227 0.131625
0 0.944672 0.101771 0.091255 0.201514
