0 0.604732 0.597547 0.072387 0.085698
0 0.717922 0.754224 0.072828 0.093667
0 0.200494 0.954706 0.058027 0.079401
0 0.559914 0.502229 0.070109 0.088573
0 0.088383 0.834672 0.070742 0.080917
0 0.738564 0.273164 0.067754 0.079141
0 0.609461 0.061839 0.064867 0.081771
0 0.299416 0.720247 0.070980 0.090016
0 0.963469 0.486604 0.066133 0.092365
0 0.320928 0.184706 0.069926 0.095339
0 0.851248 0.927138 0.071254 0.084901
0 0.825379 0.658958 0.070008 0.088729
0 0.464619 0.959008 0.068973 0.081984
0 0.366928 0.644828 0.069441 0.093781
0 0.963143 0.206896 0.067348 0.081417
0 0.244291 0.783943 0.072676 0.091052
0 0.071422 0.175805 0.077539 0.095870
0 0.566256 0.126771 0.066957 0.083990
0 0.971650 0.386435 0.055590 0.086214
0 0.218537 0.058839 0.069754 0.090063
0 0.065471 0.512500 0.067309 0.086479
0 0.164211 0.618115 0.065391 0.095125
0 0.547730 0.405917 0.068773 0.087479
0 0.807240 0.404086 0.073504 0.096276
0 0.065592 0.078234 0.058566 0.082802
0 0.735428 0.358958 0.068395 0.084292
0 0.264148 0.398688 0.068383 0.085292
0 0.085727 0.748862 0.065547 0.081693
0 0.285209 0.535883 0.067957 0.095443
0 0.112164 0.669333 0.059516 0.085312
0 0.429998 0.253622 0.056941 0.077109
0 0.945107 0.298417 0.073277 0.092854
0 0.359963 0.311695 0.062348 0.078734
0 0.161736 0.772359 0.057457 0.076000
0 0.083928 0.919930 0.063043 0.078318
0 0.097816 0.269685 0.068070 0.086526
0 0.606559 0.956776 0.064391 0.084990
0 0.484072 0.205763 0.063559 0.083151
0 0.661477 0.121534 0.063836 0.088797
0 0.604057 0.861068 0.063723 0.092510
0 0.532303 0.309141 0.067395 0.091229
0 0.652590 0.521138 0.070836 0.087432
0 0.976215 0.641276 0.047008 0.087167
0 0.451049 0.796732 0.074145 0.086828
0 0.228758 0.588211 0.063812 0.088599
0 0.642430 0.370109 0.067297 0.091917
0 0.093070 0.362943 0.071766 0.090115
0 0.311346 0.091885 0.064520 0.081562
0 0.841107 0.757586 0.067012 0.087911
0 0.724039 0.658487 0.068961 0.086099
0 0.024879 0.754414 0.049750 0.090776
0 0.912510 0.038596 0.061410 0.076307
0 0.486055 0.665638 0.071844 0.088766
0 0.976824 0.083638 0.045867 0.088370
0 0.314740 0.832711 0.071551 0.087620
0 0.694277 0.201776 0.070430 0.088010
0 0.390785 0.958576 0.069031 0.082849
0 0.467207 0.515237 0.065016 0.081005
0 0.979729 0.783438 0.039465 0.082354
0 0.576662 0.214990 0.064363 0.075938
0 0.876230 0.597187 0.062734 0.080365
0 0.586787 0.731974 0.060746 0.078760
0 0.399668 0.082281 0.064727 0.086271
0 0.751537 0.567128 0.066926 0.086839
0 0.535256 0.923503 0.060012 0.080672
0 0.896881 0.400214 0.065988 0.089313
0 0.004312 0.034672 0.008625 0.067365
0 0.828961 0.844529 0.065008 0.079859
0 0.198994 0.239143 0.068145 0.092505
0 0.146781 0.909086 0.059000 0.080620
0 0.897875 0.119766 0.066625 0.079885
0 0.394262 0.467833 0.066086 0.087323
0 0.683947 0.955776 0.064043 0.082031
0 0.378787 0.871729 0.062293 0.086292
0 0.009820 0.483630 0.019023 0.085885
0 0.018277 0.103581 0.036320 0.080130
0 0.525662 0.762388 0.060160 0.080182
0 0.655826 0.276440 0.064754 0.085182
0 0.446416 0.410612 0.065504 0.081849
0 0.295615 0.983229 0.058332 0.033073
0 0.130189 0.119906 0.067457 0.090250
0 0.886492 0.985305 0.065133 0.029391
0 0.643061 0.012471 0.061527 0.024943
0 0.994029 0.861427 0.011660 0.084000
0 0.458877 0.325211 0.063770 0.076745
0 0.727322 0.988471 0.060988 0.021661
0 0.265051 0.015206 0.059391 0.030411
0 0.818295 0.074216 0.064980 0.084297
0 0.145725 0.978208 0.057316 0.042719
0 0.743672 0.843068 0.071008 0.080073
0 0.251211 0.305589 0.061383 0.092750
0 0.003717 0.912016 0.007434 0.077302
0 0.289586 0.628586 0.064852 0.078026
0 0.004965 0.348318 0.009930 0.093979
0 0.853871 0.020323 0.065523 0.040646
0 0.494609 0.034065 0.061922 0.067568
0 0.153502 0.226135 0.063863 0.091417
0 0.919137 0.937562 0.058953 0.084354
0 0.083816 0.982216 0.060109 0.034443
0 0.041273 0.424625 0.073289 0.085625
0 0.356471 0.019109 0.064551 0.035323
0 0.893166 0.486607 0.059746 0.077203
0 0.343031 0.513938 0.053945 0.074729
0 0.989434 0.946664 0.021133 0.082786
