0 0.015063 0.979247 0.030125 0.040724
0 0.010070 0.381138 0.020141 0.099484
0 0.494174 0.982190 0.073762 0.035620
0 0.990887 0.796375 0.017602 0.094437
0 0.207262 0.986982 0.078523 0.024932
0 0.414654 0.973096 0.068285 0.053807
0 0.919646 0.012492 0.073168 0.024984
0 0.511570 0.020747 0.079148 0.041495
0 0.985578 0.700318 0.028219 0.096177
0 0.861930 0.977917 0.073969 0.043771
0 0.426959 0.450344 0.074902 0.094969
0 0.025826 0.298284 0.051652 0.124141
0 0.793742 0.978193 0.075930 0.043615
0 0.531281 0.410547 0.075563 0.082823
0 0.127160 0.975729 0.074047 0.047521
0 0.943676 0.976430 0.069492 0.047141
0 0.549148 0.270297 0.072227 0.086344
0 0.018465 0.133698 0.036930 0.100615
0 0.016945 0.504555 0.033891 0.100182
0 0.357330 0.051294 0.078699 0.100099
0 0.365180 0.667602 0.054844 0.115047
0 0.983482 0.605130 0.032535 0.094844
0 0.157338 0.694086 0.073348 0.077328
0 0.649984 0.430414 0.071383 0.098359
0 0.343078 0.968893 0.073586 0.062214
0 0.326752 0.122630 0.083527 0.113427
0 0.181590 0.634979 0.094805 0.093521
0 0.257367 0.090227 0.071617 0.107849
0 0.975418 0.343747 0.048625 0.120380
0 0.459189 0.380271 0.085527 0.110396
0 0.026432 0.771901 0.052566 0.098760
0 0.170658 0.115029 0.068863 0.088870
0 0.402777 0.673885 0.063953 0.093396
0 0.834797 0.675901 0.071297 0.085885
0 0.542465 0.343201 0.087805 0.084016
0 0.028152 0.645443 0.056117 0.106615
0 0.679633 0.968805 0.073586 0.062391
0 0.562375 0.969479 0.082664 0.061042
0 0.509971 0.637948 0.080090 0.082958
0 0.949961 0.247878 0.078172 0.100182
0 0.753508 0.165758 0.068859 0.089276
0 0.679457 0.031995 0.074742 0.063198
0 0.042818 0.407753 0.080871 0.111224
0 0.266133 0.961875 0.081344 0.075865
0 0.302338 0.513578 0.084113 0.090240
0 0.876631 0.332849 0.077980 0.101323
0 0.949818 0.151826 0.076512 0.095297
0 0.137844 0.266706 0.067680 0.090432
0 0.597592 0.798745 0.067137 0.090448
0 0.186291 0.041745 0.077957 0.083490
0 0.590498 0.486474 0.080066 0.106708
0 0.290912 0.402534 0.083980 0.089943
0 0.213746 0.792253 0.061297 0.080578
0 0.186602 0.224206 0.071578 0.111005
0 0.881650 0.172560 0.072848 0.088193
0 0.203186 0.410534 0.071207 0.090474
0 0.968865 0.864008 0.062270 0.091484
0 0.292174 0.826562 0.068895 0.084958
0 0.572152 0.699695 0.071344 0.107068
0 0.663039 0.666458 0.079523 0.094125
0 0.817383 0.187424 0.063852 0.097047
0 0.405031 0.337130 0.073328 0.096500
0 0.272072 0.454258 0.080254 0.092380
0 0.941182 0.696680 0.066637 0.086016
0 0.244365 0.872563 0.068215 0.098156
0 0.388227 0.244286 0.081562 0.100375
0 0.762994 0.550320 0.077816 0.101703
0 0.668848 0.873591 0.070320 0.097214
0 0.158828 0.578576 0.084063 0.090026
0 0.876047 0.089135 0.076469 0.092729
0 0.860441 0.530430 0.079141 0.092786
0 0.603502 0.604594 0.074621 0.084687
0 0.755980 0.073578 0.082000 0.104094
0 0.525783 0.910042 0.069316 0.097396
0 0.678504 0.332693 0.078414 0.114844
0 0.628693 0.088487 0.070676 0.100714
0 0.437512 0.062734 0.079297 0.096062
0 0.588727 0.892557 0.069227 0.097021
0 0.519316 0.207531 0.090031 0.096260
0 0.858947 0.258461 0.078496 0.091693
0 0.028391 0.863914 0.056781 0.091620
0 0.203500 0.319581 0.072547 0.093943
0 0.504508 0.713469 0.078016 0.089635
0 0.892100 0.607823 0.074090 0.093740
0 0.131973 0.904031 0.072461 0.092510
0 0.652453 0.754526 0.072734 0.090854
0 0.186902 0.871451 0.061852 0.102505
0 0.054426 0.060607 0.078766 0.112339
0 0.715150 0.439039 0.074309 0.097411
0 0.733799 0.834802 0.081090 0.099917
0 0.357043 0.850370 0.068320 0.102594
0 0.965170 0.055401 0.068910 0.101208
0 0.039549 0.006729 0.076316 0.012552
0 0.898172 0.457852 0.077828 0.103422
0 0.074645 0.474672 0.080078 0.101281
0 0.569486 0.049581 0.079301 0.099161
0 0.170590 0.759154 0.086945 0.098797
0 0.762928 0.644646 0.085121 0.091979
0 0.561234 0.141370 0.082531 0.098948
0 0.656830 0.205919 0.083887 0.103474
0 0.278035 0.593174 0.086078 0.097193
0 0.432295 0.169560 0.076152 0.101276
0 0.077725 0.312008 0.073012 0.102526
0 0.785461 0.380690 0.074758 0.097474
0 0.966330 0.448510 0.067340 0.101562
0 0.274227 0.312357 0.074375 0.097901
0 0.251807 0.192977 0.084707 0.112099
0 0.388086 0.007099 0.077484 0.014125
0 0.904531 0.888990 0.082477 0.099219
0 0.306791 0.246635 0.076082 0.093646
0 0.094896 0.785807 0.071629 0.091552
0 0.141186 0.504294 0.075035 0.104484
0 0.080717 0.181703 0.076840 0.100083
0 0.342566 0.355302 0.074039 0.117729
0 0.894840 0.752531 0.080227 0.106344
1 0.401031 0.905878 0.074977 0.092036
0 0.810818 0.754583 0.073098 0.090292
0 0.119572 0.071854 0.070309 0.116948
0 0.693830 0.113781 0.075066 0.110833
0 0.155004 0.007846 0.083289 0.015693
0 0.469387 0.874133 0.072305 0.096120
0 0.928365 0.348677 0.060918 0.107031
0 0.391920 0.546893 0.079379 0.103297
0 0.620625 0.301180 0.078766 0.103474
0 0.356348 0.462599 0.078734 0.094521
0 0.072418 0.692482 0.086406 0.116599
0 0.064082 0.948583 0.082758 0.102833
0 0.397309 0.763448 0.075500 0.090510
0 0.141541 0.410036 0.077246 0.105906
0 0.299555 0.743945 0.077969 0.092214
0 0.796574 0.907529 0.080258 0.101901
0 0.497021 0.793654 0.075949 0.087630
0 0.203119 0.511331 0.068582 0.093089
0 0.692609 0.583641 0.073250 0.096427
0 0.859623 0.821250 0.074371 0.092750
0 0.306744 0.678531 0.079160 0.099812
0 0.045668 0.563815 0.070164 0.102078
