0 0.596071 0.807955 0.088530 0.122783
0 0.248492 0.693058 0.084915 0.115180
0 0.077201 0.928413 0.097242 0.130540
0 0.165870 0.794030 0.097789 0.124059
0 0.165046 0.684573 0.089360 0.109774
0 0.548468 0.939830 0.099907 0.119239
0 0.207506 0.600671 0.083376 0.111363
0 0.819161 0.948225 0.099348 0.103549
0 0.627539 0.675864 0.090193 0.114403
0 0.941952 0.413920 0.090093 0.121049
0 0.284647 0.952441 0.097465 0.095118
0 0.716348 0.913356 0.094595 0.112124
0 0.041155 0.655491 0.082311 0.116857
0 0.387917 0.793506 0.087500 0.113760
0 0.164252 0.947215 0.088619 0.105571
0 0.471557 0.862415 0.089425 0.117690
0 0.986647 0.867806 0.026705 0.104614
0 0.875851 0.018248 0.080552 0.036497
0 0.985590 0.355797 0.028549 0.117510
0 0.457338 0.980270 0.085980 0.039285
0 0.983144 0.103997 0.033673 0.104496
0 0.882712 0.985769 0.085069 0.028297
0 0.992296 0.205036 0.015409 0.100988
0 0.863679 0.488969 0.077959 0.109933
0 0.103409 0.018364 0.098592 0.036193
0 0.634180 0.332840 0.093322 0.108786
0 0.478937 0.528462 0.093615 0.111739
0 0.339064 0.466944 0.084911 0.111008
0 0.965430 0.793855 0.069140 0.093524
0 0.924753 0.911857 0.083056 0.120082
0 0.736601 0.815306 0.092701 0.109069
0 0.323343 0.613344 0.083291 0.124064
0 0.045183 0.136785 0.090367 0.109712
0 0.351590 0.899334 0.088943 0.112577
0 0.216570 0.465954 0.081188 0.106754
0 0.943173 0.247873 0.086223 0.118030
0 0.694788 0.480520 0.086574 0.130967
0 0.088235 0.412163 0.092450 0.124830
0 0.504269 0.413182 0.085421 0.109398
0 0.250667 0.221145 0.089105 0.114182
0 0.901406 0.730226 0.081725 0.128611
0 0.808017 0.659434 0.086319 0.114095
0 0.451541 0.224928 0.086192 0.110247
0 0.843578 0.277873 0.087944 0.107351
0 0.318738 0.172335 0.091312 0.117665
0 0.614695 0.539781 0.098210 0.121024
0 0.205417 0.298274 0.099159 0.115129
0 0.086541 0.829866 0.098191 0.094249
0 0.372600 0.278619 0.098966 0.124655
0 0.186541 0.385841 0.102180 0.098030
0 0.086532 0.585185 0.081165 0.121615
0 0.763688 0.246955 0.083696 0.113097
0 0.025253 0.761083 0.050397 0.111764
0 0.295293 0.328827 0.077377 0.112613
0 0.274450 0.546299 0.084387 0.124902
0 0.720023 0.350347 0.088102 0.120581
0 0.920677 0.086042 0.082797 0.122927
0 0.831267 0.387888 0.087280 0.115489
0 0.625720 0.423897 0.091763 0.111394
0 0.594371 0.173979 0.096443 0.110077
0 0.424477 0.453966 0.087427 0.122377
0 0.921327 0.525201 0.090147 0.107233
0 0.373318 0.973050 0.088966 0.053899
0 0.525590 0.287171 0.086173 0.122377
0 0.974207 0.592132 0.051470 0.112413
0 0.685785 0.202122 0.082867 0.108678
0 0.737660 0.715748 0.077465 0.105149
0 0.672216 0.969545 0.094240 0.059820
0 0.401917 0.372984 0.097631 0.117284
0 0.603818 0.057248 0.093044 0.114496
0 0.977625 0.701026 0.044749 0.116415
0 0.022458 0.364660 0.044676 0.105936
0 0.870887 0.872058 0.074452 0.117942
0 0.560519 0.594228 0.089302 0.109280
0 0.396314 0.612546 0.084973 0.128385
0 0.363532 0.088287 0.089055 0.094321
0 0.428441 0.039537 0.082616 0.079074
0 0.024300 0.263251 0.048569 0.096574
0 0.260783 0.055237 0.104329 0.096173
0 0.125768 0.188488 0.088881 0.114311
0 0.508335 0.123873 0.085204 0.121646
0 0.866175 0.177575 0.095382 0.102052
0 0.024117 0.968354 0.048032 0.063292
0 0.149028 0.532359 0.084792 0.107917
0 0.761883 0.051276 0.087068 0.101800
0 0.448393 0.702418 0.105120 0.109928
