1 0.236996 0.522382 0.095612 0.160532
1 0.666158 0.196988 0.100107 0.156773
1 0.259802 0.744674 0.089495 0.171153
1 0.837496 0.475519 0.087602 0.143000
1 0.056240 0.230938 0.106276 0.164736
1 0.357690 0.655373 0.100589 0.148032
1 0.621712 0.734576 0.083305 0.163255
1 0.845354 0.742192 0.082781 0.155060
1 0.281027 0.408407 0.092049 0.156583
1 0.752681 0.643725 0.091857 0.158875
1 0.439086 0.315951 0.092807 0.151440
1 0.935043 0.041299 0.087477 0.082597
0 0.485120 0.437713 0.088464 0.154370
0 0.114091 0.072676 0.082167 0.142676
0 0.979681 0.022086 0.040638 0.044171
0 0.534773 0.025141 0.084130 0.050282
0 0.757527 0.969373 0.094003 0.061255
0 0.179630 0.045574 0.094719 0.091148
0 0.404331 0.526181 0.112047 0.131704
0 0.887760 0.638076 0.086411 0.137977
0 0.425755 0.185280 0.088031 0.127403
0 0.626832 0.312914 0.093102 0.129903
0 0.583309 0.606368 0.107174 0.128968
0 0.945813 0.833083 0.085505 0.143639
0 0.881331 0.380787 0.098760 0.130009
0 0.887857 0.102317 0.086151 0.137495
0 0.484715 0.828745 0.099654 0.113519
0 0.984288 0.358280 0.031424 0.124088
0 0.024417 0.329146 0.048833 0.151329
0 0.252383 0.199657 0.081146 0.137083
0 0.971599 0.481824 0.056802 0.142722
0 0.050405 0.479100 0.079956 0.135440
0 0.406647 0.959144 0.092586 0.080639
0 0.167775 0.781998 0.082055 0.146116
0 0.919444 0.269079 0.089727 0.129657
0 0.880049 0.951363 0.083214 0.097273
0 0.039751 0.089345 0.079503 0.169569
0 0.726068 0.426495 0.092073 0.147009
0 0.848003 0.225060 0.074745 0.147111
0 0.526641 0.304215 0.080255 0.130273
0 0.959302 0.950685 0.080854 0.098630
0 0.505776 0.152231 0.077172 0.132704
0 0.077736 0.935991 0.078372 0.126056
0 0.163546 0.198204 0.082555 0.141926
0 0.966611 0.131472 0.066638 0.135778
0 0.478211 0.704238 0.086812 0.146875
0 0.171947 0.352431 0.088602 0.144769
0 0.350139 0.826900 0.074107 0.144171
0 0.688690 0.568993 0.098125 0.141912
0 0.821270 0.878139 0.088148 0.145120
0 0.039529 0.865613 0.078854 0.143875
0 0.514549 0.930940 0.093391 0.135676
0 0.615742 0.481100 0.084568 0.145597
0 0.553865 0.736856 0.068682 0.148519
0 0.256695 0.901681 0.094859 0.155926
