0 0.269869 0.981599 0.082637 0.036802
0 0.637051 0.730023 0.074852 0.097214
0 0.760797 0.168292 0.073406 0.095542
0 0.699609 0.911177 0.068547 0.098802
0 0.648137 0.387091 0.063898 0.083359
0 0.976402 0.288758 0.046867 0.089578
0 0.938572 0.879286 0.064504 0.087323
0 0.832701 0.675443 0.080949 0.106813
0 0.558205 0.978229 0.077855 0.043542
0 0.094775 0.133982 0.071027 0.092672
0 0.891859 0.323401 0.071031 0.090312
0 0.856473 0.849497 0.075984 0.098682
0 0.596982 0.078466 0.067887 0.088286
0 0.569281 0.742940 0.067180 0.088526
0 0.991975 0.696826 0.015098 0.124911
0 0.176508 0.312784 0.076281 0.102516
1 0.422740 0.211721 0.076387 0.094682
0 0.177955 0.408594 0.065754 0.088354
0 0.107400 0.044091 0.076363 0.088182
0 0.831344 0.148258 0.070602 0.086526
0 0.528742 0.128292 0.068984 0.098427
0 0.966537 0.507198 0.066926 0.096885
0 0.243068 0.402443 0.061082 0.083562
0 0.654082 0.115242 0.065820 0.085839
0 0.768615 0.546091 0.077941 0.105516
0 0.582354 0.177893 0.069793 0.098474
0 0.106336 0.329672 0.067609 0.095490
0 0.177322 0.866823 0.060629 0.079229
0 0.464861 0.948406 0.070105 0.092625
0 0.156938 0.096279 0.064570 0.089286
0 0.630475 0.210521 0.060098 0.093542
0 0.067242 0.551219 0.067297 0.091771
0 0.898420 0.019443 0.073129 0.038885
0 0.031062 0.227742 0.060680 0.092693
0 0.264840 0.329753 0.071109 0.082880
0 0.512473 0.678495 0.075117 0.101333
0 0.444783 0.508513 0.076379 0.096630
0 0.683971 0.455956 0.062176 0.084734
0 0.595658 0.543336 0.072254 0.097359
0 0.026668 0.486302 0.052508 0.113563
0 0.441768 0.419385 0.068840 0.088552
0 0.529492 0.270042 0.074266 0.094271
0 0.404826 0.730263 0.073637 0.096818
0 0.977104 0.042216 0.044527 0.084432
0 0.791639 0.388216 0.067113 0.088724
0 0.730299 0.317529 0.075082 0.090089
0 0.043246 0.035617 0.061695 0.071234
0 0.371898 0.470516 0.075977 0.095802
0 0.070848 0.846523 0.069242 0.092130
0 0.233201 0.488154 0.062832 0.087964
0 0.704787 0.982141 0.083762 0.035719
0 0.599787 0.451513 0.069910 0.088016
0 0.421406 0.032784 0.066930 0.065568
0 0.611768 0.016034 0.076684 0.032068
0 0.375658 0.924068 0.062223 0.077750
0 0.898385 0.497409 0.073605 0.090599
1 0.314643 0.081589 0.076668 0.093906
1 0.256082 0.242286 0.071422 0.094292
1 0.310584 0.399378 0.075559 0.101505
1 0.240053 0.826708 0.081676 0.109406
0 0.007320 0.028940 0.013562 0.057880
1 0.341947 0.025589 0.069840 0.047646
0 0.063574 0.981919 0.071633 0.035766
0 0.010398 0.391328 0.020516 0.101792
1 0.753533 0.457633 0.072473 0.085359
0 0.428139 0.986552 0.084332 0.026896
1 0.254717 0.644156 0.075730 0.103406
1 0.199303 0.040221 0.077441 0.080443
1 0.156406 0.556607 0.069625 0.085984
0 0.840102 0.990656 0.071805 0.018688
0 0.343705 0.288987 0.069504 0.087839
0 0.153607 0.940419 0.071520 0.087536
0 0.689572 0.193674 0.058676 0.082328
0 0.231492 0.932156 0.074609 0.098667
0 0.823703 0.944768 0.068023 0.085464
0 0.353338 0.194464 0.067707 0.094437
0 0.778617 0.893193 0.068000 0.096688
0 0.972480 0.410016 0.055039 0.096927
0 0.870783 0.414867 0.072590 0.092370
0 0.444934 0.122242 0.073320 0.092443
0 0.497406 0.207432 0.074164 0.082812
0 0.873508 0.078263 0.074062 0.091255
0 0.861152 0.226529 0.073133 0.092141
