0 0.754810 0.517088 0.085380 0.152991
0 0.595997 0.783157 0.091984 0.147333
0 0.752773 0.200458 0.081766 0.140046
0 0.597247 0.527269 0.081234 0.137981
0 0.794091 0.685921 0.080766 0.162917
0 0.806203 0.831884 0.081552 0.135120
0 0.246500 0.819847 0.079281 0.135250
0 0.440508 0.162694 0.093266 0.152148
0 0.603625 0.379806 0.077010 0.122944
0 0.144003 0.793093 0.081141 0.138407
0 0.487628 0.057579 0.078339 0.115157
0 0.532680 0.417690 0.077057 0.130065
0 0.277443 0.938639 0.082656 0.122722
0 0.519737 0.674375 0.088641 0.128713
0 0.354971 0.731505 0.078297 0.145417
0 0.869732 0.679352 0.074703 0.132444
0 0.857688 0.269190 0.089583 0.144306
0 0.658130 0.274204 0.086250 0.128093
0 0.884073 0.854370 0.076521 0.139148
0 0.111781 0.453106 0.091188 0.127639
0 0.270500 0.689514 0.077198 0.137565
0 0.307141 0.407296 0.077187 0.144648
0 0.032060 0.641394 0.064120 0.141269
0 0.384125 0.322556 0.079813 0.142000
0 0.945310 0.666264 0.080339 0.143176
0 0.673971 0.461704 0.082307 0.139389
0 0.851107 0.952528 0.070620 0.094944
0 0.379617 0.899968 0.085891 0.145602
0 0.339172 0.591606 0.078208 0.141417
0 0.216276 0.430903 0.083469 0.139065
0 0.780036 0.946597 0.073781 0.106806
0 0.588812 0.921190 0.087365 0.131583
0 0.433799 0.836278 0.082797 0.146426
0 0.509464 0.541343 0.079792 0.139889
0 0.722117 0.772338 0.078620 0.131046
0 0.104458 0.632329 0.086542 0.156343
0 0.240109 0.306181 0.085562 0.142213
0 0.672961 0.675704 0.078464 0.133278
0 0.309948 0.253782 0.082052 0.148250
0 0.714667 0.875801 0.075177 0.108583
0 0.835232 0.160569 0.076214 0.124102
0 0.838302 0.417014 0.074302 0.140787
0 0.259792 0.564861 0.074896 0.116963
0 0.206797 0.053639 0.080510 0.107278
0 0.970122 0.502574 0.059755 0.141870
0 0.850109 0.539426 0.076031 0.128296
0 0.945010 0.178495 0.079583 0.133157
0 0.040078 0.318486 0.078385 0.144324
0 0.178195 0.544079 0.083766 0.136639
0 0.097312 0.893597 0.073542 0.136750
0 0.187138 0.675639 0.082047 0.144037
0 0.072753 0.122153 0.088755 0.140676
0 0.944982 0.800625 0.076932 0.129639
0 0.957750 0.938769 0.082521 0.122463
0 0.751135 0.043111 0.077771 0.083185
0 0.037646 0.921310 0.069375 0.129509
0 0.376305 0.451806 0.069703 0.122685
0 0.358779 0.043597 0.071161 0.087194
0 0.908161 0.338907 0.077563 0.162500
0 0.703448 0.965796 0.086542 0.068407
0 0.568503 0.200514 0.087172 0.132417
0 0.819766 0.055500 0.074438 0.111000
0 0.500208 0.277972 0.087469 0.149741
0 0.602430 0.696606 0.075870 0.138491
0 0.023768 0.773681 0.047536 0.144713
0 0.174458 0.946764 0.081937 0.106472
0 0.056143 0.250134 0.083141 0.141046
0 0.958958 0.325921 0.070604 0.158935
0 0.925263 0.059421 0.079766 0.118843
0 0.100044 0.034625 0.070693 0.069250
0 0.988589 0.074310 0.021656 0.117287
0 0.025133 0.975606 0.050266 0.048787
0 0.018112 0.074583 0.036224 0.131537
0 0.427307 0.017310 0.082552 0.033769
0 0.988760 0.737528 0.022219 0.134037
0 0.532990 0.978083 0.089354 0.043833
0 0.983378 0.906278 0.033245 0.116815
0 0.417542 0.981991 0.088448 0.036019
0 0.992943 0.311435 0.013437 0.136259
0 0.881167 0.016583 0.087708 0.030889
0 0.095049 0.983079 0.077057 0.031102
0 0.257669 0.010509 0.077214 0.021019
0 0.590586 0.090060 0.090276 0.161824
1 0.437685 0.695287 0.091474 0.162537
0 0.681487 0.092370 0.099182 0.163852
0 0.314513 0.113968 0.080411 0.139306
0 0.735203 0.359634 0.081458 0.136028
