0 0.938250 0.809028 0.086458 0.138574
0 0.411159 0.129486 0.086484 0.164380
0 0.655464 0.340843 0.086729 0.151444
0 0.332638 0.207102 0.085036 0.147481
0 0.095563 0.254727 0.088490 0.149824
0 0.593099 0.078750 0.090677 0.145889
0 0.588719 0.221125 0.084458 0.147083
0 0.171659 0.537407 0.090755 0.154537
0 0.669576 0.725819 0.096255 0.158139
0 0.492000 0.178843 0.086646 0.158352
0 0.045583 0.840727 0.091167 0.148676
0 0.672552 0.154833 0.085396 0.144685
1 0.499219 0.638361 0.091979 0.166056
0 0.910240 0.012236 0.082906 0.024472
0 0.991768 0.063366 0.015318 0.126731
0 0.821875 0.019440 0.094583 0.038880
0 0.104633 0.968162 0.088245 0.063676
0 0.989708 0.226065 0.020583 0.158352
0 0.990375 0.372704 0.018698 0.138796
0 0.670188 0.960718 0.087896 0.073991
0 0.013000 0.337889 0.025417 0.161519
0 0.227536 0.948588 0.083104 0.102824
0 0.987383 0.577875 0.024786 0.142120
0 0.964578 0.860204 0.070844 0.140352
0 0.069326 0.942819 0.086422 0.114361
0 0.675758 0.043366 0.098797 0.086731
0 0.366552 0.040509 0.078531 0.078296
0 0.093760 0.033421 0.087646 0.066843
0 0.854779 0.194778 0.084818 0.149259
0 0.922695 0.439514 0.100349 0.162361
0 0.085484 0.715384 0.083896 0.153917
0 0.112557 0.581843 0.085687 0.149926
0 0.164802 0.193431 0.081521 0.152546
0 0.831195 0.756833 0.088766 0.157111
0 0.344826 0.751356 0.082964 0.149565
0 0.740216 0.234769 0.091318 0.153185
0 0.300711 0.341657 0.091880 0.156111
0 0.971846 0.711699 0.056307 0.140843
0 0.288211 0.062162 0.089682 0.124139
0 0.867005 0.600741 0.084677 0.141370
0 0.837271 0.929333 0.082542 0.139648
0 0.253094 0.182810 0.087229 0.146620
0 0.229857 0.339745 0.090568 0.143454
0 0.115276 0.389157 0.088010 0.142778
0 0.386068 0.346023 0.083500 0.139843
0 0.782453 0.358125 0.081833 0.153972
0 0.706622 0.611144 0.073495 0.126417
0 0.935219 0.244995 0.081313 0.138565
0 0.691292 0.862301 0.083396 0.146398
0 0.613643 0.894440 0.083599 0.141250
0 0.271786 0.838134 0.086969 0.142787
0 0.059370 0.482227 0.083135 0.144917
0 0.789109 0.627051 0.083896 0.151917
0 0.260826 0.601366 0.083443 0.145083
0 0.467594 0.422898 0.081854 0.155333
0 0.400555 0.937421 0.079578 0.124231
0 0.584102 0.767625 0.085901 0.154991
0 0.774641 0.095583 0.093937 0.161352
0 0.268286 0.695611 0.094031 0.149148
0 0.954745 0.136431 0.090510 0.150287
0 0.412815 0.513699 0.083974 0.143380
0 0.529854 0.505931 0.086156 0.144194
0 0.517221 0.846083 0.092349 0.145333
0 0.703169 0.485889 0.080974 0.133222
0 0.161174 0.788824 0.082151 0.142852
0 0.575656 0.366194 0.089583 0.153852
0 0.767682 0.829102 0.082125 0.146796
0 0.182802 0.043356 0.083979 0.086713
0 0.939344 0.569597 0.080333 0.135639
0 0.755518 0.931468 0.089797 0.137065
0 0.417193 0.626255 0.082802 0.154583
0 0.586443 0.516394 0.086292 0.160417
0 0.233917 0.882556 0.077500 0.129444
0 0.023010 0.133625 0.046021 0.173435
0 0.321154 0.481546 0.093005 0.150019
0 0.336115 0.565398 0.086844 0.154148
0 0.852440 0.327005 0.073370 0.133324
0 0.751927 0.508792 0.082448 0.167343
0 0.823826 0.497986 0.081339 0.148750
0 0.023326 0.720162 0.046432 0.149639
0 0.531969 0.941620 0.092021 0.116630
0 0.531687 0.027671 0.092010 0.055343
0 0.162372 0.702245 0.084224 0.128935
