0 0.212789 0.059995 0.079057 0.118269
0 0.781250 0.500264 0.075115 0.127676
0 0.369747 0.960583 0.078474 0.078833
0 0.702229 0.039509 0.092010 0.077111
0 0.303133 0.401292 0.083036 0.160565
0 0.889674 0.903315 0.079943 0.145741
0 0.526935 0.973991 0.077839 0.051630
0 0.024589 0.808671 0.049177 0.127602
0 0.023271 0.036264 0.044729 0.070231
0 0.453747 0.928458 0.090526 0.136954
0 0.836070 0.970741 0.081224 0.058519
0 0.075172 0.059625 0.076625 0.117991
0 0.457336 0.013218 0.076495 0.026435
0 0.970451 0.129491 0.059099 0.139111
0 0.005820 0.663477 0.011641 0.175083
0 0.977281 0.015343 0.045438 0.030000
0 0.005052 0.279630 0.010104 0.110667
0 0.695930 0.410625 0.101641 0.193639
0 0.917617 0.981699 0.088328 0.030417
0 0.563893 0.269194 0.087068 0.159370
0 0.757305 0.916764 0.088786 0.137583
0 0.100310 0.175324 0.098943 0.146185
0 0.524992 0.748690 0.081578 0.143935
0 0.621307 0.955708 0.074552 0.088583
0 0.574974 0.620495 0.090469 0.144991
0 0.460794 0.799074 0.075599 0.138500
0 0.401682 0.121560 0.078219 0.144713
0 0.478766 0.102097 0.088729 0.152565
0 0.304497 0.639667 0.083630 0.161185
0 0.146901 0.798236 0.086958 0.155250
0 0.148698 0.930333 0.086219 0.139333
0 0.225328 0.448431 0.092375 0.161454
0 0.186234 0.270037 0.078583 0.139593
0 0.657484 0.639944 0.089365 0.145167
0 0.793667 0.328773 0.082281 0.145102
0 0.855977 0.055519 0.079161 0.110426
0 0.776047 0.697134 0.084187 0.157102
0 0.690711 0.955370 0.078026 0.089259
0 0.632638 0.065759 0.088286 0.131519
0 0.660698 0.508819 0.079740 0.134472
0 0.361547 0.841977 0.078073 0.132046
0 0.720896 0.450995 0.083719 0.149991
0 0.648464 0.779199 0.084875 0.151139
0 0.253440 0.830606 0.079349 0.169639
0 0.083997 0.939120 0.084078 0.121759
0 0.226021 0.928120 0.081687 0.143759
0 0.242185 0.158611 0.074359 0.127574
0 0.293615 0.072213 0.089469 0.134889
0 0.039839 0.663963 0.075635 0.175611
0 0.022810 0.177319 0.043984 0.131287
0 0.975508 0.614167 0.048589 0.144444
0 0.100844 0.683306 0.066344 0.168167
0 0.144706 0.052606 0.073380 0.104250
0 0.675089 0.378407 0.079844 0.142926
0 0.778888 0.082838 0.078391 0.123528
0 0.070997 0.463037 0.080234 0.169278
0 0.385513 0.505111 0.084516 0.151222
0 0.464589 0.251829 0.085948 0.152769
0 0.971583 0.258731 0.054396 0.142093
0 0.845289 0.463481 0.081495 0.161426
0 0.808516 0.848495 0.095208 0.141583
0 0.947167 0.418940 0.078510 0.131972
0 0.143508 0.451653 0.076141 0.144954
0 0.093055 0.294833 0.081714 0.133870
0 0.592898 0.435028 0.078755 0.137907
0 0.561534 0.874444 0.076974 0.121741
0 0.560711 0.133546 0.088276 0.124519
0 0.975516 0.755255 0.048052 0.146694
0 0.450359 0.432144 0.089260 0.150102
0 0.869258 0.257481 0.076630 0.137870
0 0.632477 0.285875 0.070526 0.157028
0 0.301888 0.911625 0.081245 0.164139
0 0.315503 0.243361 0.087891 0.149574
0 0.188487 0.550616 0.076068 0.127028
0 0.813500 0.605903 0.094146 0.123824
0 0.710495 0.207333 0.088646 0.136296
0 0.396555 0.317458 0.089672 0.168028
0 0.159625 0.653083 0.076396 0.142630
0 0.932924 0.057282 0.081057 0.114565
0 0.022615 0.525792 0.044146 0.141713
0 0.024802 0.393713 0.048844 0.147148
0 0.368154 0.714856 0.082922 0.141028
1 0.512435 0.365537 0.083120 0.151241
