0 0.220715 0.373492 0.065977 0.097370
0 0.605250 0.878224 0.069547 0.107240
0 0.555566 0.763385 0.077219 0.087094
0 0.962287 0.199578 0.070668 0.087927
0 0.608477 0.107953 0.064898 0.092073
0 0.714145 0.631568 0.070227 0.087146
0 0.247201 0.754219 0.080777 0.081854
0 0.560033 0.857115 0.071746 0.104688
0 0.285842 0.316727 0.065770 0.091943
0 0.788020 0.454062 0.063594 0.087500
0 0.429580 0.306302 0.070191 0.098760
0 0.167391 0.069490 0.064234 0.078823
0 0.368473 0.774292 0.071164 0.096729
0 0.799887 0.138305 0.072766 0.092182
0 0.304471 0.910443 0.083184 0.096906
0 0.882561 0.704201 0.071340 0.087630
0 0.894445 0.283570 0.076062 0.094078
0 0.040865 0.903536 0.069074 0.086729
0 0.075234 0.306854 0.067703 0.080542
0 0.547137 0.395172 0.073195 0.095760
0 0.146865 0.228628 0.072676 0.093078
0 0.687852 0.267857 0.073375 0.087911
0 0.245463 0.629057 0.073512 0.086854
0 0.662613 0.894109 0.069023 0.098531
0 0.487607 0.559659 0.071684 0.092224
0 0.926053 0.641727 0.072410 0.086359
0 0.168480 0.711156 0.066195 0.100417
0 0.107695 0.741435 0.071258 0.094474
0 0.432533 0.864156 0.070660 0.097115
0 0.958848 0.381404 0.070484 0.096120
0 0.055117 0.635685 0.068437 0.086120
0 0.519652 0.938674 0.073578 0.094859
0 0.313186 0.688734 0.072020 0.088917
0 0.461287 0.641596 0.076285 0.099297
0 0.149875 0.819729 0.074102 0.098531
0 0.261230 0.433924 0.074109 0.098276
0 0.581566 0.965469 0.068875 0.068875
0 0.360176 0.625690 0.071273 0.088234
0 0.174545 0.146159 0.065598 0.091630
0 0.432439 0.753484 0.066199 0.097375
0 0.135953 0.468021 0.064328 0.098802
0 0.442959 0.487315 0.070434 0.082370
0 0.021760 0.308654 0.043520 0.094641
0 0.721574 0.904523 0.064023 0.100078
0 0.959000 0.063169 0.066656 0.125516
0 0.029025 0.046310 0.053949 0.088703
0 0.243279 0.254747 0.073121 0.086901
0 0.604299 0.332263 0.072613 0.081578
1 0.658857 0.411992 0.074996 0.083026
0 0.635180 0.025781 0.061852 0.051562
0 0.658281 0.020518 0.073172 0.041036
0 0.005732 0.422958 0.011465 0.084729
0 0.882521 0.987875 0.079043 0.024250
0 0.331189 0.011112 0.080559 0.021328
0 0.509404 0.991742 0.071191 0.016516
0 0.571514 0.263352 0.060762 0.080557
0 0.069350 0.989786 0.079988 0.020427
0 0.016855 0.494471 0.032516 0.092682
0 0.615166 0.359346 0.071543 0.103776
0 0.993592 0.752234 0.012816 0.085687
0 0.328967 0.052802 0.080457 0.094542
0 0.927635 0.017784 0.072629 0.035234
0 0.573918 0.022250 0.068133 0.044437
0 0.228799 0.276568 0.071027 0.103708
0 0.990973 0.831820 0.016766 0.088130
0 0.868047 0.433362 0.066203 0.097245
0 0.849295 0.973018 0.059926 0.053589
0 0.841326 0.419125 0.070668 0.092813
0 0.369898 0.264596 0.071359 0.093557
0 0.493402 0.059964 0.065406 0.110396
0 0.183756 0.018174 0.078207 0.036349
0 0.336924 0.354049 0.062684 0.090703
0 0.597023 0.249427 0.070414 0.091437
0 0.981744 0.979625 0.036512 0.040458
0 0.759086 0.979068 0.065648 0.041552
0 0.886654 0.032786 0.064168 0.065573
0 0.015195 0.595615 0.030289 0.091698
0 0.648422 0.508130 0.088414 0.108073
0 0.988564 0.494328 0.022871 0.088573
0 0.018627 0.976203 0.035730 0.044635
0 0.789734 0.780766 0.077344 0.101146
0 0.836900 0.841888 0.070465 0.092880
0 0.279457 0.173156 0.070672 0.092083
0 0.029293 0.020362 0.058547 0.040630
0 0.436752 0.977948 0.069871 0.042885
0 0.300096 0.106346 0.071238 0.090474
0 0.038027 0.145495 0.071750 0.090167
0 0.611842 0.661786 0.092012 0.090667
0 0.012840 0.846164 0.025680 0.088453
0 0.223594 0.112742 0.079117 0.104130
0 0.042748 0.715698 0.070145 0.082708
0 0.597264 0.050977 0.074598 0.080359
0 0.027178 0.183427 0.054355 0.095417
0 0.105928 0.070477 0.065090 0.085391
0 0.983609 0.917940 0.032781 0.086682
0 0.089229 0.106391 0.074113 0.094990
0 0.952867 0.732893 0.071539 0.083797
0 0.505297 0.286352 0.081391 0.109974
0 0.863863 0.780799 0.077883 0.095401
0 0.669170 0.055539 0.063512 0.087151
0 0.661463 0.783773 0.078527 0.083141
0 0.207543 0.538396 0.070078 0.092917
0 0.948842 0.536635 0.078418 0.102750
0 0.365926 0.336135 0.067180 0.085375
0 0.395936 0.467237 0.073613 0.088286
0 0.038469 0.757331 0.068703 0.092005
0 0.703053 0.974703 0.065762 0.049667
0 0.980758 0.281987 0.038203 0.086516
0 0.192570 0.497117 0.072242 0.092495
0 0.041873 0.465758 0.075402 0.096484
0 0.531186 0.113115 0.067090 0.092146
0 0.828154 0.595992 0.062449 0.073672
0 0.824033 0.887836 0.078848 0.087141
0 0.832775 0.031719 0.065863 0.062427
0 0.729605 0.161872 0.076859 0.112734
0 0.717199 0.488328 0.068734 0.090917
0 0.844264 0.125234 0.064723 0.082135
0 0.639525 0.600286 0.080145 0.083146
0 0.883268 0.181930 0.068051 0.088297
0 0.310588 0.780695 0.058887 0.081036
0 0.032855 0.556451 0.065711 0.084870
0 0.670170 0.837258 0.073121 0.085891
0 0.927084 0.340781 0.069598 0.097000
0 0.977895 0.667570 0.042773 0.079151
0 0.790531 0.082852 0.071891 0.083641
0 0.380867 0.418805 0.078867 0.097380
0 0.745275 0.540682 0.077621 0.081646
0 0.898461 0.855958 0.076578 0.103687
0 0.174732 0.263956 0.062840 0.093589
0 0.181781 0.353174 0.064750 0.078599
0 0.971867 0.039510 0.055539 0.078427
0 0.074303 0.235555 0.080215 0.089120
0 0.597773 0.743542 0.079344 0.082844
0 0.705611 0.776073 0.076691 0.095729
0 0.811826 0.959875 0.073699 0.077469
0 0.512033 0.462914 0.068480 0.097172
0 0.133176 0.334852 0.070867 0.080255
0 0.951336 0.788328 0.070750 0.090688
0 0.905508 0.944909 0.075266 0.100828
0 0.766857 0.240641 0.071637 0.096948
0 0.137561 0.407964 0.076168 0.088188
0 0.228574 0.702745 0.066859 0.085490
0 0.370885 0.864510 0.061863 0.088427
0 0.370541 0.949805 0.065371 0.082672
0 0.027238 0.083646 0.054477 0.094292
0 0.301441 0.229680 0.073148 0.087703
0 0.240701 0.868573 0.071520 0.096906
0 0.230459 0.964003 0.078020 0.069818
0 0.948256 0.857854 0.067434 0.100260
0 0.754025 0.721979 0.067160 0.088167
0 0.788686 0.655667 0.079691 0.078635
0 0.491916 0.804646 0.069145 0.092625
0 0.767959 0.311260 0.069160 0.101521
0 0.116721 0.175917 0.072832 0.089917
0 0.288029 0.611922 0.068598 0.086458
0 0.932615 0.110398 0.078832 0.101151
0 0.076021 0.547776 0.071168 0.097281
0 0.683396 0.353820 0.074098 0.091453
0 0.200680 0.897068 0.073687 0.091375
0 0.829406 0.327219 0.067648 0.094479
0 0.297379 0.513701 0.066281 0.091922
0 0.920652 0.485182 0.073141 0.082240
0 0.787270 0.592576 0.071586 0.087266
0 0.719146 0.036747 0.061730 0.073495
0 0.449021 0.380393 0.072574 0.092297
0 0.857533 0.220044 0.068121 0.090568
0 0.521045 0.192349 0.076254 0.089281
