0 0.264158 0.135438 0.075846 0.133810
1 0.979638 0.052377 0.040724 0.104755
1 0.047251 0.529343 0.076930 0.160472
1 0.332833 0.597433 0.094844 0.122773
0 0.571854 0.751475 0.079854 0.138847
0 0.287544 0.294977 0.074568 0.137667
0 0.044560 0.137197 0.082208 0.134162
0 0.659839 0.065685 0.074167 0.129056
0 0.505517 0.255669 0.082435 0.133282
0 0.658680 0.912287 0.075141 0.144148
0 0.685070 0.585373 0.071604 0.134921
0 0.545197 0.631537 0.080607 0.144444
0 0.701473 0.771801 0.080904 0.148926
0 0.847914 0.394956 0.070938 0.137681
0 0.452533 0.121310 0.075305 0.139750
0 0.219922 0.233667 0.087557 0.137630
0 0.617108 0.611086 0.069659 0.154866
0 0.716030 0.218438 0.068227 0.116699
0 0.375983 0.104597 0.081539 0.143898
0 0.572898 0.912995 0.072729 0.140259
0 0.118079 0.535620 0.072393 0.141074
0 0.602120 0.453688 0.066354 0.125847
0 0.758828 0.542660 0.088865 0.146995
0 0.572072 0.318755 0.081497 0.141231
0 0.642025 0.200343 0.079815 0.135935
0 0.716148 0.935139 0.070625 0.128204
0 0.313969 0.056896 0.077760 0.112708
0 0.052857 0.272157 0.077568 0.139593
0 0.659234 0.325845 0.075474 0.122644
0 0.529305 0.433900 0.079833 0.141282
0 0.487728 0.561667 0.080992 0.137676
0 0.369384 0.468699 0.077206 0.142667
0 0.443872 0.901889 0.071234 0.130056
0 0.408461 0.342745 0.073432 0.124500
0 0.728087 0.102688 0.076523 0.124069
0 0.153452 0.396442 0.078148 0.165023
0 0.450600 0.453583 0.081961 0.151065
0 0.794116 0.462972 0.084180 0.140213
0 0.781857 0.731150 0.077578 0.125181
0 0.405803 0.217970 0.074815 0.121292
0 0.520900 0.085137 0.071112 0.147940
0 0.723999 0.373491 0.069122 0.161398
0 0.674236 0.452965 0.080289 0.133755
0 0.574366 0.145116 0.075268 0.128639
0 0.783375 0.943394 0.071969 0.110917
0 0.782620 0.228843 0.071906 0.120574
0 0.383426 0.944961 0.087706 0.108458
0 0.507905 0.903296 0.064258 0.147296
0 0.741102 0.657044 0.082958 0.113764
0 0.389241 0.833465 0.074820 0.128819
0 0.076155 0.410565 0.082383 0.133565
0 0.806417 0.114560 0.079474 0.139694
0 0.059928 0.037785 0.080570 0.074273
0 0.299845 0.510579 0.069523 0.116843
0 0.591083 0.044551 0.070349 0.088343
0 0.943438 0.287701 0.076604 0.135792
0 0.908105 0.451977 0.080846 0.134454
0 0.858496 0.222806 0.078857 0.134157
0 0.936917 0.079896 0.073370 0.138588
0 0.354917 0.319289 0.077797 0.168412
0 0.973630 0.402155 0.052604 0.128106
0 0.971948 0.174581 0.056104 0.134579
0 0.114780 0.309294 0.085445 0.111995
0 0.631922 0.786206 0.071880 0.180403
0 0.113410 0.190313 0.072372 0.141097
0 0.345482 0.729169 0.085063 0.136412
0 0.890836 0.133238 0.081849 0.156653
0 0.761875 0.837813 0.098448 0.118792
0 0.332913 0.194968 0.083930 0.128556
0 0.784193 0.346280 0.077870 0.115421
0 0.295533 0.405727 0.088576 0.122852
0 0.768954 0.035963 0.077664 0.071926
0 0.016520 0.428664 0.033039 0.129653
0 0.185723 0.519049 0.062107 0.160671
0 0.417061 0.029664 0.084935 0.059329
0 0.009736 0.210387 0.019471 0.139449
0 0.454324 0.982722 0.077878 0.033722
0 0.228405 0.370831 0.075794 0.158477
0 0.902460 0.326171 0.092268 0.146926
0 0.010095 0.557586 0.020190 0.160606
0 0.518909 0.984991 0.082229 0.029398
0 0.991719 0.286491 0.016562 0.129269
