0 0.011706 0.507218 0.023411 0.154194
0 0.549081 0.943185 0.079839 0.113630
0 0.013427 0.345394 0.025990 0.156824
0 0.611247 0.019037 0.087318 0.032185
0 0.462073 0.948681 0.085906 0.102639
0 0.009398 0.204093 0.018797 0.163889
0 0.952664 0.017273 0.086443 0.034546
0 0.145029 0.289088 0.077776 0.139583
0 0.916451 0.933065 0.081130 0.127944
0 0.738430 0.037949 0.082359 0.074917
0 0.988885 0.379519 0.022167 0.152519
0 0.041734 0.147588 0.077948 0.149417
0 0.626404 0.930718 0.092370 0.138565
0 0.083107 0.672787 0.087641 0.155407
0 0.894250 0.631329 0.082927 0.125287
0 0.984039 0.666037 0.030714 0.147333
0 0.361487 0.783431 0.084172 0.158657
0 0.301536 0.131523 0.093260 0.169694
0 0.970440 0.828310 0.057797 0.152102
0 0.553901 0.053366 0.075375 0.106731
0 0.303956 0.941241 0.093286 0.117519
0 0.799698 0.634699 0.076948 0.126620
0 0.981620 0.237778 0.036760 0.151500
0 0.818372 0.059611 0.084099 0.119222
0 0.594656 0.766940 0.083698 0.138472
0 0.120451 0.940880 0.081318 0.118241
0 0.457911 0.071093 0.092219 0.142185
0 0.932615 0.767153 0.074604 0.131065
0 0.578852 0.641421 0.090474 0.143398
0 0.265659 0.699486 0.078464 0.155861
0 0.060276 0.469435 0.089333 0.162259
0 0.197591 0.111912 0.094193 0.152157
0 0.381706 0.041708 0.080266 0.083417
0 0.026745 0.953199 0.053490 0.093528
0 0.034453 0.598713 0.067958 0.149889
0 0.296096 0.826806 0.085026 0.145370
0 0.532268 0.829773 0.088391 0.143898
0 0.422224 0.869287 0.084844 0.144907
0 0.194133 0.750079 0.081828 0.139565
0 0.661432 0.817579 0.079792 0.147417
0 0.500109 0.191269 0.090958 0.153889
0 0.783365 0.892449 0.093677 0.175546
0 0.310036 0.562819 0.071792 0.140009
0 0.434708 0.736741 0.084260 0.137907
0 0.636664 0.423278 0.085474 0.154389
0 0.464625 0.320880 0.080958 0.143111
0 0.192734 0.874833 0.084010 0.150185
0 0.226151 0.331472 0.086625 0.166259
0 0.305688 0.325815 0.079333 0.152722
0 0.578286 0.336810 0.074167 0.138046
0 0.849326 0.406139 0.084599 0.133056
0 0.161398 0.421444 0.083151 0.151074
0 0.242979 0.497657 0.075417 0.129981
0 0.626453 0.125000 0.082844 0.149593
0 0.533326 0.557111 0.082849 0.155630
0 0.871370 0.710505 0.082729 0.141787
0 0.380281 0.558838 0.069698 0.130935
0 0.721315 0.338773 0.080318 0.153639
0 0.738448 0.801028 0.093438 0.158426
0 0.149688 0.712903 0.085208 0.158991
0 0.178036 0.560236 0.083271 0.146213
0 0.945063 0.535190 0.082469 0.143194
0 0.455802 0.596894 0.085562 0.153769
0 0.641229 0.575009 0.089104 0.157426
0 0.656279 0.263074 0.084599 0.158167
0 0.822516 0.183060 0.082062 0.146935
0 0.370776 0.389773 0.076219 0.145269
0 0.751789 0.134134 0.080911 0.135954
0 0.874693 0.286162 0.106729 0.161769
0 0.744057 0.481713 0.086021 0.147352
0 0.912958 0.133324 0.089188 0.155259
0 0.046794 0.788199 0.090714 0.164343
0 0.707633 0.665778 0.085589 0.149556
0 0.852578 0.531319 0.099406 0.157269
1 0.499422 0.439481 0.111333 0.176537
