0 0.685975 0.693593 0.084987 0.175296
0 0.608141 0.971873 0.105656 0.052236
0 0.964057 0.019863 0.071797 0.038838
0 0.981854 0.091132 0.035651 0.154801
0 0.504897 0.979025 0.091576 0.037134
0 0.388091 0.032694 0.084135 0.065389
0 0.987340 0.919785 0.024935 0.151921
0 0.020047 0.902109 0.040094 0.147708
0 0.789249 0.031829 0.087508 0.063657
1 0.334961 0.677986 0.098115 0.186991
0 0.532126 0.028005 0.085971 0.055287
0 0.012762 0.508755 0.025523 0.142880
0 0.461163 0.046187 0.081544 0.091764
0 0.024482 0.776521 0.048911 0.144912
0 0.976072 0.340049 0.047148 0.141810
0 0.026214 0.117956 0.052266 0.165847
0 0.257333 0.038572 0.086328 0.077144
0 0.122419 0.195745 0.096630 0.141056
0 0.949294 0.287965 0.092635 0.140644
0 0.219284 0.462907 0.088542 0.138500
0 0.187754 0.257394 0.093997 0.161537
0 0.270167 0.859822 0.092021 0.166440
0 0.649085 0.070840 0.083487 0.132912
0 0.359733 0.245266 0.093565 0.146606
0 0.812487 0.605981 0.080130 0.157880
0 0.752993 0.600319 0.087065 0.164565
0 0.315009 0.818331 0.084638 0.146616
0 0.660236 0.919440 0.088674 0.153463
0 0.292983 0.576340 0.095971 0.137403
0 0.981155 0.695146 0.037690 0.168625
0 0.191049 0.534252 0.087260 0.151181
0 0.024065 0.294032 0.048130 0.142444
0 0.571841 0.099618 0.090073 0.144995
0 0.182654 0.795558 0.088724 0.140171
0 0.420643 0.102722 0.087089 0.145435
0 0.028630 0.654352 0.057130 0.145306
0 0.588189 0.229146 0.089701 0.158292
0 0.107760 0.820637 0.096344 0.153662
0 0.453337 0.903574 0.079883 0.144000
0 0.646056 0.559903 0.102122 0.164815
0 0.092604 0.309312 0.085990 0.136144
0 0.088539 0.088727 0.095474 0.148593
0 0.621009 0.850877 0.093076 0.140560
0 0.723389 0.175868 0.084560 0.150514
0 0.748419 0.725058 0.075005 0.145690
0 0.092845 0.941176 0.082284 0.115491
0 0.182536 0.059951 0.088948 0.118921
0 0.385493 0.928329 0.085628 0.140065
0 0.264495 0.697405 0.080370 0.143560
0 0.587003 0.387630 0.089427 0.151194
0 0.642603 0.727542 0.095664 0.156407
0 0.646874 0.182919 0.081523 0.139894
0 0.872824 0.057678 0.088914 0.113431
0 0.165569 0.375794 0.097794 0.153532
0 0.807788 0.410194 0.086456 0.142907
0 0.318565 0.466447 0.090828 0.143616
0 0.949704 0.815215 0.095221 0.152736
0 0.854156 0.695748 0.079979 0.139144
0 0.730415 0.936569 0.089284 0.125028
0 0.513746 0.224014 0.081117 0.149926
0 0.077247 0.435412 0.078818 0.140787
0 0.736690 0.452662 0.086510 0.149417
0 0.866448 0.324789 0.082729 0.150616
0 0.470753 0.424428 0.087500 0.164329
0 0.115182 0.532683 0.088094 0.151384
0 0.441893 0.247326 0.084448 0.171912
0 0.315702 0.336127 0.102664 0.157292
0 0.956134 0.164933 0.087268 0.142560
0 0.184382 0.669657 0.091607 0.150796
0 0.183565 0.924704 0.087490 0.147704
0 0.394952 0.426525 0.083586 0.161727
0 0.406893 0.808002 0.092557 0.145847
0 0.318004 0.093231 0.085320 0.138324
0 0.767030 0.288822 0.096409 0.156264
0 0.658590 0.429231 0.080586 0.137611
0 0.100314 0.669456 0.095060 0.166495
0 0.543917 0.499648 0.089229 0.155130
0 0.919292 0.701882 0.089875 0.157014
0 0.686165 0.313127 0.087576 0.142190
0 0.935516 0.427530 0.093083 0.154505
0 0.797224 0.125317 0.082875 0.148727
0 0.798533 0.824417 0.092299 0.159593
0 0.871371 0.192352 0.085622 0.146528
0 0.967503 0.542384 0.064995 0.155806
