0 0.011647 0.937044 0.022935 0.125005
0 0.016141 0.814602 0.032281 0.162750
0 0.024517 0.279181 0.049034 0.184759
0 0.729070 0.965981 0.096401 0.066787
0 0.936167 0.027762 0.069750 0.055523
0 0.622971 0.028731 0.059323 0.056731
0 0.776057 0.041731 0.065047 0.083241
0 0.879698 0.796690 0.071578 0.237602
0 0.361742 0.819146 0.092578 0.157727
0 0.434474 0.955363 0.084859 0.088088
0 0.712582 0.205683 0.082419 0.223375
0 0.710471 0.355113 0.081646 0.175801
0 0.454682 0.596537 0.072177 0.201287
0 0.225759 0.796951 0.065956 0.226125
0 0.385579 0.537197 0.086763 0.207856
0 0.973034 0.244197 0.053932 0.190977
0 0.963320 0.538755 0.072812 0.214685
0 0.105189 0.776245 0.078648 0.233315
0 0.094919 0.042627 0.070380 0.085255
0 0.512217 0.546171 0.071951 0.171926
0 0.724814 0.526907 0.071336 0.208583
0 0.130109 0.347257 0.086750 0.167282
0 0.608272 0.710294 0.080622 0.200764
0 0.655458 0.293921 0.067740 0.196889
0 0.209234 0.139412 0.068948 0.226056
0 0.231855 0.303238 0.077643 0.197579
0 0.072781 0.252069 0.072646 0.225056
0 0.815727 0.919296 0.076375 0.159685
0 0.051413 0.808981 0.083487 0.191130
0 0.830132 0.080562 0.062263 0.161125
0 0.804107 0.531699 0.071271 0.182204
0 0.277225 0.515352 0.071576 0.190491
0 0.738581 0.751683 0.090531 0.218569
0 0.480746 0.056243 0.080018 0.111940
0 0.201241 0.401937 0.075878 0.175727
0 0.531733 0.183815 0.078951 0.189491
0 0.899609 0.615956 0.073328 0.206310
0 0.576538 0.412843 0.082180 0.161917
0 0.731542 0.880618 0.082354 0.173106
0 0.963531 0.707090 0.072781 0.162227
0 0.784984 0.629863 0.073109 0.182755
0 0.882419 0.309616 0.090354 0.159880
0 0.685677 0.049306 0.075693 0.098306
0 0.589928 0.547627 0.087299 0.158199
0 0.154553 0.263632 0.091247 0.153940
0 0.885771 0.166380 0.077474 0.168556
0 0.306513 0.342366 0.077214 0.142037
0 0.777148 0.358972 0.081797 0.163667
0 0.557286 0.083600 0.073911 0.164616
0 0.522232 0.318609 0.076948 0.134708
0 0.158746 0.921875 0.088581 0.154546
0 0.746975 0.113859 0.081581 0.163551
0 0.038901 0.068676 0.077682 0.137352
0 0.241568 0.603201 0.082260 0.162449
0 0.864435 0.496465 0.080917 0.154190
0 0.316014 0.698310 0.069195 0.189972
0 0.556210 0.974083 0.078466 0.050620
0 0.140743 0.128317 0.087117 0.144486
0 0.598577 0.293611 0.074622 0.204074
0 0.157880 0.625988 0.078323 0.153014
0 0.988339 0.949678 0.023099 0.100208
0 0.156919 0.022947 0.058984 0.045755
1 0.386342 0.691655 0.083122 0.154949
1 0.468745 0.784836 0.081911 0.152782
