0 0.967730 0.928194 0.064539 0.140741
0 0.587398 0.640083 0.079974 0.139519
0 0.966449 0.195299 0.067049 0.154338
0 0.384130 0.755296 0.074479 0.140593
0 0.359203 0.369002 0.082250 0.143532
0 0.040000 0.087188 0.078771 0.151292
0 0.285612 0.384931 0.076630 0.140926
0 0.661009 0.295824 0.079612 0.171611
0 0.191583 0.162669 0.093219 0.158051
0 0.424757 0.128407 0.089846 0.146519
0 0.485289 0.924049 0.085297 0.136338
0 0.155711 0.947278 0.084818 0.105444
0 0.657763 0.125067 0.083682 0.160616
0 0.022875 0.740632 0.045750 0.135264
0 0.329633 0.956514 0.088255 0.086954
0 0.502193 0.651086 0.091583 0.141032
0 0.192387 0.048546 0.078878 0.096417
0 0.024674 0.869718 0.049349 0.126028
0 0.459658 0.770174 0.085456 0.149218
0 0.953637 0.054514 0.090893 0.108185
0 0.014281 0.417780 0.028563 0.146190
1 0.536137 0.428005 0.090091 0.159889
0 0.986879 0.814410 0.026242 0.142347
1 0.710221 0.059713 0.081781 0.117528
0 0.011471 0.959157 0.022802 0.081685
1 0.629936 0.490900 0.077294 0.143134
0 0.008960 0.622569 0.017919 0.136287
0 0.871322 0.984519 0.084654 0.030963
0 0.526258 0.804093 0.100557 0.147296
1 0.875895 0.038525 0.086185 0.075708
0 0.993996 0.092287 0.012008 0.161991
0 0.392432 0.038819 0.092094 0.077565
1 0.519333 0.243600 0.082396 0.155218
1 0.845112 0.653579 0.085969 0.160250
0 0.395790 0.988317 0.080372 0.022764
0 0.120132 0.405951 0.087930 0.156366
0 0.199638 0.642655 0.080526 0.142699
0 0.166857 0.514935 0.084089 0.156398
0 0.711954 0.794266 0.083404 0.148014
0 0.311099 0.603174 0.083927 0.148097
0 0.967746 0.655012 0.064466 0.141894
0 0.034445 0.265336 0.068891 0.138801
0 0.741016 0.557625 0.085615 0.159722
0 0.785895 0.898731 0.086898 0.157519
0 0.938148 0.535898 0.086854 0.152556
0 0.772181 0.713868 0.086779 0.147671
0 0.231810 0.797616 0.086953 0.152852
0 0.096457 0.848822 0.084154 0.146403
0 0.431939 0.277336 0.084523 0.143032
0 0.868595 0.885775 0.081810 0.143866
0 0.105641 0.579924 0.081005 0.144384
0 0.584815 0.173803 0.085490 0.157588
0 0.090189 0.706194 0.090466 0.144009
0 0.790504 0.246426 0.077872 0.149120
0 0.343516 0.849306 0.092620 0.143009
0 0.708284 0.938014 0.086276 0.121481
0 0.239251 0.479975 0.079716 0.146162
1 0.936991 0.382475 0.090893 0.166301
1 0.486647 0.527806 0.078112 0.139528
1 0.593090 0.346356 0.079372 0.134648
1 0.773194 0.105403 0.082138 0.150815
1 0.989120 0.387975 0.021760 0.145153
1 0.472335 0.044046 0.079190 0.083648
