0 0.909357 0.946002 0.088089 0.095773
0 0.733708 0.688525 0.097349 0.118810
0 0.253728 0.937139 0.090549 0.121157
0 0.311363 0.758877 0.092810 0.142986
0 0.562492 0.715118 0.076698 0.152051
0 0.098103 0.934662 0.079992 0.108833
0 0.969990 0.943972 0.060021 0.112056
0 0.013788 0.317319 0.027221 0.171602
0 0.247816 0.644025 0.078414 0.200495
0 0.635288 0.680933 0.100497 0.128801
0 0.329842 0.965331 0.093393 0.068755
0 0.198316 0.829176 0.098117 0.158741
0 0.300895 0.324377 0.076492 0.115625
0 0.066385 0.811775 0.086047 0.149977
0 0.971565 0.716583 0.056042 0.162972
0 0.312457 0.450130 0.112784 0.174111
0 0.302349 0.607419 0.076714 0.142338
0 0.165889 0.056924 0.081867 0.111856
0 0.150447 0.347549 0.091523 0.135273
0 0.054971 0.183627 0.093766 0.169125
0 0.758645 0.188106 0.102169 0.178389
0 0.182960 0.632525 0.082664 0.149875
0 0.241820 0.248958 0.095953 0.175769
0 0.364697 0.551407 0.091784 0.180222
0 0.360901 0.252044 0.094818 0.166301
0 0.127637 0.733176 0.089768 0.163019
0 0.709220 0.555227 0.108180 0.179130
0 0.433249 0.574468 0.091320 0.160815
0 0.643292 0.420546 0.088917 0.122769
0 0.239017 0.091933 0.087034 0.154986
0 0.065699 0.328877 0.088164 0.149366
0 0.938964 0.610773 0.088755 0.156046
0 0.065733 0.621979 0.089372 0.165227
0 0.206225 0.473481 0.087216 0.170537
0 0.300365 0.175970 0.082146 0.158616
0 0.810605 0.412949 0.099477 0.145852
0 0.868633 0.639176 0.074469 0.128046
0 0.127307 0.535861 0.090380 0.166472
0 0.132699 0.216169 0.086190 0.157653
0 0.779496 0.513558 0.099805 0.137366
0 0.422074 0.402560 0.099086 0.172083
0 0.795314 0.627771 0.089539 0.153532
0 0.728150 0.427248 0.077935 0.137505
0 0.497311 0.647794 0.084242 0.147153
0 0.478548 0.794794 0.091727 0.167292
0 0.953760 0.822079 0.082734 0.138000
0 0.874195 0.514769 0.095370 0.146843
0 0.773436 0.316456 0.099294 0.133523
0 0.623022 0.533049 0.095039 0.137597
1 0.415906 0.699782 0.088240 0.138019
0 0.113414 0.015035 0.088771 0.027829
0 0.048572 0.463815 0.083815 0.129880
0 0.184604 0.949981 0.088859 0.094361
0 0.993727 0.839785 0.012547 0.143329
0 0.639551 0.755333 0.085555 0.057852
0 0.012691 0.954067 0.024299 0.091866
