0 0.004129 0.533780 0.008258 0.129384
0 0.517961 0.789951 0.072042 0.087986
0 0.022887 0.984431 0.045773 0.029769
0 0.007501 0.169907 0.014992 0.150741
0 0.678122 0.011630 0.075714 0.022593
0 0.460788 0.013824 0.082794 0.026398
0 0.397715 0.867454 0.091482 0.138111
0 0.510249 0.715447 0.073258 0.069995
0 0.978565 0.816775 0.042870 0.142190
0 0.912505 0.976095 0.077828 0.046681
0 0.017404 0.876833 0.034557 0.147398
0 0.267376 0.031306 0.066310 0.061083
0 0.618440 0.793975 0.084234 0.127282
0 0.395484 0.964951 0.063224 0.069069
0 0.638712 0.889569 0.073758 0.105278
0 0.771883 0.826479 0.087182 0.141356
0 0.916814 0.875109 0.090419 0.151755
0 0.852091 0.048796 0.080990 0.096870
0 0.141919 0.960745 0.084797 0.076630
0 0.322010 0.955076 0.084531 0.089412
0 0.925151 0.573979 0.079813 0.140551
0 0.662237 0.093081 0.088693 0.144097
0 0.960986 0.062914 0.072747 0.124458
0 0.744589 0.135808 0.077214 0.161773
0 0.331728 0.061037 0.076060 0.121685
0 0.585913 0.957711 0.088727 0.083986
0 0.695882 0.945789 0.082393 0.108421
0 0.152169 0.055141 0.081870 0.109838
0 0.958531 0.498745 0.081156 0.139333
0 0.606207 0.317917 0.078971 0.137343
0 0.541641 0.568171 0.077182 0.131343
0 0.437270 0.106458 0.084570 0.128380
0 0.941771 0.719789 0.083156 0.140940
0 0.730659 0.317500 0.079854 0.148250
0 0.938102 0.330488 0.075682 0.148745
0 0.434048 0.333500 0.083674 0.138435
0 0.408361 0.573688 0.082482 0.151190
0 0.868522 0.476081 0.084451 0.148292
0 0.230911 0.779759 0.082406 0.131648
0 0.590296 0.678222 0.074898 0.123713
0 0.523957 0.382194 0.086956 0.147296
0 0.146060 0.683572 0.076396 0.143394
0 0.106340 0.478780 0.087659 0.154579
0 0.706725 0.459287 0.087539 0.148870
0 0.103294 0.300431 0.079557 0.138907
0 0.857624 0.327049 0.080326 0.118347
0 0.100520 0.158183 0.085747 0.151116
0 0.236301 0.496931 0.083888 0.151213
0 0.674906 0.592130 0.077979 0.132815
0 0.045914 0.573660 0.080073 0.132560
0 0.544927 0.146421 0.094333 0.151120
0 0.182691 0.260285 0.079388 0.147634
0 0.725169 0.704505 0.090911 0.148463
0 0.307148 0.403222 0.095427 0.149241
0 0.228388 0.923632 0.090573 0.152699
0 0.982395 0.193266 0.035211 0.148912
