1 0.541659 0.906273 0.093870 0.166176
0 0.992197 0.231808 0.015607 0.161986
0 0.987128 0.617067 0.024531 0.125634
0 0.011493 0.079713 0.022258 0.137296
0 0.047184 0.500153 0.089914 0.131657
0 0.225451 0.037537 0.084510 0.073556
0 0.425448 0.030148 0.087432 0.060296
0 0.046018 0.962308 0.082536 0.070829
0 0.183290 0.944007 0.074852 0.110477
0 0.560656 0.606942 0.080307 0.161384
0 0.622983 0.576505 0.077461 0.155148
0 0.987632 0.730789 0.024055 0.139931
0 0.140694 0.034991 0.075654 0.068167
0 0.041786 0.300231 0.078250 0.146500
0 0.218547 0.510725 0.081573 0.155218
0 0.504495 0.052310 0.083521 0.099713
0 0.296710 0.467512 0.080211 0.156218
0 0.801066 0.700810 0.090852 0.148361
0 0.534043 0.339484 0.094690 0.125606
0 0.466852 0.872086 0.073401 0.159440
0 0.021212 0.805255 0.040617 0.158148
0 0.359996 0.874778 0.090836 0.136852
0 0.345941 0.096074 0.092482 0.141546
0 0.234063 0.386187 0.079354 0.137412
0 0.728488 0.159789 0.090805 0.137375
0 0.281036 0.652935 0.074005 0.176537
0 0.191927 0.726352 0.075365 0.155102
0 0.420622 0.130852 0.075380 0.149444
0 0.611961 0.722683 0.093620 0.180819
0 0.408659 0.791095 0.087703 0.159440
0 0.732435 0.056035 0.089479 0.108773
0 0.413346 0.287616 0.087281 0.138278
0 0.344846 0.229734 0.084958 0.150755
0 0.114437 0.944361 0.067031 0.107259
0 0.473904 0.215988 0.077464 0.179060
0 0.409159 0.650296 0.077120 0.151343
0 0.067469 0.851019 0.067214 0.154815
0 0.035473 0.605259 0.070076 0.121194
0 0.501922 0.420090 0.073349 0.142032
0 0.257686 0.748241 0.073091 0.165463
0 0.656595 0.061139 0.079039 0.121111
0 0.688052 0.232919 0.086609 0.144273
0 0.802908 0.197421 0.088898 0.156176
0 0.612633 0.876968 0.075672 0.160028
0 0.191430 0.095514 0.079682 0.119741
0 0.159491 0.852650 0.086549 0.159560
0 0.757715 0.920907 0.076034 0.156880
0 0.286267 0.145317 0.080602 0.142782
0 0.468931 0.712377 0.067013 0.186134
0 0.157953 0.628299 0.089667 0.155153
0 0.533853 0.221634 0.089513 0.152556
0 0.149298 0.455618 0.083289 0.147079
0 0.534548 0.742046 0.078482 0.166093
0 0.576708 0.440794 0.086068 0.149699
0 0.719745 0.764704 0.080698 0.171148
0 0.700276 0.379155 0.084630 0.185736
0 0.124331 0.754917 0.069542 0.173472
0 0.241043 0.246813 0.085263 0.155051
0 0.370077 0.561201 0.089440 0.173940
0 0.829799 0.075088 0.082453 0.138806
0 0.980967 0.884262 0.038065 0.146125
0 0.654253 0.798083 0.077182 0.145435
0 0.876964 0.661507 0.080063 0.136255
0 0.793126 0.810662 0.079956 0.145861
0 0.054150 0.691345 0.082315 0.150116
0 0.745805 0.469512 0.077818 0.169440
0 0.792017 0.566782 0.089935 0.160028
0 0.427405 0.424470 0.092815 0.160523
0 0.130441 0.170720 0.073831 0.137069
0 0.300290 0.929227 0.077148 0.141546
0 0.946458 0.596500 0.086245 0.150389
0 0.684355 0.929898 0.084357 0.140204
0 0.869988 0.780977 0.072987 0.149361
0 0.092174 0.360981 0.068677 0.152019
0 0.036309 0.174428 0.071643 0.136458
0 0.942517 0.709688 0.083961 0.127931
0 0.065805 0.056954 0.073693 0.111491
0 0.878499 0.550454 0.093815 0.138269
0 0.817081 0.322472 0.096432 0.143620
0 0.833629 0.464025 0.086523 0.158162
0 0.928607 0.200176 0.089448 0.144750
0 0.973935 0.513313 0.052130 0.141699
0 0.940923 0.811565 0.073044 0.124167
0 0.907863 0.097694 0.084586 0.138287
0 0.972447 0.081866 0.054784 0.148787
0 0.609970 0.196701 0.088659 0.153625
0 0.948454 0.423005 0.086987 0.132435
0 0.958128 0.297347 0.083745 0.144074
0 0.587638 0.063856 0.083516 0.125667
0 0.031961 0.416324 0.062995 0.132769
0 0.485564 0.576266 0.086555 0.175736
0 0.735845 0.646914 0.076128 0.137644
0 0.241493 0.962912 0.080008 0.072250
0 0.330243 0.762817 0.081477 0.147977
0 0.341750 0.019912 0.096333 0.039824
1 0.168180 0.305572 0.079542 0.149671
0 0.007039 0.704845 0.014078 0.154356
0 0.008964 0.932366 0.017927 0.135269
0 0.328190 0.619512 0.097724 0.200773
1 0.636577 0.335037 0.080919 0.174898
0 0.689906 0.793046 0.116052 0.150278
0 0.301331 0.323120 0.085495 0.141083
0 0.689647 0.553410 0.081898 0.167977
0 0.909392 0.576824 0.109784 0.149463
