0 0.228531 0.346211 0.073828 0.096141
0 0.520939 0.839286 0.068793 0.104677
0 0.403781 0.033052 0.066563 0.066104
0 0.163619 0.539625 0.064254 0.093969
0 0.189926 0.409284 0.066547 0.096755
0 0.349039 0.371201 0.069875 0.091057
0 0.261426 0.848844 0.072406 0.088240
0 0.314189 0.311836 0.070598 0.093443
0 0.808734 0.474323 0.083867 0.114219
0 0.764014 0.771062 0.070465 0.089396
0 0.737937 0.038727 0.077781 0.076526
0 0.407885 0.693016 0.066730 0.095781
0 0.027197 0.370380 0.054395 0.094292
0 0.219070 0.047622 0.070789 0.095245
0 0.915119 0.424268 0.083449 0.094766
0 0.394691 0.446367 0.065539 0.094589
0 0.956059 0.196211 0.068984 0.108005
0 0.979512 0.288240 0.040477 0.087156
0 0.728320 0.708047 0.070609 0.087854
0 0.764658 0.930266 0.068684 0.092375
0 0.827873 0.238021 0.069949 0.086458
0 0.696277 0.611833 0.074109 0.095750
0 0.615994 0.744768 0.075230 0.082911
0 0.564850 0.068898 0.072746 0.095411
0 0.935258 0.875654 0.078492 0.090807
0 0.623254 0.346305 0.096188 0.094828
0 0.279840 0.128484 0.059586 0.083802
0 0.266676 0.636284 0.079359 0.092172
0 0.910008 0.982690 0.063969 0.034109
0 0.430879 0.725029 0.075133 0.096776
0 0.003912 0.943284 0.007824 0.083953
0 0.061693 0.987490 0.067988 0.023385
0 0.649703 0.175732 0.068953 0.092474
0 0.808564 0.339495 0.063605 0.080531
0 0.838521 0.333268 0.065676 0.087870
0 0.735117 0.406417 0.081820 0.088594
0 0.009350 0.619688 0.018191 0.094625
0 0.009256 0.274042 0.018316 0.096302
0 0.990758 0.194740 0.018227 0.104010
0 0.200098 0.967021 0.068383 0.065958
0 0.339184 0.026029 0.072297 0.050443
0 0.047650 0.029922 0.073527 0.058458
0 0.677766 0.212346 0.068617 0.084724
0 0.794180 0.300961 0.070883 0.082734
0 0.923293 0.343544 0.076445 0.098807
0 0.990803 0.630576 0.017809 0.090578
0 0.965965 0.033018 0.066461 0.066036
0 0.584568 0.021516 0.071473 0.039552
0 0.635141 0.974583 0.078336 0.049708
0 0.031916 0.870643 0.063480 0.083068
0 0.988893 0.839247 0.021520 0.097297
0 0.026840 0.820276 0.053680 0.087469
0 0.509785 0.975896 0.072867 0.048208
0 0.244695 0.543948 0.067898 0.099000
0 0.667498 0.290284 0.070332 0.080078
0 0.512301 0.371690 0.077234 0.101995
0 0.123594 0.972773 0.075180 0.054453
0 0.707480 0.292539 0.077055 0.089391
0 0.984621 0.371000 0.029805 0.084208
0 0.793004 0.959948 0.063477 0.079958
0 0.269057 0.570255 0.071980 0.083490
0 0.016355 0.722161 0.031906 0.087646
0 0.984654 0.925018 0.030691 0.085724
0 0.923277 0.794789 0.087328 0.085484
0 0.324143 0.850357 0.059504 0.088891
0 0.716418 0.652609 0.071250 0.089229
0 0.600318 0.567341 0.072785 0.092828
0 0.116541 0.854385 0.086512 0.085917
0 0.076584 0.099547 0.061293 0.098521
0 0.850625 0.397143 0.065953 0.091057
0 0.270617 0.969654 0.077406 0.060693
0 0.168389 0.843802 0.074277 0.083771
0 0.808629 0.824656 0.063320 0.085708
0 0.870262 0.028005 0.060992 0.054604
0 0.841100 0.990534 0.065512 0.018932
0 0.984449 0.447844 0.031102 0.077896
0 0.588139 0.992971 0.069535 0.013328
0 0.615900 0.828271 0.089145 0.098094
0 0.408869 0.589841 0.064457 0.086214
0 0.321984 0.788815 0.067187 0.087964
0 0.345887 0.197154 0.070422 0.081891
0 0.699074 0.517182 0.062758 0.095094
0 0.608572 0.078935 0.064277 0.087984
0 0.911988 0.615602 0.070617 0.088016
0 0.282283 0.927922 0.066473 0.083417
0 0.377561 0.971388 0.068652 0.055859
0 0.432609 0.921745 0.073906 0.088854
0 0.563840 0.396966 0.070516 0.090599
0 0.930281 0.507477 0.077203 0.077411
0 0.850469 0.929125 0.067938 0.084510
0 0.112463 0.490742 0.069098 0.092036
0 0.640867 0.482992 0.078391 0.108172
0 0.452520 0.263273 0.069250 0.092099
0 0.342871 0.558357 0.077570 0.098328
0 0.085396 0.221872 0.069918 0.099651
0 0.037787 0.523044 0.072285 0.090797
0 0.676691 0.075826 0.071227 0.093766
0 0.106244 0.381065 0.069254 0.087068
0 0.236189 0.720583 0.073824 0.090479
0 0.203539 0.774070 0.071586 0.082141
0 0.463957 0.616555 0.068469 0.093016
0 0.459012 0.804307 0.067539 0.075802
0 0.031287 0.187503 0.062574 0.089318
0 0.852361 0.140242 0.069629 0.105411
0 0.132217 0.040833 0.073035 0.081667
0 0.497932 0.040977 0.071074 0.081953
0 0.131803 0.631042 0.070676 0.104104
0 0.342619 0.110023 0.073340 0.108661
0 0.519266 0.283482 0.072187 0.089234
0 0.270879 0.212242 0.071578 0.092266
0 0.398176 0.127815 0.062836 0.093464
0 0.521033 0.715862 0.068504 0.088932
0 0.307832 0.447898 0.065148 0.106005
0 0.541340 0.488995 0.079727 0.090583
0 0.452006 0.412706 0.067098 0.101141
0 0.705244 0.900768 0.062082 0.080807
0 0.960338 0.723120 0.066598 0.093823
0 0.757391 0.855458 0.074555 0.080812
0 0.124809 0.780719 0.068453 0.085990
0 0.196189 0.648625 0.072449 0.084031
0 0.185061 0.178724 0.066238 0.089271
0 0.412229 0.330628 0.071723 0.090109
0 0.728867 0.151469 0.069508 0.090875
0 0.585178 0.159518 0.065605 0.088047
0 0.587297 0.673552 0.072594 0.083563
0 0.053602 0.937167 0.084578 0.090188
0 0.136404 0.131714 0.067543 0.102229
0 0.250107 0.291474 0.074230 0.093375
0 0.796994 0.597237 0.071293 0.091266
0 0.369688 0.648604 0.069602 0.089302
0 0.840232 0.656786 0.060371 0.083323
0 0.375820 0.826526 0.066016 0.091948
0 0.153463 0.309341 0.069605 0.088089
0 0.809344 0.713409 0.065773 0.083464
0 0.886773 0.571375 0.061039 0.081156
0 0.241186 0.447089 0.072059 0.098594
0 0.155840 0.216708 0.070477 0.088271
0 0.578080 0.933404 0.067715 0.096724
0 0.370861 0.492260 0.071566 0.086177
0 0.136756 0.928060 0.080621 0.082182
0 0.975736 0.104641 0.048527 0.085594
0 0.023359 0.089563 0.046648 0.094052
0 0.433645 0.863482 0.071250 0.083526
0 0.827832 0.034732 0.071180 0.068995
0 0.089699 0.569841 0.064695 0.079870
0 0.646687 0.916656 0.063539 0.085740
0 0.920783 0.090516 0.067824 0.074781
0 0.051332 0.436409 0.062406 0.091068
0 0.603477 0.272846 0.068672 0.093120
0 0.921904 0.700185 0.072371 0.086911
0 0.876123 0.186180 0.074762 0.085016
0 0.539908 0.202964 0.081066 0.094552
0 0.443998 0.071992 0.063988 0.107307
0 0.797604 0.089378 0.063809 0.080964
0 0.505998 0.930898 0.072246 0.100734
0 0.353068 0.267594 0.080348 0.094792
