1 0.254732 0.122781 0.071598 0.086177
0 0.007869 0.846036 0.015379 0.089812
0 0.935852 0.970641 0.079039 0.057458
0 0.650301 0.094753 0.067734 0.088620
0 0.205623 0.011115 0.062309 0.022229
0 0.245389 0.989367 0.074871 0.021266
1 0.861959 0.730070 0.071004 0.090839
0 0.991367 0.563607 0.017266 0.089599
0 0.955150 0.065706 0.075465 0.114026
0 0.133268 0.740167 0.072520 0.089521
0 0.991389 0.946857 0.014129 0.100172
0 0.010482 0.445909 0.020965 0.089995
0 0.600838 0.063250 0.066574 0.083073
0 0.266135 0.013984 0.065223 0.027969
0 0.793117 0.176482 0.066883 0.106516
0 0.724047 0.569495 0.093867 0.102052
0 0.583486 0.013901 0.086160 0.027802
0 0.527838 0.148266 0.074605 0.108312
0 0.676963 0.166273 0.069363 0.105359
0 0.253084 0.913664 0.070082 0.107380
0 0.988055 0.039909 0.023016 0.075661
0 0.623967 0.187500 0.053113 0.112802
0 0.025527 0.536695 0.050578 0.104255
0 0.543391 0.829427 0.073234 0.096187
0 0.413732 0.008297 0.067348 0.016260
1 0.968697 0.116362 0.061629 0.085911
1 0.543730 0.065458 0.066453 0.099177
1 0.228779 0.776555 0.066270 0.092047
0 0.956809 0.012427 0.076781 0.024854
0 0.982381 0.992534 0.035238 0.014932
0 0.873184 0.991958 0.061109 0.016083
0 0.170266 0.785365 0.086539 0.104490
0 0.974994 0.615589 0.048223 0.095677
0 0.963199 0.518023 0.071930 0.093755
0 0.846113 0.846727 0.079055 0.111026
0 0.286883 0.219937 0.075352 0.091323
0 0.902127 0.039526 0.066316 0.079052
0 0.979201 0.704737 0.040801 0.100693
0 0.430451 0.207828 0.097129 0.093865
0 0.463678 0.027518 0.060793 0.053464
0 0.848121 0.137539 0.063445 0.141516
0 0.436762 0.904076 0.068641 0.103964
0 0.145783 0.029500 0.065199 0.058219
0 0.530723 0.968909 0.076773 0.062182
0 0.213221 0.624747 0.088160 0.079099
0 0.646977 0.872807 0.076187 0.093833
0 0.466572 0.966979 0.067887 0.066042
0 0.777814 0.620146 0.066105 0.091219
0 0.763766 0.288016 0.076469 0.121406
0 0.083604 0.032461 0.072348 0.064443
0 0.574029 0.914484 0.068980 0.096292
0 0.184174 0.693333 0.068605 0.087073
0 0.638830 0.416195 0.074246 0.090651
0 0.975537 0.254969 0.048926 0.081979
0 0.075738 0.102318 0.073781 0.093156
0 0.147721 0.432518 0.079082 0.099984
0 0.213900 0.465305 0.070402 0.089516
0 0.190084 0.159346 0.075988 0.077057
0 0.667455 0.254448 0.060105 0.083802
0 0.872301 0.899628 0.065148 0.097630
0 0.360475 0.931591 0.070848 0.086672
0 0.166143 0.521023 0.068910 0.091370
0 0.316488 0.064409 0.075641 0.087526
0 0.579842 0.367065 0.079512 0.102224
0 0.227102 0.549320 0.084312 0.094755
0 0.740123 0.153190 0.065168 0.101880
0 0.849293 0.646073 0.081219 0.091115
0 0.028846 0.046831 0.057691 0.089870
0 0.056195 0.439346 0.071961 0.091224
0 0.573365 0.174964 0.071176 0.102448
0 0.526645 0.225349 0.077633 0.096104
0 0.886420 0.256878 0.071113 0.098557
0 0.770730 0.932568 0.064109 0.095438
0 0.093100 0.824622 0.068684 0.094568
0 0.455049 0.146326 0.077191 0.112068
0 0.575320 0.277068 0.070164 0.092115
0 0.931574 0.578633 0.062078 0.080797
0 0.655686 0.940753 0.066512 0.091005
0 0.966785 0.350195 0.066430 0.099099
0 0.518957 0.313859 0.069164 0.089698
0 0.899850 0.810042 0.065762 0.087583
0 0.619035 0.512659 0.072266 0.102891
0 0.187977 0.841724 0.074422 0.093250
0 0.361398 0.290901 0.066070 0.090969
0 0.282451 0.854797 0.076105 0.098135
0 0.616441 0.668367 0.072336 0.097245
0 0.727455 0.673198 0.088910 0.095729
0 0.816957 0.555383 0.072813 0.107651
0 0.153713 0.296268 0.067934 0.082672
0 0.962092 0.806341 0.065582 0.095693
0 0.815816 0.254513 0.068594 0.093203
0 0.591818 0.755406 0.071809 0.090510
0 0.714658 0.905378 0.071395 0.093443
0 0.196334 0.927161 0.069355 0.094469
0 0.926830 0.727198 0.064410 0.097240
0 0.179105 0.085753 0.079633 0.097568
0 0.446160 0.278758 0.076187 0.091036
0 0.367039 0.842008 0.072117 0.097505
0 0.318568 0.145586 0.078512 0.088349
0 0.296311 0.307065 0.073527 0.091224
0 0.666723 0.340799 0.073406 0.088786
0 0.823740 0.948633 0.054293 0.100911
0 0.290680 0.758497 0.067523 0.099943
0 0.029246 0.362453 0.058453 0.093969
0 0.740223 0.829016 0.088281 0.087552
0 0.890611 0.390695 0.064652 0.106109
0 0.093279 0.671596 0.076934 0.100276
0 0.033416 0.174190 0.066832 0.089005
0 0.683484 0.480630 0.073734 0.099500
0 0.938826 0.899490 0.072332 0.090740
0 0.018895 0.763151 0.037789 0.092188
0 0.117898 0.167813 0.069648 0.106510
0 0.098437 0.359372 0.075813 0.095932
0 0.505537 0.906672 0.076098 0.099552
0 0.610729 0.823448 0.067473 0.089073
0 0.657256 0.725354 0.071691 0.098615
0 0.720918 0.245096 0.074086 0.099151
0 0.030639 0.629604 0.058004 0.096760
0 0.267559 0.394120 0.081930 0.095260
0 0.741652 0.739258 0.072602 0.096974
0 0.244172 0.692977 0.069938 0.090318
0 0.833324 0.434766 0.070078 0.112479
0 0.891873 0.117039 0.061215 0.081380
0 0.136707 0.908807 0.072789 0.113521
0 0.977395 0.181677 0.043359 0.077531
1 0.182025 0.223719 0.073645 0.098115
1 0.883102 0.535867 0.068266 0.101714
0 0.022215 0.985802 0.044406 0.028396
