0 0.748721 0.674787 0.075380 0.121537
0 0.352797 0.518912 0.100781 0.150694
0 0.768560 0.072625 0.084974 0.132843
0 0.836065 0.959176 0.090943 0.081648
0 0.637807 0.020236 0.086250 0.040472
0 0.571745 0.467662 0.079198 0.133269
0 0.811630 0.072329 0.081885 0.130806
0 0.025565 0.870639 0.051130 0.128648
0 0.386151 0.068949 0.090781 0.137417
0 0.458750 0.042157 0.088594 0.081500
0 0.845299 0.045833 0.077995 0.091667
0 0.538990 0.335884 0.079229 0.137676
0 0.024779 0.366185 0.049557 0.147704
0 0.128513 0.060806 0.103464 0.121611
0 0.287669 0.081634 0.092401 0.150472
0 0.506167 0.337069 0.078552 0.137806
0 0.017453 0.647778 0.034906 0.137870
0 0.962122 0.953296 0.075693 0.093407
0 0.016250 0.648903 0.032500 0.154176
0 0.983633 0.303685 0.031953 0.137407
0 0.825826 0.593736 0.079661 0.142009
0 0.985857 0.520324 0.026943 0.129833
0 0.826747 0.595486 0.078380 0.139824
1 0.555422 0.616375 0.077781 0.129120
0 0.618221 0.982065 0.093495 0.035870
0 0.219674 0.975755 0.097891 0.048491
0 0.927328 0.010940 0.066906 0.021880
0 0.704630 0.168042 0.079573 0.153528
0 0.677714 0.673106 0.083573 0.137028
0 0.939836 0.299940 0.083734 0.151194
0 0.229445 0.450102 0.084536 0.149130
0 0.820302 0.199454 0.077927 0.130370
0 0.608737 0.265227 0.086089 0.167120
0 0.501159 0.209699 0.080693 0.149120
0 0.574375 0.932005 0.084292 0.135991
0 0.682651 0.910060 0.076198 0.142769
0 0.085755 0.345551 0.083729 0.146306
0 0.645628 0.312046 0.075214 0.127574
0 0.173617 0.329861 0.085516 0.143889
0 0.103807 0.775296 0.085312 0.143130
0 0.626349 0.851787 0.083198 0.137852
0 0.216232 0.783181 0.073536 0.114750
0 0.430789 0.201167 0.080172 0.138704
0 0.360977 0.383278 0.080964 0.143593
0 0.278802 0.720111 0.075146 0.131278
0 0.712844 0.339583 0.077479 0.142944
0 0.892565 0.188366 0.084339 0.147824
0 0.776443 0.570954 0.072177 0.131778
0 0.101982 0.212935 0.080620 0.146296
0 0.217687 0.677801 0.078979 0.132750
0 0.773607 0.930454 0.082693 0.139093
0 0.959344 0.075694 0.078521 0.137611
0 0.184112 0.085431 0.079380 0.124046
0 0.248951 0.265537 0.080297 0.136741
0 0.422182 0.852028 0.079437 0.131111
0 0.260599 0.840042 0.080667 0.122824
0 0.034661 0.548810 0.069323 0.140861
0 0.317406 0.200273 0.088885 0.177324
0 0.197922 0.534509 0.078365 0.133944
0 0.396622 0.945602 0.092745 0.108796
0 0.252297 0.917583 0.073479 0.120537
0 0.160599 0.599944 0.088771 0.141370
0 0.702453 0.579398 0.081042 0.137574
0 0.611872 0.733028 0.078474 0.139537
0 0.231221 0.169634 0.097651 0.165694
0 0.924880 0.763139 0.085333 0.139130
0 0.565193 0.738468 0.081333 0.153620
0 0.407424 0.669319 0.083255 0.135454
0 0.882266 0.886671 0.100510 0.160602
0 0.823198 0.379097 0.078552 0.139065
0 0.965734 0.211139 0.068531 0.151685
0 0.337346 0.674931 0.079307 0.121954
0 0.127945 0.884435 0.077755 0.143574
0 0.798872 0.854241 0.086745 0.131352
0 0.474182 0.736565 0.076646 0.145519
0 0.249518 0.592111 0.076172 0.121130
0 0.967716 0.414773 0.063932 0.141769
0 0.043638 0.151958 0.077151 0.133231
0 0.063695 0.611338 0.074901 0.144287
0 0.155654 0.932375 0.085536 0.135250
0 0.412615 0.742944 0.069115 0.120389
0 0.493417 0.869199 0.079208 0.139583
0 0.098164 0.673972 0.072016 0.128796
0 0.685937 0.035167 0.080917 0.069296
0 0.485563 0.561852 0.088021 0.157630
0 0.434703 0.398074 0.086167 0.130500
0 0.762815 0.437042 0.085068 0.164454
0 0.888563 0.661056 0.083844 0.136704
0 0.891779 0.440782 0.080255 0.142398
0 0.777156 0.292940 0.080104 0.143676
0 0.291784 0.346130 0.079266 0.135759
0 0.561742 0.123898 0.083266 0.140000
