0 0.518538 0.079711 0.095133 0.151458
1 0.398322 0.559016 0.086638 0.148384
0 0.960837 0.967086 0.078326 0.064505
0 0.779693 0.970801 0.108578 0.056213
0 0.005648 0.610565 0.011089 0.135639
0 0.165335 0.973144 0.090117 0.049639
0 0.993888 0.334488 0.012224 0.139597
0 0.405616 0.030280 0.121826 0.060560
0 0.991082 0.220363 0.016768 0.126097
1 0.270957 0.079208 0.096987 0.144796
0 0.012820 0.364269 0.025260 0.145167
0 0.842535 0.029435 0.093305 0.055111
0 0.556599 0.335650 0.104688 0.147616
0 0.059663 0.796065 0.103477 0.136306
0 0.636302 0.826755 0.100927 0.144361
0 0.985740 0.891616 0.028521 0.145806
0 0.459870 0.482593 0.098693 0.158861
0 0.476438 0.289419 0.113036 0.136560
0 0.246341 0.311111 0.107016 0.137574
0 0.596625 0.040442 0.089422 0.080884
0 0.522000 0.409637 0.089594 0.144097
0 0.370128 0.291266 0.101682 0.152644
0 0.436993 0.142069 0.086497 0.145083
0 0.356990 0.120931 0.074536 0.182546
0 0.524220 0.207630 0.084586 0.138259
0 0.291901 0.210565 0.101151 0.151722
0 0.982996 0.576204 0.034008 0.128278
0 0.172155 0.129088 0.098143 0.144176
0 0.676741 0.158537 0.115966 0.149204
0 0.020158 0.922894 0.039367 0.151528
0 0.544194 0.942731 0.108221 0.114537
0 0.414497 0.374752 0.089031 0.127523
0 0.021620 0.226019 0.042906 0.151102
0 0.182301 0.247389 0.098836 0.154333
0 0.709219 0.566234 0.092448 0.130579
0 0.966081 0.777958 0.067698 0.125991
0 0.351251 0.447475 0.081971 0.133412
0 0.748690 0.774389 0.107760 0.144259
0 0.589875 0.176928 0.085677 0.162875
0 0.083096 0.914435 0.093755 0.147972
0 0.976935 0.453225 0.046130 0.147403
0 0.218260 0.878222 0.077974 0.120259
0 0.495288 0.689301 0.090701 0.147269
0 0.512273 0.824789 0.094177 0.154718
0 0.276193 0.833984 0.093677 0.158847
0 0.720414 0.072104 0.076844 0.140625
0 0.261091 0.421896 0.086604 0.133532
0 0.034814 0.676602 0.068602 0.150102
0 0.951553 0.671632 0.096221 0.129736
0 0.183762 0.390100 0.082924 0.153495
0 0.155000 0.824581 0.079323 0.139477
0 0.458568 0.901486 0.097375 0.159667
0 0.027980 0.483127 0.055961 0.147236
0 0.349793 0.912553 0.084977 0.149310
0 0.220497 0.735502 0.089146 0.131653
0 0.100388 0.661812 0.075526 0.132949
0 0.563458 0.597405 0.103286 0.152144
0 0.752522 0.369197 0.097612 0.136560
0 0.685260 0.285227 0.107750 0.144241
0 0.721659 0.871796 0.086708 0.148593
0 0.609687 0.495884 0.091260 0.155324
0 0.669217 0.420435 0.087310 0.144574
0 0.405340 0.793488 0.089529 0.149801
0 0.931500 0.875192 0.100047 0.152245
0 0.930435 0.063590 0.085125 0.126995
0 0.882964 0.764500 0.096141 0.146731
0 0.803078 0.278914 0.089005 0.146940
0 0.794349 0.142389 0.095344 0.153296
0 0.850436 0.937132 0.076904 0.125440
0 0.923363 0.521461 0.090695 0.160681
0 0.878538 0.152245 0.091581 0.143685
0 0.098960 0.400866 0.095039 0.150694
0 0.882473 0.279669 0.087039 0.142431
0 0.017297 0.091498 0.034594 0.136949
0 0.212234 0.033796 0.091865 0.067593
0 0.759753 0.665370 0.106964 0.147657
