0 0.177122 0.810694 0.075198 0.140731
0 0.233184 0.524792 0.076211 0.150130
0 0.529638 0.263007 0.068906 0.125579
0 0.760951 0.769609 0.074927 0.145708
0 0.462747 0.810160 0.073599 0.132486
0 0.695323 0.807090 0.068115 0.131551
0 0.324517 0.719648 0.076956 0.131370
0 0.458089 0.933000 0.081682 0.129546
0 0.028198 0.542847 0.056396 0.141537
0 0.029081 0.351898 0.058161 0.141565
0 0.960129 0.659183 0.079440 0.143468
0 0.565947 0.852310 0.081398 0.132333
0 0.082250 0.067588 0.075286 0.133806
0 0.511415 0.662502 0.077206 0.139773
0 0.200316 0.641002 0.086753 0.144745
0 0.590691 0.572069 0.075732 0.129713
0 0.891473 0.542072 0.088648 0.158218
0 0.076195 0.824373 0.084281 0.137542
0 0.267022 0.815741 0.086424 0.138620
0 0.647677 0.170185 0.080630 0.120889
0 0.430762 0.464424 0.087862 0.137264
0 0.695695 0.668817 0.078896 0.139542
0 0.622267 0.294560 0.091482 0.143065
0 0.257486 0.114731 0.074758 0.118444
0 0.130587 0.927218 0.077914 0.123370
0 0.333077 0.921771 0.088174 0.137236
0 0.060685 0.692028 0.074375 0.122380
0 0.217430 0.039275 0.077120 0.077681
0 0.272898 0.965225 0.072151 0.068625
0 0.074299 0.434352 0.077526 0.124685
0 0.986038 0.344414 0.027924 0.139782
0 0.009727 0.111389 0.019182 0.146741
0 0.995654 0.796329 0.008547 0.127074
0 0.728443 0.517708 0.067438 0.150546
0 0.991655 0.979213 0.016690 0.039667
0 0.137829 0.022907 0.075997 0.045815
0 0.181404 0.973907 0.083943 0.049139
0 0.990676 0.048278 0.018440 0.096556
0 0.651960 0.029236 0.071102 0.057648
0 0.981734 0.154120 0.036531 0.131093
0 0.624095 0.973067 0.085945 0.051875
0 0.584198 0.136444 0.077224 0.126546
0 0.372637 0.292870 0.100112 0.128037
0 0.824720 0.414086 0.057685 0.169764
0 0.880424 0.965752 0.093573 0.067921
0 0.983371 0.542762 0.033013 0.152755
0 0.983228 0.898116 0.033424 0.131972
0 0.598599 0.043657 0.080708 0.087315
0 0.035189 0.037065 0.069961 0.074065
0 0.761956 0.428748 0.077609 0.147005
1 0.590201 0.706299 0.075062 0.132866
0 0.940513 0.037863 0.084292 0.075727
0 0.521270 0.042736 0.073018 0.083676
0 0.840452 0.045741 0.072044 0.090824
0 0.780589 0.178692 0.079224 0.112366
0 0.302092 0.471933 0.080461 0.122394
0 0.878004 0.134009 0.098924 0.126935
0 0.383723 0.401218 0.081810 0.124981
0 0.966171 0.253493 0.067659 0.131847
0 0.952126 0.426125 0.089763 0.142343
0 0.121674 0.143148 0.083052 0.121630
0 0.023845 0.939986 0.047268 0.115759
0 0.128148 0.247187 0.078068 0.116810
0 0.712092 0.945988 0.074107 0.106690
0 0.648214 0.882933 0.080839 0.149708
0 0.770566 0.314000 0.076013 0.123981
0 0.431478 0.700940 0.085372 0.121417
0 0.526917 0.139329 0.083411 0.114722
0 0.517953 0.401160 0.076469 0.141597
0 0.898145 0.249171 0.074518 0.128713
0 0.062387 0.236958 0.073289 0.143306
0 0.802358 0.873843 0.086596 0.118824
0 0.426004 0.067919 0.071799 0.116782
0 0.410815 0.175405 0.086313 0.108634
0 0.216966 0.332775 0.077312 0.131153
0 0.642557 0.428421 0.070370 0.129630
0 0.419388 0.591208 0.095240 0.123407
0 0.463207 0.283722 0.068174 0.124759
0 0.931574 0.870146 0.071409 0.135292
0 0.570764 0.451000 0.078133 0.131787
0 0.306331 0.373169 0.077568 0.133347
0 0.314542 0.590708 0.087443 0.118935
0 0.768553 0.072231 0.077326 0.139370
0 0.866445 0.331551 0.082807 0.143333
0 0.844557 0.711803 0.083104 0.129718
0 0.291099 0.051752 0.080505 0.103505
0 0.699449 0.273287 0.073747 0.120454
0 0.861120 0.821236 0.083859 0.140463
0 0.163331 0.415060 0.076448 0.145435
0 0.212893 0.199289 0.075271 0.131282
0 0.307831 0.193942 0.076156 0.138551
