0 0.790419 0.437356 0.083401 0.141009
0 0.160536 0.798958 0.077792 0.128583
0 0.039612 0.724972 0.076516 0.131889
0 0.241549 0.763384 0.080516 0.128954
0 0.580526 0.431231 0.085062 0.125500
0 0.910646 0.640819 0.077750 0.118861
0 0.656193 0.888745 0.079667 0.121509
0 0.970703 0.700282 0.057135 0.133824
0 0.153266 0.155620 0.085708 0.118426
0 0.509513 0.106944 0.079036 0.148611
0 0.882857 0.900741 0.089297 0.127537
0 0.111214 0.486125 0.078573 0.134713
0 0.278938 0.644153 0.072813 0.118602
0 0.927138 0.177954 0.080724 0.127815
0 0.875943 0.525833 0.079729 0.126778
0 0.241599 0.492958 0.073979 0.128639
0 0.035294 0.519616 0.070589 0.142528
0 0.110427 0.268306 0.088146 0.131685
0 0.113805 0.646333 0.075391 0.143019
0 0.751208 0.665074 0.074333 0.112519
0 0.693076 0.774801 0.074661 0.119009
0 0.781018 0.890745 0.075411 0.126287
0 0.954971 0.533574 0.075828 0.121426
0 0.523003 0.776250 0.070099 0.121963
0 0.962945 0.311500 0.074109 0.129167
0 0.386018 0.887671 0.068661 0.127213
0 0.195141 0.924792 0.095708 0.130139
0 0.810703 0.748056 0.078521 0.132796
0 0.238099 0.325204 0.071010 0.147537
0 0.957716 0.956148 0.075911 0.087704
0 0.913570 0.785718 0.081922 0.130176
0 0.437115 0.129796 0.080406 0.141426
0 0.463833 0.357685 0.077937 0.134833
0 0.719854 0.492681 0.071271 0.122120
0 0.402234 0.247588 0.079042 0.131009
0 0.306148 0.449625 0.075651 0.121917
0 0.629805 0.562532 0.069682 0.120083
0 0.110568 0.891690 0.071531 0.111769
0 0.719102 0.949565 0.068714 0.100870
0 0.800164 0.567514 0.073828 0.120935
0 0.358937 0.744407 0.081500 0.149056
0 0.678945 0.195597 0.085297 0.141213
0 0.974758 0.863310 0.050484 0.112472
0 0.372714 0.607514 0.085125 0.142269
0 0.867432 0.280583 0.086854 0.146352
0 0.667505 0.353343 0.087896 0.140833
0 0.521956 0.311023 0.078672 0.138361
0 0.586695 0.648199 0.077453 0.126343
0 0.046641 0.857944 0.071427 0.126407
0 0.090422 0.046338 0.060187 0.092676
0 0.449727 0.947676 0.084568 0.104648
0 0.574036 0.873032 0.082781 0.132287
0 0.339742 0.041713 0.076932 0.082093
0 0.852195 0.062657 0.083047 0.125315
0 0.910430 0.393838 0.076828 0.137213
0 0.026646 0.311194 0.053292 0.144630
0 0.204674 0.626509 0.081203 0.130463
0 0.594781 0.777394 0.078292 0.141417
0 0.154211 0.052815 0.078578 0.105630
0 0.469826 0.487380 0.080880 0.133833
0 0.280969 0.180921 0.088990 0.131639
0 0.280146 0.944829 0.074969 0.110343
0 0.641339 0.276361 0.072427 0.123426
0 0.435500 0.777931 0.085094 0.121546
0 0.174646 0.409648 0.071354 0.139019
0 0.281396 0.084407 0.086802 0.143426
0 0.647039 0.055528 0.071526 0.111056
0 0.589846 0.132051 0.071161 0.154306
0 0.461878 0.837370 0.077172 0.126815
0 0.784201 0.252824 0.088641 0.131833
0 0.689909 0.613282 0.077359 0.115806
0 0.327794 0.331542 0.077891 0.107750
0 0.513203 0.498236 0.073865 0.139713
0 0.051755 0.134944 0.078260 0.135407
0 0.353437 0.964986 0.080146 0.070028
0 0.710826 0.092903 0.070641 0.150102
0 0.793367 0.160111 0.097891 0.144963
0 0.301258 0.856556 0.079578 0.142500
0 0.561576 0.235412 0.073068 0.136620
0 0.330362 0.260995 0.064432 0.113398
0 0.019492 0.952162 0.038807 0.095676
0 0.944948 0.055648 0.077156 0.108889
0 0.193346 0.548000 0.081224 0.122630
0 0.033432 0.064245 0.066865 0.127009
0 0.098742 0.974449 0.091714 0.051102
0 0.986331 0.044718 0.027266 0.084287
0 0.860370 0.979787 0.078000 0.040426
0 0.203125 0.024167 0.092167 0.048333
0 0.456656 0.012602 0.075188 0.025204
0 0.741148 0.080324 0.087630 0.143315
0 0.995143 0.510111 0.009328 0.120204
1 0.449125 0.625917 0.084781 0.135537
