1 0.509387 0.626375 0.092706 0.179093
1 0.333380 0.373104 0.087906 0.170542
0 0.929467 0.972002 0.076029 0.055106
0 0.018281 0.905535 0.036563 0.159755
0 0.070797 0.981926 0.072807 0.035259
0 0.866548 0.084053 0.097049 0.167653
0 0.825243 0.034868 0.076034 0.069736
0 0.939005 0.057586 0.080802 0.115171
0 0.095871 0.245236 0.087263 0.148843
0 0.199579 0.436801 0.072466 0.187648
0 0.890888 0.162921 0.090729 0.172065
0 0.278997 0.944998 0.084844 0.107819
0 0.980622 0.066134 0.038755 0.132241
0 0.138992 0.959472 0.079703 0.080694
0 0.364423 0.313118 0.083935 0.181060
0 0.335388 0.886053 0.080750 0.180116
0 0.489939 0.279597 0.076789 0.176491
0 0.901887 0.902586 0.099523 0.150440
0 0.466419 0.894729 0.070672 0.182764
0 0.794603 0.111685 0.065690 0.142593
0 0.240849 0.045907 0.081766 0.091611
0 0.164491 0.338255 0.075534 0.141759
0 0.902510 0.417558 0.074641 0.137042
0 0.753650 0.496417 0.078602 0.190167
0 0.115017 0.072748 0.095841 0.144968
0 0.044835 0.164896 0.074466 0.163116
0 0.388853 0.781410 0.076951 0.158958
0 0.305358 0.219687 0.071643 0.187597
0 0.223516 0.147403 0.083948 0.145315
0 0.887576 0.768056 0.094286 0.155370
0 0.340960 0.569220 0.077799 0.174718
0 0.496859 0.430493 0.071245 0.159625
0 0.150414 0.201227 0.088313 0.155815
0 0.967384 0.655782 0.064612 0.174167
0 0.393546 0.926285 0.081523 0.144745
0 0.132159 0.456681 0.080734 0.132361
0 0.386750 0.482148 0.083828 0.161380
0 0.421125 0.289069 0.075891 0.134815
0 0.813007 0.223102 0.086018 0.157750
0 0.621155 0.419037 0.092201 0.159426
0 0.267971 0.421174 0.082891 0.174301
0 0.391987 0.645468 0.087047 0.147611
0 0.241096 0.551058 0.078219 0.145162
0 0.106935 0.575222 0.088740 0.167870
0 0.720638 0.282262 0.084484 0.155579
0 0.546591 0.521042 0.083349 0.161667
0 0.206108 0.936669 0.078451 0.126440
0 0.611471 0.562683 0.079755 0.165023
0 0.430464 0.411991 0.083995 0.148898
0 0.802668 0.548303 0.083763 0.166644
0 0.266391 0.833361 0.095760 0.168852
0 0.101368 0.894549 0.088878 0.150523
0 0.912621 0.649912 0.076596 0.130935
0 0.456154 0.730819 0.083000 0.157139
0 0.370507 0.175289 0.086107 0.159495
0 0.954307 0.816183 0.082229 0.161458
0 0.681117 0.532028 0.085042 0.150019
0 0.830880 0.406259 0.086818 0.168083
0 0.100238 0.361315 0.081284 0.136861
0 0.320370 0.070278 0.085266 0.140074
0 0.128440 0.766028 0.091198 0.157102
0 0.708346 0.417674 0.092156 0.146940
0 0.959861 0.183924 0.079576 0.177116
0 0.032788 0.302345 0.065576 0.154495
0 0.876040 0.539894 0.084216 0.153972
0 0.835793 0.667310 0.089471 0.161926
0 0.453617 0.561803 0.061656 0.183292
0 0.320406 0.732803 0.087245 0.159144
0 0.903034 0.293187 0.087677 0.130227
0 0.976941 0.963819 0.045669 0.071472
0 0.977366 0.865405 0.044513 0.179551
0 0.008064 0.174306 0.016128 0.156343
