0 0.214607 0.769745 0.061316 0.089063
0 0.442389 0.710680 0.078793 0.090005
0 0.026539 0.775146 0.053078 0.086615
0 0.283723 0.797617 0.072539 0.094245
0 0.254264 0.040544 0.062707 0.078943
0 0.899371 0.776284 0.065992 0.084964
0 0.960141 0.973206 0.070625 0.053589
0 0.656039 0.393510 0.069922 0.103292
0 0.047729 0.097956 0.064660 0.102786
0 0.391889 0.792057 0.070262 0.093365
0 0.324113 0.333870 0.070156 0.091302
0 0.645072 0.965357 0.063910 0.069286
0 0.031854 0.972091 0.062582 0.055818
0 0.116895 0.365544 0.068523 0.093214
0 0.976564 0.445948 0.043699 0.102719
0 0.719811 0.731284 0.064762 0.096755
0 0.703879 0.972602 0.058703 0.054797
0 0.546635 0.030255 0.069238 0.060510
0 0.141424 0.978117 0.071598 0.043766
0 0.460455 0.426115 0.061715 0.095969
0 0.310172 0.033208 0.061867 0.066104
0 0.641117 0.170724 0.062594 0.079760
0 0.391727 0.641701 0.073211 0.089859
0 0.920590 0.461596 0.074648 0.084859
0 0.860035 0.039089 0.081469 0.078177
0 0.037963 0.026352 0.066816 0.052703
0 0.080953 0.275112 0.066461 0.096932
0 0.592408 0.241034 0.063012 0.096016
0 0.737373 0.449609 0.068840 0.082812
0 0.541367 0.380854 0.070688 0.091094
0 0.797045 0.408042 0.074145 0.079917
0 0.260758 0.201422 0.074117 0.093000
0 0.780188 0.959307 0.062805 0.080802
0 0.840549 0.664932 0.061496 0.088698
0 0.190795 0.581898 0.073512 0.091880
0 0.419904 0.022302 0.065496 0.043271
0 0.723180 0.912344 0.073984 0.078292
0 0.901533 0.647240 0.067816 0.082281
0 0.750260 0.648047 0.078504 0.086927
0 0.485352 0.619875 0.084125 0.089677
0 0.446066 0.294984 0.068859 0.090479
0 0.400590 0.412271 0.066609 0.088302
0 0.741252 0.211732 0.066402 0.085328
0 0.901359 0.561161 0.077898 0.094792
0 0.557969 0.600604 0.079102 0.087813
0 0.748145 0.098203 0.068141 0.090333
0 0.170713 0.185576 0.066918 0.075984
0 0.676607 0.096734 0.075363 0.095844
0 0.598045 0.750422 0.066379 0.089521
0 0.973326 0.089099 0.053348 0.084615
0 0.042119 0.455044 0.073871 0.092651
0 0.098088 0.812659 0.066262 0.098661
0 0.914723 0.927729 0.066906 0.083906
0 0.480158 0.043047 0.071520 0.086094
0 0.839939 0.787927 0.058824 0.080167
0 0.104619 0.905628 0.059887 0.085745
0 0.197408 0.811125 0.060379 0.085552
0 0.822916 0.487021 0.072777 0.084281
0 0.780223 0.305120 0.067930 0.080969
0 0.084918 0.167177 0.064250 0.097260
0 0.944125 0.231430 0.075000 0.088484
1 0.270498 0.705195 0.082512 0.093099
1 0.071561 0.555378 0.069621 0.094047
0 0.122029 0.638417 0.080160 0.086292
0 0.290223 0.977859 0.069500 0.044281
0 0.351832 0.402010 0.068617 0.095594
0 0.202111 0.856953 0.066027 0.082708
0 0.474549 0.260690 0.068105 0.093214
0 0.557275 0.132987 0.069863 0.082172
0 0.938002 0.488586 0.059168 0.081422
0 0.803506 0.909268 0.076668 0.087672
0 0.012592 0.568115 0.025184 0.081948
0 0.964297 0.848076 0.065781 0.085807
0 0.899951 0.989466 0.065918 0.021068
0 0.229600 0.030094 0.062043 0.060187
0 0.507523 0.943242 0.068773 0.076755
0 0.014115 0.611544 0.026160 0.094536
0 0.406633 0.615763 0.061023 0.075984
0 0.005213 0.041453 0.010426 0.066115
0 0.716021 0.774568 0.054809 0.080354
0 0.804109 0.591612 0.069602 0.080036
0 0.700918 0.576177 0.064031 0.098865
0 0.647414 0.624029 0.081789 0.096786
0 0.009910 0.381612 0.019820 0.085099
0 0.495289 0.434714 0.066727 0.093323
0 0.105863 0.312563 0.065180 0.085677
0 0.318070 0.535284 0.070492 0.093005
0 0.974635 0.021339 0.050730 0.042062
0 0.912736 0.081979 0.060254 0.080594
0 0.534924 0.947589 0.078941 0.086365
0 0.584338 0.128542 0.064762 0.079427
0 0.991201 0.547247 0.017449 0.098339
0 0.312576 0.578807 0.065074 0.090271
0 0.642826 0.250047 0.069613 0.091323
0 0.704576 0.017935 0.063129 0.035870
0 0.037871 0.910784 0.074297 0.094516
0 0.264096 0.662221 0.068285 0.082922
0 0.810307 0.230695 0.072957 0.088547
0 0.230373 0.492229 0.067645 0.092948
0 0.778590 0.762568 0.072719 0.091448
0 0.843736 0.396240 0.072559 0.088052
0 0.956086 0.810128 0.065359 0.093651
0 0.202482 0.259727 0.079277 0.088870
0 0.343406 0.121974 0.074898 0.091490
0 0.621137 0.545779 0.066641 0.086755
0 0.190289 0.427453 0.074203 0.096698
0 0.655002 0.714909 0.060582 0.092401
0 0.148074 0.760880 0.067891 0.093740
0 0.965945 0.172448 0.066766 0.088927
0 0.534725 0.863036 0.071746 0.092740
0 0.719410 0.273284 0.071914 0.102026
0 0.406951 0.181086 0.053293 0.086578
0 0.270184 0.290901 0.069445 0.092823
0 0.261896 0.921289 0.072324 0.096266
0 0.927602 0.307234 0.064695 0.081292
0 0.602818 0.472802 0.079316 0.082094
0 0.338395 0.843414 0.066609 0.093255
0 0.363232 0.225706 0.059113 0.082109
0 0.179367 0.940289 0.070383 0.081099
0 0.661082 0.839005 0.066258 0.083365
0 0.605514 0.893896 0.065488 0.086083
0 0.967816 0.361820 0.063242 0.087859
0 0.880562 0.730888 0.069914 0.088745
0 0.967432 0.711826 0.065137 0.088526
0 0.052014 0.413247 0.066895 0.087078
0 0.990646 0.779872 0.018707 0.092693
0 0.143500 0.102195 0.065797 0.077578
0 0.143377 0.025273 0.070004 0.050547
0 0.814666 0.568604 0.068090 0.085135
0 0.782111 0.361747 0.072020 0.083349
0 0.356623 0.922237 0.067988 0.082547
0 0.581576 0.968016 0.064371 0.063448
0 0.470324 0.839203 0.067969 0.085885
0 0.234064 0.114367 0.064324 0.098734
0 0.074484 0.676964 0.072234 0.100708
0 0.479322 0.940503 0.061074 0.087109
0 0.049393 0.359031 0.070637 0.083812
0 0.459693 0.804651 0.064793 0.087937
0 0.961078 0.597469 0.075508 0.112771
0 0.643541 0.027029 0.064645 0.054057
0 0.167594 0.123078 0.058922 0.078531
0 0.349506 0.953036 0.071059 0.089229
0 0.534264 0.295685 0.070949 0.094245
