0 0.193207 0.320317 0.074008 0.134606
0 0.142384 0.510782 0.078430 0.133259
0 0.589488 0.193146 0.077846 0.138542
0 0.377202 0.716715 0.068393 0.120958
0 0.480346 0.321544 0.075354 0.135977
0 0.908887 0.436454 0.076805 0.130759
0 0.558408 0.596602 0.077971 0.135944
0 0.822658 0.352146 0.084445 0.136449
0 0.150937 0.763350 0.083109 0.142514
0 0.536770 0.466970 0.075961 0.132782
0 0.325576 0.340537 0.076359 0.136843
0 0.949219 0.695678 0.074719 0.129199
0 0.215056 0.153238 0.077065 0.131477
0 0.701331 0.913120 0.081448 0.129065
0 0.113138 0.303280 0.086375 0.146181
0 0.555003 0.326641 0.076646 0.140023
0 0.402477 0.917674 0.082089 0.144671
0 0.183273 0.618197 0.076057 0.136218
0 0.864625 0.590113 0.079870 0.142292
0 0.261445 0.264755 0.074885 0.132787
0 0.614247 0.413407 0.081260 0.147278
0 0.839302 0.040535 0.076260 0.079931
0 0.038113 0.119463 0.076029 0.143750
0 0.793753 0.672407 0.082391 0.146056
0 0.076943 0.016991 0.086849 0.033981
0 0.458346 0.477808 0.080448 0.141403
0 0.979570 0.012852 0.040385 0.025704
0 0.089047 0.204905 0.086557 0.134273
0 0.951096 0.105044 0.084198 0.133532
0 0.549962 0.958681 0.075492 0.080519
0 0.325535 0.054632 0.075945 0.107014
0 0.936915 0.819403 0.083346 0.132565
0 0.533672 0.098194 0.077255 0.145444
0 0.003969 0.779273 0.007938 0.130935
0 0.421576 0.794556 0.057313 0.118324
0 0.961204 0.356086 0.077331 0.130227
0 0.343816 0.476553 0.080227 0.141884
0 0.043676 0.815678 0.081039 0.141245
0 0.890309 0.287613 0.079586 0.135782
0 0.970561 0.552933 0.058878 0.140282
0 0.036632 0.531824 0.073263 0.137093
0 0.459125 0.139704 0.077203 0.127602
0 0.698788 0.787799 0.080742 0.131458
0 0.138025 0.088160 0.078227 0.133514
0 0.756626 0.537769 0.078867 0.133833
0 0.863595 0.753039 0.075190 0.132116
0 0.488479 0.811419 0.078625 0.138653
0 0.587247 0.865083 0.073542 0.126250
0 0.362569 0.149900 0.076258 0.127301
0 0.658789 0.529127 0.081328 0.132375
0 0.228521 0.720662 0.072063 0.125917
0 0.728077 0.417810 0.073956 0.118472
0 0.251997 0.393354 0.073896 0.124829
0 0.836842 0.964100 0.083018 0.070764
0 0.367491 0.989549 0.075372 0.019986
0 0.906701 0.045127 0.066901 0.089375
0 0.315982 0.748488 0.064266 0.135079
0 0.500549 0.014481 0.083521 0.028352
0 0.687901 0.014042 0.077375 0.028083
0 0.992833 0.692516 0.014333 0.136903
0 0.400195 0.588266 0.085229 0.139958
0 0.788540 0.238204 0.078013 0.119278
0 0.466342 0.976428 0.075878 0.045227
0 0.985281 0.467211 0.029354 0.126421
0 0.748342 0.035745 0.081716 0.070889
0 0.755638 0.963595 0.079068 0.071495
0 0.613781 0.019368 0.079250 0.038736
0 0.968815 0.235567 0.062271 0.122875
0 0.202829 0.959977 0.092857 0.076861
0 0.885365 0.150544 0.085062 0.139699
0 0.411358 0.240164 0.082435 0.154875
0 0.882061 0.894317 0.074513 0.129532
0 0.561473 0.755148 0.076607 0.117593
0 0.682882 0.213604 0.080107 0.137625
0 0.490566 0.597926 0.064206 0.116130
0 0.661967 0.090063 0.081336 0.132477
0 0.087217 0.434688 0.076206 0.132421
0 0.423245 0.048315 0.081802 0.095157
0 0.626370 0.953674 0.077604 0.091134
0 0.249779 0.048644 0.077005 0.095269
0 0.738023 0.282049 0.076776 0.159597
0 0.401021 0.388410 0.072990 0.138968
0 0.312398 0.541222 0.079609 0.134630
0 0.028517 0.932600 0.056883 0.129051
0 0.664549 0.659947 0.086755 0.134384
0 0.635413 0.726637 0.077867 0.142282
0 0.180327 0.898618 0.095044 0.135014
0 0.047185 0.386498 0.073563 0.129819
0 0.807831 0.855106 0.084807 0.149556
