1 0.531568 0.632563 0.114176 0.195854
0 0.992723 0.637477 0.014555 0.145589
0 0.332574 0.990484 0.098797 0.019031
0 0.119949 0.982500 0.115805 0.035000
0 0.846354 0.016341 0.103207 0.032682
0 0.741748 0.018453 0.106957 0.036906
0 0.548217 0.022122 0.105246 0.044057
0 0.018594 0.535898 0.037187 0.148536
0 0.019477 0.758792 0.038953 0.142896
0 0.960748 0.174245 0.078504 0.133594
0 0.968537 0.059063 0.062480 0.117021
0 0.961156 0.426737 0.077688 0.137703
0 0.087686 0.585513 0.113238 0.139880
0 0.649299 0.801448 0.105504 0.149021
0 0.317221 0.044419 0.102965 0.088578
0 0.848332 0.340560 0.114609 0.148234
0 0.789014 0.251099 0.109605 0.134760
0 0.613262 0.629023 0.098406 0.144068
0 0.804791 0.572096 0.100777 0.129620
0 0.488119 0.083156 0.092621 0.141052
0 0.131432 0.051750 0.111543 0.103500
0 0.133799 0.905349 0.115777 0.146885
0 0.709768 0.956185 0.105207 0.086807
0 0.829156 0.090182 0.107375 0.129667
0 0.950604 0.715391 0.098598 0.152167
0 0.926701 0.937648 0.106113 0.124255
0 0.847787 0.732641 0.103324 0.135531
0 0.203703 0.955880 0.105023 0.088240
0 0.757709 0.485078 0.100512 0.136708
0 0.671014 0.543672 0.118918 0.147281
0 0.858793 0.186526 0.103711 0.127740
0 0.688121 0.394294 0.108133 0.159766
0 0.707094 0.193776 0.102797 0.137729
0 0.092174 0.688253 0.118871 0.152849
0 0.032082 0.287711 0.064031 0.152880
0 0.830498 0.866607 0.113660 0.141776
0 0.532953 0.176906 0.115039 0.141198
0 0.069516 0.173258 0.120008 0.140339
0 0.621461 0.931667 0.102164 0.136177
0 0.644252 0.067482 0.104504 0.133620
0 0.419750 0.284198 0.112937 0.132302
0 0.403488 0.537253 0.103875 0.148182
0 0.422139 0.177141 0.105949 0.125656
0 0.266727 0.451036 0.109219 0.150635
0 0.624693 0.318911 0.087168 0.125865
0 0.211195 0.708284 0.106898 0.135536
0 0.221078 0.150177 0.111609 0.144635
0 0.192807 0.828341 0.102645 0.131036
0 0.217598 0.293323 0.109805 0.137240
0 0.322893 0.593740 0.111637 0.138135
0 0.320309 0.838969 0.112797 0.135094
0 0.535430 0.484742 0.109992 0.145495
0 0.109729 0.303659 0.116395 0.148651
0 0.451277 0.411990 0.109961 0.147229
0 0.518406 0.310299 0.098461 0.129182
0 0.325910 0.715437 0.119289 0.131563
0 0.072363 0.452367 0.116164 0.144297
0 0.048074 0.057141 0.096148 0.113396
0 0.178822 0.413508 0.102746 0.130547
