0 0.196131 0.492984 0.069348 0.087948
1 0.269857 0.464771 0.058980 0.076000
0 0.459613 0.962914 0.081234 0.074172
0 0.748676 0.340109 0.072812 0.095885
0 0.522010 0.481883 0.072301 0.103109
0 0.142910 0.046906 0.072648 0.093813
0 0.524961 0.088659 0.077391 0.104401
0 0.388635 0.060526 0.069465 0.098885
0 0.931426 0.949591 0.072570 0.100818
0 0.553395 0.177195 0.077578 0.099703
0 0.664531 0.442667 0.070867 0.105000
0 0.243107 0.641549 0.067746 0.099609
0 0.826771 0.804971 0.095145 0.097099
0 0.285834 0.726799 0.078957 0.084432
0 0.660725 0.958578 0.072020 0.082844
0 0.706156 0.808190 0.078414 0.096901
0 0.601037 0.461107 0.072809 0.095047
0 0.716201 0.960927 0.078012 0.078146
0 0.038100 0.590336 0.076199 0.117120
0 0.343973 0.112542 0.074781 0.102323
0 0.277998 0.564688 0.069621 0.094833
0 0.825717 0.653375 0.077074 0.090979
0 0.035445 0.272747 0.070891 0.123984
0 0.108611 0.410146 0.063574 0.078896
0 0.784498 0.051594 0.076996 0.094760
0 0.618189 0.369094 0.075207 0.091115
0 0.195430 0.087130 0.060031 0.100240
0 0.107977 0.805581 0.063703 0.089547
0 0.717363 0.633271 0.071398 0.098594
0 0.908703 0.797078 0.081273 0.082406
0 0.636666 0.282299 0.077215 0.099536
0 0.677928 0.570708 0.076512 0.099375
0 0.264412 0.841958 0.091520 0.086406
0 0.898191 0.653745 0.076078 0.090646
0 0.158496 0.597789 0.075906 0.098391
0 0.644781 0.055477 0.078578 0.110953
0 0.348094 0.328385 0.067023 0.085146
0 0.083750 0.883318 0.083391 0.101021
0 0.910734 0.473885 0.077680 0.101958
0 0.656416 0.910831 0.073441 0.092589
0 0.707012 0.719490 0.077234 0.086802
0 0.864660 0.882383 0.075258 0.092911
0 0.954389 0.658203 0.077293 0.083740
0 0.796410 0.226823 0.076719 0.097667
0 0.630020 0.147893 0.083156 0.085828
0 0.016430 0.089531 0.032492 0.099521
0 0.458617 0.476758 0.065672 0.089005
0 0.217174 0.700992 0.071324 0.092953
0 0.258445 0.349740 0.072797 0.098031
0 0.482150 0.208391 0.078301 0.095000
0 0.515445 0.038398 0.060859 0.076620
0 0.386428 0.871771 0.079770 0.091062
0 0.790295 0.144112 0.078746 0.101286
0 0.048443 0.406651 0.071754 0.092583
0 0.333467 0.802750 0.065793 0.081490
0 0.315566 0.036336 0.075578 0.072672
0 0.085666 0.768659 0.077527 0.091651
0 0.922006 0.313091 0.075285 0.102495
0 0.462576 0.526404 0.074270 0.093839
0 0.801164 0.306320 0.071844 0.089380
0 0.183305 0.963099 0.088938 0.073802
0 0.716484 0.388703 0.068922 0.107219
0 0.375828 0.216414 0.061055 0.084078
0 0.013375 0.707383 0.025937 0.108609
0 0.836508 0.171797 0.072336 0.109510
0 0.677791 0.763591 0.077105 0.102786
0 0.923104 0.189341 0.070996 0.100505
0 0.411854 0.015039 0.079816 0.030078
0 0.736988 0.534625 0.068109 0.100083
0 0.465748 0.769919 0.086660 0.079161
0 0.303436 0.400570 0.088113 0.089474
0 0.463408 0.611503 0.081254 0.088641
0 0.507291 0.301404 0.068645 0.098484
0 0.972516 0.048841 0.054969 0.092807
0 0.557215 0.319435 0.083930 0.087391
0 0.400836 0.953742 0.064656 0.086057
0 0.800441 0.458943 0.072789 0.096052
0 0.793506 0.989060 0.082738 0.021880
0 0.092875 0.628971 0.076922 0.094818
0 0.619492 0.708956 0.071453 0.105474
0 0.147461 0.132380 0.074414 0.090542
0 0.890801 0.386510 0.092508 0.088646
0 0.026598 0.822484 0.052477 0.089688
0 0.019020 0.457620 0.038039 0.116198
0 0.276807 0.953622 0.076238 0.092536
0 0.595855 0.036891 0.066867 0.073781
0 0.580186 0.135948 0.067402 0.083458
0 0.969227 0.221930 0.061078 0.109151
0 0.751686 0.125154 0.075371 0.096193
0 0.099533 0.273117 0.068668 0.095714
0 0.333305 0.457745 0.087023 0.105760
0 0.713143 0.279005 0.080730 0.094052
0 0.037662 0.140609 0.068418 0.089813
0 0.318729 0.319063 0.069895 0.100125
0 0.593488 0.916776 0.074859 0.098938
0 0.511363 0.544977 0.065969 0.081255
0 0.797885 0.694068 0.077730 0.088729
0 0.859342 0.531763 0.074629 0.103245
0 0.503783 0.369521 0.068387 0.092635
0 0.091809 0.685573 0.068547 0.083260
0 0.375758 0.507919 0.069055 0.103057
0 0.405395 0.305469 0.064852 0.085073
0 0.564906 0.977323 0.075227 0.044146
0 0.390273 0.978466 0.071781 0.039766
0 0.989977 0.359977 0.017828 0.140182
0 0.009453 0.878987 0.018133 0.091141
0 0.982191 0.864180 0.035617 0.083786
0 0.433174 0.629471 0.072316 0.087036
0 0.008672 0.973323 0.017344 0.053354
0 0.848568 0.010703 0.089465 0.021406
0 0.160455 0.009122 0.074605 0.018245
0 0.165355 0.168901 0.068187 0.081250
0 0.853174 0.271458 0.090340 0.081187
0 0.867385 0.442799 0.075301 0.094495
0 0.183816 0.262146 0.068742 0.091708
0 0.769223 0.900427 0.063523 0.085177
0 0.297162 0.157505 0.077309 0.093813
0 0.994424 0.637734 0.009824 0.089708
0 0.566703 0.896023 0.076805 0.087078
0 0.791080 0.960810 0.079043 0.060589
0 0.927746 0.031716 0.072516 0.061276
0 0.595953 0.980932 0.083258 0.038135
0 0.647795 0.677792 0.074957 0.111146
0 0.032699 0.367182 0.065398 0.097073
0 0.148684 0.791841 0.067242 0.095380
0 0.230064 0.510276 0.071957 0.092188
0 0.454680 0.698797 0.085039 0.098583
0 0.299232 0.653177 0.081770 0.086781
0 0.725104 0.479266 0.069371 0.082979
0 0.969775 0.819690 0.060449 0.090266
0 0.271475 0.144180 0.079004 0.097453
0 0.554436 0.401362 0.068473 0.098484
0 0.800459 0.524240 0.076457 0.109969
0 0.196180 0.843419 0.075437 0.097755
0 0.432010 0.269568 0.075543 0.101771
0 0.395646 0.809508 0.072176 0.090682
0 0.778613 0.846161 0.075781 0.090115
0 0.672467 0.113854 0.081059 0.109760
0 0.575986 0.848018 0.081621 0.097974
0 0.495240 0.873286 0.083285 0.106427
0 0.840363 0.728560 0.068938 0.089120
0 0.844682 0.350234 0.076512 0.100813
0 0.502131 0.649849 0.074496 0.088792
0 0.384348 0.566612 0.087422 0.095609
0 0.306719 0.221544 0.076313 0.105307
0 0.117408 0.926490 0.066949 0.097844
0 0.034883 0.500878 0.067148 0.094224
0 0.111488 0.966750 0.074414 0.066500
0 0.957199 0.417310 0.073461 0.085474
0 0.015148 0.203867 0.030195 0.100068
0 0.098682 0.213029 0.076582 0.102359
0 0.709037 0.235198 0.076910 0.099177
0 0.245736 0.051352 0.074801 0.102703
0 0.163473 0.243031 0.080406 0.094531
0 0.509467 0.785115 0.068559 0.095708
0 0.868588 0.229036 0.072082 0.113448
0 0.112904 0.570451 0.080840 0.085724
0 0.314551 0.582477 0.068117 0.088922
0 0.818363 0.938341 0.085516 0.094005
0 0.208971 0.782154 0.070230 0.098172
0 0.919111 0.538352 0.083441 0.098078
0 0.582533 0.265641 0.088770 0.092760
0 0.450814 0.353859 0.072488 0.094958
0 0.255334 0.259070 0.076512 0.098984
0 0.309012 0.885523 0.079562 0.097609
0 0.977807 0.933185 0.042699 0.083234
0 0.044508 0.968831 0.073219 0.062339
0 0.328105 0.727247 0.067039 0.089297
