0 0.846734 0.700466 0.069828 0.082005
0 0.591268 0.685682 0.067043 0.090198
0 0.943564 0.495484 0.069840 0.090740
0 0.500197 0.277034 0.070074 0.101505
0 0.638795 0.030987 0.070949 0.061974
0 0.829182 0.193604 0.070012 0.084937
0 0.982682 0.906964 0.033863 0.098271
0 0.859639 0.139846 0.068410 0.082172
0 0.601988 0.585852 0.066586 0.088880
0 0.205883 0.645167 0.065141 0.089208
0 0.497129 0.713435 0.067867 0.084776
0 0.147979 0.095146 0.071277 0.091937
0 0.431744 0.200859 0.065434 0.094292
0 0.957383 0.819596 0.063828 0.083453
0 0.452619 0.635034 0.068707 0.099734
0 0.591729 0.145263 0.069059 0.090359
0 0.674410 0.586990 0.070383 0.101000
0 0.671799 0.940016 0.063496 0.087427
0 0.330955 0.719276 0.070699 0.087750
0 0.709094 0.750036 0.068016 0.087948
0 0.816246 0.061935 0.073867 0.087453
0 0.892742 0.953440 0.075555 0.092911
0 0.523576 0.155151 0.067746 0.084010
0 0.791973 0.643979 0.071633 0.086667
0 0.270324 0.123854 0.066852 0.081167
0 0.276465 0.958245 0.065125 0.082427
0 0.698008 0.477500 0.074469 0.100906
0 0.069422 0.388917 0.069672 0.088479
0 0.373939 0.640219 0.070621 0.084063
0 0.136695 0.467292 0.069875 0.101104
0 0.932713 0.398479 0.065770 0.089208
0 0.800006 0.770589 0.069230 0.090687
0 0.033451 0.214419 0.065996 0.084068
0 0.945193 0.593802 0.070652 0.090156
0 0.768230 0.433167 0.072852 0.090781
0 0.059316 0.934380 0.071148 0.085573
0 0.212150 0.762232 0.065066 0.091255
0 0.409062 0.842513 0.071469 0.093505
0 0.783436 0.962359 0.074270 0.075281
0 0.140193 0.808961 0.073902 0.085047
0 0.033707 0.310935 0.067414 0.085859
0 0.901969 0.311698 0.071250 0.092510
0 0.754904 0.867862 0.070512 0.095484
0 0.377855 0.252372 0.071086 0.094089
0 0.821148 0.559589 0.073047 0.093469
0 0.200395 0.513917 0.065969 0.091042
0 0.892445 0.055427 0.068758 0.088563
0 0.556910 0.059073 0.069937 0.086031
0 0.724900 0.043049 0.075309 0.084182
0 0.465080 0.794320 0.070918 0.094974
0 0.191430 0.037828 0.072703 0.075656
0 0.814033 0.344185 0.071801 0.087089
0 0.862242 0.449698 0.070359 0.090708
0 0.975512 0.287276 0.048977 0.087958
0 0.378086 0.129284 0.070383 0.091255
0 0.554094 0.952763 0.065250 0.087005
0 0.961826 0.061487 0.067129 0.092464
0 0.034303 0.091211 0.066566 0.086578
0 0.918496 0.708177 0.069539 0.090052
0 0.285334 0.041362 0.062098 0.081964
0 0.488545 0.057539 0.065223 0.096401
0 0.454379 0.930708 0.070609 0.097156
0 0.602859 0.356922 0.067430 0.083656
0 0.066266 0.514841 0.062125 0.089120
0 0.188430 0.883003 0.072844 0.076453
0 0.382566 0.910664 0.076148 0.088828
0 0.743611 0.569174 0.067113 0.090526
0 0.003953 0.633271 0.007906 0.083125
0 0.715150 0.251286 0.098863 0.102854
0 0.003480 0.263227 0.006961 0.078151
0 0.321176 0.006727 0.072313 0.012214
0 0.502318 0.007393 0.068043 0.014005
0 0.823811 0.006930 0.076676 0.013859
0 0.006016 0.027854 0.012031 0.055708
0 0.337986 0.452109 0.058074 0.084000
0 0.005631 0.145305 0.011262 0.080984
0 0.614187 0.267138 0.071297 0.086068
0 0.376154 0.424398 0.072410 0.087734
0 0.737156 0.277656 0.062203 0.096552
0 0.729605 0.214201 0.068422 0.093318
0 0.006516 0.486552 0.012602 0.088271
0 0.599443 0.238081 0.071410 0.081120
0 0.571656 0.008174 0.065062 0.016349
0 0.092061 0.989185 0.065395 0.021339
0 0.147906 0.684073 0.069680 0.084875
0 0.152633 0.725320 0.067055 0.077120
0 0.482131 0.988208 0.060371 0.022344
0 0.990072 0.185193 0.019480 0.088510
0 0.012322 0.715932 0.024316 0.082490
0 0.045727 0.015505 0.065055 0.031010
0 0.687705 0.253120 0.061809 0.083823
0 0.453979 0.365331 0.070543 0.083193
0 0.449293 0.321057 0.068461 0.081521
0 0.515814 0.492734 0.073762 0.088729
0 0.311373 0.314159 0.071887 0.083839
0 0.324693 0.189747 0.063418 0.083828
0 0.709121 0.348102 0.071328 0.079974
0 0.492309 0.406549 0.053977 0.098370
0 0.698176 0.383323 0.068133 0.079906
0 0.940432 0.176987 0.063402 0.082286
0 0.327832 0.501052 0.062203 0.090396
0 0.273053 0.652331 0.062762 0.079630
0 0.134170 0.570854 0.065387 0.099781
0 0.592738 0.849247 0.066219 0.077839
0 0.649848 0.763883 0.059125 0.087568
0 0.017375 0.877935 0.034383 0.077089
0 0.699498 0.130674 0.068629 0.083828
0 0.603803 0.897716 0.065824 0.081859
0 0.302410 0.364424 0.068703 0.088516
0 0.504926 0.535635 0.072781 0.091917
0 0.303355 0.584094 0.065648 0.078906
0 0.106937 0.590307 0.061031 0.080604
0 0.935910 0.224651 0.067164 0.086167
0 0.663254 0.209909 0.065961 0.084964
0 0.986070 0.551898 0.027859 0.095005
0 0.270254 0.866786 0.066766 0.086479
0 0.388439 0.479117 0.055066 0.088484
0 0.662553 0.104724 0.061574 0.095958
0 0.772215 0.134250 0.062805 0.079771
0 0.980635 0.380214 0.037590 0.083354
0 0.899703 0.862698 0.061711 0.085250
0 0.788064 0.255474 0.060988 0.101073
0 0.777629 0.038286 0.067461 0.076573
0 0.260615 0.696276 0.066965 0.082010
0 0.417988 0.717682 0.063188 0.086625
0 0.824871 0.902693 0.065695 0.085927
0 0.537258 0.616659 0.063812 0.085464
0 0.289523 0.209195 0.074578 0.087078
0 0.195156 0.118219 0.067641 0.082000
0 0.020850 0.972313 0.040129 0.055375
0 0.585906 0.484542 0.062961 0.085688
0 0.201666 0.250708 0.071129 0.095833
0 0.666572 0.854055 0.067332 0.081964
0 0.939570 0.954880 0.068102 0.090240
0 0.633721 0.430885 0.069348 0.078042
0 0.035830 0.822674 0.071660 0.085672
0 0.446650 0.455659 0.062160 0.085370
0 0.358252 0.353104 0.070645 0.094448
0 0.054348 0.639880 0.065727 0.079094
0 0.095533 0.869523 0.061074 0.078016
0 0.415229 0.557630 0.067746 0.082031
0 0.539541 0.369888 0.060645 0.100536
0 0.025973 0.569411 0.051945 0.081021
0 0.280652 0.780956 0.068609 0.081245
0 0.101500 0.036643 0.059477 0.071849
0 0.277664 0.472901 0.064812 0.084990
0 0.146959 0.301081 0.067254 0.088297
0 0.212842 0.960802 0.068082 0.078396
0 0.155473 0.185081 0.068312 0.087161
0 0.260906 0.560977 0.069102 0.086984
0 0.224990 0.858799 0.071465 0.094891
0 0.681324 0.678320 0.078766 0.084078
