1 0.828297 0.630479 0.091010 0.150255
1 0.202326 0.725553 0.076807 0.154347
1 0.395848 0.625928 0.082534 0.158255
1 0.088441 0.462361 0.089362 0.165046
1 0.322280 0.174481 0.091617 0.173806
1 0.101699 0.816352 0.087404 0.149009
0 0.915193 0.911410 0.081260 0.136356
1 0.520764 0.753269 0.081326 0.145593
0 0.821254 0.082169 0.080299 0.140579
0 0.045336 0.349928 0.090672 0.155292
0 0.403521 0.241088 0.079297 0.143648
0 0.694108 0.015359 0.093924 0.030718
0 0.907385 0.024812 0.081792 0.049625
0 0.326118 0.938731 0.087081 0.122537
0 0.566921 0.971812 0.086622 0.051634
0 0.364781 0.022266 0.079953 0.044495
0 0.051143 0.014454 0.089188 0.027593
1 0.511975 0.924583 0.081326 0.143167
0 0.035749 0.084738 0.071451 0.148792
0 0.248329 0.969266 0.088154 0.061468
0 0.379949 0.106088 0.093060 0.156759
0 0.970935 0.029127 0.058130 0.058255
0 0.744701 0.710102 0.110359 0.173519
0 0.988858 0.666410 0.022284 0.172847
0 0.296534 0.051646 0.078297 0.102921
0 0.981810 0.462273 0.036344 0.146370
0 0.955897 0.659884 0.066232 0.166463
0 0.624441 0.633366 0.090529 0.152213
0 0.564893 0.875688 0.075865 0.155634
0 0.056035 0.906537 0.076706 0.139074
0 0.150738 0.915748 0.084883 0.156477
0 0.773055 0.028102 0.090219 0.056204
0 0.902993 0.791097 0.089102 0.144009
0 0.896858 0.649438 0.077518 0.176532
0 0.418590 0.482528 0.087711 0.165269
0 0.345540 0.475956 0.075154 0.164560
0 0.042204 0.647775 0.082112 0.141773
0 0.830978 0.495799 0.084143 0.153079
0 0.269033 0.895127 0.094638 0.137551
0 0.383857 0.361537 0.076917 0.137648
0 0.319383 0.324704 0.080359 0.152935
0 0.043768 0.213127 0.086448 0.146847
0 0.027204 0.508787 0.054409 0.151315
0 0.958504 0.358769 0.082727 0.151046
0 0.129230 0.704046 0.089138 0.145815
0 0.932727 0.526021 0.084193 0.147764
0 0.876716 0.306167 0.090625 0.148444
0 0.113848 0.262819 0.085398 0.161463
0 0.114228 0.049521 0.082013 0.093134
0 0.947426 0.192764 0.082919 0.129815
0 0.897350 0.113407 0.087815 0.144722
0 0.831049 0.216718 0.081901 0.148111
0 0.150719 0.378465 0.085125 0.148181
0 0.534171 0.625111 0.084701 0.147250
0 0.703167 0.593674 0.092224 0.172458
0 0.035526 0.779819 0.070599 0.156120
0 0.596469 0.749711 0.086719 0.150542
0 0.183125 0.187856 0.086635 0.154667
0 0.384440 0.768699 0.088495 0.159722
0 0.125281 0.581775 0.100891 0.151329
0 0.323240 0.669771 0.095229 0.179755
0 0.464383 0.588104 0.083188 0.166986
0 0.257949 0.220102 0.079227 0.142861
0 0.676406 0.761421 0.086943 0.147037
0 0.277538 0.766755 0.093622 0.157074
0 0.013882 0.915255 0.027763 0.152954
0 0.630908 0.871634 0.074872 0.144519
0 0.777824 0.562188 0.086727 0.170014
0 0.846263 0.929567 0.088698 0.140866
0 0.235167 0.096389 0.084786 0.147630
0 0.010715 0.049361 0.019586 0.098722
0 0.230970 0.019146 0.094383 0.038292
1 0.782799 0.793984 0.081682 0.148810
0 0.884525 0.436583 0.091409 0.151954
0 0.437092 0.054759 0.086633 0.106759
0 0.843246 0.732581 0.082758 0.143579
