0 0.016769 0.676111 0.033538 0.123261
0 0.160428 0.190327 0.126721 0.104254
0 0.712546 0.015090 0.087184 0.030180
0 0.986595 0.279709 0.026809 0.133215
0 0.974618 0.018068 0.050764 0.036137
0 0.955297 0.383097 0.089406 0.133560
0 0.992047 0.880471 0.015907 0.120386
0 0.008542 0.780100 0.017083 0.108997
0 0.100291 0.985015 0.098522 0.029671
0 0.902350 0.831327 0.120000 0.110864
0 0.309427 0.029043 0.086308 0.058086
0 0.156850 0.272842 0.108268 0.099038
0 0.033210 0.260869 0.066397 0.126451
0 0.098482 0.515298 0.109255 0.141183
0 0.259763 0.956191 0.106771 0.086991
0 0.872359 0.578760 0.114255 0.102675
0 0.042236 0.455437 0.084471 0.106934
0 0.973451 0.066067 0.053083 0.098565
0 0.967510 0.949455 0.064471 0.101091
0 0.977573 0.711430 0.044853 0.123981
0 0.509684 0.258796 0.100864 0.130175
0 0.201719 0.324524 0.091578 0.148143
0 0.547872 0.474931 0.109718 0.127505
0 0.837724 0.223542 0.119035 0.117917
0 0.944502 0.481703 0.109591 0.105144
0 0.892284 0.167096 0.085046 0.148441
0 0.845313 0.490358 0.109923 0.118678
0 0.617984 0.032960 0.095336 0.065849
0 0.765353 0.276870 0.095428 0.084799
0 0.135471 0.621124 0.115201 0.144697
0 0.172355 0.943102 0.115158 0.105905
0 0.820343 0.628573 0.116196 0.137721
0 0.917704 0.909707 0.111111 0.114023
0 0.455567 0.610571 0.101690 0.139033
0 0.733584 0.865710 0.087585 0.159712
0 0.478368 0.069480 0.081397 0.137747
0 0.027089 0.053760 0.054101 0.107521
0 0.596217 0.624401 0.093229 0.142011
0 0.657242 0.757045 0.114221 0.108102
0 0.364923 0.499923 0.091026 0.126296
0 0.502905 0.869532 0.114676 0.140484
0 0.672818 0.956775 0.098484 0.085772
0 0.354597 0.152317 0.102581 0.121003
0 0.717043 0.372106 0.094757 0.139686
0 0.900293 0.308909 0.101165 0.127994
0 0.553995 0.724547 0.101825 0.116111
0 0.374277 0.742883 0.090883 0.141096
0 0.562394 0.353146 0.093939 0.161507
0 0.101061 0.051574 0.104676 0.103148
0 0.969373 0.586592 0.061015 0.117433
0 0.120683 0.146700 0.113750 0.116024
0 0.670583 0.852328 0.089576 0.112505
0 0.394857 0.050484 0.096026 0.100967
0 0.891948 0.739907 0.103063 0.117840
0 0.310760 0.935172 0.093225 0.113092
0 0.053709 0.789550 0.078005 0.102536
0 0.161694 0.746484 0.089460 0.123338
0 0.828646 0.136214 0.094051 0.107623
0 0.802990 0.777317 0.093542 0.118164
0 0.725909 0.184061 0.111100 0.125046
0 0.546755 0.952153 0.085332 0.095694
0 0.543052 0.056970 0.091836 0.112623
0 0.700683 0.577683 0.108920 0.113410
0 0.305226 0.558349 0.104541 0.128508
0 0.282988 0.793236 0.088561 0.133045
0 0.329718 0.278884 0.092847 0.111646
0 0.409927 0.947935 0.095810 0.104131
0 0.203636 0.849349 0.096493 0.116847
0 0.141669 0.451055 0.096771 0.113169
0 0.082797 0.334743 0.094190 0.107973
0 0.393970 0.408187 0.095509 0.128102
0 0.229850 0.676615 0.086327 0.117603
0 0.859728 0.046626 0.089525 0.093251
0 0.797027 0.922922 0.087319 0.141296
0 0.483428 0.403251 0.084394 0.116862
0 0.777243 0.053562 0.100559 0.107022
0 0.321462 0.679761 0.093218 0.114336
0 0.449896 0.788742 0.097446 0.129306
0 0.527568 0.586535 0.092589 0.110921
0 0.668414 0.661597 0.080563 0.106373
0 0.959419 0.211757 0.081161 0.122052
0 0.262290 0.125041 0.090004 0.128272
0 0.422375 0.210828 0.093669 0.126245
1 0.031032 0.948256 0.061547 0.103488
1 0.201121 0.553256 0.104178 0.124887
1 0.192677 0.045221 0.092585 0.089866
1 0.299936 0.326008 0.122558 0.136821
0 0.027068 0.375046 0.054136 0.109856
1 0.772895 0.682253 0.117975 0.130031
1 0.639605 0.296821 0.107535 0.125370
1 0.303661 0.437958 0.099205 0.118508
