0 0.125121 0.836736 0.076190 0.150481
0 0.365954 0.752488 0.079956 0.145394
0 0.334368 0.290808 0.079602 0.152236
0 0.260417 0.311641 0.078859 0.162319
0 0.328223 0.449660 0.090383 0.153588
0 0.605118 0.353039 0.079253 0.176440
0 0.490201 0.615229 0.094927 0.129699
0 0.035132 0.289854 0.070263 0.149477
0 0.517495 0.711414 0.095990 0.174394
0 0.104108 0.741685 0.099888 0.128491
0 0.308872 0.817250 0.089437 0.157769
0 0.766452 0.344162 0.096560 0.158111
0 0.539380 0.305799 0.087688 0.152940
0 0.276530 0.474234 0.089398 0.164671
0 0.048889 0.723808 0.080669 0.128310
0 0.507424 0.406162 0.083542 0.142176
0 0.233861 0.543148 0.084122 0.155324
0 0.496125 0.515690 0.075078 0.119676
0 0.376811 0.884134 0.081951 0.147833
0 0.310848 0.673153 0.088742 0.148370
0 0.411059 0.284484 0.085362 0.142662
0 0.209668 0.356590 0.067622 0.201708
0 0.096181 0.310109 0.082008 0.162310
0 0.154462 0.332035 0.076044 0.170468
0 0.872871 0.414537 0.081362 0.143074
0 0.144798 0.941535 0.088518 0.115486
0 0.182445 0.478553 0.090151 0.135653
0 0.155393 0.630065 0.080458 0.147380
0 0.645563 0.455192 0.088615 0.193208
0 0.426337 0.713993 0.089305 0.142505
0 0.338176 0.586282 0.080763 0.149546
0 0.803309 0.426512 0.079695 0.156792
0 0.237233 0.743817 0.101518 0.137903
0 0.817974 0.557648 0.101146 0.151343
0 0.704711 0.559988 0.093042 0.158532
0 0.226840 0.649903 0.097331 0.139611
0 0.210171 0.924991 0.081414 0.140898
0 0.698840 0.692465 0.088805 0.141051
0 0.661031 0.292632 0.092438 0.128792
0 0.957142 0.340424 0.067221 0.198079
0 0.763311 0.734120 0.086555 0.206259
0 0.113219 0.523766 0.103130 0.142421
0 0.631635 0.880549 0.097604 0.145856
1 0.569934 0.524694 0.098497 0.173667
0 0.584674 0.940382 0.121547 0.114588
0 0.175652 0.812819 0.076841 0.131259
0 0.685841 0.817405 0.081703 0.157745
0 0.576826 0.668859 0.095510 0.142014
0 0.444901 0.893981 0.085896 0.152157
0 0.524077 0.901817 0.095669 0.149829
0 0.621305 0.599875 0.075594 0.129472
0 0.014100 0.833067 0.028201 0.122023
0 0.397491 0.580817 0.086482 0.156356
0 0.058245 0.914801 0.085406 0.152630
0 0.260703 0.876046 0.089068 0.143500
0 0.091792 0.635035 0.080698 0.128440
0 0.034134 0.582933 0.067721 0.150125
0 0.018018 0.916743 0.035896 0.138153
0 0.433816 0.947546 0.078117 0.104426
0 0.994181 0.410164 0.011503 0.156079
0 0.572499 0.789576 0.088367 0.149681
0 0.636837 0.740678 0.088956 0.154875
0 0.490664 0.829370 0.076437 0.123296
0 0.741576 0.482898 0.083552 0.132185
0 0.427036 0.503951 0.095266 0.124690
0 0.302092 0.958912 0.102727 0.082176
0 0.706543 0.389046 0.084951 0.169565
0 0.433245 0.397030 0.088698 0.141097
0 0.469026 0.306641 0.077885 0.159560
