0 0.505133 0.427135 0.074352 0.096802
0 0.044348 0.061612 0.079070 0.105026
0 0.195023 0.043831 0.077031 0.087661
0 0.118633 0.310667 0.074695 0.125635
0 0.800902 0.360195 0.077281 0.104474
0 0.056484 0.307372 0.071375 0.093891
0 0.970961 0.511474 0.058078 0.101708
0 0.892869 0.475219 0.080863 0.098042
0 0.382650 0.411938 0.078980 0.091823
0 0.584871 0.639768 0.077273 0.098339
0 0.271316 0.162789 0.084930 0.096536
0 0.079654 0.203680 0.081637 0.105547
0 0.046012 0.477479 0.074563 0.099354
0 0.729996 0.881414 0.066375 0.096297
0 0.823631 0.273565 0.079473 0.097411
0 0.739133 0.259833 0.093813 0.092885
0 0.436158 0.504555 0.075129 0.107141
0 0.242361 0.532021 0.072801 0.109469
0 0.182006 0.332005 0.093777 0.099896
0 0.418580 0.338070 0.078074 0.102964
0 0.308234 0.531458 0.074773 0.103094
0 0.517766 0.605750 0.075430 0.101729
0 0.956482 0.220474 0.081684 0.089781
0 0.296541 0.072677 0.080301 0.113740
0 0.645939 0.689935 0.077777 0.111932
0 0.225146 0.626276 0.079020 0.102667
0 0.766176 0.079982 0.080609 0.127286
0 0.682732 0.310070 0.073090 0.094599
0 0.863949 0.637789 0.077664 0.096339
0 0.352768 0.154036 0.082184 0.105490
0 0.478250 0.291128 0.077711 0.094214
0 0.745340 0.445005 0.090305 0.096740
0 0.588277 0.725375 0.088984 0.100677
0 0.162486 0.410862 0.086434 0.087099
0 0.107277 0.535557 0.075430 0.100375
0 0.455988 0.148930 0.091273 0.104714
0 0.868152 0.407878 0.099281 0.093266
0 0.502400 0.513552 0.068707 0.101688
0 0.651002 0.520299 0.087074 0.102516
0 0.113049 0.136583 0.086707 0.092677
0 0.874797 0.556490 0.088773 0.091219
0 0.559193 0.502268 0.074887 0.101370
0 0.942764 0.578833 0.084863 0.092417
0 0.273424 0.249716 0.075285 0.092755
0 0.335070 0.347995 0.064242 0.107229
0 0.791492 0.619852 0.075469 0.102307
0 0.662123 0.216531 0.076465 0.116083
0 0.728990 0.598484 0.066270 0.097469
0 0.843605 0.146883 0.080469 0.095224
0 0.945594 0.300057 0.084430 0.100771
0 0.170871 0.548763 0.071148 0.100599
0 0.974682 0.044604 0.050637 0.088385
0 0.341553 0.239951 0.069637 0.083068
0 0.885758 0.331807 0.082375 0.089927
0 0.946187 0.420852 0.082000 0.115703
0 0.613098 0.284010 0.081859 0.091438
0 0.035357 0.385883 0.070629 0.099995
0 0.453127 0.032703 0.067816 0.063344
0 0.124729 0.053604 0.080715 0.093354
0 0.630600 0.363464 0.081230 0.091188
0 0.744064 0.693513 0.077012 0.105047
0 0.283762 0.454070 0.078687 0.093516
0 0.542031 0.051365 0.075523 0.094146
0 0.572410 0.412833 0.079086 0.101583
0 0.924430 0.063891 0.079008 0.094260
0 0.983965 0.423784 0.028828 0.104078
0 0.261609 0.027956 0.083742 0.055911
0 0.763687 0.165315 0.071242 0.086776
0 0.199133 0.131302 0.079805 0.101094
0 0.195828 0.478492 0.083797 0.102672
0 0.120619 0.464974 0.088660 0.103104
0 0.870344 0.032203 0.088367 0.064406
0 0.674434 0.037904 0.086164 0.075807
0 0.644848 0.602112 0.091539 0.088078
0 0.013602 0.219786 0.026586 0.098167
0 0.584191 0.024109 0.083453 0.048219
0 0.012223 0.317867 0.024445 0.110193
0 0.491852 0.094607 0.105195 0.102672
0 0.324615 0.013995 0.068465 0.027990
0 0.509516 0.011154 0.077836 0.022307
0 0.387043 0.031349 0.076094 0.062698
0 0.909260 0.172669 0.081488 0.092078
1 0.232904 0.410073 0.060090 0.088781
0 0.144096 0.010107 0.092004 0.020214
0 0.679191 0.897836 0.075773 0.130911
0 0.703615 0.097464 0.080527 0.106406
0 0.767029 0.798815 0.079434 0.094276
0 0.505197 0.210281 0.084285 0.112958
0 0.729668 0.363089 0.075547 0.098979
0 0.691205 0.652094 0.066520 0.124708
0 0.991055 0.190719 0.016359 0.111656
0 0.909404 0.171724 0.084215 0.095333
0 0.581191 0.215169 0.080547 0.106234
0 0.725051 0.983060 0.090039 0.032609
0 0.817920 0.965138 0.094918 0.069724
