1 0.091859 0.706484 0.070336 0.096375
1 0.026799 0.728526 0.053598 0.093625
1 0.163104 0.066846 0.073285 0.101036
1 0.894834 0.181385 0.079996 0.096635
0 0.689326 0.020784 0.074801 0.041568
0 0.017014 0.189042 0.034027 0.085844
0 0.237201 0.050815 0.079637 0.078536
1 0.843408 0.840151 0.082574 0.108156
1 0.236682 0.020508 0.071910 0.041016
0 0.740820 0.681690 0.071352 0.088828
1 0.586643 0.588698 0.076254 0.084854
1 0.143516 0.646466 0.076508 0.096589
1 0.106205 0.025766 0.069480 0.051531
0 0.343557 0.975031 0.075816 0.049938
0 0.970465 0.812880 0.058953 0.095406
0 0.978236 0.575599 0.043527 0.105906
0 0.017721 0.393094 0.035441 0.090521
0 0.497488 0.847948 0.072719 0.096802
0 0.531166 0.930357 0.071801 0.083036
0 0.904295 0.931370 0.079824 0.099729
0 0.813557 0.321510 0.075246 0.096104
0 0.567277 0.664062 0.077039 0.085146
0 0.643492 0.131872 0.084219 0.092682
0 0.602596 0.025469 0.070730 0.050708
0 0.942824 0.027076 0.069891 0.054151
0 0.558020 0.333721 0.066211 0.103151
0 0.928084 0.849227 0.074387 0.087859
0 0.880783 0.343648 0.070129 0.084755
0 0.274902 0.610128 0.078039 0.086651
0 0.968926 0.260932 0.062148 0.109021
0 0.878912 0.421854 0.078215 0.092042
0 0.527596 0.784286 0.083754 0.088635
0 0.764227 0.602068 0.084016 0.096885
0 0.854348 0.964844 0.087078 0.069698
0 0.576307 0.217411 0.091457 0.103677
0 0.504477 0.701888 0.075664 0.100443
0 0.193920 0.174789 0.062574 0.075734
0 0.255684 0.679359 0.084367 0.085323
0 0.775121 0.071906 0.069016 0.090104
0 0.729885 0.807573 0.072863 0.101219
0 0.408947 0.677669 0.072980 0.090099
0 0.754768 0.247987 0.072051 0.089161
0 0.965051 0.141484 0.069898 0.096604
0 0.843219 0.669214 0.074344 0.095865
0 0.398902 0.150086 0.070828 0.091974
0 0.259748 0.535331 0.074066 0.087849
0 0.666828 0.350729 0.071687 0.088719
0 0.125834 0.151828 0.080480 0.088865
0 0.019482 0.301268 0.038965 0.100891
0 0.837779 0.556440 0.072527 0.089703
0 0.418453 0.364328 0.078742 0.101979
0 0.743615 0.308083 0.068441 0.091729
0 0.147520 0.262789 0.070070 0.097266
0 0.398496 0.581969 0.063453 0.110135
0 0.260127 0.754836 0.080848 0.082339
0 0.398984 0.243026 0.078523 0.099865
0 0.246869 0.133164 0.076371 0.092964
0 0.608783 0.300336 0.073598 0.091922
0 0.827396 0.466052 0.075855 0.087365
0 0.020270 0.116214 0.040539 0.094740
0 0.066857 0.278190 0.071020 0.094182
0 0.291279 0.367846 0.074730 0.098526
0 0.343125 0.646094 0.067008 0.102979
0 0.292973 0.829346 0.074648 0.093495
0 0.130078 0.362349 0.067125 0.099698
0 0.495063 0.104557 0.074367 0.095583
0 0.682406 0.091635 0.073859 0.105833
0 0.795723 0.747529 0.078695 0.097630
0 0.909926 0.270016 0.067313 0.102865
0 0.622660 0.195333 0.086789 0.103344
0 0.577717 0.095497 0.075215 0.092943
0 0.327297 0.124404 0.077773 0.098984
0 0.019152 0.510130 0.038305 0.086167
0 0.645137 0.634841 0.069195 0.094880
0 0.669180 0.437229 0.077461 0.090479
0 0.579035 0.856036 0.074477 0.097562
0 0.370820 0.051523 0.072617 0.096276
0 0.595061 0.502432 0.083504 0.096583
0 0.323311 0.221534 0.064871 0.098682
0 0.251814 0.449391 0.073715 0.089615
0 0.904252 0.090555 0.072402 0.094120
0 0.826926 0.240833 0.070242 0.095927
0 0.493545 0.322643 0.074957 0.110609
0 0.629174 0.773237 0.079684 0.101255
0 0.605898 0.397201 0.072859 0.102620
0 0.790000 0.172552 0.071438 0.096656
0 0.225084 0.320510 0.073652 0.098927
0 0.914154 0.602352 0.070379 0.091964
0 0.728398 0.143370 0.065430 0.100802
0 0.252504 0.237107 0.078992 0.092974
0 0.949842 0.444557 0.071645 0.104229
0 0.460943 0.544466 0.076027 0.102349
0 0.893480 0.509622 0.064328 0.085589
0 0.360965 0.331625 0.064164 0.116844
0 0.455281 0.443003 0.076344 0.105224
0 0.207820 0.917490 0.079703 0.098052
0 0.684219 0.715823 0.079031 0.098552
0 0.398994 0.006828 0.073793 0.013656
0 0.049139 0.885792 0.074301 0.085927
0 0.437818 0.045940 0.066520 0.091391
0 0.059072 0.073492 0.075582 0.093776
0 0.221604 0.823904 0.069559 0.090745
0 0.026869 0.635547 0.053160 0.095208
0 0.183137 0.389753 0.066477 0.107276
0 0.095803 0.449070 0.073910 0.108349
0 0.528520 0.039279 0.079484 0.078557
0 0.184518 0.741422 0.073324 0.090563
0 0.129500 0.773563 0.054898 0.070833
0 0.114762 0.562859 0.076125 0.090740
0 0.076137 0.805997 0.069133 0.087922
0 0.184887 0.554065 0.066023 0.096161
1 0.836982 0.071859 0.067410 0.100240
0 0.803270 0.008221 0.069742 0.016443
0 0.989299 0.757406 0.021402 0.092635
0 0.303020 0.015539 0.070141 0.031078
0 0.548082 0.981143 0.086508 0.036380
0 0.990496 0.421799 0.019008 0.092214
0 0.988896 0.067766 0.022207 0.091906
0 0.029059 0.015979 0.058055 0.031958
0 0.874598 0.018719 0.072859 0.037437
