0 0.193586 0.391928 0.087031 0.148894
0 0.371197 0.083671 0.078299 0.143731
0 0.459207 0.378039 0.083023 0.158338
0 0.781310 0.560243 0.086615 0.139403
0 0.057434 0.382234 0.086424 0.157014
0 0.319504 0.914641 0.091570 0.156532
0 0.584036 0.084535 0.085068 0.154662
0 0.891414 0.330238 0.083745 0.141245
0 0.276061 0.174944 0.082555 0.167537
0 0.045604 0.925715 0.086490 0.145866
0 0.407404 0.502322 0.084062 0.155042
0 0.408604 0.269627 0.088323 0.156634
0 0.865507 0.754477 0.082419 0.143843
0 0.328956 0.729644 0.088260 0.140509
0 0.340895 0.474921 0.082305 0.141139
0 0.440659 0.126301 0.090661 0.153130
0 0.823027 0.294683 0.081430 0.147940
0 0.371711 0.378838 0.099224 0.149333
0 0.265026 0.820565 0.086740 0.169676
0 0.301487 0.591870 0.086141 0.161852
0 0.726891 0.802731 0.081151 0.157481
0 0.062480 0.250185 0.076065 0.133963
0 0.112422 0.883632 0.077526 0.135986
0 0.702840 0.111854 0.072888 0.153375
0 0.830424 0.642616 0.098583 0.153083
0 0.767962 0.894745 0.096544 0.151056
0 0.895372 0.109222 0.096870 0.150731
0 0.126112 0.430674 0.081177 0.146356
0 0.664204 0.235683 0.085299 0.150588
0 0.829742 0.930690 0.084208 0.137185
0 0.880576 0.870199 0.092401 0.129907
0 0.871495 0.217220 0.102026 0.146847
0 0.768184 0.070201 0.087430 0.140403
0 0.784870 0.427745 0.092620 0.151389
0 0.696411 0.364991 0.083385 0.145787
0 0.965543 0.073278 0.068914 0.146556
0 0.796501 0.761194 0.078102 0.153583
0 0.140411 0.743495 0.095729 0.156944
0 0.728493 0.689245 0.103372 0.157343
0 0.656082 0.053914 0.089643 0.107829
0 0.158706 0.943815 0.084172 0.108574
0 0.093652 0.641234 0.082763 0.176468
0 0.955783 0.379185 0.087320 0.121824
0 0.496859 0.047486 0.074036 0.094972
0 0.043428 0.133563 0.081799 0.148023
0 0.185452 0.525016 0.099805 0.157949
0 0.367594 0.618164 0.081172 0.140171
0 0.025294 0.030322 0.049797 0.051606
0 0.972333 0.258963 0.055333 0.160074
0 0.016185 0.638574 0.032370 0.155472
0 0.318841 0.317861 0.093005 0.142667
0 0.723134 0.973887 0.094831 0.050366
0 0.985719 0.571729 0.028307 0.136764
0 0.359246 0.976572 0.100654 0.046116
0 0.016961 0.301829 0.033370 0.159306
0 0.008125 0.163493 0.016141 0.143060
0 0.912721 0.024699 0.084078 0.049398
1 0.479350 0.225380 0.086518 0.158009
0 0.438570 0.025060 0.075073 0.050120
0 0.278930 0.988532 0.088760 0.022935
0 0.960092 0.917419 0.078701 0.125884
0 0.098098 0.055333 0.087758 0.110667
0 0.839359 0.038940 0.071313 0.076009
0 0.168229 0.018546 0.074068 0.033028
0 0.217910 0.597438 0.088654 0.168273
0 0.548747 0.231007 0.079672 0.200532
0 0.005656 0.833301 0.011312 0.152380
0 0.261522 0.044042 0.084794 0.088083
0 0.222143 0.283340 0.109302 0.146856
