0 0.628773 0.395139 0.093203 0.156667
0 0.746333 0.490995 0.083271 0.142676
0 0.202742 0.265815 0.081547 0.158407
0 0.429807 0.127037 0.085385 0.154019
0 0.423427 0.617769 0.084583 0.156778
0 0.887000 0.819829 0.090177 0.157213
0 0.418654 0.817977 0.098953 0.150750
0 0.333406 0.401144 0.092979 0.160620
0 0.730089 0.661046 0.097146 0.175833
0 0.395826 0.269759 0.093318 0.163389
0 0.918930 0.179481 0.096203 0.151296
0 0.772305 0.263495 0.098911 0.150657
0 0.034698 0.343875 0.069396 0.150676
0 0.867065 0.950481 0.084339 0.099037
0 0.476857 0.382944 0.084224 0.153389
0 0.562148 0.770810 0.088703 0.148528
0 0.320570 0.254477 0.095359 0.153509
0 0.394409 0.045819 0.086734 0.091639
0 0.674180 0.140981 0.103484 0.155593
0 0.853313 0.068931 0.089885 0.137806
0 0.513747 0.211273 0.080786 0.153306
0 0.287211 0.099523 0.086276 0.169157
0 0.716237 0.928972 0.104307 0.135315
0 0.264193 0.338995 0.085094 0.155565
0 0.238458 0.582829 0.087969 0.156954
0 0.276159 0.795764 0.086797 0.145324
0 0.554523 0.987361 0.087245 0.025278
0 0.789396 0.972037 0.086646 0.053241
0 0.991461 0.762657 0.016609 0.157389
0 0.211333 0.958546 0.079594 0.082907
0 0.651292 0.957495 0.090948 0.085009
1 0.353961 0.149912 0.073589 0.128472
0 0.585977 0.146611 0.078266 0.147926
0 0.008646 0.261907 0.017052 0.156611
0 0.986508 0.902236 0.025266 0.162769
0 0.976872 0.286079 0.046255 0.168806
0 0.064557 0.050722 0.096906 0.101444
0 0.986180 0.423079 0.025807 0.153713
0 0.149849 0.939704 0.080365 0.120593
0 0.398883 0.940088 0.100401 0.119046
0 0.478573 0.026819 0.086146 0.053639
0 0.952768 0.067009 0.094464 0.134019
0 0.755443 0.032343 0.085646 0.064685
0 0.124078 0.831213 0.099052 0.180630
0 0.765273 0.849495 0.097891 0.158935
0 0.944667 0.928602 0.079885 0.138259
0 0.579260 0.902796 0.087812 0.152407
0 0.802023 0.151472 0.084141 0.146185
0 0.584786 0.519463 0.093969 0.162463
0 0.970263 0.559310 0.059068 0.148676
0 0.945948 0.682134 0.092156 0.166065
0 0.659685 0.267065 0.079130 0.146833
0 0.348141 0.672125 0.086510 0.149620
0 0.534245 0.640991 0.093281 0.152704
0 0.585313 0.282926 0.079760 0.141833
0 0.121435 0.295250 0.085547 0.148852
0 0.194083 0.845995 0.086052 0.155546
0 0.074802 0.446218 0.080740 0.159602
0 0.331568 0.545037 0.089240 0.136407
0 0.142865 0.511713 0.089531 0.167111
0 0.208492 0.430190 0.092453 0.160880
0 0.152911 0.671745 0.090969 0.157250
0 0.109747 0.138282 0.094026 0.156972
0 0.421164 0.468162 0.092661 0.147898
0 0.713844 0.362620 0.092646 0.159685
0 0.917875 0.326648 0.096250 0.157185
0 0.930276 0.470505 0.090021 0.150194
0 0.677750 0.820051 0.086802 0.151417
