0 0.011823 0.225701 0.023641 0.113125
0 0.009815 0.740519 0.019401 0.109037
0 0.110366 0.922595 0.064695 0.110995
0 0.005517 0.647338 0.010893 0.110046
0 0.356130 0.120620 0.064677 0.109870
0 0.004602 0.406324 0.009203 0.116324
0 0.867536 0.286602 0.080839 0.137056
0 0.991686 0.935146 0.016628 0.120690
0 0.882784 0.982801 0.079844 0.028954
0 0.169582 0.534093 0.059164 0.122231
0 0.990754 0.806495 0.018424 0.118306
0 0.569635 0.300905 0.070906 0.126727
0 0.016422 0.516938 0.032844 0.119495
0 0.806206 0.933949 0.065281 0.116657
0 0.548198 0.980486 0.069656 0.035944
0 0.293389 0.046447 0.076367 0.092273
0 0.043479 0.889873 0.071141 0.107847
0 0.974228 0.413317 0.051544 0.105866
0 0.583699 0.701241 0.080372 0.136963
0 0.950809 0.966259 0.072591 0.063778
0 0.517728 0.380016 0.068409 0.099199
0 0.099306 0.139523 0.060451 0.097157
0 0.545815 0.170771 0.064203 0.100310
0 0.587469 0.043523 0.080292 0.087046
0 0.893699 0.024130 0.063669 0.048259
0 0.516510 0.065012 0.055141 0.108162
0 0.969484 0.027912 0.061031 0.055065
0 0.737763 0.931729 0.060964 0.104653
0 0.172544 0.054903 0.069661 0.109333
0 0.979232 0.254421 0.041536 0.113963
0 0.314025 0.433419 0.060794 0.112079
0 0.277521 0.460979 0.062734 0.112560
0 0.213229 0.439169 0.066479 0.105255
0 0.224370 0.049021 0.066620 0.095171
0 0.055789 0.204370 0.067036 0.123056
0 0.028432 0.965843 0.056865 0.067769
0 0.313629 0.830891 0.068091 0.116403
0 0.192879 0.352486 0.065633 0.114889
0 0.362454 0.049792 0.066086 0.099352
0 0.104900 0.042211 0.065008 0.082495
0 0.110184 0.597549 0.060383 0.112106
0 0.739641 0.043500 0.071109 0.084481
0 0.351382 0.786759 0.060534 0.110611
0 0.976068 0.510523 0.047292 0.102157
0 0.148466 0.839160 0.063125 0.099736
0 0.286298 0.149979 0.066633 0.118273
0 0.714658 0.319296 0.067133 0.116528
0 0.344518 0.933359 0.065547 0.111931
0 0.025000 0.337641 0.049844 0.101014
0 0.764066 0.709512 0.064133 0.110449
0 0.502919 0.180470 0.064219 0.118986
0 0.040734 0.786655 0.071760 0.113042
0 0.522626 0.624347 0.062477 0.116843
0 0.569701 0.552815 0.058573 0.106602
0 0.115771 0.260234 0.062042 0.108329
0 0.606249 0.361449 0.067242 0.125796
0 0.810509 0.789567 0.064628 0.121310
0 0.487595 0.648935 0.065883 0.120676
0 0.830901 0.482546 0.064891 0.110407
0 0.434719 0.548801 0.066922 0.121194
0 0.071486 0.408241 0.067336 0.115509
0 0.811396 0.601044 0.071792 0.123912
0 0.895651 0.147199 0.061339 0.110407
0 0.111891 0.496685 0.068969 0.115296
0 0.953814 0.698766 0.077320 0.132347
0 0.246167 0.654285 0.065063 0.127699
0 0.742348 0.599264 0.068440 0.114296
0 0.696643 0.709097 0.067120 0.116130
0 0.926246 0.224373 0.072159 0.116569
0 0.432604 0.283539 0.062948 0.111718
0 0.829057 0.071572 0.070849 0.118301
0 0.767540 0.509789 0.064201 0.108523
0 0.881611 0.589588 0.062508 0.106806
0 0.431647 0.048574 0.063029 0.096407
0 0.049607 0.563083 0.065187 0.113843
0 0.222926 0.179998 0.064242 0.118764
0 0.959331 0.124583 0.061021 0.105250
0 0.149576 0.158863 0.062484 0.102727
0 0.380682 0.463403 0.067703 0.114417
0 0.677962 0.905310 0.063982 0.115046
0 0.631345 0.813007 0.069112 0.121301
0 0.760826 0.157204 0.061891 0.115880
0 0.730577 0.804245 0.066810 0.111861
0 0.720104 0.474053 0.067156 0.119829
0 0.297316 0.572449 0.066951 0.112676
0 0.421811 0.950301 0.068320 0.097981
0 0.392428 0.856317 0.066648 0.119532
0 0.256085 0.328750 0.067794 0.122722
0 0.515430 0.915792 0.071021 0.116917
0 0.459096 0.824551 0.062427 0.111676
0 0.876659 0.895039 0.078151 0.136153
0 0.827227 0.193581 0.068698 0.121097
0 0.451902 0.398192 0.064383 0.114421
0 0.032173 0.079813 0.062945 0.118245
0 0.490811 0.486465 0.062289 0.109569
0 0.277012 0.939060 0.070346 0.120935
0 0.229521 0.847273 0.070198 0.119380
0 0.363632 0.340558 0.074596 0.115292
0 0.365293 0.594081 0.065430 0.128282
0 0.415148 0.681139 0.068953 0.116417
0 0.902232 0.473803 0.070953 0.122431
0 0.421827 0.173609 0.065539 0.119162
0 0.827076 0.385813 0.067844 0.120097
0 0.004241 0.027120 0.008482 0.054241
0 0.546943 0.817727 0.064781 0.113907
0 0.600826 0.980778 0.073615 0.035333
0 0.197214 0.953028 0.065193 0.093083
0 0.734549 0.975132 0.065958 0.047894
0 0.658552 0.425727 0.066130 0.125685
0 0.270802 0.842975 0.153010 0.114014
0 0.329411 0.989516 0.066495 0.018940
0 0.614621 0.595280 0.056904 0.106569
0 0.700488 0.202470 0.069201 0.129588
0 0.168970 0.290944 0.061169 0.101926
0 0.359225 0.226132 0.063919 0.105125
0 0.133655 0.385174 0.061008 0.115773
0 0.959030 0.894396 0.064497 0.111644
0 0.551294 0.457692 0.059443 0.101514
0 0.932788 0.348252 0.066341 0.109699
0 0.765553 0.346773 0.065013 0.111269
0 0.873775 0.756655 0.071102 0.125995
0 0.075850 0.318512 0.053383 0.096106
0 0.954341 0.597590 0.072177 0.116634
0 0.089901 0.763051 0.060187 0.111463
0 0.297374 0.250169 0.066388 0.118319
0 0.660819 0.605574 0.068701 0.125926
0 0.601812 0.920275 0.065083 0.100819
0 0.761708 0.261310 0.058005 0.114306
0 0.057103 0.667343 0.068909 0.109250
0 0.151893 0.648097 0.051568 0.109843
0 0.174453 0.710303 0.061693 0.116394
