1 0.055463 0.919549 0.072785 0.090505
1 0.109990 0.867529 0.070262 0.096026
1 0.958623 0.821846 0.074340 0.098630
0 0.097447 0.405294 0.076512 0.090672
0 0.510871 0.448859 0.076492 0.092437
0 0.175457 0.837104 0.073234 0.098125
0 0.426982 0.670661 0.078246 0.095500
0 0.254291 0.845031 0.073863 0.085750
0 0.858045 0.367846 0.075137 0.095443
0 0.619023 0.208682 0.074555 0.095927
0 0.834465 0.175266 0.068500 0.100885
0 0.902037 0.208286 0.073020 0.098667
0 0.556201 0.167326 0.073949 0.093693
0 0.370021 0.087172 0.077285 0.093865
0 0.175840 0.451997 0.071320 0.092901
0 0.608316 0.332497 0.071734 0.100974
0 0.688055 0.216734 0.067938 0.096479
0 0.239551 0.430112 0.070180 0.097370
0 0.643463 0.656005 0.076832 0.099156
0 0.325221 0.790247 0.072262 0.091922
0 0.595809 0.759539 0.075687 0.094172
0 0.057379 0.122169 0.074016 0.094651
0 0.152477 0.676214 0.072422 0.085958
0 0.802803 0.285523 0.069473 0.086589
0 0.033725 0.206078 0.066980 0.101115
0 0.660926 0.848852 0.074180 0.096745
0 0.403771 0.233633 0.070363 0.095068
0 0.277637 0.334375 0.073586 0.096260
0 0.755898 0.197701 0.068227 0.095724
0 0.276982 0.921818 0.072996 0.092813
0 0.435963 0.764099 0.077215 0.099510
0 0.504408 0.299919 0.075605 0.096026
0 0.211420 0.285039 0.075449 0.097193
0 0.230629 0.563990 0.069836 0.096427
0 0.546139 0.649750 0.073871 0.102604
0 0.182844 0.746331 0.071430 0.095526
0 0.678260 0.316305 0.073902 0.101911
0 0.515514 0.761349 0.074223 0.102500
0 0.251898 0.752958 0.071812 0.097979
0 0.993986 0.538302 0.012027 0.092198
0 0.006422 0.833094 0.012844 0.087406
0 0.084617 0.989729 0.070664 0.020542
0 0.562754 0.009294 0.069883 0.018589
0 0.008447 0.432247 0.016895 0.117995
0 0.014912 0.628401 0.029660 0.103146
0 0.986463 0.366141 0.027074 0.096833
0 0.869623 0.025734 0.070832 0.051469
0 0.026865 0.977617 0.053434 0.044766
0 0.332037 0.020435 0.070113 0.040870
0 0.013211 0.063833 0.026422 0.098396
0 0.423736 0.021328 0.071973 0.042656
0 0.176359 0.975932 0.072375 0.048000
0 0.914418 0.975010 0.075523 0.049979
0 0.938568 0.025966 0.073465 0.051932
0 0.800994 0.029169 0.071324 0.058339
0 0.978398 0.743237 0.043203 0.103203
0 0.503471 0.032706 0.074699 0.065411
0 0.151230 0.035625 0.065453 0.070094
0 0.457490 0.849917 0.081402 0.111333
0 0.491105 0.681935 0.068906 0.108786
0 0.075305 0.042802 0.080305 0.084865
0 0.622807 0.123159 0.083895 0.087922
0 0.466910 0.244094 0.080031 0.114375
0 0.352535 0.964589 0.069281 0.070823
0 0.161072 0.378568 0.065566 0.087354
0 0.168883 0.537503 0.080930 0.094068
0 0.939094 0.913281 0.089773 0.098135
0 0.218127 0.043289 0.075645 0.086349
0 0.300773 0.130799 0.072313 0.094943
0 0.858771 0.714385 0.066824 0.092802
0 0.287270 0.054484 0.065922 0.086167
0 0.747227 0.710768 0.070867 0.081193
0 0.880975 0.287104 0.071980 0.079219
0 0.132045 0.950883 0.080957 0.092245
0 0.951977 0.410013 0.085469 0.095099
0 0.402031 0.907935 0.073523 0.102005
0 0.506166 0.865766 0.075887 0.094990
0 0.570510 0.488141 0.072895 0.099208
0 0.536359 0.560583 0.081406 0.089146
0 0.961281 0.589859 0.075898 0.091250
0 0.771135 0.088005 0.073113 0.107094
0 0.916811 0.725734 0.063879 0.083417
0 0.640369 0.408427 0.078668 0.089125
0 0.161256 0.188935 0.076926 0.089536
0 0.886846 0.633427 0.082285 0.095031
0 0.962986 0.500807 0.074027 0.092354
0 0.555656 0.384201 0.074945 0.094464
0 0.967025 0.242487 0.065316 0.085005
0 0.463844 0.950406 0.062391 0.095115
0 0.470889 0.377086 0.074809 0.087172
0 0.350838 0.177461 0.069535 0.089526
0 0.890215 0.843219 0.072438 0.101406
0 0.557127 0.069461 0.072637 0.101984
0 0.133764 0.598352 0.079449 0.092911
0 0.801891 0.745042 0.062992 0.085740
0 0.127637 0.109122 0.068594 0.097318
0 0.822064 0.825992 0.075566 0.092026
0 0.658176 0.946323 0.076750 0.098667
0 0.197033 0.121078 0.071191 0.091104
0 0.264791 0.225432 0.074465 0.107375
0 0.036561 0.522198 0.072605 0.086021
0 0.331828 0.259776 0.074820 0.092865
0 0.457893 0.092701 0.073949 0.091589
0 0.637818 0.046883 0.078293 0.093766
0 0.254779 0.658672 0.082848 0.094937
