0 0.725784 0.447437 0.090854 0.161347
0 0.212426 0.296428 0.089102 0.084884
0 0.200837 0.590859 0.093372 0.162097
0 0.048378 0.049118 0.096755 0.097662
0 0.787013 0.356887 0.080635 0.137968
0 0.911488 0.953891 0.091398 0.091468
0 0.740747 0.927394 0.072375 0.122963
0 0.197563 0.816278 0.099130 0.169815
0 0.018478 0.811294 0.036841 0.161560
0 0.671949 0.579208 0.074966 0.133694
0 0.118419 0.111653 0.085292 0.136278
0 0.577561 0.187076 0.086852 0.164681
0 0.628871 0.704407 0.084794 0.156639
0 0.559112 0.391035 0.083750 0.148190
0 0.667853 0.912331 0.080221 0.153894
0 0.310138 0.036255 0.077948 0.072509
0 0.257855 0.692914 0.093576 0.166986
0 0.243507 0.936373 0.080299 0.126532
0 0.502220 0.217512 0.084576 0.152023
0 0.546384 0.722116 0.095977 0.158343
0 0.712216 0.798583 0.087745 0.152787
0 0.712423 0.036375 0.089086 0.071944
0 0.602508 0.955076 0.079677 0.089449
0 0.667844 0.355606 0.081797 0.132583
0 0.897574 0.059310 0.081951 0.117917
0 0.974827 0.568752 0.050346 0.178273
0 0.445504 0.478789 0.084987 0.154412
0 0.315224 0.789477 0.085562 0.158630
0 0.345406 0.921757 0.088547 0.151505
0 0.041221 0.690648 0.081599 0.155750
0 0.736163 0.251447 0.084013 0.156542
0 0.552352 0.870544 0.092464 0.157440
0 0.665186 0.179292 0.084945 0.149509
0 0.572664 0.053995 0.080380 0.107694
0 0.349148 0.179699 0.093568 0.145981
0 0.115516 0.476597 0.092240 0.155287
0 0.304346 0.465873 0.091036 0.163644
0 0.059680 0.381382 0.082339 0.143810
0 0.206484 0.076266 0.093443 0.152532
0 0.817740 0.072299 0.086583 0.144597
0 0.875076 0.703014 0.088927 0.151611
0 0.846736 0.195845 0.077956 0.130532
0 0.611570 0.503475 0.083385 0.145875
0 0.983470 0.150498 0.032914 0.151421
0 0.930729 0.218090 0.089411 0.157708
0 0.101587 0.269815 0.106648 0.116037
0 0.403900 0.651498 0.097753 0.164079
0 0.762505 0.566213 0.084448 0.134787
0 0.878035 0.526356 0.091602 0.144417
0 0.964169 0.886299 0.071016 0.151977
0 0.210486 0.408998 0.089883 0.157412
0 0.111885 0.623479 0.095276 0.158625
0 0.384065 0.063394 0.091734 0.126787
0 0.635064 0.016248 0.078221 0.032384
0 0.304316 0.312116 0.103378 0.112972
0 0.859871 0.353609 0.077919 0.138301
0 0.009969 0.300537 0.019938 0.147481
