0 0.342879 0.299553 0.081654 0.151208
0 0.929309 0.256012 0.081992 0.145764
0 0.405970 0.245505 0.081081 0.138444
0 0.587867 0.150074 0.086219 0.150972
0 0.466785 0.462231 0.076227 0.145509
0 0.859382 0.128549 0.083419 0.141625
0 0.647294 0.600352 0.086750 0.142787
0 0.930885 0.128604 0.080094 0.137597
0 0.580611 0.653331 0.079424 0.138542
0 0.380393 0.054127 0.074323 0.108255
0 0.406198 0.385366 0.091875 0.156722
0 0.478794 0.770611 0.078693 0.136491
0 0.504577 0.662273 0.087544 0.134333
0 0.809005 0.567910 0.095083 0.161208
0 0.705408 0.320924 0.085451 0.160023
0 0.748116 0.502824 0.072237 0.124028
0 0.806227 0.872769 0.079708 0.144037
0 0.508318 0.549095 0.081542 0.118579
0 0.635090 0.274262 0.079909 0.143810
0 0.980820 0.057741 0.038359 0.115481
0 0.988667 0.962414 0.022667 0.074505
0 0.488132 0.016569 0.077836 0.033139
0 0.993780 0.881933 0.012227 0.131560
0 0.974275 0.810544 0.051419 0.124551
0 0.937991 0.451345 0.097549 0.151449
1 0.546241 0.437472 0.102310 0.169981
0 0.028078 0.125245 0.056156 0.117722
0 0.014695 0.344940 0.029266 0.114796
0 0.924823 0.866243 0.080969 0.155394
0 0.017777 0.225794 0.035555 0.132634
0 0.979729 0.263854 0.040438 0.136245
0 0.026710 0.042259 0.052612 0.084519
0 0.964147 0.928285 0.069867 0.142356
0 0.125742 0.045197 0.072328 0.090394
0 0.826207 0.442002 0.114164 0.144523
0 0.483014 0.177771 0.087878 0.153903
0 0.779829 0.960095 0.083857 0.079810
0 0.069823 0.058741 0.069286 0.117481
0 0.871949 0.507706 0.086003 0.173162
0 0.632104 0.388190 0.090219 0.117787
0 0.448717 0.897586 0.086440 0.164616
0 0.684202 0.457461 0.080966 0.147301
0 0.297014 0.164306 0.072971 0.135556
0 0.051680 0.271428 0.078422 0.143384
0 0.565247 0.319676 0.087354 0.119157
0 0.931592 0.030704 0.082534 0.061407
0 0.920298 0.740859 0.100935 0.125931
0 0.865993 0.850449 0.062247 0.128648
0 0.952331 0.643664 0.089057 0.141171
0 0.225139 0.055537 0.080206 0.111074
0 0.023257 0.464532 0.046513 0.161759
0 0.084186 0.151720 0.076997 0.132375
0 0.919945 0.582238 0.101141 0.160912
0 0.136250 0.224560 0.084047 0.139741
0 0.615780 0.490595 0.075008 0.129116
0 0.199962 0.286488 0.082102 0.127968
0 0.829934 0.328988 0.083674 0.129431
0 0.440316 0.085086 0.083091 0.128708
0 0.763375 0.378620 0.078130 0.153583
0 0.851115 0.238521 0.092760 0.129190
0 0.898249 0.345236 0.066810 0.116889
0 0.968310 0.370921 0.063073 0.136852
0 0.726246 0.616338 0.082414 0.130861
0 0.524902 0.066870 0.082820 0.131306
0 0.109969 0.311220 0.076635 0.129532
0 0.153634 0.104481 0.077565 0.132944
0 0.361909 0.165653 0.073484 0.139796
0 0.209770 0.168600 0.087445 0.144551
0 0.269339 0.251972 0.079073 0.141537
0 0.058527 0.400245 0.073294 0.128519
0 0.304663 0.055833 0.082612 0.111667
0 0.981215 0.691866 0.037570 0.145926
0 0.981589 0.550326 0.036823 0.135023
0 0.862906 0.949475 0.078891 0.101051
