0 0.749672 0.386935 0.076016 0.141611
0 0.245818 0.781863 0.070818 0.150866
0 0.538132 0.482574 0.081451 0.117880
0 0.741434 0.972845 0.087992 0.051088
0 0.990868 0.849472 0.018263 0.122083
0 0.662402 0.570792 0.073023 0.139519
0 0.410650 0.518387 0.075352 0.146097
0 0.025174 0.583528 0.050349 0.140787
0 0.374033 0.018979 0.083831 0.037958
0 0.670793 0.200162 0.079497 0.118815
0 0.964174 0.797199 0.070896 0.126611
0 0.689522 0.047213 0.088180 0.094157
0 0.214521 0.584669 0.090703 0.140384
0 0.591223 0.115241 0.070961 0.124713
0 0.164884 0.133412 0.067544 0.163657
0 0.458120 0.357102 0.074260 0.154472
0 0.978889 0.514806 0.042221 0.130889
0 0.471678 0.763917 0.071982 0.136046
0 0.470236 0.198375 0.077310 0.186694
0 0.554247 0.977928 0.081865 0.040412
0 0.135842 0.873752 0.072706 0.136708
0 0.045439 0.347046 0.077820 0.154074
0 0.893727 0.784451 0.082969 0.135245
0 0.295398 0.029880 0.086708 0.058287
0 0.797544 0.602419 0.076734 0.131310
0 0.692396 0.432363 0.090755 0.148588
0 0.100949 0.968984 0.068424 0.062032
0 0.406138 0.923475 0.074526 0.150412
0 0.351707 0.552234 0.071794 0.139431
0 0.221306 0.156338 0.078596 0.146769
0 0.722254 0.663813 0.072753 0.143338
0 0.040617 0.751618 0.078120 0.139208
0 0.352402 0.774220 0.071539 0.138866
0 0.324841 0.963174 0.071198 0.071606
0 0.212499 0.035113 0.072393 0.070227
0 0.090012 0.040484 0.074659 0.080968
0 0.068060 0.860039 0.070849 0.122292
0 0.960987 0.414384 0.076599 0.128426
0 0.820299 0.410613 0.079703 0.144014
0 0.152415 0.719921 0.075372 0.137380
0 0.559414 0.879826 0.084849 0.133338
0 0.732805 0.522951 0.072417 0.125162
0 0.855025 0.885097 0.075997 0.128343
0 0.539995 0.102644 0.076036 0.144685
0 0.757552 0.912792 0.086953 0.128657
0 0.958632 0.053127 0.074591 0.106255
0 0.491362 0.929926 0.070911 0.134000
0 0.095792 0.120125 0.081443 0.144972
0 0.795286 0.839359 0.073130 0.124671
0 0.134007 0.408838 0.076143 0.141685
0 0.666504 0.698012 0.075565 0.141153
0 0.608057 0.039539 0.067927 0.079079
0 0.636021 0.662414 0.106563 0.146634
0 0.614944 0.319106 0.067961 0.121963
0 0.210150 0.924468 0.075044 0.134843
0 0.661915 0.905252 0.080221 0.139366
0 0.579893 0.757451 0.082698 0.127662
