0 0.114697 0.266218 0.084352 0.149157
0 0.988607 0.940498 0.022552 0.119005
0 0.006141 0.496947 0.012281 0.164755
0 0.369454 0.932833 0.090508 0.134333
0 0.850249 0.965352 0.095367 0.069296
0 0.008599 0.144988 0.017198 0.140301
0 0.966091 0.423116 0.067646 0.165500
0 0.104504 0.757681 0.088831 0.152574
0 0.807516 0.020752 0.091167 0.041505
0 0.983832 0.594137 0.032336 0.133662
0 0.012763 0.330176 0.025219 0.148324
0 0.591901 0.154421 0.084104 0.142167
0 0.476572 0.459093 0.089747 0.147806
0 0.018211 0.047076 0.036422 0.092060
0 0.588111 0.069602 0.086826 0.138380
0 0.485074 0.641581 0.077409 0.138921
0 0.507746 0.522836 0.082492 0.134088
0 0.935370 0.750333 0.077812 0.147722
0 0.141113 0.959231 0.086602 0.081537
0 0.309441 0.811394 0.085117 0.186241
0 0.500883 0.928613 0.075714 0.135032
0 0.852228 0.866336 0.094997 0.154421
0 0.832495 0.649405 0.075625 0.136940
0 0.378163 0.680021 0.096643 0.150227
0 0.961512 0.680104 0.076977 0.136653
0 0.370969 0.039931 0.084016 0.078713
0 0.043066 0.949727 0.085789 0.100546
0 0.943322 0.527257 0.093185 0.154866
0 0.672616 0.675414 0.087477 0.156134
0 0.773789 0.897736 0.081698 0.148102
0 0.780194 0.540461 0.091169 0.160634
0 0.608014 0.895597 0.089549 0.156250
0 0.061534 0.057366 0.083979 0.114324
0 0.214363 0.475141 0.081143 0.141338
0 0.603290 0.326609 0.082935 0.132412
0 0.791327 0.118887 0.081602 0.144301
0 0.733230 0.040662 0.085247 0.080287
0 0.425714 0.571655 0.088089 0.145810
0 0.583594 0.528162 0.083854 0.142269
0 0.659109 0.111692 0.079859 0.140042
0 0.965276 0.858014 0.069115 0.143537
0 0.394138 0.469551 0.077427 0.127444
0 0.723017 0.145213 0.077466 0.144574
0 0.556792 0.628007 0.079229 0.140995
0 0.775841 0.384553 0.082578 0.147727
0 0.791251 0.762044 0.082404 0.131995
0 0.167189 0.434495 0.093508 0.171148
0 0.391535 0.809833 0.092414 0.154361
0 0.663591 0.811641 0.078177 0.145060
0 0.967628 0.149727 0.064745 0.144898
0 0.329779 0.407150 0.089802 0.138329
0 0.181424 0.088810 0.074193 0.145750
0 0.202750 0.833308 0.085026 0.139968
0 0.894117 0.598373 0.084203 0.149755
0 0.071047 0.482687 0.084833 0.144523
0 0.046126 0.839868 0.087784 0.147514
0 0.535214 0.223192 0.083057 0.140875
0 0.545651 0.405866 0.082547 0.142426
0 0.705672 0.488523 0.082505 0.142259
0 0.279889 0.056343 0.096393 0.112685
0 0.662365 0.242685 0.087109 0.149435
0 0.048391 0.189843 0.092479 0.161343
0 0.666004 0.935053 0.081727 0.129894
0 0.305548 0.637748 0.090362 0.157801
0 0.039221 0.596718 0.078307 0.146870
0 0.491505 0.327516 0.088911 0.145579
0 0.359430 0.291734 0.084073 0.147301
0 0.843326 0.193977 0.090333 0.125769
0 0.515457 0.759007 0.084039 0.147338
0 0.427745 0.255238 0.084755 0.160032
0 0.485978 0.128843 0.086674 0.149685
0 0.926725 0.070685 0.077133 0.135880
0 0.845525 0.429211 0.093862 0.153449
0 0.320318 0.120775 0.084896 0.153588
0 0.882310 0.306530 0.091255 0.154671
0 0.956827 0.278431 0.086346 0.159713
0 0.113836 0.078495 0.081542 0.147120
0 0.411293 0.112868 0.085221 0.161662
0 0.176997 0.711000 0.085615 0.149880
0 0.187952 0.270481 0.093107 0.172694
0 0.056135 0.348292 0.085057 0.166046
0 0.239350 0.156560 0.093930 0.159713
0 0.730875 0.971167 0.090740 0.052991
0 0.897784 0.851817 0.084875 0.162412
0 0.012681 0.636236 0.023216 0.157278
0 0.660747 0.014593 0.090266 0.029185
0 0.195277 0.016926 0.094805 0.031593
1 0.866371 0.732113 0.083961 0.148458
1 0.118600 0.884412 0.075716 0.127389
1 0.761020 0.638509 0.086049 0.145759
1 0.489928 0.035030 0.094909 0.070060
1 0.230083 0.601456 0.086453 0.151273
1 0.652264 0.407241 0.081461 0.146852
1 0.855426 0.078778 0.084794 0.139870
1 0.593413 0.759470 0.087508 0.149134
