0 0.926868 0.326813 0.078169 0.145523
0 0.272833 0.114664 0.084766 0.133921
0 0.624091 0.397731 0.088286 0.136056
0 0.964458 0.211521 0.070448 0.147662
0 0.499128 0.737819 0.102521 0.146870
0 0.402023 0.753400 0.080953 0.161292
0 0.059103 0.774222 0.084242 0.140750
0 0.518426 0.119657 0.078784 0.144352
0 0.602236 0.272718 0.081247 0.138259
0 0.332898 0.438620 0.073969 0.129861
0 0.754747 0.536917 0.084401 0.161130
0 0.347872 0.816183 0.084474 0.138745
0 0.154555 0.872123 0.083714 0.165477
0 0.331874 0.678708 0.082352 0.157889
0 0.729827 0.811606 0.079607 0.156000
0 0.256688 0.228488 0.077594 0.125644
0 0.529987 0.640021 0.089724 0.134366
0 0.789375 0.383995 0.099359 0.154769
0 0.078612 0.144958 0.076219 0.128407
0 0.608469 0.093745 0.077417 0.134306
0 0.964109 0.459282 0.071781 0.140528
0 0.279672 0.378924 0.088573 0.150699
0 0.805544 0.810447 0.077724 0.142347
0 0.890434 0.702234 0.075294 0.123514
0 0.468758 0.240426 0.076318 0.142815
0 0.644719 0.524671 0.097859 0.146306
0 0.673151 0.635301 0.089339 0.146500
0 0.405934 0.041870 0.094107 0.082889
0 0.417203 0.143634 0.079422 0.138083
0 0.961286 0.634731 0.077427 0.175481
0 0.505279 0.402667 0.090760 0.142343
0 0.655974 0.753250 0.093724 0.154907
0 0.830609 0.927655 0.106974 0.144690
0 0.080001 0.295301 0.082591 0.144704
0 0.516280 0.521227 0.103211 0.119111
0 0.903888 0.935782 0.096396 0.128435
0 0.032638 0.253856 0.065276 0.152296
0 0.203826 0.503051 0.090995 0.127722
0 0.805661 0.068984 0.085344 0.137968
0 0.335648 0.226544 0.083687 0.139005
0 0.706267 0.248579 0.087107 0.160778
0 0.170831 0.063319 0.098104 0.126639
0 0.855508 0.216072 0.086438 0.138884
0 0.895936 0.584222 0.077997 0.145491
0 0.126029 0.640563 0.083521 0.164310
0 0.074781 0.548762 0.070078 0.168245
0 0.989680 0.704472 0.020641 0.146815
0 0.587070 0.878646 0.068630 0.167134
0 0.553100 0.019752 0.085784 0.039505
0 0.259099 0.967850 0.066979 0.064301
0 0.018547 0.406850 0.037094 0.166431
0 0.129954 0.339032 0.079747 0.152241
0 0.030540 0.954056 0.061081 0.091889
0 0.539210 0.829528 0.080159 0.138667
0 0.048474 0.457590 0.088323 0.170171
0 0.980704 0.351137 0.038591 0.135736
0 0.719172 0.951729 0.073854 0.093273
0 0.980484 0.874329 0.039031 0.149139
0 0.035021 0.868722 0.068828 0.121176
0 0.023099 0.594039 0.046198 0.149662
0 0.191314 0.960438 0.074930 0.075588
0 0.025142 0.046444 0.050284 0.092389
0 0.434645 0.393928 0.068690 0.181588
0 0.897087 0.053898 0.087633 0.107796
0 0.824818 0.590900 0.073177 0.160921
0 0.175553 0.378928 0.095763 0.177347
0 0.149353 0.187859 0.080102 0.145199
0 0.516719 0.912903 0.091359 0.159315
0 0.094328 0.859421 0.077182 0.165500
0 0.590257 0.590058 0.079013 0.173431
0 0.740620 0.686477 0.087125 0.146352
0 0.384674 0.566069 0.086854 0.143417
0 0.981137 0.024051 0.037727 0.048102
0 0.247027 0.563028 0.100320 0.132981
0 0.366262 0.361361 0.090794 0.159870
0 0.782151 0.218241 0.082630 0.186991
0 0.687919 0.067877 0.096917 0.135755
0 0.992924 0.119495 0.014151 0.149491
0 0.729135 0.044782 0.087469 0.089565
1 0.663520 0.891845 0.080799 0.146292
0 0.006021 0.752519 0.012042 0.141861
0 0.120180 0.966208 0.081849 0.064259
1 0.257267 0.678535 0.090560 0.129755
1 0.256357 0.811956 0.083734 0.146264
1 0.466008 0.946931 0.085687 0.102870
