0 0.920404 0.419583 0.100302 0.113963
0 0.936996 0.931343 0.079185 0.137315
0 0.866105 0.665535 0.083711 0.179792
0 0.921536 0.758044 0.096531 0.150292
0 0.862711 0.957206 0.081448 0.081782
0 0.559544 0.956146 0.085974 0.087708
0 0.764296 0.766088 0.074659 0.198556
0 0.760148 0.487891 0.055807 0.207940
0 0.840087 0.577718 0.064857 0.207944
0 0.451324 0.048572 0.121419 0.097144
0 0.382697 0.841840 0.116893 0.124819
0 0.068594 0.964861 0.081448 0.070278
0 0.140615 0.735991 0.077677 0.132731
0 0.308790 0.178859 0.086727 0.185153
0 0.519198 0.351139 0.083708 0.186491
0 0.238654 0.182882 0.085219 0.158338
0 0.293546 0.036484 0.093794 0.072968
0 0.881970 0.857007 0.095633 0.157144
0 0.204408 0.136197 0.090878 0.162977
0 0.582124 0.224826 0.072815 0.149319
0 0.904633 0.197817 0.099161 0.160153
0 0.941913 0.629981 0.102268 0.152083
0 0.979158 0.554664 0.041534 0.150690
0 0.263495 0.592875 0.096208 0.164648
0 0.479159 0.599215 0.092807 0.163847
0 0.310552 0.508058 0.087401 0.154931
0 0.645888 0.359137 0.081385 0.150088
0 0.229437 0.485618 0.089078 0.165995
0 0.710681 0.382484 0.080753 0.159079
0 0.571126 0.717058 0.086878 0.129819
0 0.687496 0.211012 0.101096 0.175884
0 0.584721 0.821810 0.103906 0.141954
0 0.591831 0.582856 0.111818 0.160269
0 0.383986 0.562333 0.089794 0.155083
0 0.291133 0.382271 0.084854 0.152782
0 0.420089 0.398141 0.092339 0.138856
0 0.662022 0.688657 0.091013 0.176472
0 0.242473 0.325356 0.086576 0.156602
0 0.607271 0.454442 0.098120 0.156032
