0 0.985818 0.388625 0.026437 0.136398
0 0.665784 0.780759 0.082109 0.157889
0 0.581414 0.622306 0.087099 0.175852
0 0.369737 0.346102 0.091526 0.136981
0 0.832440 0.214755 0.092464 0.156454
0 0.747229 0.754704 0.094521 0.169241
0 0.403885 0.095120 0.082656 0.146815
0 0.602487 0.331671 0.087578 0.142398
0 0.907451 0.351991 0.088391 0.168000
0 0.528102 0.491519 0.081234 0.163667
0 0.676229 0.262352 0.085552 0.145944
0 0.658471 0.458759 0.087089 0.174315
0 0.472708 0.363144 0.090292 0.157750
0 0.306648 0.537042 0.089099 0.150676
0 0.041513 0.375199 0.083026 0.156046
0 0.873240 0.937495 0.083833 0.125009
0 0.334570 0.223639 0.094984 0.149037
0 0.974221 0.843264 0.051432 0.163972
0 0.237250 0.626153 0.088135 0.160694
0 0.471935 0.847278 0.093255 0.151759
0 0.482833 0.692708 0.087406 0.156583
0 0.294047 0.735648 0.084333 0.156333
0 0.740404 0.501093 0.088839 0.154889
0 0.533203 0.201898 0.095094 0.150778
0 0.026901 0.091921 0.053802 0.141139
0 0.236630 0.844019 0.098406 0.141833
0 0.254154 0.267167 0.072547 0.129926
0 0.723339 0.936333 0.089781 0.124148
0 0.615734 0.051463 0.080563 0.102926
0 0.376807 0.471833 0.082500 0.132019
0 0.823677 0.570759 0.081521 0.157796
0 0.783479 0.075241 0.098271 0.150481
0 0.145531 0.809440 0.090604 0.168731
0 0.850695 0.697681 0.083276 0.139009
0 0.656628 0.603005 0.077307 0.120157
0 0.922836 0.602769 0.097307 0.155278
0 0.690518 0.122417 0.083099 0.177315
0 0.527956 0.075884 0.088807 0.137546
0 0.163380 0.244745 0.099042 0.136157
0 0.573167 0.787366 0.085219 0.148083
0 0.155870 0.112500 0.099750 0.145148
0 0.079141 0.667681 0.090865 0.141398
0 0.125682 0.351407 0.094875 0.144852
0 0.366260 0.695708 0.083479 0.161806
0 0.463802 0.495509 0.076500 0.127519
0 0.202659 0.381028 0.081484 0.151685
0 0.179383 0.516958 0.080995 0.148843
0 0.802690 0.948065 0.073922 0.102407
0 0.421109 0.953722 0.092802 0.092556
0 0.608581 0.169884 0.087714 0.155713
0 0.919091 0.477273 0.079745 0.115213
0 0.107701 0.474148 0.079901 0.136093
0 0.204047 0.955759 0.093979 0.088481
0 0.061539 0.896269 0.096516 0.150093
0 0.038424 0.786861 0.075047 0.142778
0 0.025328 0.603852 0.050656 0.147389
0 0.973893 0.061537 0.052214 0.117185
0 0.790708 0.323181 0.083281 0.170435
0 0.217133 0.055769 0.096964 0.111537
0 0.835688 0.407542 0.088302 0.178065
0 0.570586 0.962574 0.092870 0.074852
0 0.022453 0.232708 0.044729 0.154176
0 0.982987 0.662352 0.032682 0.188315
0 0.307315 0.935120 0.090057 0.125907
0 0.990258 0.511542 0.017880 0.133880
0 0.388604 0.016694 0.079646 0.032019
1 0.280573 0.400676 0.081615 0.143204
0 0.397701 0.591676 0.091578 0.162759
