1 0.963483 0.790032 0.073034 0.137704
1 0.794108 0.687919 0.102586 0.171634
1 0.045288 0.693440 0.089466 0.141944
0 0.726186 0.977058 0.062503 0.042190
0 0.056898 0.916500 0.078339 0.145769
0 0.796137 0.029440 0.074669 0.057519
1 0.037646 0.564574 0.072734 0.138676
0 0.708555 0.614856 0.071536 0.115741
0 0.747870 0.806826 0.078365 0.159412
0 0.773495 0.943808 0.092891 0.112384
0 0.013451 0.912794 0.026901 0.150579
0 0.672771 0.982954 0.080490 0.033204
0 0.236578 0.680227 0.075594 0.138287
0 0.319535 0.404942 0.087565 0.132958
0 0.110305 0.530956 0.082391 0.145755
1 0.393559 0.451852 0.077065 0.133019
0 0.280853 0.771940 0.082221 0.154093
0 0.643806 0.927039 0.079195 0.128106
0 0.284005 0.212370 0.079443 0.151083
0 0.827164 0.271491 0.076760 0.149981
0 0.893479 0.607810 0.082630 0.140991
0 0.798493 0.125185 0.071622 0.128741
0 0.177802 0.597620 0.075396 0.136343
0 0.274803 0.081380 0.069758 0.126324
0 0.608001 0.819278 0.083956 0.139546
0 0.804534 0.516368 0.082458 0.128264
0 0.754939 0.229514 0.082857 0.135009
0 0.878076 0.738940 0.075052 0.120278
0 0.457363 0.490708 0.077732 0.167269
0 0.339475 0.095789 0.078299 0.135227
0 0.230051 0.509530 0.075018 0.116764
0 0.762693 0.358903 0.076646 0.139620
0 0.145139 0.867007 0.077841 0.161032
0 0.687146 0.841176 0.077349 0.164833
0 0.920638 0.850414 0.103385 0.162819
1 0.312018 0.528347 0.085422 0.148296
1 0.335081 0.666025 0.084625 0.155532
1 0.352311 0.218720 0.076180 0.132106
0 0.213039 0.826167 0.075917 0.143074
0 0.333789 0.021856 0.110010 0.043713
0 0.551391 0.615537 0.086818 0.169963
0 0.261383 0.618553 0.094292 0.168458
1 0.179327 0.731528 0.078643 0.139231
0 0.885159 0.936296 0.085646 0.127407
0 0.023362 0.799616 0.044859 0.145352
0 0.909332 0.041741 0.073195 0.080963
0 0.945707 0.133653 0.070117 0.116352
0 0.245482 0.021225 0.087307 0.042449
0 0.358372 0.336556 0.089781 0.130380
0 0.508672 0.554222 0.074932 0.131944
0 0.632419 0.629500 0.081208 0.119407
0 0.077336 0.793757 0.087526 0.158412
0 0.820721 0.400854 0.075391 0.119356
0 0.871159 0.145935 0.079484 0.132889
0 0.582441 0.702822 0.083148 0.133810
0 0.683121 0.460319 0.078648 0.127389
0 0.901647 0.260530 0.086128 0.146495
0 0.123926 0.717044 0.066086 0.172801
0 0.697789 0.339831 0.075005 0.127569
0 0.622104 0.526831 0.075089 0.130116
0 0.387538 0.567914 0.084492 0.148634
0 0.972812 0.049368 0.054375 0.095847
0 0.729484 0.498826 0.092292 0.153032
0 0.817255 0.854444 0.095656 0.159704
