1 0.495474 0.196181 0.090177 0.152787
0 0.883286 0.122870 0.091271 0.166278
1 0.882188 0.570264 0.098406 0.173398
0 0.284451 0.101856 0.092536 0.171250
0 0.135146 0.914009 0.091938 0.171981
0 0.856339 0.685981 0.096802 0.162352
0 0.563943 0.046991 0.081323 0.093204
0 0.216003 0.447361 0.087984 0.153833
0 0.763221 0.390741 0.087453 0.156241
0 0.040898 0.244056 0.080891 0.173315
0 0.495617 0.866065 0.094182 0.175370
0 0.178284 0.656847 0.089880 0.151898
0 0.797729 0.903579 0.093979 0.159491
0 0.420885 0.752111 0.089208 0.158259
0 0.567833 0.556458 0.093646 0.163417
0 0.279760 0.450255 0.089885 0.152213
0 0.346414 0.354847 0.103005 0.163639
0 0.482862 0.511394 0.093495 0.158213
0 0.711268 0.718444 0.090745 0.143278
0 0.399781 0.465565 0.102812 0.185722
0 0.366143 0.864315 0.095661 0.169259
0 0.658151 0.339606 0.096146 0.176213
0 0.810141 0.183903 0.090146 0.177917
0 0.971203 0.888954 0.056198 0.159519
0 0.896188 0.889167 0.099781 0.172870
0 0.354047 0.231375 0.105125 0.157639
0 0.262594 0.289347 0.094729 0.167843
0 0.442044 0.080532 0.089453 0.156213
0 0.726823 0.243644 0.102427 0.168083
0 0.097870 0.084745 0.105906 0.169491
0 0.029930 0.560546 0.058943 0.157556
0 0.562940 0.780954 0.089943 0.159407
0 0.043089 0.914616 0.086177 0.163417
0 0.363099 0.099185 0.085604 0.140685
0 0.979578 0.604468 0.040698 0.164454
0 0.849896 0.316713 0.091469 0.163352
0 0.436758 0.962111 0.094578 0.074167
0 0.815870 0.748444 0.106552 0.179574
0 0.778888 0.558634 0.092776 0.155750
0 0.642208 0.815509 0.091469 0.154019
0 0.143586 0.775861 0.089484 0.140648
0 0.596651 0.431630 0.096812 0.167259
0 0.241693 0.954352 0.089333 0.091296
0 0.927409 0.250764 0.105057 0.166139
0 0.471667 0.362366 0.104000 0.168269
0 0.026862 0.719083 0.053724 0.173852
0 0.102375 0.335292 0.102927 0.152880
0 0.651865 0.145426 0.091187 0.155833
0 0.024880 0.396903 0.049198 0.156991
0 0.765122 0.073750 0.089464 0.140852
0 0.195451 0.201685 0.097995 0.170278
0 0.692279 0.593097 0.081714 0.144898
0 0.204581 0.065500 0.098224 0.131000
0 0.949383 0.020380 0.097901 0.035796
0 0.986951 0.199231 0.023849 0.166407
0 0.958932 0.979074 0.076448 0.041852
0 0.314375 0.982269 0.084740 0.031963
0 0.624633 0.939528 0.095068 0.115944
0 0.799417 0.027963 0.093615 0.053611
0 0.954948 0.103792 0.090104 0.160639
0 0.214951 0.886269 0.095734 0.169426
0 0.302120 0.651111 0.085281 0.155926
0 0.705951 0.970412 0.095047 0.057213
0 0.100971 0.547671 0.092995 0.154065
0 0.537148 0.966273 0.093245 0.067454
0 0.247271 0.581847 0.092417 0.164398
0 0.989008 0.744403 0.021984 0.167454
0 0.918000 0.388986 0.089281 0.163306
0 0.335773 0.023102 0.088380 0.046204
0 0.941437 0.670560 0.087740 0.162028
0 0.613255 0.613894 0.092115 0.150083
