0 0.616487 0.355604 0.096266 0.168921
0 0.185151 0.929669 0.094646 0.138319
0 0.730362 0.919838 0.088083 0.157944
0 0.340513 0.334574 0.088307 0.158241
0 0.976534 0.254428 0.046474 0.166394
0 0.199496 0.575546 0.096117 0.174083
0 0.567523 0.791419 0.091682 0.168792
0 0.400553 0.255634 0.091091 0.156074
0 0.575915 0.518292 0.110977 0.144630
0 0.816760 0.524509 0.095813 0.171074
0 0.662868 0.539894 0.090258 0.155704
0 0.217858 0.835028 0.093268 0.147343
0 0.075344 0.885514 0.096849 0.164454
0 0.737608 0.543479 0.084919 0.147338
0 0.562010 0.405593 0.080417 0.141213
0 0.661174 0.928354 0.083719 0.143292
0 0.205042 0.713058 0.093214 0.145829
0 0.224392 0.077287 0.090091 0.151972
0 0.591658 0.097421 0.091820 0.154139
0 0.457280 0.063771 0.089909 0.127542
0 0.933254 0.334692 0.089758 0.167292
0 0.771327 0.647764 0.085810 0.155602
0 0.578230 0.931650 0.089544 0.136699
0 0.966784 0.465588 0.066432 0.163407
0 0.276725 0.630461 0.085284 0.153366
0 0.741236 0.772887 0.092456 0.160727
0 0.490470 0.412759 0.080669 0.140120
0 0.691564 0.421627 0.095367 0.152764
0 0.897105 0.471525 0.091534 0.161171
0 0.247414 0.473711 0.091823 0.151477
0 0.395346 0.420574 0.087187 0.150833
0 0.379342 0.111586 0.086909 0.156486
0 0.930216 0.583660 0.094339 0.150495
0 0.851996 0.646551 0.087487 0.166065
0 0.592164 0.228600 0.086229 0.142653
0 0.340561 0.526326 0.092893 0.161597
0 0.442371 0.544664 0.099065 0.157708
0 0.052077 0.591377 0.085846 0.163282
0 0.090383 0.213606 0.108734 0.172157
0 0.053699 0.334650 0.090112 0.164514
0 0.016934 0.379764 0.032326 0.142602
0 0.524622 0.276884 0.089073 0.161019
0 0.993344 0.373979 0.013182 0.160412
0 0.622947 0.836755 0.089253 0.182852
0 0.982272 0.115569 0.035456 0.175954
0 0.572214 0.641528 0.109797 0.192231
0 0.123158 0.354255 0.087049 0.163963
0 0.286848 0.983405 0.078732 0.029421
0 0.143221 0.492081 0.090458 0.163458
0 0.176738 0.244931 0.095799 0.163843
0 0.086074 0.738199 0.085466 0.155139
0 0.037564 0.131525 0.073305 0.193727
0 0.988142 0.562650 0.022820 0.155856
0 0.075926 0.483581 0.078268 0.162227
0 0.146368 0.831440 0.082872 0.173685
0 0.644987 0.689021 0.085635 0.193329
0 0.493974 0.151269 0.094844 0.152407
0 0.461746 0.286319 0.070904 0.196602
0 0.306129 0.060414 0.091159 0.098384
0 0.127033 0.644824 0.101289 0.183509
0 0.687805 0.821618 0.073667 0.147495
0 0.705299 0.664465 0.077349 0.186782
1 0.535411 0.056440 0.080109 0.112880
