0 0.016202 0.034000 0.032049 0.068000
0 0.396805 0.978315 0.099099 0.041343
0 0.021509 0.806292 0.042763 0.177111
0 0.300987 0.973558 0.074927 0.051653
0 0.626591 0.029600 0.086740 0.059088
0 0.231842 0.964938 0.077237 0.068569
0 0.878960 0.035593 0.082091 0.071185
0 0.023376 0.152627 0.046628 0.153560
0 0.884220 0.223831 0.102784 0.120773
0 0.839401 0.133641 0.080193 0.144208
0 0.803021 0.374850 0.104255 0.143755
0 0.523285 0.677873 0.105091 0.149866
0 0.164879 0.947294 0.087091 0.104495
0 0.137409 0.045704 0.085438 0.089620
0 0.031706 0.925794 0.063104 0.134995
0 0.365928 0.408472 0.098081 0.163324
0 0.768108 0.163956 0.093758 0.141125
0 0.104621 0.927000 0.089935 0.141491
0 0.868592 0.326005 0.084029 0.133954
0 0.756712 0.454775 0.086227 0.146681
0 0.968466 0.067438 0.062807 0.134264
0 0.671165 0.286231 0.085003 0.157861
0 0.259413 0.046678 0.080591 0.091644
0 0.910626 0.112294 0.090133 0.165699
0 0.366224 0.532384 0.077937 0.136796
0 0.318111 0.680387 0.082914 0.145440
0 0.684435 0.407975 0.079661 0.138421
0 0.189677 0.143896 0.115813 0.147653
0 0.803253 0.253234 0.084245 0.144458
0 0.399357 0.236419 0.087323 0.164375
0 0.265010 0.373069 0.085854 0.174259
0 0.611400 0.438565 0.081659 0.145000
0 0.806953 0.063863 0.092896 0.127727
0 0.474164 0.215984 0.080880 0.143921
0 0.323013 0.318824 0.082469 0.149972
0 0.280413 0.583514 0.084820 0.147926
0 0.492126 0.337752 0.081258 0.140625
0 0.044525 0.261604 0.089049 0.157282
0 0.439710 0.755683 0.086732 0.136718
0 0.283723 0.152880 0.077070 0.139241
0 0.476927 0.078646 0.096896 0.145977
0 0.421440 0.478192 0.079432 0.140468
0 0.113457 0.818067 0.088602 0.146106
0 0.278122 0.865187 0.088646 0.146792
0 0.575608 0.304623 0.087753 0.143227
0 0.598858 0.161479 0.091346 0.149079
0 0.484616 0.560007 0.094576 0.151745
0 0.401721 0.880074 0.094161 0.152213
0 0.346652 0.796882 0.078836 0.138375
0 0.234786 0.696845 0.094234 0.160273
0 0.395996 0.661243 0.084404 0.150884
1 0.539005 0.474252 0.086885 0.143347
