0 0.516480 0.352471 0.065953 0.085568
0 0.634961 0.821862 0.074094 0.120484
0 0.919342 0.344227 0.058426 0.091953
0 0.585197 0.982518 0.074543 0.034964
0 0.394650 0.988560 0.093285 0.020516
0 0.822471 0.990659 0.041559 0.013214
0 0.342682 0.035620 0.060059 0.071240
0 0.103920 0.232245 0.080316 0.090427
0 0.581086 0.042458 0.067250 0.084917
0 0.919156 0.669193 0.067461 0.094969
0 0.988686 0.398714 0.021496 0.101167
0 0.008057 0.948305 0.016113 0.096984
0 0.855754 0.853594 0.059930 0.087813
0 0.809080 0.879581 0.061840 0.079078
0 0.258088 0.938898 0.095285 0.119672
0 0.787705 0.782695 0.078387 0.079255
0 0.510498 0.782568 0.076863 0.092979
0 0.010334 0.076797 0.020668 0.096740
0 0.708908 0.654979 0.070684 0.091448
0 0.724244 0.152333 0.063801 0.089115
1 0.405240 0.580513 0.061113 0.088099
0 0.614826 0.029271 0.061848 0.058542
0 0.621154 0.752646 0.072129 0.087875
0 0.122348 0.922122 0.071258 0.083620
0 0.938689 0.029005 0.073152 0.058010
0 0.408916 0.497081 0.074238 0.114234
0 0.740246 0.957148 0.068516 0.083453
0 0.658797 0.902273 0.075531 0.086068
0 0.069500 0.496758 0.079250 0.088755
0 0.975141 0.159570 0.049719 0.126516
0 0.879229 0.615292 0.072590 0.105083
0 0.113889 0.317208 0.071254 0.088490
0 0.019193 0.303982 0.038113 0.124224
0 0.704623 0.033263 0.078840 0.066526
0 0.104457 0.027563 0.078328 0.054667
0 0.459924 0.448406 0.073520 0.111521
0 0.693645 0.739833 0.076805 0.084156
0 0.105771 0.153695 0.067418 0.116297
0 0.275508 0.217510 0.070617 0.092083
0 0.904934 0.982635 0.096367 0.034729
0 0.721305 0.760268 0.075164 0.097536
0 0.975357 0.058820 0.049285 0.106380
0 0.616217 0.113651 0.069207 0.111802
0 0.442748 0.409299 0.078207 0.079464
0 0.393313 0.672987 0.066500 0.108380
0 0.591248 0.413414 0.067145 0.088620
0 0.231281 0.578266 0.085195 0.089615
0 0.625662 0.880729 0.067762 0.082542
0 0.478658 0.718737 0.079637 0.092547
0 0.364055 0.806807 0.068187 0.104448
0 0.756344 0.408266 0.072117 0.082490
0 0.734703 0.981326 0.069172 0.037349
0 0.518029 0.008247 0.092309 0.016495
0 0.010709 0.577464 0.021418 0.114823
0 0.785406 0.564779 0.082508 0.082005
0 0.385660 0.713453 0.070039 0.100531
0 0.598115 0.491378 0.080215 0.095161
0 0.805508 0.040354 0.066430 0.080708
0 0.031258 0.179096 0.062516 0.109234
0 0.043596 0.608237 0.076105 0.092391
0 0.338549 0.340161 0.071402 0.096052
0 0.529828 0.482159 0.067539 0.086401
0 0.534617 0.189443 0.067672 0.091250
0 0.367355 0.125208 0.076750 0.093427
0 0.528133 0.955216 0.060812 0.088609
0 0.867930 0.083578 0.072898 0.104948
0 0.881254 0.927469 0.069219 0.097437
0 0.882590 0.412747 0.073555 0.096120
0 0.581225 0.729776 0.063543 0.104156
0 0.269209 0.760151 0.078309 0.098208
0 0.603908 0.190297 0.083770 0.092177
0 0.167717 0.444234 0.071324 0.115104
0 0.676211 0.206987 0.069445 0.088276
0 0.270006 0.431898 0.062020 0.107995
0 0.460115 0.204854 0.083988 0.092052
0 0.808910 0.608891 0.081828 0.098760
0 0.242688 0.046768 0.069500 0.093536
0 0.050229 0.958313 0.075113 0.083375
0 0.756404 0.482563 0.076152 0.095490
0 0.918408 0.817021 0.079285 0.099656
0 0.915582 0.525617 0.069008 0.095557
0 0.594379 0.271258 0.079687 0.097172
0 0.966098 0.456633 0.067805 0.100130
0 0.391898 0.049336 0.068234 0.096547
0 0.201844 0.041203 0.081711 0.082406
0 0.323762 0.957760 0.073320 0.084479
0 0.552629 0.639122 0.073836 0.095724
0 0.667389 0.678357 0.068434 0.088016
0 0.965004 0.762245 0.068125 0.089542
0 0.019064 0.796766 0.038129 0.097531
0 0.353506 0.205372 0.068191 0.096255
0 0.244270 0.660128 0.075070 0.097286
0 0.456555 0.605997 0.079555 0.089339
0 0.431082 0.325188 0.075484 0.111073
0 0.367195 0.540732 0.070969 0.089016
0 0.462508 0.911706 0.070781 0.095516
0 0.689590 0.127669 0.068852 0.102359
0 0.177246 0.642531 0.062906 0.091479
0 0.729240 0.347594 0.074684 0.103260
0 0.952199 0.944956 0.062836 0.092193
0 0.449525 0.040266 0.071168 0.080531
0 0.370213 0.914086 0.072770 0.098922
0 0.923688 0.192354 0.078750 0.091521
0 0.567236 0.822492 0.070145 0.097016
0 0.806633 0.219661 0.070336 0.096531
0 0.965359 0.847057 0.069281 0.099740
0 0.284588 0.643216 0.077121 0.101839
0 0.123660 0.660195 0.072414 0.089245
0 0.314842 0.059677 0.071293 0.100292
0 0.142596 0.877669 0.069707 0.100911
0 0.112305 0.737857 0.065492 0.087339
0 0.661738 0.493747 0.071484 0.082328
0 0.790193 0.379747 0.073816 0.094828
0 0.599125 0.580422 0.077250 0.101792
0 0.771660 0.824698 0.064875 0.083448
0 0.291168 0.345435 0.071227 0.088328
0 0.235344 0.311049 0.066086 0.108109
0 0.179906 0.796237 0.068836 0.096714
0 0.902789 0.299586 0.080125 0.114016
0 0.034391 0.037602 0.064648 0.075203
0 0.136316 0.537987 0.073477 0.106891
0 0.315158 0.231302 0.069699 0.103146
0 0.858715 0.766023 0.073055 0.101526
0 0.331865 0.463781 0.074770 0.087896
0 0.069049 0.123615 0.070832 0.111396
0 0.146420 0.064406 0.073723 0.107667
0 0.433934 0.784596 0.078820 0.088995
0 0.860686 0.697497 0.073199 0.120505
0 0.763836 0.132242 0.064398 0.079474
0 0.940982 0.084500 0.079027 0.095635
0 0.795588 0.301117 0.077996 0.103339
0 0.486564 0.146758 0.070684 0.101130
0 0.256016 0.150953 0.075625 0.081458
0 0.015389 0.438917 0.030777 0.108479
0 0.608318 0.945867 0.091035 0.086526
0 0.746551 0.643130 0.069484 0.096188
0 0.209730 0.823982 0.067031 0.100297
0 0.801256 0.927169 0.073340 0.093526
0 0.638102 0.417253 0.079828 0.100245
0 0.701586 0.576737 0.078789 0.120578
0 0.885275 0.156818 0.075426 0.103281
0 0.194133 0.102086 0.076227 0.086599
0 0.972258 0.321102 0.055391 0.092411
0 0.971412 0.681823 0.055785 0.092031
0 0.173275 0.726115 0.074082 0.091479
0 0.340799 0.829716 0.076613 0.102807
0 0.804766 0.485758 0.073992 0.097984
0 0.952441 0.607151 0.076773 0.092031
0 0.498326 0.830737 0.080926 0.078307
0 0.508844 0.655102 0.068891 0.091328
0 0.853820 0.233344 0.075438 0.106812
0 0.731902 0.054177 0.083250 0.085281
0 0.175707 0.314112 0.062859 0.093828
0 0.078945 0.371398 0.074719 0.093932
0 0.365285 0.301187 0.069258 0.081125
0 0.222633 0.455323 0.058867 0.083823
0 0.451043 0.956273 0.084789 0.086182
0 0.066865 0.869214 0.078309 0.103219
0 0.227740 0.524807 0.071590 0.102500
0 0.843971 0.541518 0.065504 0.093432
0 0.104881 0.405911 0.077496 0.095771
0 0.188260 0.396977 0.065457 0.084995
0 0.975689 0.544424 0.048621 0.095859
0 0.469295 0.533172 0.089941 0.100594
