0 0.939258 0.938009 0.112880 0.120667
0 0.397352 0.883713 0.086276 0.140074
0 0.962581 0.985042 0.074839 0.027917
0 0.653948 0.012356 0.072104 0.024713
0 0.034826 0.055505 0.067714 0.105343
0 0.286062 0.946060 0.079687 0.101083
0 0.955516 0.825375 0.088969 0.161750
0 0.561714 0.972005 0.091177 0.054176
0 0.308438 0.836593 0.076115 0.153296
0 0.389331 0.767972 0.079641 0.141833
0 0.850799 0.940236 0.088380 0.119528
0 0.182763 0.727380 0.087359 0.186167
0 0.057372 0.356398 0.081839 0.180463
0 0.090641 0.024014 0.082385 0.048028
0 0.775122 0.925870 0.089109 0.140815
0 0.012057 0.381259 0.024115 0.195556
0 0.128904 0.380194 0.102276 0.185852
0 0.694938 0.818870 0.081104 0.200630
0 0.728281 0.971736 0.093917 0.054676
0 0.605206 0.060236 0.071411 0.114565
0 0.035661 0.179241 0.071073 0.185685
0 0.097794 0.469491 0.094391 0.179611
0 0.476117 0.472889 0.079547 0.184167
0 0.080805 0.615282 0.095974 0.157694
0 0.324391 0.542565 0.078844 0.202000
0 0.263451 0.705130 0.114151 0.158111
0 0.434555 0.629125 0.079505 0.181509
0 0.028099 0.677083 0.056198 0.148889
0 0.027089 0.819782 0.052531 0.171676
0 0.545781 0.053667 0.068229 0.106907
0 0.097414 0.238486 0.087474 0.147787
0 0.032661 0.521866 0.065323 0.168009
0 0.259693 0.605069 0.089354 0.147065
0 0.096089 0.107833 0.080583 0.132815
0 0.266385 0.480060 0.075865 0.135380
0 0.544266 0.379296 0.088833 0.162204
0 0.434224 0.399380 0.089469 0.168481
0 0.496987 0.308167 0.093286 0.168056
0 0.553701 0.748926 0.091172 0.172611
0 0.546065 0.192079 0.084693 0.176380
0 0.165805 0.272759 0.087505 0.162759
0 0.610555 0.637134 0.102505 0.152343
0 0.631805 0.771875 0.080089 0.143194
0 0.757154 0.796745 0.084401 0.166806
0 0.395753 0.515866 0.090328 0.168694
0 0.212047 0.399926 0.086083 0.170241
0 0.106852 0.727787 0.089120 0.153611
0 0.166529 0.554264 0.086089 0.157787
0 0.365130 0.647102 0.085083 0.155667
0 0.355245 0.949977 0.080562 0.093935
0 0.241518 0.847333 0.079797 0.153833
0 0.821451 0.833139 0.074495 0.156519
0 0.887266 0.827644 0.073708 0.168806
0 0.512484 0.616190 0.098865 0.162417
1 0.539779 0.513333 0.085120 0.145611
