0 0.333713 0.020478 0.083021 0.040957
0 0.015752 0.232814 0.031420 0.104177
0 0.507261 0.414331 0.092400 0.093909
0 0.020648 0.103812 0.041296 0.113169
0 0.498256 0.019316 0.088434 0.038632
0 0.782137 0.017917 0.081003 0.035833
0 0.853692 0.401626 0.087145 0.072263
0 0.857797 0.009797 0.082600 0.019594
0 0.846674 0.983169 0.089136 0.033519
0 0.940301 0.406865 0.092307 0.077978
0 0.012976 0.350437 0.025953 0.098066
0 0.008239 0.891304 0.016269 0.106960
0 0.982973 0.082256 0.034055 0.104326
0 0.217251 0.010684 0.081578 0.021368
0 0.007880 0.693663 0.015583 0.105669
0 0.982978 0.860378 0.034043 0.095293
0 0.740145 0.992755 0.077589 0.014491
0 0.841111 0.795149 0.083526 0.096523
0 0.720052 0.441312 0.088785 0.106183
1 0.511343 0.519028 0.082616 0.098714
0 0.330679 0.482011 0.082284 0.087274
0 0.212496 0.125051 0.091250 0.092500
0 0.735905 0.057060 0.084016 0.103174
0 0.585228 0.122868 0.091636 0.111013
0 0.977905 0.734658 0.044190 0.102443
0 0.522942 0.188537 0.077350 0.102474
0 0.481711 0.123351 0.083306 0.111600
0 0.019693 0.530846 0.039387 0.114542
0 0.037355 0.433354 0.074711 0.095761
0 0.323046 0.551481 0.082905 0.109907
0 0.088960 0.649383 0.074186 0.094455
0 0.318104 0.113374 0.095058 0.124259
0 0.272124 0.624110 0.084371 0.104208
0 0.977706 0.522160 0.044587 0.123673
0 0.127324 0.968629 0.084880 0.062402
0 0.823578 0.466654 0.100729 0.099717
0 0.896233 0.256517 0.084595 0.113868
0 0.916026 0.969563 0.088233 0.060874
0 0.181711 0.853405 0.084950 0.108086
0 0.361680 0.380921 0.084633 0.105031
0 0.435075 0.627405 0.089093 0.111137
0 0.114267 0.389684 0.088133 0.111517
0 0.479599 0.878277 0.086358 0.108611
0 0.409545 0.175460 0.085123 0.113122
0 0.733364 0.762971 0.084336 0.118637
0 0.238343 0.776147 0.091917 0.115576
0 0.641047 0.516939 0.084525 0.112058
0 0.485955 0.732328 0.090814 0.115797
0 0.693355 0.638125 0.091593 0.110520
0 0.521101 0.622428 0.090691 0.120154
0 0.148864 0.069264 0.074803 0.096420
0 0.600660 0.696348 0.079313 0.104331
0 0.419437 0.311577 0.085208 0.115900
0 0.887247 0.874339 0.094942 0.124419
0 0.095228 0.277317 0.083997 0.128236
0 0.259325 0.525139 0.085779 0.108940
0 0.579713 0.585499 0.076300 0.102675
0 0.358546 0.789733 0.078526 0.108642
0 0.600880 0.805820 0.086620 0.115725
0 0.193181 0.339938 0.091995 0.121564
0 0.746665 0.189048 0.089317 0.101399
0 0.443534 0.520003 0.081273 0.125324
0 0.798206 0.942901 0.077863 0.100617
0 0.623515 0.367716 0.088765 0.114198
0 0.956867 0.319360 0.085224 0.114439
0 0.311076 0.702467 0.085779 0.115869
0 0.121497 0.517119 0.088580 0.115576
0 0.670448 0.845280 0.084313 0.112341
0 0.029745 0.962441 0.059491 0.075118
0 0.715646 0.534910 0.076601 0.105993
0 0.947294 0.626788 0.103237 0.124480
0 0.448914 0.961111 0.089626 0.077778
0 0.421059 0.043585 0.090212 0.087171
0 0.720963 0.903534 0.078769 0.105751
0 0.085829 0.882299 0.088843 0.110082
0 0.189824 0.601055 0.078592 0.101389
0 0.674705 0.962479 0.082280 0.074630
0 0.600494 0.248182 0.087924 0.113555
0 0.911300 0.150280 0.081559 0.105509
0 0.069361 0.731132 0.078993 0.112685
0 0.486701 0.264835 0.082840 0.112006
0 0.030046 0.635432 0.060093 0.102912
0 0.762857 0.542389 0.088337 0.122629
0 0.658245 0.735833 0.080918 0.104455
0 0.249120 0.953153 0.079468 0.092860
0 0.831858 0.120417 0.095945 0.126842
0 0.069632 0.070085 0.077604 0.114666
0 0.656470 0.218776 0.081289 0.109023
0 0.328108 0.963068 0.091539 0.073246
0 0.804090 0.675532 0.084306 0.098359
0 0.169875 0.714676 0.079633 0.109187
0 0.399458 0.545995 0.077666 0.114213
0 0.184738 0.234833 0.097731 0.113266
0 0.354988 0.873310 0.095347 0.105643
0 0.077184 0.566659 0.083457 0.105170
0 0.960820 0.907204 0.078360 0.104614
0 0.262876 0.051793 0.085143 0.103585
0 0.580683 0.892968 0.093380 0.111975
0 0.066319 0.183634 0.081466 0.101456
0 0.863864 0.289946 0.080683 0.099120
0 0.624979 0.041368 0.099657 0.082737
0 0.250905 0.414414 0.091022 0.096358
0 0.957230 0.034030 0.080548 0.068061
0 0.804460 0.339699 0.074799 0.097670
0 0.237620 0.657675 0.082500 0.101286
0 0.024371 0.793552 0.048426 0.111229
0 0.596562 0.958531 0.085972 0.082937
0 0.976179 0.184969 0.047419 0.121193
0 0.344678 0.264833 0.092388 0.114336
0 0.448630 0.405388 0.073711 0.096610
0 0.234576 0.184053 0.076559 0.093837
0 0.514859 0.319717 0.083005 0.108786
