1 0.261414 0.293370 0.074536 0.116148
0 0.331245 0.569903 0.082125 0.196639
0 0.281523 0.393421 0.081911 0.137139
0 0.649177 0.578032 0.104104 0.146991
0 0.048883 0.869079 0.089182 0.138269
0 0.396159 0.633199 0.079286 0.144657
0 0.835544 0.783153 0.087755 0.186472
0 0.236672 0.174875 0.096594 0.158657
0 0.222542 0.803829 0.087229 0.144639
0 0.335914 0.880667 0.092057 0.162963
0 0.868740 0.059940 0.085687 0.119880
0 0.968609 0.781560 0.062583 0.140972
0 0.663346 0.276991 0.082755 0.160093
0 0.450128 0.869907 0.090839 0.149037
0 0.068833 0.774542 0.080594 0.136120
0 0.401695 0.291676 0.082057 0.156111
0 0.194529 0.405065 0.098016 0.139796
0 0.898380 0.830167 0.075708 0.180481
0 0.681880 0.467301 0.089906 0.155509
0 0.750687 0.296662 0.082604 0.157380
0 0.601247 0.908509 0.104880 0.160574
0 0.628841 0.715981 0.087766 0.147056
0 0.699365 0.673958 0.082115 0.153269
0 0.709190 0.066847 0.080734 0.133694
0 0.490081 0.348843 0.091089 0.146185
0 0.138945 0.294380 0.091391 0.145537
0 0.654130 0.833148 0.082396 0.145204
0 0.042664 0.561898 0.082911 0.128444
0 0.487878 0.613796 0.085443 0.160593
0 0.680891 0.942005 0.110948 0.115991
0 0.879234 0.293773 0.082365 0.158935
0 0.111167 0.178546 0.092698 0.145926
0 0.382401 0.158250 0.093031 0.169500
0 0.101648 0.063602 0.087641 0.125667
0 0.970737 0.284764 0.056693 0.158861
0 0.865638 0.441894 0.086089 0.167454
0 0.965992 0.147282 0.066797 0.154250
0 0.941852 0.051097 0.094495 0.102194
0 0.774786 0.955421 0.096427 0.089157
0 0.352297 0.054764 0.094521 0.109528
0 0.026487 0.432130 0.050151 0.153315
0 0.458073 0.958176 0.096365 0.082926
0 0.232557 0.964676 0.080417 0.068889
0 0.203026 0.290009 0.078313 0.132759
0 0.019401 0.077611 0.038000 0.155222
0 0.948810 0.967440 0.097984 0.065120
0 0.396023 0.967435 0.077922 0.063556
0 0.984482 0.883764 0.031036 0.134343
0 0.071971 0.970963 0.098057 0.058074
0 0.022875 0.973671 0.045750 0.052657
0 0.982448 0.031750 0.031562 0.063278
0 0.879018 0.678514 0.091609 0.164880
0 0.528503 0.720176 0.090484 0.152963
0 0.750273 0.436949 0.091089 0.159546
0 0.454685 0.218884 0.086099 0.145565
0 0.299568 0.686148 0.084969 0.165759
0 0.571096 0.492616 0.079276 0.132713
0 0.132810 0.833819 0.072203 0.139935
0 0.550794 0.184722 0.088870 0.163074
0 0.205589 0.525157 0.094281 0.156333
0 0.221799 0.662519 0.086891 0.162315
0 0.783182 0.094106 0.093729 0.148194
0 0.483214 0.476338 0.094323 0.140380
