0 0.006378 0.185963 0.012719 0.141722
0 0.991418 0.442470 0.017164 0.164347
0 0.990536 0.901845 0.018927 0.142431
0 0.267568 0.020016 0.066792 0.039356
0 0.977556 0.123079 0.044862 0.141417
0 0.015605 0.878271 0.031211 0.156810
1 0.929522 0.276310 0.076753 0.141815
0 0.891108 0.016951 0.082154 0.033773
0 0.948082 0.195104 0.103133 0.143718
0 0.794099 0.703961 0.075573 0.151560
1 0.772031 0.822581 0.082062 0.158412
0 0.116069 0.019058 0.105935 0.038116
1 0.871504 0.208951 0.071404 0.138468
1 0.550555 0.570428 0.073896 0.152088
0 0.763402 0.565789 0.077492 0.131579
0 0.414960 0.671373 0.107076 0.121708
0 0.973332 0.033970 0.053336 0.067940
0 0.343374 0.037037 0.072393 0.073648
0 0.727086 0.695109 0.087083 0.143949
0 0.766493 0.945127 0.103763 0.109208
0 0.035479 0.602257 0.070917 0.110255
0 0.454766 0.360894 0.090641 0.168380
0 0.960983 0.753468 0.077503 0.133139
0 0.684741 0.951984 0.100180 0.094838
0 0.423185 0.041414 0.079312 0.081921
0 0.965526 0.857264 0.068948 0.156056
0 0.179195 0.468706 0.081906 0.160551
0 0.630148 0.642370 0.070979 0.163843
0 0.880005 0.689843 0.089255 0.159361
0 0.288669 0.087606 0.081016 0.139546
0 0.523647 0.061669 0.076570 0.123125
0 0.528020 0.187227 0.084898 0.124667
0 0.219277 0.943972 0.079174 0.109944
0 0.923074 0.085970 0.083352 0.127486
0 0.600910 0.499100 0.072971 0.140042
0 0.525189 0.826192 0.078487 0.155079
0 0.348625 0.943417 0.086109 0.111796
0 0.426967 0.765201 0.077992 0.122940
0 0.789349 0.380421 0.078953 0.125306
0 0.648404 0.841204 0.073307 0.140907
0 0.440005 0.141852 0.087677 0.127472
0 0.141598 0.934637 0.077951 0.128468
0 0.913509 0.410914 0.079049 0.140773
0 0.044253 0.120451 0.079833 0.124792
0 0.585052 0.098319 0.079823 0.144722
0 0.044552 0.249706 0.089104 0.135190
0 0.705440 0.797806 0.070714 0.127648
0 0.687638 0.607206 0.068880 0.128986
0 0.466190 0.258727 0.074771 0.126833
0 0.897230 0.564079 0.075841 0.146435
0 0.380715 0.312007 0.073982 0.144736
0 0.819310 0.521808 0.084063 0.148264
0 0.341465 0.818782 0.074326 0.129352
0 0.391186 0.555655 0.083044 0.146662
0 0.303874 0.221544 0.083107 0.136995
0 0.443551 0.917917 0.080820 0.149083
0 0.060268 0.351632 0.081604 0.123431
0 0.819148 0.286002 0.072271 0.139588
0 0.109775 0.459817 0.074003 0.146690
0 0.504789 0.449306 0.081083 0.155000
0 0.357126 0.147282 0.070924 0.133148
0 0.138964 0.198278 0.085969 0.141741
0 0.159725 0.791921 0.074148 0.141389
0 0.529117 0.311949 0.079432 0.126556
0 0.085439 0.774289 0.068154 0.131968
0 0.156169 0.633058 0.073729 0.122560
0 0.196751 0.353169 0.082617 0.133606
0 0.221187 0.750111 0.075938 0.130407
0 0.037154 0.466898 0.074307 0.137537
0 0.065513 0.934144 0.070682 0.129991
0 0.033915 0.727410 0.067831 0.156718
