0 0.500473 0.363775 0.060070 0.137236
0 0.913798 0.971711 0.097753 0.055699
0 0.529185 0.972144 0.074161 0.054444
0 0.679582 0.666722 0.078690 0.097861
0 0.468520 0.406981 0.066596 0.125435
0 0.585361 0.968002 0.065716 0.061162
0 0.984490 0.416456 0.031021 0.102060
0 0.970168 0.936213 0.059664 0.118750
0 0.323710 0.018292 0.081305 0.036426
0 0.014505 0.441657 0.028635 0.124944
0 0.436870 0.969410 0.060521 0.058597
0 0.410138 0.022882 0.075375 0.045736
0 0.977561 0.172782 0.044878 0.116463
0 0.485516 0.033313 0.077375 0.066625
0 0.019995 0.943794 0.039990 0.102542
0 0.543792 0.383630 0.070724 0.126361
0 0.489723 0.957472 0.070695 0.084528
0 0.246471 0.033757 0.070635 0.067514
0 0.036814 0.781789 0.073581 0.094042
0 0.376484 0.966262 0.069458 0.066116
0 0.021820 0.559528 0.043443 0.123417
0 0.848393 0.880331 0.056354 0.128801
0 0.080694 0.281894 0.078305 0.138472
0 0.964216 0.055352 0.068177 0.107593
0 0.477376 0.633836 0.060763 0.098301
0 0.937638 0.169514 0.054630 0.109907
0 0.906514 0.838681 0.073966 0.092046
0 0.513215 0.170215 0.082664 0.160236
0 0.908117 0.909097 0.070672 0.083759
0 0.947660 0.387669 0.065049 0.121949
0 0.543066 0.898583 0.074404 0.120111
0 0.333393 0.542183 0.074885 0.116412
0 0.955824 0.617345 0.074237 0.119005
0 0.825527 0.598213 0.068674 0.100426
0 0.788818 0.385076 0.071995 0.099699
0 0.708609 0.757141 0.076479 0.117468
0 0.753432 0.789523 0.059120 0.136843
0 0.056547 0.059850 0.070859 0.118125
0 0.620020 0.453773 0.065503 0.114750
0 0.143816 0.909535 0.065461 0.115653
0 0.799602 0.523949 0.079958 0.109556
0 0.081091 0.863144 0.067370 0.100157
0 0.622904 0.040907 0.078693 0.081315
0 0.620461 0.824951 0.063542 0.123866
0 0.385936 0.889838 0.085237 0.097352
0 0.885525 0.082109 0.074820 0.118588
0 0.973413 0.269315 0.053174 0.109463
0 0.541832 0.277912 0.070034 0.105176
0 0.267728 0.921715 0.079164 0.125412
0 0.274379 0.593361 0.071549 0.129157
0 0.831814 0.138488 0.069263 0.097977
0 0.340961 0.368539 0.078010 0.111403
0 0.271732 0.102426 0.075594 0.108907
0 0.584049 0.799917 0.064339 0.145926
0 0.105737 0.668556 0.054052 0.098676
0 0.442142 0.698956 0.076945 0.108051
0 0.678861 0.423810 0.064820 0.104731
0 0.825645 0.045648 0.077190 0.090861
0 0.406831 0.315241 0.075641 0.119528
0 0.605534 0.288623 0.076734 0.110032
0 0.160366 0.650729 0.069919 0.117866
0 0.704035 0.484211 0.066685 0.097347
0 0.902861 0.746218 0.073430 0.106898
0 0.484954 0.871824 0.085445 0.101139
0 0.272016 0.410065 0.068365 0.127583
0 0.423487 0.808836 0.088974 0.131134
0 0.342419 0.104678 0.063771 0.133347
0 0.663625 0.574729 0.065526 0.115366
0 0.846418 0.319296 0.076695 0.119778
0 0.447820 0.248384 0.078552 0.109704
0 0.340503 0.709063 0.076302 0.129236
0 0.559432 0.442412 0.061849 0.118444
0 0.671810 0.254440 0.058995 0.112778
0 0.061982 0.434657 0.070068 0.125685
0 0.799078 0.841197 0.063906 0.116208
0 0.189583 0.563690 0.076229 0.120667
0 0.492380 0.773329 0.064828 0.118500
0 0.628958 0.935799 0.074078 0.115690
0 0.034188 0.646708 0.068375 0.113509
0 0.712529 0.339757 0.071453 0.128569
0 0.732383 0.630433 0.064339 0.121782
0 0.883531 0.012113 0.076349 0.023708
0 0.139798 0.793373 0.064622 0.117106
0 0.971404 0.828833 0.057193 0.107056
0 0.989457 0.096058 0.020997 0.110523
0 0.880617 0.212817 0.069703 0.110477
0 0.496596 0.555572 0.062740 0.123264
0 0.775451 0.225021 0.071026 0.104190
0 0.988931 0.016187 0.022138 0.031144
0 0.044315 0.971986 0.056281 0.052741
0 0.681867 0.014655 0.061604 0.029199
0 0.804613 0.729324 0.070341 0.118972
0 0.677296 0.849699 0.066701 0.111898
0 0.641483 0.354380 0.071065 0.097074
0 0.590682 0.138780 0.067021 0.137208
0 0.402681 0.103377 0.066945 0.115088
0 0.271246 0.716053 0.064164 0.123125
