0 0.621507 0.490208 0.073664 0.153880
0 0.587098 0.656058 0.085346 0.125968
0 0.473424 0.615373 0.091281 0.168773
0 0.607230 0.766829 0.077622 0.137130
0 0.520139 0.514086 0.085138 0.166431
0 0.797165 0.671831 0.084378 0.131338
0 0.785154 0.789477 0.080844 0.139991
0 0.663983 0.146833 0.067299 0.165713
0 0.844422 0.072477 0.081026 0.144954
0 0.260999 0.184861 0.093737 0.167787
0 0.569542 0.398660 0.082953 0.137542
0 0.030855 0.298269 0.061711 0.161407
0 0.770199 0.553116 0.092305 0.155157
0 0.984658 0.863063 0.030643 0.147236
0 0.792184 0.226919 0.084930 0.153384
0 0.274951 0.046356 0.078849 0.092463
0 0.299268 0.831799 0.078755 0.143949
0 0.965918 0.578880 0.068164 0.137111
0 0.202715 0.251028 0.090898 0.158074
0 0.279645 0.320736 0.083727 0.145972
0 0.832926 0.887359 0.082758 0.141718
0 0.031538 0.153155 0.062966 0.156690
0 0.436665 0.407137 0.084742 0.151301
0 0.323872 0.426426 0.078109 0.141787
0 0.777273 0.044176 0.074531 0.088157
0 0.414647 0.534505 0.087779 0.145963
0 0.603404 0.287213 0.082109 0.139880
0 0.419919 0.702794 0.085911 0.142968
0 0.348057 0.642241 0.073448 0.135917
0 0.240181 0.493676 0.083013 0.146769
0 0.315770 0.143285 0.077690 0.139681
0 0.967191 0.129782 0.065617 0.146481
0 0.072996 0.083947 0.083076 0.158236
0 0.368368 0.065750 0.093404 0.131500
0 0.741507 0.374051 0.098482 0.187083
0 0.374581 0.324799 0.079786 0.137106
0 0.876318 0.522398 0.079349 0.159880
0 0.203993 0.382025 0.078982 0.127014
0 0.143117 0.056118 0.089375 0.111866
0 0.616544 0.937572 0.086125 0.124856
0 0.804232 0.063167 0.124068 0.126333
0 0.667346 0.672859 0.078682 0.141671
0 0.263783 0.640586 0.089430 0.154440
0 0.619001 0.040676 0.086299 0.080917
0 0.916315 0.905088 0.089823 0.125500
0 0.974628 0.960819 0.050568 0.077463
0 0.408490 0.832674 0.088922 0.144597
0 0.005582 0.396856 0.010919 0.149204
0 0.596202 0.154759 0.080643 0.144519
0 0.923569 0.346894 0.082565 0.157333
0 0.237077 0.775079 0.087284 0.158111
0 0.705099 0.795856 0.086396 0.143796
0 0.518488 0.693956 0.072737 0.138542
0 0.870587 0.776380 0.077956 0.139528
0 0.346397 0.920558 0.096643 0.158884
0 0.983965 0.019275 0.032070 0.037356
0 0.961352 0.452461 0.077245 0.142977
0 0.924566 0.043968 0.084034 0.087083
0 0.948598 0.724014 0.083930 0.146815
0 0.726253 0.155470 0.085469 0.159894
0 0.765957 0.931336 0.080617 0.137329
0 0.129703 0.201387 0.086109 0.134523
0 0.859267 0.293868 0.079518 0.137931
0 0.690680 0.923979 0.079146 0.126144
0 0.904470 0.180458 0.076643 0.155667
