0 0.038870 0.667074 0.077740 0.176630
0 0.131732 0.738065 0.100109 0.165852
0 0.072401 0.870440 0.105260 0.177972
0 0.054714 0.423440 0.108792 0.183269
0 0.593445 0.548213 0.105068 0.160630
0 0.733013 0.737208 0.108234 0.169769
0 0.499076 0.844519 0.105474 0.189815
0 0.854518 0.097083 0.107568 0.194167
0 0.371135 0.575713 0.094813 0.172463
0 0.195167 0.097565 0.104865 0.180963
0 0.155023 0.454208 0.103630 0.171602
0 0.394448 0.397593 0.121198 0.196074
0 0.422096 0.919144 0.104286 0.161713
0 0.467214 0.280699 0.127312 0.209657
0 0.598773 0.204935 0.113630 0.231352
0 0.595268 0.664426 0.100161 0.177759
0 0.387549 0.165153 0.089391 0.169528
0 0.288221 0.534741 0.104714 0.186722
0 0.216385 0.630046 0.131458 0.198500
0 0.673281 0.349958 0.115083 0.186694
0 0.613938 0.944347 0.115948 0.111306
0 0.738508 0.096931 0.135286 0.189231
0 0.764417 0.279361 0.112625 0.186593
0 0.205044 0.310051 0.113359 0.240287
0 0.279656 0.211181 0.142146 0.189694
0 0.263661 0.792519 0.116917 0.179111
0 0.444125 0.691671 0.105698 0.186491
0 0.742060 0.572574 0.114672 0.221870
0 0.536339 0.691764 0.096417 0.188713
0 0.462841 0.510454 0.122505 0.196815
0 0.495651 0.093727 0.133958 0.187454
0 0.083523 0.225194 0.096349 0.176019
0 0.172174 0.941412 0.107224 0.116787
0 0.641630 0.705731 0.105563 0.184148
0 0.666508 0.837023 0.109807 0.182287
0 0.296250 0.732787 0.096042 0.163685
0 0.948620 0.217866 0.102760 0.229639
0 0.129602 0.566616 0.114141 0.205454
0 0.030630 0.267958 0.061260 0.171028
0 0.021263 0.753097 0.041495 0.228602
0 0.045398 0.089792 0.088828 0.179583
0 0.930867 0.033602 0.110724 0.067204
0 0.910380 0.741394 0.112646 0.206657
0 0.287164 0.062912 0.100547 0.121972
0 0.018409 0.547250 0.036818 0.154259
0 0.566607 0.061565 0.096276 0.122741
0 0.924143 0.589102 0.142026 0.212074
0 0.696542 0.199528 0.105417 0.179833
0 0.390539 0.966870 0.098818 0.066259
0 0.872714 0.287833 0.118542 0.223630
0 0.930359 0.437412 0.098677 0.172231
0 0.056839 0.254866 0.098906 0.169509
0 0.362109 0.044907 0.093469 0.089815
0 0.963562 0.808671 0.072875 0.243343
0 0.833086 0.818588 0.107391 0.194065
1 0.339792 0.882676 0.098021 0.186778
0 0.817388 0.632412 0.113589 0.199694
0 0.831654 0.445481 0.146818 0.222667
