0 0.769578 0.301685 0.106240 0.171241
0 0.587221 0.416167 0.090505 0.171111
0 0.433690 0.262963 0.096495 0.151833
0 0.488867 0.398444 0.091693 0.181259
0 0.231805 0.556282 0.096005 0.178472
0 0.350422 0.334537 0.087719 0.166167
0 0.329503 0.871477 0.096182 0.165361
0 0.163594 0.366120 0.089896 0.169907
0 0.925190 0.738477 0.096443 0.151917
0 0.541344 0.090477 0.088531 0.153935
0 0.575956 0.653218 0.092849 0.151954
0 0.803768 0.164722 0.094974 0.148185
0 0.243714 0.389602 0.090500 0.151944
0 0.158904 0.723454 0.090089 0.164019
0 0.693331 0.781060 0.088099 0.158417
0 0.879128 0.232644 0.083547 0.166491
0 0.364846 0.128852 0.091120 0.151815
0 0.048576 0.420023 0.091245 0.136972
0 0.730320 0.593194 0.079505 0.154296
0 0.042417 0.300125 0.084833 0.145102
0 0.696727 0.091120 0.088495 0.158593
0 0.078107 0.771981 0.081401 0.164778
0 0.524133 0.314690 0.079099 0.178824
0 0.506719 0.703944 0.087677 0.167444
0 0.472182 0.579657 0.090583 0.166000
0 0.689034 0.360222 0.084411 0.150667
0 0.667242 0.921093 0.095526 0.157815
0 0.947117 0.474769 0.093234 0.193963
0 0.928609 0.326440 0.087635 0.159380
0 0.112737 0.634829 0.085380 0.155120
0 0.607714 0.783708 0.089865 0.167954
0 0.601357 0.919597 0.103995 0.160806
0 0.609872 0.573764 0.085401 0.143120
0 0.223432 0.815019 0.092771 0.149222
0 0.972094 0.608042 0.052313 0.144176
0 0.959901 0.904074 0.079552 0.178037
0 0.049492 0.567731 0.098984 0.162037
0 0.042779 0.179574 0.083047 0.142148
0 0.038701 0.688926 0.077401 0.150759
0 0.781906 0.942653 0.093531 0.114694
0 0.107701 0.295454 0.079526 0.154185
0 0.789563 0.054574 0.091969 0.108926
0 0.034987 0.059676 0.067766 0.119352
0 0.636706 0.040162 0.095193 0.077954
0 0.315206 0.235329 0.094276 0.124880
0 0.799531 0.544602 0.095813 0.152463
0 0.800695 0.410565 0.078547 0.118537
0 0.378115 0.037134 0.100188 0.069991
0 0.940372 0.039944 0.089734 0.079185
0 0.976674 0.057755 0.046651 0.113657
0 0.448635 0.016185 0.088531 0.031944
0 0.020555 0.913389 0.041109 0.146556
1 0.531875 0.538796 0.080698 0.141963
