0 0.358576 0.722530 0.095531 0.145588
0 0.644165 0.810072 0.093341 0.167125
0 0.572096 0.711060 0.084000 0.148056
0 0.523206 0.496370 0.091380 0.146306
0 0.919418 0.101502 0.082523 0.150255
0 0.526206 0.320796 0.081760 0.130167
0 0.584063 0.417836 0.084286 0.142134
0 0.661094 0.374433 0.091109 0.143329
0 0.962805 0.553486 0.074391 0.139833
0 0.475505 0.133333 0.091807 0.155528
0 0.902710 0.611454 0.081966 0.143222
0 0.824246 0.195398 0.088133 0.138880
0 0.903270 0.269343 0.091289 0.152204
0 0.018673 0.625847 0.037346 0.137231
0 0.591292 0.965942 0.084917 0.066995
0 0.014518 0.276301 0.029036 0.153046
0 0.985549 0.865634 0.028844 0.167019
0 0.018121 0.886782 0.036242 0.153676
0 0.961569 0.963030 0.076810 0.072458
0 0.071349 0.032317 0.078427 0.064634
0 0.890112 0.958556 0.080781 0.082009
0 0.963112 0.037470 0.072661 0.073736
0 0.334397 0.951479 0.084320 0.096079
0 0.746598 0.801981 0.082398 0.155583
0 0.592216 0.031313 0.077781 0.061931
0 0.256408 0.942243 0.085805 0.113199
0 0.054693 0.936933 0.079578 0.125273
0 0.682342 0.953502 0.078930 0.091412
0 0.410835 0.934310 0.088820 0.131176
0 0.510954 0.039347 0.081023 0.077370
0 0.351918 0.049625 0.096716 0.098537
0 0.574201 0.882956 0.083052 0.156319
0 0.981353 0.360181 0.037154 0.134815
0 0.938003 0.842296 0.077818 0.164361
0 0.857049 0.721831 0.084141 0.151356
0 0.128319 0.909236 0.082753 0.130694
0 0.605480 0.576715 0.072987 0.114634
0 0.813480 0.769088 0.080992 0.150815
0 0.806001 0.941963 0.080810 0.114000
0 0.099859 0.325933 0.073953 0.117634
0 0.714359 0.884370 0.085870 0.158611
0 0.078370 0.608220 0.084062 0.146523
0 0.109652 0.709542 0.083711 0.148028
0 0.436176 0.599588 0.076305 0.164806
0 0.052749 0.805113 0.074560 0.131838
0 0.035204 0.415620 0.070409 0.159269
0 0.341161 0.851002 0.079224 0.126005
0 0.140066 0.562924 0.079117 0.127829
0 0.514447 0.613611 0.090148 0.146083
0 0.256811 0.814671 0.082669 0.153620
0 0.298034 0.511171 0.082500 0.139685
0 0.515387 0.824458 0.075591 0.139250
0 0.431137 0.820069 0.081492 0.132111
0 0.062366 0.235942 0.085857 0.146042
0 0.124982 0.439815 0.078479 0.133528
0 0.242707 0.300000 0.080159 0.143991
0 0.428456 0.225009 0.091214 0.155241
0 0.254298 0.060387 0.079424 0.120773
0 0.214105 0.563396 0.077836 0.139884
0 0.184366 0.368856 0.080711 0.139537
0 0.174492 0.795484 0.089302 0.152227
0 0.265478 0.415771 0.086815 0.134190
0 0.216393 0.695998 0.082615 0.136505
0 0.972470 0.231866 0.055003 0.147741
0 0.727460 0.100854 0.085680 0.165042
0 0.371676 0.144708 0.072951 0.135241
0 0.185668 0.221444 0.080456 0.142565
0 0.284583 0.643711 0.086984 0.145356
0 0.663695 0.097627 0.078464 0.136792
0 0.755953 0.660683 0.083891 0.135079
0 0.865353 0.869618 0.083076 0.151894
0 0.121656 0.158873 0.082573 0.148134
0 0.480242 0.725891 0.084833 0.142468
0 0.755000 0.493926 0.088198 0.153491
0 0.369530 0.559917 0.090727 0.164481
0 0.683730 0.016313 0.085174 0.032366
0 0.017986 0.741870 0.035940 0.147861
0 0.148596 0.017921 0.091453 0.034889
0 0.458747 0.969736 0.090396 0.059685
0 0.991215 0.105144 0.017570 0.133370
0 0.991443 0.479924 0.017115 0.127458
0 0.012656 0.495292 0.025313 0.148991
0 0.186801 0.978766 0.082872 0.041227
0 0.753040 0.982398 0.084643 0.032796
0 0.915095 0.181144 0.081523 0.317259
1 0.783095 0.303299 0.082294 0.144940
0 0.556966 0.201852 0.082594 0.147889
0 0.348958 0.282576 0.087281 0.143088
0 0.821822 0.574030 0.082846 0.152551
0 0.639669 0.234169 0.092354 0.155255
0 0.298702 0.151544 0.082018 0.142236
0 0.720220 0.243475 0.073336 0.133449
0 0.688072 0.531382 0.085534 0.149866
0 0.965146 0.723035 0.069307 0.152940
0 0.038152 0.103947 0.076305 0.138171
0 0.655803 0.663065 0.090794 0.150361
0 0.388273 0.424882 0.084698 0.152245
0 0.184624 0.084979 0.074805 0.136301
0 0.453687 0.356560 0.078411 0.136500
0 0.842243 0.399338 0.079544 0.158954
0 0.925857 0.399921 0.088141 0.155352
0 0.842643 0.069516 0.088484 0.139014
