0 0.005932 0.324671 0.011505 0.154537
0 0.783337 0.050565 0.055070 0.092870
0 0.991673 0.276352 0.015935 0.135130
0 0.734264 0.964053 0.095638 0.071819
0 0.665973 0.018028 0.098320 0.036056
0 0.505426 0.970000 0.091487 0.060000
1 0.640431 0.101023 0.097529 0.144963
0 0.990296 0.891984 0.018841 0.147384
0 0.990516 0.675775 0.018833 0.140792
0 0.224466 0.956519 0.096521 0.086500
0 0.158444 0.307400 0.087086 0.152199
0 0.373378 0.856868 0.087589 0.156079
0 0.598406 0.629556 0.090656 0.114074
0 0.622555 0.561190 0.104453 0.144667
0 0.576409 0.762123 0.107729 0.163792
0 0.504237 0.710919 0.075276 0.164977
0 0.374112 0.542532 0.093594 0.156343
0 0.041344 0.041046 0.081510 0.082093
0 0.625000 0.435819 0.088234 0.148222
0 0.538096 0.326836 0.078708 0.130023
0 0.922844 0.725900 0.102083 0.135866
0 0.973629 0.169495 0.052742 0.141944
0 0.657160 0.933086 0.080753 0.131282
0 0.870310 0.950032 0.093818 0.098380
0 0.688245 0.239528 0.084401 0.149611
0 0.841471 0.547447 0.085000 0.138866
0 0.202309 0.542699 0.098508 0.137620
0 0.914711 0.382870 0.094229 0.148380
0 0.429844 0.643144 0.079823 0.141398
0 0.352065 0.386519 0.089990 0.160806
0 0.452549 0.928343 0.090427 0.131093
0 0.451776 0.799535 0.093583 0.154477
0 0.540135 0.163632 0.088219 0.155810
0 0.289004 0.058792 0.089971 0.114954
0 0.790977 0.737664 0.082255 0.153125
0 0.429001 0.313132 0.094893 0.135894
0 0.909487 0.603016 0.089901 0.136847
0 0.505427 0.527442 0.089510 0.148931
0 0.239960 0.798780 0.076997 0.136921
0 0.274358 0.207803 0.087034 0.153653
0 0.717044 0.607755 0.088245 0.139907
0 0.698092 0.750882 0.086143 0.148505
0 0.230789 0.368113 0.082896 0.158264
0 0.718980 0.391127 0.088570 0.145958
0 0.858135 0.837900 0.088531 0.132440
0 0.161434 0.800910 0.087424 0.141486
0 0.138643 0.172419 0.087786 0.130106
0 0.076487 0.246176 0.074771 0.133593
0 0.056493 0.856507 0.088232 0.157079
0 0.772004 0.885032 0.092669 0.141907
0 0.836329 0.324810 0.089039 0.153583
0 0.374882 0.065377 0.082398 0.130264
0 0.327118 0.935028 0.092987 0.129944
0 0.043608 0.676218 0.087216 0.149926
0 0.611023 0.847315 0.095667 0.161472
0 0.129530 0.670944 0.088117 0.155231
0 0.962566 0.511505 0.074284 0.148824
0 0.932674 0.073426 0.095729 0.126139
0 0.447318 0.179102 0.089557 0.146546
0 0.037555 0.529468 0.074771 0.156194
0 0.269405 0.624697 0.105935 0.163532
0 0.150401 0.932808 0.096964 0.134384
1 0.452454 0.418222 0.107003 0.139472
0 0.764888 0.513021 0.072552 0.141968
1 0.315520 0.747650 0.090701 0.170310
0 0.841977 0.167606 0.104911 0.161676
1 0.160986 0.066248 0.111221 0.126690
