0 0.059504 0.328671 0.089424 0.149000
0 0.360685 0.637729 0.089646 0.153625
0 0.799346 0.695812 0.091042 0.155347
0 0.183135 0.504197 0.084510 0.133949
0 0.128607 0.147687 0.094573 0.168153
0 0.498306 0.744826 0.082857 0.140718
0 0.246574 0.285130 0.089560 0.145102
0 0.027703 0.885708 0.055302 0.137824
0 0.336523 0.933581 0.091474 0.132838
0 0.146302 0.603491 0.079687 0.141648
0 0.376505 0.082449 0.085589 0.153574
0 0.580182 0.402741 0.093828 0.146056
0 0.109073 0.764542 0.078536 0.150315
0 0.606857 0.313275 0.093120 0.152199
0 0.431542 0.397762 0.082245 0.143931
0 0.958513 0.725956 0.082854 0.157986
0 0.731786 0.259269 0.084740 0.149787
0 0.125453 0.438211 0.085958 0.166412
0 0.178066 0.714259 0.090857 0.145787
0 0.153711 0.302938 0.082219 0.144505
0 0.919480 0.614537 0.087299 0.155074
0 0.778090 0.515053 0.079768 0.145125
0 0.504750 0.395616 0.078719 0.149574
0 0.375780 0.504810 0.084154 0.148880
0 0.797396 0.827440 0.082646 0.144148
0 0.208646 0.391012 0.093979 0.154051
0 0.527585 0.633361 0.080872 0.144324
0 0.401799 0.881806 0.095677 0.159704
0 0.058384 0.196755 0.083018 0.144611
0 0.733219 0.751926 0.079661 0.141343
0 0.725362 0.622764 0.074818 0.127667
0 0.845348 0.483808 0.089706 0.166736
0 0.091003 0.905623 0.088698 0.146671
0 0.341107 0.184551 0.084266 0.153324
0 0.867309 0.758838 0.090992 0.156370
0 0.720798 0.384375 0.088622 0.139287
0 0.915298 0.848606 0.088211 0.171472
0 0.202792 0.180456 0.079219 0.147644
0 0.063320 0.051218 0.086870 0.101269
0 0.024275 0.633521 0.048549 0.175856
0 0.646996 0.077333 0.081367 0.152889
0 0.877820 0.365931 0.084844 0.142361
0 0.693876 0.150206 0.088695 0.142394
0 0.918103 0.466866 0.079388 0.147333
0 0.970941 0.447058 0.058117 0.144644
0 0.849001 0.893248 0.078805 0.151912
0 0.394036 0.288815 0.077792 0.134102
0 0.214191 0.605576 0.079273 0.135014
0 0.190130 0.064347 0.088479 0.127380
0 0.324236 0.303361 0.082539 0.133722
0 0.794350 0.943840 0.078492 0.111273
0 0.271948 0.168095 0.079813 0.149977
0 0.409339 0.970611 0.099365 0.056556
0 0.212484 0.811549 0.087349 0.145375
0 0.009539 0.774833 0.019078 0.159667
0 0.014417 0.031269 0.028766 0.058815
0 0.426208 0.569280 0.083521 0.156264
0 0.963052 0.575569 0.073792 0.170926
0 0.570036 0.524903 0.100365 0.142787
0 0.931254 0.324243 0.081086 0.175431
0 0.489936 0.529412 0.079482 0.148926
0 0.697154 0.046463 0.081214 0.091269
0 0.589268 0.070683 0.076797 0.136310
0 0.453116 0.815407 0.075107 0.138139
0 0.292207 0.058481 0.085831 0.114806
0 0.374129 0.772178 0.103956 0.158310
0 0.599022 0.634398 0.083430 0.147546
0 0.951382 0.942993 0.083747 0.113208
0 0.178889 0.928903 0.088617 0.136796
0 0.604483 0.186153 0.086987 0.136843
0 0.973346 0.848734 0.053307 0.137153
0 0.798529 0.377597 0.084516 0.160361
0 0.655560 0.568644 0.084521 0.147528
0 0.662643 0.267477 0.083672 0.175602
0 0.784773 0.444769 0.079302 0.285454
0 0.980382 0.343315 0.039143 0.151296
1 0.446176 0.671150 0.100055 0.181060
0 0.994510 0.649120 0.010979 0.163139
0 0.262273 0.963637 0.085323 0.071514
0 0.969116 0.254556 0.061768 0.143741
0 0.013768 0.172060 0.027536 0.162167
0 0.012392 0.310769 0.024784 0.150102
0 0.050986 0.966880 0.089508 0.064630
0 0.130527 0.967713 0.100008 0.063861
