0 0.481305 0.655505 0.067211 0.093052
0 0.369420 0.546497 0.080434 0.105266
0 0.715676 0.247294 0.080445 0.106776
0 0.142869 0.992977 0.088418 0.014047
0 0.264297 0.007578 0.076570 0.015156
0 0.986535 0.049182 0.026477 0.087271
0 0.253318 0.635583 0.058035 0.071979
0 0.640291 0.099029 0.068809 0.101495
0 0.569010 0.204732 0.070074 0.082172
0 0.730145 0.602383 0.076133 0.098724
0 0.653031 0.492930 0.072672 0.084411
0 0.431889 0.283505 0.066707 0.090844
0 0.028480 0.742628 0.056961 0.076578
0 0.309824 0.670242 0.080109 0.096964
0 0.406887 0.289388 0.071539 0.084745
0 0.589303 0.234977 0.070301 0.091859
0 0.504932 0.488807 0.079176 0.104344
0 0.072465 0.724034 0.065906 0.082495
0 0.447439 0.811693 0.065082 0.087135
0 0.340391 0.198453 0.082750 0.106021
0 0.687545 0.847279 0.077199 0.081849
0 0.815770 0.552206 0.072234 0.087609
0 0.505437 0.403758 0.084773 0.097182
0 0.087604 0.626690 0.073332 0.094172
0 0.981381 0.633346 0.036996 0.083911
0 0.821652 0.707240 0.076438 0.098594
0 0.740809 0.329500 0.067172 0.084885
0 0.495504 0.971169 0.076461 0.056568
0 0.344727 0.958206 0.061773 0.079630
0 0.334701 0.420391 0.061176 0.083281
0 0.960369 0.040622 0.077246 0.081245
0 0.175395 0.942383 0.081484 0.096953
0 0.488422 0.327508 0.071633 0.090286
0 0.876150 0.265552 0.075645 0.103792
0 0.687564 0.345997 0.064699 0.097141
0 0.162143 0.052401 0.069449 0.093396
0 0.214262 0.258893 0.067797 0.084495
0 0.406891 0.079664 0.072164 0.093474
0 0.884664 0.620599 0.063727 0.081802
0 0.074012 0.847982 0.086625 0.127307
0 0.222262 0.489081 0.067938 0.087297
0 0.286930 0.114714 0.069875 0.089438
0 0.585740 0.603924 0.074004 0.106214
0 0.944383 0.580245 0.074273 0.093365
0 0.599605 0.385888 0.073438 0.100734
0 0.487305 0.171328 0.076211 0.087083
0 0.067021 0.545414 0.071965 0.093818
0 0.051240 0.223924 0.066934 0.088859
0 0.976609 0.920044 0.046500 0.095474
0 0.635824 0.981948 0.071641 0.036104
0 0.418346 0.963521 0.071824 0.072958
0 0.284645 0.350628 0.080055 0.096307
0 0.652078 0.665742 0.076227 0.091068
0 0.715736 0.693706 0.070543 0.090807
0 0.327410 0.598594 0.072336 0.091927
0 0.207266 0.821677 0.075031 0.093510
0 0.538496 0.762323 0.065055 0.082990
0 0.424160 0.722036 0.073742 0.095135
0 0.966881 0.447427 0.066238 0.098188
0 0.265129 0.931393 0.061437 0.083641
0 0.626943 0.800703 0.079254 0.090583
0 0.256400 0.435766 0.068707 0.084021
0 0.010205 0.963602 0.020348 0.072797
0 0.325875 0.865633 0.074211 0.090214
0 0.756053 0.500724 0.072582 0.095531
0 0.237727 0.184906 0.080484 0.096115
0 0.948727 0.272760 0.063273 0.078042
0 0.030104 0.415237 0.055449 0.078370
0 0.366586 0.932133 0.067531 0.088974
0 0.017195 0.191203 0.034391 0.093135
0 0.916754 0.785440 0.078234 0.104370
0 0.554615 0.030555 0.083832 0.061109
0 0.375684 0.411388 0.069555 0.089057
0 0.221742 0.704565 0.075094 0.092141
0 0.977414 0.328831 0.045172 0.093401
0 0.048652 0.460341 0.081594 0.090984
0 0.559453 0.165891 0.066758 0.089271
0 0.898268 0.126617 0.080449 0.082391
0 0.975471 0.245857 0.049059 0.105932
0 0.731402 0.960602 0.082250 0.078797
0 0.767016 0.952797 0.079852 0.093458
0 0.416285 0.821602 0.076656 0.099359
