0 0.109232 0.303961 0.079457 0.137745
0 0.334076 0.948964 0.068441 0.101969
0 0.898816 0.443445 0.082703 0.107318
0 0.721678 0.081120 0.073215 0.096771
0 0.669285 0.150987 0.080531 0.101141
0 0.380146 0.878914 0.083762 0.103786
0 0.955395 0.708081 0.080578 0.107328
0 0.119727 0.829979 0.070500 0.094979
0 0.720865 0.837177 0.080895 0.114135
0 0.941041 0.525018 0.074621 0.104214
0 0.864213 0.213328 0.081066 0.103292
0 0.032859 0.086617 0.065148 0.097411
0 0.481143 0.414057 0.068066 0.093198
0 0.782506 0.039154 0.087098 0.078307
0 0.604908 0.466430 0.073887 0.102401
0 0.659578 0.616672 0.074820 0.092417
0 0.829486 0.428737 0.076340 0.092172
0 0.645094 0.841172 0.073797 0.120042
0 0.292182 0.194872 0.074246 0.097568
0 0.205270 0.460680 0.077930 0.095964
0 0.846980 0.676917 0.071305 0.095125
0 0.834512 0.297547 0.070570 0.091844
0 0.537479 0.471393 0.073355 0.090151
0 0.053018 0.605721 0.075801 0.089203
0 0.733047 0.503987 0.077875 0.096120
0 0.257783 0.907255 0.073051 0.096094
0 0.076697 0.893690 0.066027 0.094182
0 0.237674 0.354034 0.078074 0.097714
0 0.639592 0.286852 0.071402 0.096630
0 0.125598 0.080547 0.077680 0.107583
0 0.461885 0.707919 0.074926 0.098141
0 0.767711 0.901380 0.075055 0.084094
0 0.039170 0.945927 0.069105 0.103490
0 0.459043 0.846214 0.081234 0.106312
0 0.546172 0.353583 0.069000 0.100385
0 0.279902 0.821930 0.071844 0.091714
0 0.578258 0.867151 0.072172 0.088271
0 0.131662 0.410992 0.070918 0.094911
0 0.077789 0.460883 0.076992 0.121703
0 0.352740 0.602922 0.078121 0.115104
0 0.854674 0.796990 0.072418 0.098073
0 0.416209 0.341992 0.081840 0.121151
0 0.288516 0.512208 0.075039 0.102906
0 0.481518 0.242839 0.072926 0.096438
0 0.188236 0.049870 0.072449 0.089552
0 0.911076 0.917427 0.074387 0.093896
0 0.556781 0.121586 0.064586 0.095297
0 0.496105 0.101849 0.067797 0.111021
0 0.800195 0.219557 0.072719 0.104677
0 0.510430 0.781599 0.067969 0.088229
0 0.395672 0.725292 0.074719 0.097542
0 0.413715 0.449081 0.075273 0.092057
0 0.773418 0.351065 0.087336 0.116109
0 0.774068 0.814120 0.072793 0.102312
0 0.438031 0.232904 0.070109 0.105839
0 0.299092 0.283461 0.073207 0.096880
0 0.407871 0.960505 0.086906 0.078656
0 0.321902 0.681357 0.068984 0.094307
0 0.861816 0.854276 0.069820 0.094906
0 0.249686 0.623810 0.075199 0.081693
0 0.025018 0.326198 0.050035 0.101000
0 0.282672 0.740440 0.064672 0.088109
0 0.560055 0.231466 0.085922 0.129151
0 0.959834 0.201372 0.070996 0.125932
0 0.223398 0.549216 0.073156 0.095661
0 0.644828 0.957263 0.083156 0.084922
0 0.297512 0.411805 0.082797 0.088661
0 0.187541 0.720427 0.086559 0.096740
0 0.794994 0.121854 0.061738 0.097750
0 0.022314 0.775422 0.044629 0.100385
0 0.600277 0.566930 0.078398 0.116016
0 0.855664 0.514154 0.071805 0.086172
0 0.100219 0.864958 0.093781 0.128198
0 0.704598 0.960867 0.082609 0.077672
0 0.192648 0.971245 0.071602 0.056833
0 0.668125 0.469865 0.043039 0.079292
0 0.428291 0.578680 0.079090 0.101359
0 0.980283 0.065206 0.039434 0.106182
0 0.009039 0.965773 0.016500 0.068453
0 0.991854 0.580792 0.016293 0.085188
0 0.270107 0.049185 0.076699 0.092328
0 0.430980 0.615484 0.078711 0.097813
0 0.704451 0.014971 0.064504 0.028568
0 0.167672 0.290911 0.073172 0.104740
0 0.350996 0.148810 0.071422 0.086047
0 0.012406 0.859797 0.023563 0.093865
0 0.951658 0.991307 0.077738 0.016375
0 0.362500 0.014302 0.072250 0.028219
0 0.990924 0.971401 0.018152 0.057198
0 0.932338 0.008518 0.074668 0.017036
0 0.017037 0.959404 0.025488 0.081193
0 0.085615 0.006693 0.075223 0.012854
0 0.995277 0.196286 0.009445 0.094333
0 0.896729 0.007107 0.081363 0.014214
0 0.976227 0.011378 0.047547 0.019057
0 0.184918 0.008065 0.075422 0.016130
0 0.424518 0.518388 0.075574 0.090151
0 0.415447 0.028216 0.067832 0.055193
0 0.641488 0.035510 0.081078 0.071021
0 0.480484 0.027979 0.074102 0.053281
0 0.171754 0.784500 0.072234 0.103531
0 0.957607 0.332005 0.083316 0.113052
0 0.752588 0.671000 0.075215 0.060854
0 0.353014 0.064125 0.066957 0.096396
0 0.169717 0.904930 0.071020 0.094620
0 0.717395 0.395607 0.069523 0.084568
0 0.985354 0.485500 0.029293 0.095240
0 0.724510 0.205130 0.083855 0.119479
0 0.954752 0.060997 0.073949 0.107599
0 0.551691 0.644445 0.087688 0.128786
0 0.861812 0.058927 0.075594 0.117854
0 0.741643 0.755435 0.058699 0.076214
0 0.715826 0.448974 0.065855 0.070302
0 0.310367 0.068711 0.074328 0.098943
0 0.766652 0.593956 0.083687 0.091359
0 0.426170 0.121836 0.085473 0.123099
0 0.141695 0.173604 0.071766 0.094740
0 0.979482 0.937117 0.041035 0.110161
0 0.571494 0.029456 0.071652 0.055505
0 0.199787 0.886021 0.067145 0.098792
0 0.097582 0.701581 0.080625 0.102651
0 0.973070 0.368039 0.053859 0.104651
0 0.394861 0.792536 0.083684 0.099115
0 0.083596 0.744315 0.076723 0.092578
0 0.572230 0.752898 0.067969 0.102109
0 0.010016 0.547003 0.018211 0.113828
0 0.033232 0.195703 0.065293 0.100365
0 0.542254 0.983771 0.071398 0.032458
0 0.875123 0.578096 0.076332 0.128995
0 0.179662 0.264471 0.076941 0.094901
0 0.019910 0.664169 0.039148 0.066620
0 0.028314 0.237104 0.056020 0.107490
0 0.114703 0.182409 0.072305 0.092797
0 0.137225 0.586154 0.085355 0.100474
0 0.502123 0.924253 0.081707 0.107078
0 0.182059 0.376909 0.049961 0.093391
0 0.230713 0.965919 0.073527 0.068161
0 0.690035 0.254021 0.059461 0.074844
0 0.589432 0.786406 0.072551 0.091750
0 0.011223 0.424159 0.022164 0.110005
0 0.287889 0.986432 0.070504 0.026969
0 0.076969 0.986195 0.070406 0.026974
