0 0.689169 0.818562 0.083323 0.143097
0 0.571483 0.161720 0.080768 0.146644
0 0.565125 0.699384 0.080010 0.149296
0 0.913341 0.394683 0.089771 0.149486
0 0.904185 0.526949 0.090245 0.152444
0 0.434986 0.845481 0.088966 0.163120
0 0.391730 0.454424 0.085711 0.143894
0 0.713427 0.196859 0.083542 0.146782
0 0.809743 0.171845 0.088352 0.164208
0 0.024723 0.315819 0.049326 0.130204
0 0.067681 0.178007 0.081737 0.157884
0 0.812423 0.568201 0.081862 0.155588
0 0.335198 0.346424 0.083406 0.135699
0 0.397363 0.709123 0.096091 0.152236
0 0.182270 0.577002 0.079638 0.144005
0 0.360404 0.175139 0.075167 0.131722
0 0.499003 0.756440 0.082615 0.140741
0 0.737706 0.616678 0.087802 0.152847
0 0.145642 0.294079 0.096628 0.142787
0 0.150095 0.441387 0.085456 0.142949
0 0.057961 0.450403 0.089036 0.143685
0 0.746893 0.070530 0.079620 0.141060
0 0.957757 0.181074 0.082003 0.151611
0 0.086018 0.944593 0.074349 0.110694
0 0.755066 0.473514 0.086268 0.149954
0 0.244057 0.657146 0.083432 0.148069
0 0.901697 0.093294 0.088602 0.153412
0 0.092023 0.791083 0.094198 0.158167
0 0.833784 0.734319 0.083500 0.137611
0 0.230085 0.895498 0.084831 0.141736
0 0.231921 0.354352 0.079914 0.134731
0 0.439257 0.551850 0.082435 0.143671
0 0.506785 0.592856 0.074898 0.134889
0 0.731815 0.933942 0.083490 0.129801
0 0.907814 0.946398 0.083784 0.105074
0 0.639788 0.214306 0.081133 0.150241
0 0.283238 0.227780 0.075393 0.146199
0 0.644892 0.266845 0.074154 0.114782
0 0.375987 0.231718 0.074974 0.117944
0 0.477207 0.247197 0.081419 0.139894
0 0.005335 0.424891 0.010357 0.142060
0 0.683089 0.020979 0.097984 0.039477
0 0.993500 0.258488 0.013000 0.175495
0 0.990172 0.722979 0.019151 0.135181
0 0.398556 0.249375 0.083039 0.149519
0 0.629882 0.655104 0.084664 0.143523
0 0.137267 0.596185 0.080242 0.146231
0 0.876215 0.239074 0.092096 0.158185
0 0.764870 0.314836 0.097521 0.139088
0 0.283257 0.961627 0.079852 0.074968
0 0.184332 0.118389 0.080815 0.143880
0 0.173152 0.050074 0.084346 0.100148
1 0.506194 0.352706 0.102419 0.180431
0 0.937979 0.764264 0.092042 0.149194
0 0.867255 0.031780 0.075729 0.063477
0 0.714738 0.315086 0.075487 0.130653
0 0.606997 0.681333 0.077729 0.132796
0 0.512878 0.030275 0.092052 0.060551
0 0.677552 0.940451 0.084250 0.118773
0 0.977757 0.401405 0.044487 0.144106
0 0.638578 0.482155 0.099802 0.173301
0 0.018764 0.117069 0.037487 0.160111
0 0.958432 0.657530 0.081672 0.160106
0 0.505374 0.124569 0.081039 0.133056
0 0.268724 0.079507 0.080870 0.148153
0 0.032495 0.869238 0.064687 0.125171
0 0.325376 0.792000 0.090914 0.161657
0 0.517650 0.886192 0.087216 0.154653
0 0.206621 0.757310 0.074898 0.132731
