0 0.912742 0.054049 0.090880 0.107644
0 0.978901 0.550894 0.042198 0.137315
0 0.020447 0.386120 0.040617 0.155472
0 0.029960 0.038903 0.059685 0.075935
0 0.395074 0.235914 0.097018 0.165144
0 0.274406 0.054380 0.083563 0.107917
0 0.443042 0.359419 0.102771 0.172338
0 0.331918 0.519424 0.076201 0.182569
0 0.829654 0.053037 0.094620 0.104926
0 0.772850 0.947678 0.087534 0.103171
0 0.388767 0.114743 0.089633 0.119338
0 0.386688 0.526954 0.078599 0.178306
0 0.689268 0.940451 0.097813 0.119097
0 0.614896 0.939597 0.082823 0.120370
0 0.663507 0.858310 0.092753 0.141556
0 0.667859 0.210023 0.098323 0.183926
0 0.119904 0.937035 0.100547 0.125931
0 0.039638 0.823657 0.078578 0.155009
0 0.917564 0.941646 0.088794 0.115727
0 0.308928 0.379630 0.087378 0.156102
0 0.325193 0.269949 0.114813 0.136944
0 0.656150 0.432625 0.083914 0.144102
0 0.685966 0.540896 0.099151 0.163856
0 0.977100 0.319815 0.045388 0.162880
0 0.308788 0.926405 0.090471 0.145338
0 0.382148 0.864340 0.098891 0.171097
0 0.734628 0.046764 0.088802 0.092935
0 0.012945 0.646326 0.025891 0.146458
0 0.992408 0.057583 0.015185 0.115167
0 0.994092 0.440407 0.011815 0.157537
0 0.990318 0.669836 0.019365 0.146079
0 0.990960 0.166280 0.018081 0.146338
0 0.494383 0.968634 0.092521 0.061130
0 0.846591 0.965799 0.098536 0.068403
0 0.008811 0.112162 0.017581 0.140833
1 0.376126 0.364562 0.087206 0.154477
0 0.365913 0.958951 0.100117 0.082097
0 0.568904 0.967984 0.088266 0.064032
0 0.633789 0.028007 0.097797 0.055421
0 0.098836 0.044757 0.090922 0.087190
0 0.970487 0.903053 0.059026 0.163310
0 0.350569 0.053604 0.094331 0.107208
0 0.739811 0.159178 0.090471 0.163940
0 0.250676 0.833002 0.089732 0.143023
0 0.689376 0.332743 0.099201 0.145449
0 0.201512 0.742998 0.104711 0.161829
0 0.661046 0.656377 0.091841 0.152431
0 0.961436 0.762727 0.076971 0.159250
0 0.029053 0.532449 0.057930 0.159435
0 0.503066 0.889192 0.092596 0.140227
0 0.441764 0.487993 0.094289 0.143421
0 0.959996 0.442833 0.080008 0.156639
0 0.430776 0.925757 0.092719 0.147792
0 0.363625 0.656905 0.083104 0.132625
0 0.562796 0.704208 0.085893 0.173630
0 0.811005 0.157887 0.089312 0.151514
0 0.615124 0.113762 0.084263 0.143347
0 0.030844 0.928884 0.061161 0.139657
0 0.509757 0.568745 0.080659 0.157815
0 0.465029 0.236486 0.082083 0.155361
0 0.040768 0.709130 0.081536 0.146602
0 0.269549 0.474058 0.091568 0.140644
0 0.284161 0.592289 0.086281 0.141699
0 0.225937 0.936447 0.091896 0.127106
0 0.588461 0.242248 0.082875 0.144144
0 0.528687 0.322644 0.089729 0.157565
0 0.624327 0.763391 0.090008 0.154625
0 0.351395 0.775549 0.093883 0.140523
0 0.282798 0.717567 0.084987 0.143218
0 0.610820 0.557623 0.086302 0.152255
0 0.821792 0.406134 0.083969 0.140296
0 0.603483 0.372454 0.083487 0.141972
0 0.211133 0.598023 0.079849 0.149380
0 0.501987 0.765174 0.084677 0.141847
0 0.200967 0.061086 0.091674 0.122069
0 0.756411 0.479516 0.089781 0.148847
0 0.500241 0.426109 0.088659 0.146097
0 0.430939 0.628440 0.084602 0.148454
0 0.172993 0.864213 0.091383 0.156907
0 0.850128 0.296384 0.092687 0.156546
0 0.890960 0.442025 0.083201 0.147273
0 0.109962 0.783981 0.098039 0.161315
0 0.323146 0.151644 0.087896 0.145870
0 0.968637 0.018262 0.061221 0.035931
0 0.139828 0.657870 0.087724 0.151843
0 0.088753 0.575183 0.085484 0.146847
0 0.931742 0.291338 0.092672 0.173241
0 0.770224 0.273299 0.092729 0.156014
0 0.005629 0.732431 0.010836 0.161528
