0 0.007163 0.059755 0.013987 0.118509
0 0.683509 0.975836 0.091961 0.046023
0 0.552596 0.975396 0.083901 0.046310
0 0.131499 0.018771 0.093768 0.037542
0 0.666456 0.028699 0.087406 0.057111
0 0.229658 0.968398 0.088174 0.063204
0 0.123583 0.956745 0.102906 0.086509
0 0.015600 0.361303 0.031201 0.149449
0 0.550197 0.038694 0.082357 0.076222
0 0.975038 0.045667 0.049414 0.089843
0 0.904483 0.723440 0.086039 0.154731
0 0.221960 0.046588 0.075747 0.092556
0 0.020931 0.943662 0.041732 0.111981
0 0.432888 0.952062 0.088073 0.095875
0 0.972204 0.944491 0.055523 0.108926
0 0.316349 0.952998 0.084224 0.093625
0 0.021536 0.650750 0.042943 0.147435
0 0.909540 0.058102 0.091143 0.114713
0 0.029247 0.131644 0.058495 0.120611
0 0.652615 0.700870 0.093740 0.126102
0 0.506965 0.926065 0.076867 0.146120
0 0.088522 0.198118 0.090799 0.143181
0 0.931757 0.350815 0.098247 0.142722
0 0.618082 0.215141 0.077544 0.153486
0 0.966939 0.686280 0.066122 0.144727
0 0.261314 0.888299 0.090919 0.130310
0 0.866613 0.604884 0.077690 0.161324
0 0.837388 0.090528 0.088682 0.161083
0 0.415951 0.528896 0.081203 0.165597
0 0.294432 0.091576 0.091146 0.145255
0 0.398288 0.883664 0.075779 0.123736
0 0.957874 0.257956 0.083581 0.138514
0 0.738792 0.062699 0.091651 0.125398
0 0.351233 0.499688 0.072372 0.153634
0 0.383348 0.768088 0.088154 0.141194
0 0.034909 0.247894 0.069818 0.144278
0 0.904901 0.919917 0.084870 0.148620
0 0.570471 0.464157 0.083078 0.166194
0 0.108975 0.096375 0.086966 0.141102
0 0.093612 0.881563 0.080099 0.134718
0 0.457910 0.082898 0.094789 0.163870
0 0.804605 0.278035 0.091154 0.155162
0 0.472408 0.568694 0.094628 0.146963
0 0.952025 0.812854 0.095060 0.142273
0 0.795191 0.933900 0.094117 0.132199
0 0.786835 0.808238 0.085497 0.141644
0 0.669540 0.804995 0.085070 0.137333
0 0.671081 0.596755 0.089313 0.128917
0 0.171404 0.654463 0.081792 0.152157
0 0.966268 0.555639 0.067464 0.152231
0 0.291647 0.791289 0.092341 0.143292
0 0.225796 0.190775 0.088956 0.149356
0 0.687660 0.256377 0.092539 0.162282
0 0.211914 0.549419 0.082932 0.132940
0 0.186279 0.828065 0.083646 0.160259
0 0.593012 0.607368 0.084414 0.138903
0 0.813560 0.397620 0.095932 0.143157
0 0.306305 0.374961 0.073589 0.148245
0 0.782286 0.520326 0.091734 0.166875
0 0.703457 0.484512 0.080763 0.137069
0 0.038694 0.782569 0.077388 0.157093
0 0.914896 0.476146 0.086135 0.139653
0 0.442745 0.687174 0.094568 0.155727
0 0.373268 0.139377 0.080552 0.136486
0 0.592710 0.843574 0.090169 0.167426
0 0.068819 0.384148 0.094336 0.165306
0 0.767139 0.179519 0.087102 0.151648
0 0.638409 0.396373 0.082146 0.142847
0 0.448751 0.258863 0.090044 0.165727
0 0.272294 0.670345 0.090995 0.144681
0 0.492322 0.388241 0.089971 0.159824
0 0.233598 0.319699 0.092570 0.144556
0 0.114686 0.752127 0.092523 0.159616
0 0.157712 0.270259 0.084237 0.165222
0 0.100870 0.592956 0.091594 0.156236
0 0.287914 0.542238 0.087099 0.146477
0 0.789547 0.671062 0.091219 0.145218
0 0.193254 0.428088 0.090961 0.142352
0 0.515504 0.162213 0.090659 0.158056
1 0.378733 0.331435 0.085383 0.156759
