0 0.724960 0.519391 0.184560 0.145551
1 0.655746 0.416403 0.103003 0.142630
0 0.074099 0.088299 0.142812 0.151699
0 0.202473 0.225502 0.114799 0.179449
0 0.004750 0.168553 0.009500 0.177356
0 0.380656 0.340505 0.116370 0.181259
0 0.170835 0.966715 0.094279 0.065032
1 0.384991 0.060981 0.077857 0.121963
0 0.196018 0.432722 0.098286 0.163639
0 0.114491 0.442981 0.101096 0.175611
0 0.007076 0.504949 0.014151 0.159380
0 0.990762 0.512498 0.017826 0.165366
0 0.315605 0.408373 0.096242 0.156912
0 0.016561 0.882590 0.033122 0.154347
0 0.326577 0.027502 0.095268 0.055005
0 0.172177 0.032134 0.096021 0.064269
0 0.985203 0.197743 0.029271 0.162764
0 0.812025 0.039012 0.103008 0.078023
0 0.632887 0.963745 0.098070 0.069157
0 0.535130 0.959690 0.087807 0.080583
0 0.447319 0.103433 0.094992 0.180505
0 0.486781 0.225426 0.095312 0.151611
0 0.524574 0.079407 0.098737 0.158815
0 0.245733 0.116141 0.094362 0.148245
0 0.641116 0.051993 0.080878 0.103986
0 0.036327 0.096171 0.071299 0.159843
0 0.467734 0.351535 0.088698 0.144690
0 0.030336 0.284012 0.060672 0.184616
0 0.043827 0.930083 0.085372 0.139833
0 0.369184 0.950519 0.083487 0.095528
0 0.342483 0.198764 0.099669 0.168028
0 0.600975 0.859447 0.098174 0.168190
0 0.237598 0.944162 0.088643 0.108972
0 0.965846 0.766130 0.068307 0.160231
0 0.174874 0.775412 0.104232 0.176407
0 0.767174 0.376269 0.099839 0.140444
0 0.740173 0.232285 0.088930 0.171116
0 0.056254 0.513935 0.097982 0.156398
0 0.807846 0.913454 0.076708 0.139269
0 0.570707 0.195713 0.096008 0.169556
0 0.809526 0.138532 0.103677 0.150083
0 0.061803 0.770641 0.092586 0.152792
0 0.242783 0.536097 0.097617 0.143130
0 0.106771 0.068553 0.086000 0.137106
0 0.893009 0.071819 0.085638 0.143639
0 0.539056 0.742481 0.081581 0.140065
0 0.088069 0.298917 0.085560 0.146991
0 0.666788 0.295931 0.105607 0.142093
0 0.821112 0.274764 0.103875 0.161769
0 0.789115 0.633975 0.103104 0.157625
0 0.498147 0.631938 0.092560 0.153218
0 0.241202 0.826294 0.095383 0.152968
0 0.678126 0.532748 0.096341 0.153708
0 0.883939 0.941903 0.095534 0.114065
0 0.465147 0.503803 0.089341 0.151681
0 0.873681 0.818588 0.098138 0.177657
0 0.653013 0.181648 0.083922 0.138556
0 0.963875 0.331951 0.072250 0.174023
0 0.940716 0.655794 0.098062 0.150514
0 0.710578 0.673222 0.086682 0.145287
0 0.713552 0.093347 0.089536 0.156287
0 0.240983 0.669192 0.102122 0.160190
0 0.932025 0.513340 0.096029 0.157958
0 0.885023 0.404583 0.090276 0.151426
0 0.440260 0.807016 0.089500 0.142264
0 0.471199 0.916998 0.090419 0.147255
0 0.133646 0.662007 0.095693 0.158644
0 0.356988 0.839866 0.083284 0.162667
0 0.610781 0.704843 0.086521 0.160306
0 0.788931 0.781775 0.088060 0.156532
0 0.121872 0.922611 0.089844 0.154481
0 0.324844 0.594674 0.090922 0.157569
0 0.553372 0.348905 0.090531 0.164597
0 0.043897 0.636282 0.087794 0.154685
0 0.417799 0.678461 0.091589 0.160486
0 0.771454 0.505558 0.088674 0.142125
0 0.717732 0.929178 0.092078 0.141644
0 0.676953 0.820009 0.090318 0.178481
0 0.948612 0.882604 0.084479 0.139606
