1 0.477324 0.637044 0.106893 0.133005
0 0.960034 0.493903 0.079932 0.139333
0 0.781012 0.718870 0.087846 0.150120
0 0.164996 0.655113 0.089523 0.156579
0 0.666251 0.393683 0.082789 0.143227
0 0.609368 0.755461 0.081544 0.147032
0 0.773139 0.494884 0.099977 0.154639
0 0.471600 0.857940 0.086982 0.135046
0 0.101781 0.890067 0.086276 0.159773
0 0.029142 0.335676 0.058284 0.139898
0 0.268813 0.672106 0.091078 0.149185
0 0.113497 0.300148 0.087240 0.156287
0 0.453030 0.016556 0.089945 0.033111
0 0.718303 0.964789 0.094404 0.070236
0 0.027440 0.924058 0.054880 0.133949
0 0.159810 0.041062 0.088740 0.081569
0 0.516607 0.184519 0.093667 0.131019
0 0.862111 0.496766 0.101034 0.129088
0 0.652299 0.048481 0.096917 0.096963
0 0.473579 0.742512 0.103841 0.135949
0 0.576237 0.058701 0.088115 0.116838
0 0.813715 0.305016 0.114768 0.142542
0 0.178134 0.886009 0.088992 0.162176
0 0.119426 0.721889 0.087190 0.146093
0 0.374728 0.811153 0.097664 0.157222
0 0.574057 0.569697 0.082870 0.142810
0 0.723818 0.615715 0.083214 0.146597
0 0.575307 0.379769 0.087615 0.145019
0 0.182247 0.265275 0.084271 0.148292
0 0.961747 0.794935 0.076385 0.151444
0 0.935794 0.609986 0.087172 0.144435
0 0.742232 0.374127 0.099339 0.170310
0 0.213005 0.105736 0.084958 0.155000
0 0.090674 0.427106 0.084083 0.144111
0 0.262690 0.299058 0.087948 0.154421
0 0.675794 0.703720 0.084901 0.145523
0 0.678783 0.154699 0.096195 0.155778
0 0.884891 0.885741 0.081724 0.141787
0 0.326079 0.480986 0.086268 0.151278
0 0.044620 0.714118 0.088219 0.139653
0 0.043323 0.825870 0.086328 0.128676
0 0.847449 0.775447 0.101992 0.132866
0 0.385534 0.956484 0.089115 0.086764
0 0.798185 0.134727 0.099828 0.156093
0 0.972195 0.172979 0.055609 0.159773
0 0.793723 0.048731 0.102596 0.097463
0 0.486633 0.510236 0.086005 0.134111
0 0.806828 0.969662 0.098531 0.060676
0 0.045271 0.548053 0.089688 0.156190
0 0.840197 0.189039 0.091299 0.137319
0 0.981396 0.398241 0.037208 0.147056
0 0.440215 0.416546 0.090492 0.127361
0 0.334156 0.724345 0.102026 0.149838
0 0.367510 0.626521 0.096792 0.145912
0 0.503952 0.075005 0.095768 0.149944
0 0.866092 0.373523 0.092253 0.153991
0 0.864941 0.658660 0.091997 0.148949
0 0.602478 0.891838 0.085643 0.145519
0 0.826578 0.583766 0.085797 0.140838
0 0.546716 0.766509 0.076281 0.155074
0 0.255197 0.549796 0.100513 0.151093
0 0.047513 0.104449 0.080073 0.137065
0 0.818312 0.881831 0.083208 0.149014
0 0.757257 0.856729 0.087086 0.158847
0 0.442052 0.294553 0.094849 0.150736
0 0.916951 0.147030 0.085875 0.154829
0 0.277826 0.064495 0.083156 0.128148
0 0.271276 0.417944 0.097292 0.150769
0 0.169260 0.402042 0.090062 0.140407
0 0.233348 0.828884 0.082310 0.137954
0 0.650702 0.545757 0.089060 0.147394
0 0.557444 0.261979 0.094560 0.136681
0 0.338854 0.276137 0.082839 0.134588
0 0.290708 0.927495 0.082417 0.142093
0 0.187099 0.520308 0.081578 0.148403
0 0.532914 0.906206 0.079063 0.156264
0 0.653992 0.274664 0.088969 0.135551
0 0.978337 0.658986 0.043326 0.158231
0 0.945107 0.041935 0.088542 0.083444
0 0.372323 0.016130 0.089083 0.032259
0 0.601952 0.974731 0.097794 0.048917
0 0.148764 0.970931 0.096461 0.058139
0 0.493372 0.967715 0.090089 0.064042
0 0.020447 0.656164 0.040893 0.141940
0 0.235876 0.956722 0.085352 0.086556
0 0.067346 0.022285 0.090609 0.043968
0 0.014145 0.073697 0.028289 0.146310
0 0.889848 0.971426 0.096727 0.057148
0 0.976184 0.918896 0.047633 0.146606
0 0.937469 0.356525 0.094016 0.176032
0 0.011380 0.228771 0.022760 0.136625
0 0.738180 0.027306 0.098208 0.054611
