0 0.985807 0.213781 0.027871 0.084063
0 0.259682 0.027766 0.065934 0.055531
0 0.013465 0.084932 0.026102 0.089552
0 0.158488 0.835372 0.070422 0.088536
0 0.510529 0.021378 0.069105 0.040714
0 0.930592 0.967755 0.069355 0.064490
0 0.114055 0.601951 0.058852 0.101359
0 0.483572 0.211154 0.072598 0.080984
0 0.958900 0.955674 0.070332 0.084516
0 0.043342 0.537388 0.069395 0.078589
0 0.021375 0.514990 0.042500 0.088656
0 0.052139 0.725135 0.067699 0.082073
0 0.489021 0.613484 0.048926 0.073167
0 0.530627 0.550201 0.065887 0.071609
0 0.716986 0.216289 0.060770 0.102547
0 0.983875 0.034596 0.032250 0.065276
0 0.769055 0.750602 0.066461 0.085995
0 0.654033 0.361766 0.054113 0.080219
0 0.727559 0.765833 0.060992 0.081365
0 0.019613 0.655076 0.038766 0.075068
0 0.929303 0.025818 0.070668 0.051292
0 0.832059 0.599294 0.061766 0.080443
0 0.480418 0.485055 0.068047 0.086036
0 0.501932 0.291510 0.090043 0.091167
0 0.849146 0.300135 0.067707 0.108552
0 0.685914 0.427128 0.054766 0.097391
0 0.879598 0.548997 0.062836 0.082453
0 0.883096 0.770117 0.061629 0.115693
0 0.911268 0.895031 0.051262 0.080354
0 0.807338 0.375099 0.068949 0.085281
0 0.056197 0.621745 0.058488 0.080750
0 0.555648 0.861919 0.059797 0.074505
0 0.799693 0.942383 0.069840 0.071099
0 0.512986 0.178758 0.075566 0.080651
0 0.296422 0.254505 0.068555 0.074615
0 0.547146 0.946615 0.060418 0.082656
0 0.543936 0.630776 0.062770 0.086271
0 0.479691 0.384609 0.063516 0.088177
0 0.590400 0.684182 0.059402 0.080760
0 0.627299 0.487776 0.059371 0.081031
0 0.670967 0.189018 0.063652 0.099203
0 0.794441 0.853167 0.075773 0.094937
0 0.565527 0.467083 0.067906 0.083615
0 0.694807 0.292211 0.070535 0.080120
0 0.674465 0.830620 0.069687 0.098719
0 0.189029 0.920021 0.062965 0.077656
0 0.538463 0.096227 0.066770 0.086995
0 0.682086 0.062599 0.062297 0.092656
0 0.369830 0.399385 0.053238 0.089687
0 0.413764 0.343805 0.060730 0.086193
0 0.443871 0.530328 0.068250 0.072531
0 0.737342 0.369497 0.067730 0.100849
0 0.357641 0.188573 0.054133 0.085927
0 0.791121 0.528112 0.073867 0.079755
0 0.959016 0.823443 0.055828 0.076073
0 0.842229 0.456138 0.067668 0.086036
0 0.424312 0.160281 0.064797 0.081448
0 0.386313 0.485799 0.063656 0.078359
0 0.457486 0.696099 0.062105 0.080938
0 0.233395 0.251510 0.052031 0.083323
0 0.895389 0.644396 0.069051 0.093729
0 0.854660 0.892745 0.060500 0.093313
0 0.115379 0.318089 0.061453 0.083896
0 0.355674 0.937419 0.063441 0.087703
0 0.603150 0.271797 0.068801 0.078448
0 0.740924 0.088576 0.058902 0.091068
0 0.664654 0.633206 0.067605 0.098318
0 0.881979 0.215576 0.065590 0.081797
0 0.329252 0.708687 0.062152 0.088969
0 0.610055 0.946414 0.059844 0.087193
0 0.976840 0.126383 0.045781 0.081380
0 0.092592 0.842536 0.061223 0.125458
0 0.085041 0.095953 0.061598 0.080677
0 0.146242 0.491937 0.065156 0.082135
0 0.186945 0.182966 0.064391 0.088516
0 0.858295 0.131839 0.062246 0.087510
0 0.264115 0.532195 0.081715 0.112318
0 0.945402 0.734130 0.069875 0.093177
0 0.135387 0.145115 0.067789 0.106125
0 0.835969 0.694685 0.068352 0.091120
0 0.265475 0.321891 0.061293 0.082667
0 0.777338 0.196810 0.068770 0.088776
0 0.165383 0.750086 0.066617 0.079724
0 0.395631 0.613961 0.066207 0.093245
0 0.153746 0.402422 0.066445 0.094542
0 0.460092 0.784477 0.069652 0.085380
0 0.215125 0.611599 0.063625 0.092156
0 0.450852 0.069802 0.068133 0.085740
0 0.245277 0.698052 0.069023 0.091635
0 0.185385 0.062880 0.061527 0.081312
0 0.033334 0.322286 0.066668 0.103063
0 0.727645 0.671099 0.067867 0.093260
0 0.373535 0.273797 0.068422 0.089594
0 0.060521 0.177318 0.066441 0.095312
0 0.165828 0.659443 0.061695 0.089146
0 0.964580 0.298674 0.068379 0.087422
0 0.284064 0.919883 0.069863 0.098474
0 0.593232 0.039604 0.080316 0.079208
0 0.076590 0.419919 0.073547 0.103099
0 0.556111 0.369260 0.082668 0.112021
0 0.249496 0.423995 0.074734 0.088260
0 0.289740 0.170201 0.069434 0.082401
0 0.965672 0.502852 0.068656 0.108391
0 0.463855 0.880880 0.082117 0.104240
0 0.360525 0.992122 0.071152 0.014516
0 0.650158 0.992242 0.069676 0.013536
0 0.232904 0.013552 0.067684 0.027104
0 0.203926 0.990768 0.070375 0.018464
0 0.462941 0.985977 0.056719 0.028047
0 0.008111 0.741112 0.016223 0.083411
0 0.421301 0.427643 0.045945 0.077818
0 0.021693 0.980547 0.042801 0.038906
0 0.543377 0.766344 0.070152 0.084594
0 0.280830 0.985451 0.064707 0.029099
0 0.055514 0.766943 0.078410 0.077333
0 0.990352 0.792721 0.017719 0.068307
