0 0.235203 0.982569 0.109934 0.034861
0 0.614782 0.696749 0.094664 0.118025
0 0.793113 0.751078 0.089907 0.115427
0 0.426426 0.187958 0.092627 0.126553
0 0.916582 0.216543 0.087276 0.112181
0 0.852747 0.924642 0.090039 0.120334
0 0.502296 0.229928 0.088465 0.121255
0 0.695546 0.730913 0.080837 0.113688
0 0.452940 0.077423 0.090617 0.111883
0 0.511346 0.343812 0.095741 0.120998
0 0.787922 0.862626 0.087149 0.122248
0 0.490334 0.578506 0.085768 0.120869
0 0.381680 0.397045 0.082828 0.110180
0 0.037483 0.186957 0.074456 0.116404
0 0.226287 0.828318 0.090228 0.115093
0 0.115347 0.411299 0.089352 0.122423
0 0.312149 0.855712 0.090471 0.120118
0 0.117552 0.272227 0.091655 0.123992
0 0.955415 0.299072 0.088499 0.121013
0 0.660801 0.946366 0.094217 0.104151
0 0.396640 0.282184 0.078773 0.101991
0 0.342122 0.463068 0.094336 0.129388
0 0.305114 0.553663 0.098275 0.125134
0 0.282220 0.762945 0.088839 0.105643
0 0.815058 0.992415 0.085285 0.015170
0 0.660453 0.849203 0.081964 0.099866
0 0.955839 0.621170 0.088322 0.105952
0 0.863823 0.132420 0.095656 0.121106
0 0.371256 0.916430 0.091539 0.123704
0 0.261861 0.453308 0.077643 0.105792
0 0.184078 0.459699 0.082407 0.138410
0 0.955359 0.514342 0.089282 0.123580
0 0.048872 0.329843 0.092627 0.130993
0 0.955611 0.723356 0.088322 0.117433
0 0.033682 0.540455 0.066917 0.113410
0 0.954919 0.407680 0.089915 0.108765
0 0.186838 0.627536 0.092404 0.132767
0 0.925737 0.046916 0.075147 0.093832
0 0.073077 0.105391 0.080421 0.127788
0 0.114909 0.520558 0.091601 0.122433
0 0.979020 0.854550 0.041960 0.116209
0 0.724292 0.820023 0.078306 0.114758
0 0.845928 0.039339 0.091562 0.078678
0 0.616362 0.795975 0.104961 0.108061
0 0.884886 0.714882 0.070127 0.127058
0 0.255228 0.675365 0.094815 0.121955
0 0.513538 0.032932 0.087253 0.065864
0 0.908181 0.970944 0.091902 0.058112
0 0.592965 0.032351 0.084178 0.064043
0 0.981244 0.963472 0.037512 0.073056
0 0.050029 0.446577 0.087025 0.117052
0 0.021454 0.074756 0.042492 0.113719
0 0.503503 0.476273 0.095409 0.118030
0 0.759911 0.027932 0.077948 0.055864
0 0.225133 0.929545 0.089441 0.099810
0 0.982377 0.031487 0.034900 0.062037
0 0.986900 0.111093 0.026177 0.117042
1 0.406073 0.557742 0.101327 0.143837
0 0.315461 0.013920 0.093970 0.027685
0 0.010843 0.392737 0.021617 0.124167
0 0.741514 0.967418 0.081856 0.065165
0 0.616894 0.985692 0.093125 0.028277
0 0.377297 0.984866 0.099495 0.028796
