0 0.040055 0.636409 0.080109 0.096193
0 0.030551 0.721810 0.061102 0.098568
0 0.846459 0.516281 0.072840 0.096792
0 0.509381 0.388497 0.064723 0.084661
0 0.130777 0.856654 0.079703 0.095276
0 0.355199 0.246531 0.059195 0.080875
0 0.136742 0.197224 0.072102 0.095198
0 0.560629 0.636971 0.071594 0.097755
0 0.897543 0.724536 0.060063 0.111781
0 0.358090 0.879831 0.069344 0.096484
0 0.265949 0.318924 0.077625 0.096401
0 0.842053 0.764651 0.075168 0.110250
0 0.711236 0.062586 0.060230 0.096870
0 0.143516 0.985604 0.066164 0.028792
0 0.697463 0.985187 0.080473 0.029625
0 0.189977 0.113464 0.081578 0.098042
0 0.131711 0.583773 0.066781 0.110682
0 0.866074 0.175732 0.052945 0.111547
0 0.549687 0.888245 0.075695 0.099260
0 0.686730 0.390576 0.072469 0.089099
0 0.192645 0.768464 0.072250 0.092906
0 0.426721 0.945419 0.062746 0.101057
0 0.234260 0.869786 0.080207 0.105667
0 0.831813 0.280846 0.076031 0.102734
0 0.344922 0.728232 0.071195 0.101859
0 0.775494 0.722255 0.064043 0.118219
0 0.792359 0.057312 0.087914 0.087458
0 0.552980 0.326352 0.068703 0.095245
0 0.806568 0.367935 0.074785 0.088672
0 0.306600 0.455362 0.070910 0.093630
0 0.817779 0.210062 0.069918 0.090896
0 0.301875 0.673255 0.081320 0.089302
0 0.092430 0.928917 0.071063 0.100979
0 0.078744 0.166057 0.069949 0.104677
0 0.756021 0.214977 0.066520 0.104964
0 0.993393 0.314458 0.011012 0.091833
1 0.092307 0.799404 0.073230 0.094339
1 0.902842 0.283935 0.076934 0.096630
0 0.989178 0.980909 0.021645 0.038182
1 0.548326 0.803531 0.077621 0.095583
0 0.736691 0.141052 0.072813 0.101729
0 0.056797 0.496802 0.087609 0.099083
0 0.716381 0.468672 0.067738 0.098094
0 0.273969 0.510240 0.076414 0.102146
1 0.718771 0.665049 0.069238 0.092870
0 0.816676 0.893945 0.077984 0.086328
0 0.241564 0.407362 0.069816 0.101703
0 0.501051 0.142940 0.077289 0.096005
0 0.308166 0.371146 0.084035 0.091479
0 0.133682 0.720745 0.068973 0.102365
0 0.433205 0.105365 0.069480 0.087458
0 0.225297 0.176086 0.088406 0.091443
0 0.867936 0.081411 0.059691 0.081167
0 0.906199 0.362039 0.071172 0.076036
0 0.078090 0.320956 0.070133 0.092391
0 0.272752 0.770018 0.067152 0.095682
0 0.887277 0.572227 0.060672 0.085536
0 0.638432 0.682312 0.075434 0.088250
0 0.789592 0.960359 0.060793 0.079281
0 0.193865 0.562682 0.070887 0.102208
0 0.468574 0.310789 0.075875 0.102516
0 0.201420 0.643570 0.079965 0.087359
0 0.025727 0.292604 0.049453 0.094250
0 0.967732 0.347792 0.064535 0.107958
0 0.489957 0.927443 0.064305 0.095292
0 0.579580 0.245214 0.073441 0.094958
0 0.692918 0.556297 0.065703 0.092302
0 0.171268 0.413706 0.091066 0.127495
0 0.790266 0.824961 0.082789 0.107203
0 0.240990 0.953836 0.075504 0.092328
0 0.069676 0.412414 0.076531 0.087964
0 0.568180 0.061070 0.077164 0.096849
0 0.609525 0.391013 0.072973 0.095370
0 0.917932 0.909133 0.068199 0.100484
0 0.493480 0.221130 0.070492 0.089417
0 0.303541 0.943284 0.060738 0.099234
0 0.954057 0.711911 0.067613 0.108240
0 0.722287 0.923578 0.082676 0.091198
0 0.945736 0.424727 0.070129 0.098807
0 0.390539 0.573258 0.069570 0.107786
0 0.756396 0.527552 0.072355 0.102083
0 0.530494 0.472143 0.088574 0.095839
0 0.633572 0.804831 0.074871 0.095474
0 0.470738 0.624456 0.071195 0.103089
0 0.520762 0.722773 0.071453 0.102005
0 0.295545 0.238911 0.071363 0.091104
0 0.692992 0.738539 0.073844 0.086307
0 0.949693 0.511156 0.081395 0.087844
0 0.843633 0.427307 0.076617 0.089188
0 0.926469 0.144563 0.081477 0.096208
0 0.392951 0.771469 0.071277 0.111812
0 0.433154 0.848794 0.070277 0.093641
0 0.631701 0.575289 0.069535 0.099839
0 0.310863 0.590190 0.088164 0.103953
0 0.032676 0.891607 0.065352 0.101411
0 0.805006 0.135208 0.075223 0.099865
0 0.652885 0.883687 0.066801 0.086104
0 0.597895 0.933305 0.080602 0.119766
0 0.367021 0.970128 0.074480 0.059745
0 0.561912 0.172990 0.068559 0.112927
0 0.223367 0.253893 0.078859 0.090786
0 0.023648 0.554380 0.047297 0.093500
0 0.237443 0.699615 0.069660 0.094531
0 0.984311 0.545169 0.031379 0.136755
0 0.459812 0.765526 0.070039 0.091854
0 0.137664 0.052201 0.081391 0.089828
0 0.310793 0.155339 0.069641 0.093781
0 0.648102 0.482852 0.062297 0.098651
0 0.024012 0.181852 0.046172 0.099995
0 0.848713 0.975148 0.070215 0.049703
0 0.114537 0.467862 0.070941 0.097724
0 0.925547 0.629120 0.083188 0.086958
0 0.977152 0.239742 0.045211 0.101380
0 0.016586 0.825776 0.033109 0.103813
0 0.377004 0.168010 0.074648 0.097969
0 0.851812 0.669013 0.067789 0.109682
0 0.955937 0.966953 0.064867 0.066094
0 0.120750 0.124656 0.073938 0.082385
0 0.960701 0.822987 0.071379 0.123911
0 0.651107 0.065151 0.073566 0.093250
0 0.505025 0.530018 0.079426 0.090464
0 0.727262 0.816844 0.062016 0.092479
0 0.639262 0.974914 0.063359 0.050172
0 0.987154 0.865701 0.024684 0.126953
