1 0.245054 0.463187 0.103094 0.124295
0 0.484518 0.714771 0.091289 0.120777
1 0.452573 0.440604 0.088681 0.117989
1 0.609186 0.048266 0.087145 0.096533
1 0.315436 0.752906 0.093279 0.122325
1 0.560278 0.637441 0.100756 0.136096
1 0.391865 0.694401 0.091053 0.143081
1 0.671404 0.505797 0.096042 0.123179
1 0.902623 0.675656 0.082747 0.108575
1 0.332901 0.350193 0.086520 0.119326
1 0.907448 0.972379 0.091223 0.055242
0 0.149632 0.912415 0.098113 0.130026
0 0.239082 0.612490 0.085108 0.121574
0 0.123478 0.695347 0.084448 0.108873
0 0.156335 0.552973 0.090247 0.128138
0 0.077253 0.493886 0.091883 0.120684
0 0.549375 0.506350 0.089707 0.127104
0 0.312230 0.564342 0.084900 0.118189
0 0.444693 0.554195 0.091701 0.114974
0 0.333455 0.229925 0.088113 0.119501
0 0.805519 0.055705 0.086377 0.111389
0 0.066466 0.182135 0.087029 0.116811
0 0.315382 0.106373 0.084360 0.108652
0 0.405760 0.893825 0.090918 0.114038
0 0.231269 0.730599 0.087091 0.111157
0 0.218382 0.098742 0.089695 0.120581
0 0.232425 0.351448 0.082604 0.103987
0 0.223725 0.876139 0.083592 0.126312
0 0.524448 0.087042 0.093002 0.125175
0 0.860633 0.138017 0.087577 0.119614
0 0.584909 0.866307 0.099919 0.125833
0 0.433659 0.043290 0.089587 0.086579
0 0.819124 0.718071 0.089838 0.120422
0 0.716200 0.222063 0.085077 0.113416
0 0.087683 0.375712 0.093268 0.118740
0 0.293976 0.856615 0.072049 0.106770
0 0.062658 0.814892 0.095795 0.120051
0 0.679784 0.717724 0.103272 0.119769
0 0.970285 0.386253 0.059429 0.098987
0 0.970745 0.949347 0.058511 0.101307
0 0.858056 0.345113 0.085571 0.118097
0 0.769880 0.601803 0.090895 0.122886
0 0.145910 0.143403 0.082099 0.104378
0 0.122946 0.273544 0.082789 0.107047
0 0.719149 0.042338 0.084718 0.084676
0 0.501397 0.207924 0.092160 0.117032
0 0.807365 0.242022 0.093248 0.125586
0 0.934585 0.080314 0.073924 0.090288
0 0.624755 0.194208 0.097419 0.128971
0 0.877124 0.835615 0.086624 0.113781
0 0.701775 0.854884 0.081242 0.113318
0 0.839510 0.527284 0.099012 0.125226
0 0.026680 0.579030 0.053306 0.092536
0 0.681264 0.612842 0.084302 0.095921
0 0.626850 0.317518 0.089726 0.114223
0 0.031736 0.042598 0.063472 0.085144
0 0.096140 0.039426 0.086269 0.078853
0 0.493540 0.842104 0.087010 0.112315
0 0.969578 0.490100 0.060845 0.112989
0 0.616858 0.785370 0.077975 0.107449
0 0.727029 0.955327 0.093781 0.089203
0 0.940162 0.297153 0.087978 0.107402
0 0.788929 0.906929 0.085158 0.112593
0 0.521184 0.390476 0.079043 0.110314
0 0.548686 0.947819 0.092751 0.101255
0 0.493964 0.322554 0.094973 0.112670
0 0.925903 0.199223 0.084375 0.104990
0 0.793474 0.433282 0.085799 0.107850
0 0.978679 0.138871 0.042643 0.110180
0 0.237998 0.248202 0.081304 0.097546
0 0.015446 0.305077 0.030891 0.115442
0 0.920930 0.557636 0.077631 0.102402
0 0.422475 0.975049 0.081825 0.049902
0 0.212903 0.976191 0.093407 0.047618
0 0.751339 0.334038 0.081042 0.108014
0 0.353862 0.019084 0.087199 0.038169
0 0.014832 0.465751 0.029502 0.110586
0 0.942859 0.014578 0.079483 0.029156
0 0.070741 0.978637 0.088789 0.042346
0 0.008495 0.189365 0.016790 0.109172
0 0.332151 0.982850 0.092496 0.034300
0 0.237897 0.010602 0.089444 0.021204
0 0.536015 0.009694 0.084861 0.019388
0 0.013169 0.976440 0.026046 0.047119
0 0.506323 0.985718 0.083789 0.028565
0 0.005112 0.659012 0.010224 0.129074
0 0.995619 0.294506 0.008762 0.104084
