0 0.082217 0.200627 0.083529 0.193329
0 0.697441 0.752562 0.089555 0.166394
0 0.437289 0.309350 0.087734 0.174162
0 0.794141 0.475972 0.078458 0.152731
0 0.699759 0.461549 0.081555 0.150995
0 0.359079 0.232025 0.086357 0.161310
0 0.626961 0.506650 0.081302 0.155819
0 0.668118 0.316611 0.087924 0.136009
0 0.035294 0.534637 0.069781 0.143829
0 0.809661 0.670632 0.077875 0.154458
0 0.144415 0.834977 0.074180 0.140546
0 0.672083 0.610435 0.087625 0.155352
0 0.782706 0.939250 0.081693 0.119935
0 0.285770 0.273245 0.077878 0.162231
0 0.770096 0.330870 0.084880 0.147130
0 0.938395 0.508444 0.082497 0.134667
0 0.882749 0.597197 0.085294 0.137236
0 0.671219 0.892981 0.085990 0.153380
0 0.376846 0.370743 0.073349 0.151144
0 0.753145 0.627391 0.084237 0.157986
0 0.783227 0.192762 0.077724 0.141940
0 0.777803 0.811808 0.089060 0.142134
0 0.558730 0.426234 0.070102 0.178801
0 0.285964 0.945667 0.069693 0.103694
0 0.944107 0.250963 0.080609 0.211037
0 0.222996 0.228542 0.072242 0.195806
0 0.099723 0.752431 0.065310 0.127185
0 0.668889 0.070285 0.071888 0.137968
0 0.153191 0.244315 0.079810 0.157824
0 0.178875 0.717935 0.088245 0.170861
0 0.151324 0.098187 0.082706 0.149440
0 0.161098 0.558157 0.078383 0.157630
0 0.840749 0.251410 0.066555 0.204495
0 0.180296 0.929787 0.076888 0.140426
0 0.127294 0.377389 0.082557 0.163398
0 0.736910 0.056356 0.081201 0.111120
0 0.028169 0.286928 0.056339 0.159208
0 0.895553 0.409324 0.095701 0.160454
0 0.172082 0.419134 0.094862 0.146796
0 0.313715 0.385111 0.068169 0.185593
0 0.045216 0.786222 0.090229 0.154769
0 0.794542 0.077843 0.096625 0.155685
0 0.619612 0.960014 0.076760 0.078074
0 0.054965 0.373113 0.078383 0.173903
0 0.040999 0.681861 0.081487 0.158852
0 0.114247 0.963560 0.061370 0.072880
0 0.971039 0.415683 0.057370 0.136671
0 0.050380 0.919512 0.078250 0.152042
0 0.985746 0.328822 0.027529 0.124329
0 0.990467 0.509264 0.019065 0.145667
0 0.701678 0.958970 0.088154 0.082060
0 0.007617 0.911808 0.015234 0.134431
0 0.015721 0.134637 0.029547 0.162847
1 0.495690 0.382530 0.079854 0.172634
