0 0.163293 0.545625 0.081602 0.143861
0 0.827517 0.846375 0.090456 0.151000
0 0.704848 0.794257 0.088055 0.155319
0 0.319198 0.501465 0.081755 0.135403
0 0.344046 0.980646 0.086799 0.036949
1 0.239395 0.023000 0.080643 0.045435
1 0.442307 0.196831 0.070896 0.123532
0 0.625921 0.975461 0.085102 0.046727
1 0.325221 0.031715 0.083620 0.061958
0 0.961957 0.627461 0.075112 0.145236
1 0.879651 0.331169 0.091323 0.174458
1 0.855898 0.508363 0.089229 0.162477
1 0.165542 0.871690 0.077026 0.144176
0 0.989354 0.065919 0.021167 0.127606
1 0.309234 0.722593 0.086365 0.152463
0 0.987665 0.887403 0.024549 0.165333
0 0.012271 0.124486 0.024385 0.148509
0 0.188827 0.970359 0.080289 0.058264
1 0.648724 0.507868 0.080500 0.141069
1 0.053676 0.709150 0.080227 0.145144
1 0.136680 0.676766 0.080245 0.136523
1 0.672473 0.063382 0.087440 0.123921
1 0.762607 0.229574 0.078307 0.126630
0 0.016917 0.941986 0.033833 0.114389
1 0.861840 0.065387 0.080560 0.128412
0 0.751150 0.964854 0.084143 0.068931
0 0.019984 0.813081 0.039958 0.129940
1 0.245057 0.644215 0.086479 0.144773
1 0.033018 0.508414 0.065776 0.140921
0 0.594547 0.053903 0.081927 0.107269
0 0.513939 0.047537 0.077565 0.093370
0 0.268711 0.959641 0.078771 0.080162
0 0.939241 0.049366 0.083492 0.096935
0 0.339861 0.264921 0.073826 0.135537
0 0.268339 0.216738 0.084073 0.144060
0 0.275790 0.086752 0.072466 0.111486
0 0.264245 0.386458 0.096786 0.134222
0 0.940434 0.154062 0.071758 0.113116
0 0.419570 0.341780 0.075250 0.140690
0 0.969113 0.250160 0.061773 0.129153
0 0.465617 0.454417 0.085328 0.137259
0 0.416102 0.944961 0.082719 0.109116
0 0.234319 0.500264 0.081378 0.132407
0 0.973852 0.487924 0.052245 0.146088
0 0.887944 0.942171 0.085727 0.114954
0 0.033663 0.322877 0.067326 0.117171
0 0.775947 0.721769 0.083253 0.152667
0 0.620384 0.875387 0.078060 0.146236
0 0.104697 0.061907 0.088305 0.123296
0 0.673953 0.183377 0.077964 0.130032
0 0.478945 0.867815 0.080682 0.165481
0 0.051116 0.199924 0.078003 0.131106
0 0.507370 0.581146 0.078505 0.130569
0 0.799730 0.406491 0.080258 0.146194
0 0.441224 0.069266 0.078578 0.129569
0 0.938645 0.826125 0.084888 0.155472
0 0.428543 0.577097 0.081440 0.137130
0 0.079095 0.886058 0.081560 0.140134
0 0.717333 0.341435 0.076698 0.131250
0 0.603967 0.711512 0.085706 0.133181
0 0.089928 0.392632 0.083372 0.150338
0 0.754392 0.569306 0.084727 0.137954
0 0.513052 0.722419 0.089396 0.148995
0 0.312563 0.868472 0.089844 0.141694
