0 0.333245 0.350648 0.096406 0.160333
0 0.401846 0.179102 0.099359 0.166741
0 0.836021 0.066019 0.094823 0.130222
0 0.577820 0.107838 0.101078 0.169546
0 0.296164 0.881829 0.095911 0.166583
0 0.128076 0.713954 0.085839 0.132352
0 0.920544 0.227398 0.104901 0.190630
0 0.694211 0.859500 0.094234 0.153870
0 0.228203 0.470537 0.105292 0.153444
0 0.802073 0.565282 0.095167 0.161620
0 0.544023 0.411861 0.089995 0.173667
0 0.258924 0.573745 0.106339 0.174194
0 0.612971 0.696282 0.103234 0.136102
0 0.782286 0.938204 0.101323 0.118444
0 0.709529 0.202537 0.095880 0.156222
0 0.193214 0.946694 0.100469 0.106611
0 0.678630 0.776190 0.098875 0.149694
0 0.408552 0.292250 0.090271 0.168778
0 0.768591 0.052333 0.093068 0.104204
0 0.980646 0.545694 0.038667 0.153537
0 0.940385 0.940634 0.093052 0.116602
0 0.043896 0.313551 0.087792 0.167120
0 0.339396 0.924509 0.090875 0.143981
0 0.950583 0.140764 0.096198 0.158769
0 0.016490 0.198421 0.032979 0.155287
0 0.108523 0.790176 0.089328 0.153722
0 0.316469 0.206597 0.097969 0.162713
0 0.338620 0.043829 0.096177 0.086917
0 0.029492 0.057384 0.058984 0.114657
0 0.479539 0.968662 0.135797 0.062676
0 0.655495 0.964032 0.115687 0.071343
0 0.007664 0.379620 0.015328 0.175093
0 0.981690 0.811449 0.036620 0.168731
0 0.206453 0.043565 0.096427 0.084278
0 0.006987 0.860569 0.013974 0.137824
0 0.933438 0.037444 0.102865 0.071241
0 0.100693 0.160153 0.097573 0.159750
0 0.241542 0.729602 0.099698 0.168796
0 0.891596 0.774213 0.100557 0.182759
0 0.839878 0.270778 0.093786 0.156037
0 0.807857 0.821894 0.085901 0.159861
0 0.955914 0.369778 0.088172 0.157185
1 0.450677 0.863676 0.110740 0.190778
0 0.718719 0.503116 0.100250 0.162472
0 0.506211 0.558005 0.096568 0.166046
0 0.620031 0.444560 0.093229 0.171046
0 0.910596 0.491944 0.108891 0.156222
0 0.764669 0.178606 0.092578 0.163250
0 0.840443 0.427384 0.095635 0.171102
0 0.468250 0.331495 0.102312 0.177861
0 0.491490 0.706736 0.104062 0.162972
0 0.171135 0.571690 0.092437 0.163806
0 0.366474 0.788968 0.098125 0.163769
0 0.106760 0.936917 0.094604 0.119722
0 0.765927 0.701685 0.101740 0.154778
0 0.111477 0.463134 0.098672 0.149509
0 0.536224 0.844421 0.095010 0.162398
0 0.687466 0.639764 0.086474 0.147565
0 0.183013 0.828366 0.088536 0.151602
0 0.165779 0.261537 0.098339 0.169333
0 0.649984 0.288704 0.100208 0.187111
0 0.962393 0.674523 0.075214 0.165046
0 0.090776 0.330069 0.091115 0.152046
0 0.429138 0.478486 0.096318 0.165861
0 0.681362 0.071514 0.094661 0.140787
0 0.233760 0.354157 0.100698 0.159444
0 0.465539 0.067329 0.098859 0.131398
0 0.268831 0.095912 0.093380 0.165583
0 0.567167 0.323991 0.102510 0.143167
