0 0.203445 0.959370 0.080510 0.081259
0 0.920201 0.756808 0.085297 0.139940
0 0.238897 0.712366 0.094372 0.138861
0 0.386250 0.869188 0.080104 0.147060
0 0.245036 0.461468 0.085036 0.148815
0 0.459346 0.498810 0.086552 0.139352
0 0.879191 0.665720 0.078456 0.156134
0 0.691844 0.861042 0.084005 0.127926
0 0.911677 0.459063 0.087797 0.144338
0 0.956811 0.653900 0.085945 0.134190
0 0.751443 0.432067 0.078573 0.155125
0 0.187872 0.366426 0.076854 0.126194
0 0.711250 0.743532 0.080411 0.132407
0 0.261553 0.602363 0.078638 0.134736
0 0.054234 0.853637 0.083453 0.145838
0 0.595279 0.301347 0.081089 0.154500
0 0.181344 0.188359 0.085031 0.151069
0 0.453007 0.122794 0.079362 0.141292
0 0.055895 0.358565 0.082388 0.143843
0 0.541046 0.488583 0.079773 0.154361
0 0.953260 0.332303 0.093479 0.145921
0 0.570654 0.089007 0.090422 0.165051
0 0.570108 0.837137 0.075643 0.135005
0 0.457576 0.695222 0.074641 0.150120
0 0.353180 0.714148 0.077995 0.137148
0 0.666853 0.603875 0.081122 0.139481
0 0.523280 0.238461 0.088497 0.160495
0 0.351835 0.511750 0.085445 0.148454
0 0.827193 0.482875 0.088594 0.147241
0 0.033353 0.531852 0.066706 0.150731
0 0.554215 0.650755 0.084456 0.144935
0 0.638540 0.715435 0.078680 0.136954
0 0.699082 0.343829 0.082659 0.134926
0 0.602721 0.556292 0.079427 0.135852
0 0.753320 0.631407 0.081016 0.147843
0 0.688250 0.084481 0.084156 0.151806
0 0.879785 0.128894 0.090971 0.161417
0 0.396122 0.618088 0.074396 0.126019
0 0.641009 0.193618 0.080029 0.136125
0 0.764156 0.224787 0.082958 0.147481
0 0.991445 0.770708 0.017109 0.141278
0 0.994443 0.528505 0.010797 0.157037
0 0.302871 0.989118 0.079273 0.021745
0 0.139697 0.725005 0.079997 0.130574
0 0.865324 0.963019 0.075138 0.068713
0 0.505777 0.966319 0.106961 0.067361
0 0.390441 0.023859 0.081107 0.047718
1 0.301956 0.796676 0.070068 0.120741
0 0.904102 0.020993 0.082104 0.041245
0 0.009641 0.931688 0.019182 0.129069
0 0.709428 0.972655 0.080440 0.053653
0 0.393423 0.972481 0.078221 0.053370
0 0.327402 0.039836 0.068148 0.078069
0 0.111495 0.965831 0.076802 0.068338
0 0.019091 0.050519 0.038182 0.099750
0 0.903996 0.250794 0.092513 0.132588
0 0.293172 0.345907 0.072990 0.135269
0 0.194991 0.822442 0.085951 0.144264
0 0.815099 0.866197 0.073172 0.159329
0 0.437887 0.249444 0.086289 0.135806
0 0.143885 0.473697 0.079437 0.140273
0 0.260315 0.907218 0.087943 0.162185
0 0.259965 0.157609 0.090326 0.162690
0 0.232570 0.269951 0.074953 0.122218
0 0.081716 0.229574 0.088516 0.140704
0 0.133960 0.299072 0.076982 0.147736
0 0.138329 0.881167 0.089987 0.171287
0 0.172789 0.606361 0.100099 0.143463
0 0.455585 0.375410 0.095086 0.134514
0 0.679168 0.484762 0.092534 0.153079
0 0.381533 0.123352 0.082357 0.161361
0 0.944165 0.531336 0.101576 0.159088
0 0.107047 0.118738 0.081271 0.131912
0 0.973542 0.887618 0.052917 0.148356
0 0.021999 0.717620 0.043690 0.141852
0 0.753197 0.885924 0.076940 0.181505
0 0.895928 0.861512 0.099633 0.140023
0 0.019777 0.184924 0.039555 0.172486
0 0.157775 0.047933 0.093237 0.095866
0 0.813635 0.674653 0.068953 0.182935
0 0.517242 0.892229 0.101198 0.150477
0 0.936044 0.958766 0.080781 0.081042
0 0.974865 0.046062 0.050271 0.090208
0 0.254637 0.042331 0.083680 0.084662
0 0.065483 0.062350 0.064857 0.123255
0 0.644594 0.942590 0.078583 0.114819
0 0.339056 0.204843 0.079810 0.147639
0 0.618960 0.876660 0.065997 0.167560
0 0.040697 0.958183 0.072737 0.080375
