1 0.316754 0.641375 0.088753 0.150324
0 0.127560 0.022711 0.082880 0.045421
0 0.664777 0.017699 0.083378 0.034944
1 0.409590 0.849475 0.083409 0.157921
0 0.042704 0.021991 0.084341 0.043981
0 0.288932 0.019491 0.085224 0.038028
0 0.475441 0.599079 0.110883 0.158565
0 0.944353 0.843928 0.090398 0.160051
0 0.786100 0.905759 0.085690 0.157500
0 0.665322 0.852266 0.082977 0.173477
0 0.601757 0.749079 0.088789 0.161194
0 0.855703 0.836275 0.089901 0.154292
0 0.354167 0.760465 0.093641 0.163347
0 0.794790 0.716530 0.088091 0.162060
0 0.537694 0.827502 0.085180 0.143958
0 0.528590 0.686789 0.091044 0.159208
0 0.525408 0.279863 0.082747 0.156773
0 0.570911 0.932218 0.089818 0.135176
0 0.395393 0.441130 0.090745 0.156241
0 0.540738 0.527368 0.073622 0.139495
0 0.577961 0.371461 0.082865 0.157208
0 0.477124 0.468819 0.086211 0.146500
0 0.264053 0.737509 0.086758 0.151343
0 0.735686 0.784593 0.092753 0.164278
0 0.189178 0.940940 0.086711 0.118120
0 0.448521 0.327356 0.087484 0.175139
0 0.611799 0.611278 0.084193 0.151157
0 0.231340 0.855289 0.085352 0.141069
0 0.963544 0.944928 0.072552 0.108412
0 0.860738 0.950354 0.103034 0.097449
0 0.334191 0.149414 0.082003 0.141153
0 0.577034 0.164264 0.096667 0.157722
0 0.604193 0.057236 0.095714 0.113380
0 0.331229 0.508687 0.082073 0.141051
0 0.464983 0.806593 0.086122 0.176333
0 0.210747 0.047292 0.087990 0.094583
0 0.358049 0.056426 0.089104 0.111713
0 0.109928 0.962884 0.086529 0.074231
0 0.985206 0.761850 0.029589 0.156745
0 0.421669 0.027058 0.090203 0.052727
