0 0.276993 0.944806 0.091737 0.110389
0 0.018297 0.973287 0.033719 0.048519
0 0.006513 0.658243 0.013026 0.142986
0 0.496490 0.973463 0.077437 0.048278
1 0.179017 0.152995 0.086779 0.155139
0 0.284784 0.051213 0.073932 0.102426
0 0.317027 0.645523 0.083664 0.205167
0 0.451273 0.638958 0.088255 0.159380
1 0.781880 0.185394 0.083438 0.146370
0 0.992397 0.702620 0.015044 0.144509
0 0.012911 0.080963 0.025823 0.146648
0 0.306822 0.885979 0.085419 0.144875
0 0.572142 0.969498 0.084539 0.060708
0 0.991859 0.490336 0.016255 0.146255
0 0.191952 0.582725 0.086497 0.172236
0 0.184018 0.016877 0.075193 0.033477
0 0.988549 0.952419 0.022354 0.095162
0 0.015391 0.418949 0.030781 0.135972
0 0.087290 0.962424 0.101372 0.075153
0 0.153599 0.740681 0.076865 0.121000
0 0.649029 0.966859 0.081151 0.066282
0 0.695943 0.021822 0.092844 0.042745
0 0.044358 0.602394 0.088716 0.150185
0 0.235042 0.060171 0.081406 0.118241
0 0.051921 0.358484 0.086680 0.151199
0 0.939605 0.171044 0.098081 0.145125
0 0.866595 0.153935 0.083029 0.135250
0 0.035826 0.499273 0.071464 0.141824
0 0.624497 0.607604 0.080047 0.131597
0 0.464421 0.210796 0.083086 0.132111
0 0.101605 0.160310 0.084695 0.147694
0 0.366956 0.292079 0.083359 0.162167
0 0.518988 0.418586 0.085362 0.151329
0 0.422533 0.461280 0.082253 0.147245
0 0.677594 0.331134 0.091734 0.146731
0 0.608212 0.883787 0.079466 0.150954
0 0.125777 0.293324 0.078680 0.135093
0 0.875806 0.439192 0.087669 0.139810
0 0.682615 0.593819 0.083714 0.149639
0 0.147413 0.386632 0.091831 0.159060
0 0.302227 0.703435 0.087276 0.149991
0 0.532014 0.889738 0.086049 0.157245
0 0.154685 0.862611 0.074609 0.156769
0 0.228292 0.389280 0.083927 0.152319
0 0.712562 0.469875 0.084214 0.157093
0 0.901167 0.772387 0.077490 0.134792
0 0.594212 0.489845 0.090508 0.136069
0 0.838725 0.574778 0.081414 0.149120
0 0.688874 0.226058 0.083445 0.139366
0 0.534891 0.060488 0.091719 0.120977
0 0.027049 0.200590 0.053510 0.145245
0 0.331904 0.587229 0.083167 0.136958
0 0.782133 0.424171 0.086599 0.139380
0 0.662368 0.809076 0.073789 0.132644
0 0.936073 0.926373 0.084370 0.145375
0 0.302462 0.365206 0.087794 0.165931
0 0.030484 0.862181 0.060969 0.153296
0 0.965948 0.257282 0.068068 0.137380
0 0.736719 0.668146 0.083656 0.155005
0 0.555565 0.613780 0.075458 0.153912
0 0.868852 0.937435 0.085307 0.122556
0 0.514602 0.289148 0.077964 0.129907
0 0.817266 0.708609 0.093646 0.139477
0 0.602443 0.176576 0.074083 0.143079
0 0.457081 0.333433 0.085443 0.138755
0 0.720794 0.098812 0.087833 0.152542
0 0.960833 0.812509 0.078333 0.147981
0 0.432126 0.730537 0.083685 0.137861
0 0.292533 0.229947 0.079383 0.143884
0 0.889352 0.655431 0.079755 0.144028
0 0.312417 0.496549 0.099573 0.137894
0 0.780596 0.550368 0.097089 0.145458
0 0.387072 0.128921 0.079581 0.153954
0 0.100046 0.887185 0.086841 0.134565
0 0.663047 0.101468 0.082625 0.148676
0 0.792563 0.306778 0.096297 0.154019
0 0.502439 0.685185 0.076159 0.156296
0 0.049451 0.067199 0.091422 0.134398
0 0.379723 0.928965 0.069393 0.140431
0 0.314086 0.106900 0.085583 0.148903
0 0.611333 0.694113 0.086599 0.149458
0 0.227077 0.870889 0.082492 0.149398
0 0.222965 0.242104 0.099523 0.154995
0 0.516556 0.557370 0.073924 0.137639
0 0.363021 0.065502 0.080802 0.131005
0 0.542969 0.176637 0.084370 0.141847
0 0.433076 0.851451 0.086891 0.126273
0 0.469062 0.127801 0.097703 0.140676
0 0.272689 0.805150 0.084279 0.137282
0 0.972639 0.372521 0.054445 0.150097
0 0.857829 0.243657 0.089711 0.150769
0 0.931841 0.073671 0.102042 0.141981
0 0.905497 0.302331 0.077281 0.149144
0 0.449230 0.929407 0.083951 0.141185
0 0.960697 0.619174 0.077826 0.147597
0 0.981464 0.045563 0.035786 0.091125
