0 0.780366 0.546847 0.082070 0.144870
0 0.962940 0.520970 0.073635 0.143671
0 0.959616 0.687609 0.080096 0.149931
0 0.682737 0.247819 0.089484 0.153954
0 0.445888 0.101734 0.087745 0.145245
0 0.839440 0.375088 0.081750 0.149611
0 0.908581 0.791347 0.082911 0.137648
0 0.965840 0.123329 0.068320 0.148778
0 0.353642 0.116590 0.078471 0.143394
0 0.882120 0.550764 0.077526 0.142241
0 0.474867 0.225727 0.088109 0.141815
0 0.751927 0.316697 0.083703 0.142921
0 0.079493 0.069370 0.083070 0.138343
0 0.271221 0.069021 0.082365 0.133653
0 0.915862 0.402690 0.078578 0.153630
0 0.820822 0.934162 0.088836 0.131676
0 0.396267 0.216046 0.071919 0.121676
0 0.320241 0.307294 0.089294 0.141236
0 0.586728 0.106940 0.080831 0.146380
0 0.731794 0.698623 0.087120 0.141051
0 0.461431 0.425912 0.089201 0.131028
0 0.428658 0.571984 0.081664 0.139375
0 0.708249 0.824606 0.088529 0.163333
0 0.936690 0.912977 0.090401 0.156806
0 0.132809 0.167164 0.086617 0.147921
0 0.147116 0.305479 0.078383 0.134449
0 0.806889 0.761759 0.070003 0.160731
0 0.494141 0.743229 0.084521 0.147449
0 0.535275 0.500387 0.091685 0.163745
0 0.526116 0.333428 0.086898 0.151255
0 0.679378 0.636245 0.082266 0.133352
0 0.625453 0.815880 0.081490 0.168528
0 0.525734 0.064007 0.081901 0.126718
0 0.033438 0.455125 0.066875 0.154120
0 0.555824 0.780866 0.070315 0.127926
0 0.567793 0.914646 0.077888 0.143014
0 0.849512 0.658301 0.088612 0.128574
0 0.992862 0.021715 0.014276 0.043431
0 0.005549 0.771669 0.011099 0.141097
1 0.583428 0.651299 0.121190 0.155727
0 0.990263 0.860407 0.019474 0.147019
0 0.310582 0.977692 0.078362 0.044616
0 0.016163 0.062125 0.032326 0.122019
0 0.088820 0.961917 0.086135 0.075657
0 0.715286 0.962942 0.088990 0.073542
0 0.700509 0.064488 0.083836 0.126755
0 0.799645 0.040900 0.075810 0.079366
0 0.086680 0.837532 0.086583 0.145954
0 0.029221 0.642926 0.058099 0.160306
0 0.733896 0.133808 0.102224 0.132931
0 0.718712 0.494928 0.099190 0.165171
0 0.176414 0.041822 0.075875 0.083347
0 0.221728 0.798875 0.098716 0.138602
0 0.308490 0.893975 0.090089 0.133708
0 0.232335 0.538148 0.088492 0.127111
0 0.505190 0.618870 0.095802 0.134296
0 0.222897 0.935741 0.092117 0.127074
0 0.634831 0.949660 0.078052 0.100681
0 0.488003 0.906731 0.079630 0.137824
0 0.239604 0.410012 0.092839 0.137292
0 0.135643 0.687470 0.088151 0.151995
0 0.230164 0.666127 0.084563 0.132088
