0 0.231578 0.377796 0.086521 0.146556
1 0.549296 0.412826 0.080143 0.134421
0 0.055617 0.613259 0.081203 0.140185
0 0.413872 0.446602 0.080307 0.128981
0 0.040211 0.262884 0.080172 0.138898
0 0.161099 0.619310 0.079599 0.142500
0 0.346760 0.549190 0.079240 0.133537
0 0.109694 0.841160 0.075133 0.144718
0 0.877180 0.421373 0.079594 0.140449
0 0.385219 0.329634 0.077042 0.134333
0 0.247193 0.750639 0.089807 0.128481
0 0.930999 0.835137 0.092487 0.155116
0 0.528949 0.534072 0.079878 0.140227
0 0.567876 0.919338 0.077529 0.138426
0 0.624561 0.604928 0.079164 0.136542
0 0.538828 0.288431 0.085786 0.139917
0 0.494624 0.672611 0.076201 0.138148
0 0.286753 0.636074 0.081260 0.144556
0 0.269072 0.502183 0.081638 0.143032
0 0.860600 0.547755 0.081992 0.138444
0 0.657303 0.496350 0.081102 0.136199
0 0.446699 0.812650 0.082023 0.151671
0 0.208362 0.876826 0.073167 0.126412
0 0.736147 0.493424 0.081107 0.133718
0 0.904393 0.305424 0.083458 0.130801
0 0.464560 0.936266 0.075240 0.127468
0 0.618337 0.831993 0.074633 0.137782
0 0.693379 0.809560 0.078966 0.127046
0 0.454729 0.557188 0.082542 0.145301
0 0.872344 0.934389 0.075776 0.131222
0 0.364409 0.083000 0.085453 0.139843
0 0.047217 0.875426 0.073148 0.133065
0 0.630745 0.208292 0.077594 0.135296
0 0.897508 0.669685 0.080776 0.138972
0 0.554859 0.156817 0.085422 0.146431
0 0.139117 0.085644 0.082927 0.161926
0 0.151527 0.450956 0.079898 0.138301
0 0.362479 0.676951 0.081719 0.140088
0 0.299612 0.297111 0.077161 0.126917
0 0.754449 0.634671 0.083706 0.148278
0 0.718447 0.240248 0.085742 0.136403
0 0.334207 0.433961 0.079977 0.121227
0 0.208674 0.248313 0.074464 0.125727
0 0.550125 0.789141 0.081531 0.142236
0 0.221190 0.578294 0.074484 0.151671
0 0.824659 0.080296 0.092781 0.156509
0 0.688589 0.361042 0.086969 0.144704
0 0.461750 0.321000 0.082917 0.156269
0 0.050035 0.474167 0.085383 0.148713
0 0.952451 0.438229 0.083448 0.157236
0 0.069654 0.050275 0.077740 0.100551
0 0.836294 0.829225 0.084823 0.144162
0 0.807754 0.457220 0.077560 0.146273
0 0.636711 0.944454 0.077615 0.109019
0 0.035371 0.749294 0.070742 0.138597
0 0.917426 0.117035 0.077852 0.147338
0 0.824536 0.681502 0.079089 0.152699
0 0.148823 0.741072 0.086995 0.129856
0 0.850543 0.228569 0.084013 0.137889
0 0.616017 0.412197 0.072701 0.147995
0 0.562345 0.650618 0.071534 0.150431
0 0.581819 0.054389 0.085951 0.108074
0 0.350917 0.207269 0.076427 0.129676
0 0.212608 0.124208 0.081914 0.142481
0 0.756618 0.134623 0.076518 0.136486
0 0.710012 0.948280 0.077945 0.102014
0 0.789082 0.337111 0.078919 0.123750
0 0.275145 0.185433 0.076357 0.130079
0 0.498154 0.047546 0.079224 0.093889
0 0.074161 0.155319 0.075839 0.128380
0 0.421596 0.043991 0.080906 0.086676
0 0.121488 0.961481 0.075591 0.076833
0 0.940941 0.950060 0.091383 0.099880
0 0.976147 0.650197 0.047643 0.142144
0 0.694488 0.686162 0.083133 0.153861
0 0.962457 0.040852 0.071482 0.081704
0 0.024147 0.109019 0.048294 0.142769
0 0.982398 0.352692 0.035203 0.140116
0 0.198650 0.030826 0.091503 0.059403
0 0.015281 0.546201 0.029115 0.143403
0 0.318142 0.847949 0.071633 0.135148
0 0.012272 0.036199 0.022565 0.071704
0 0.777116 0.976053 0.084076 0.045523
0 0.007273 0.975090 0.014547 0.049819
0 0.299331 0.978863 0.077578 0.040264
0 0.049174 0.981919 0.080922 0.036162
0 0.010641 0.827787 0.020031 0.141250
0 0.517335 0.974678 0.088758 0.046699
0 0.364168 0.984176 0.075867 0.027185
0 0.892742 0.028887 0.083906 0.052856
0 0.974941 0.779097 0.050117 0.139565
0 0.020996 0.384498 0.041779 0.145199
0 0.200409 0.965493 0.094760 0.069014
0 0.007759 0.677162 0.015487 0.141463
0 0.974134 0.141123 0.050497 0.148468
