0 0.065393 0.813856 0.079318 0.146417
0 0.310643 0.457620 0.087464 0.114741
0 0.971594 0.540523 0.055927 0.145398
0 0.037510 0.060912 0.073469 0.119657
0 0.595630 0.277935 0.090354 0.136500
0 0.176195 0.935356 0.072776 0.127509
0 0.871138 0.437421 0.101182 0.148769
0 0.018289 0.400949 0.036578 0.170157
0 0.739859 0.055995 0.090719 0.111861
0 0.027240 0.206856 0.054479 0.154657
0 0.174771 0.112157 0.094719 0.144333
0 0.976594 0.675782 0.045115 0.150713
0 0.948411 0.938787 0.088802 0.122056
0 0.875815 0.958130 0.081547 0.083741
0 0.534646 0.034384 0.087854 0.068769
0 0.037427 0.970551 0.074854 0.058898
0 0.061003 0.233722 0.081495 0.139778
0 0.103109 0.054019 0.082917 0.108037
0 0.176607 0.041602 0.084745 0.083204
0 0.982896 0.416542 0.034208 0.134361
0 0.008458 0.940116 0.016458 0.119769
0 0.986971 0.344162 0.024026 0.130694
0 0.718685 0.964389 0.071141 0.070926
0 0.632914 0.977255 0.087474 0.041435
0 0.425260 0.969319 0.117552 0.058509
0 0.518578 0.198648 0.092438 0.167741
0 0.797646 0.931505 0.092292 0.136991
0 0.442690 0.263560 0.085036 0.172694
0 0.073044 0.680944 0.089266 0.146463
0 0.915372 0.096856 0.102297 0.155343
0 0.685255 0.219495 0.089104 0.155361
0 0.214771 0.582356 0.077354 0.163417
0 0.809141 0.210796 0.098563 0.169056
0 0.649276 0.472093 0.088604 0.165519
0 0.528185 0.349940 0.091245 0.159620
0 0.821750 0.507366 0.087385 0.145565
0 0.260299 0.676435 0.094578 0.123704
0 0.605615 0.371903 0.090792 0.168454
0 0.670172 0.078500 0.097490 0.156481
0 0.753349 0.738745 0.091010 0.166417
0 0.843518 0.337593 0.107714 0.147556
0 0.168740 0.797528 0.089146 0.161241
0 0.360833 0.867009 0.088458 0.165204
0 0.327430 0.550019 0.085620 0.143370
0 0.884495 0.571662 0.089229 0.146861
0 0.543635 0.928181 0.080594 0.141065
0 0.096529 0.458051 0.091974 0.149157
0 0.363042 0.253417 0.090417 0.163037
0 0.906406 0.240310 0.103073 0.163083
0 0.408667 0.530218 0.094969 0.154250
0 0.258302 0.545394 0.076875 0.169769
0 0.257070 0.285329 0.083755 0.156250
0 0.618036 0.894125 0.093760 0.140917
0 0.505128 0.750528 0.088714 0.173889
0 0.137021 0.582324 0.094615 0.162426
0 0.505453 0.950269 0.078958 0.099463
0 0.584065 0.709111 0.088307 0.143500
0 0.437667 0.815523 0.090406 0.182046
0 0.066799 0.329894 0.097349 0.156454
0 0.179776 0.444148 0.090167 0.151019
0 0.282919 0.122264 0.096516 0.151306
0 0.820247 0.700546 0.081016 0.173167
0 0.954984 0.779500 0.088865 0.161093
0 0.717773 0.315755 0.108536 0.165343
0 0.464630 0.427394 0.093083 0.176769
0 0.785247 0.566370 0.088099 0.148167
0 0.647685 0.774352 0.095922 0.160019
0 0.892029 0.853097 0.094964 0.152861
0 0.694786 0.876741 0.078531 0.131111
0 0.023174 0.827551 0.046349 0.152917
0 0.249805 0.755245 0.096307 0.159213
0 0.543628 0.457708 0.084536 0.171065
0 0.386125 0.447500 0.089906 0.163593
0 0.130609 0.935366 0.090365 0.124194
0 0.183766 0.213866 0.098823 0.156176
0 0.425661 0.065787 0.091917 0.131574
1 0.624406 0.603019 0.083583 0.145000
