0 0.188241 0.107019 0.090794 0.172074
0 0.283910 0.726701 0.106435 0.158588
0 0.352292 0.597690 0.098281 0.157574
0 0.943085 0.188338 0.097664 0.153926
0 0.879944 0.455100 0.100904 0.168514
0 0.417452 0.361477 0.096346 0.159139
0 0.454306 0.659590 0.094888 0.144014
0 0.809451 0.507370 0.082469 0.141380
0 0.486910 0.255667 0.092909 0.133083
0 0.984527 0.691681 0.029763 0.161843
0 0.626596 0.936789 0.101094 0.126421
0 0.246904 0.031868 0.089745 0.063736
0 0.666470 0.667310 0.125164 0.131000
1 0.703072 0.899308 0.091128 0.150060
0 0.981721 0.049093 0.036557 0.097046
1 0.514421 0.559963 0.084695 0.143657
1 0.567139 0.384810 0.101602 0.161935
1 0.690931 0.769329 0.086753 0.149315
0 0.857346 0.696907 0.102563 0.139991
0 0.227184 0.834963 0.092638 0.179500
0 0.115814 0.188086 0.096643 0.146412
0 0.928536 0.059766 0.094422 0.119532
0 0.445419 0.050822 0.089547 0.100810
0 0.178698 0.252711 0.097953 0.159208
1 0.545508 0.678988 0.093682 0.144338
1 0.649501 0.551840 0.103076 0.147977
0 0.219091 0.551771 0.067323 0.189292
0 0.867132 0.585146 0.111747 0.134560
0 0.727927 0.590896 0.092130 0.143977
0 0.288225 0.103528 0.098711 0.155824
0 0.638771 0.425681 0.090802 0.142611
0 0.613694 0.767653 0.086971 0.162167
0 0.123569 0.328796 0.111070 0.146898
0 0.277514 0.570463 0.087081 0.201806
0 0.202542 0.965590 0.089453 0.066653
0 0.870158 0.947150 0.067185 0.099042
0 0.850260 0.039449 0.083802 0.078898
0 0.146771 0.799604 0.103839 0.143199
0 0.871449 0.284067 0.100315 0.177162
0 0.419378 0.505866 0.101719 0.169694
0 0.239564 0.188127 0.096253 0.160218
0 0.493083 0.423463 0.097068 0.170991
0 0.420753 0.152826 0.097911 0.134264
0 0.143732 0.453975 0.110354 0.143829
0 0.265775 0.949991 0.087227 0.095824
0 0.124120 0.064725 0.084187 0.129449
0 0.930348 0.352792 0.098477 0.167269
0 0.183671 0.688942 0.093701 0.144903
0 0.323964 0.259229 0.095807 0.155227
0 0.942393 0.766465 0.083708 0.153310
0 0.151609 0.577671 0.100219 0.152000
