0 0.604938 0.295875 0.092016 0.169963
0 0.988379 0.743502 0.022779 0.143690
0 0.473594 0.839431 0.086000 0.155611
0 0.457422 0.360625 0.078266 0.135380
0 0.418189 0.628176 0.095320 0.136000
0 0.498310 0.982243 0.088943 0.032912
0 0.085009 0.041965 0.109143 0.082606
0 0.275493 0.953961 0.088711 0.091005
0 0.555570 0.145792 0.082391 0.137574
0 0.802798 0.871836 0.107602 0.160366
0 0.569534 0.324447 0.081135 0.152032
0 0.587956 0.669359 0.098135 0.171310
0 0.507415 0.720289 0.084945 0.146079
0 0.750148 0.942120 0.100135 0.114870
0 0.400673 0.847257 0.096904 0.177894
0 0.468581 0.519738 0.082771 0.136088
0 0.632785 0.474667 0.092539 0.140648
0 0.736129 0.259556 0.092857 0.140333
0 0.516762 0.418718 0.087956 0.136315
0 0.088932 0.322729 0.113042 0.151495
0 0.242370 0.316435 0.081240 0.141278
0 0.323395 0.170280 0.088497 0.183708
0 0.937643 0.680294 0.090052 0.147051
0 0.746947 0.132546 0.080102 0.135389
0 0.857581 0.433655 0.090651 0.122375
0 0.647771 0.784338 0.077271 0.129741
0 0.793681 0.741968 0.073815 0.136380
0 0.701788 0.445238 0.064513 0.150014
0 0.343720 0.499910 0.088471 0.159125
0 0.726880 0.706988 0.075771 0.147616
0 0.116186 0.813597 0.086013 0.133889
0 0.484781 0.127100 0.071526 0.138227
0 0.186706 0.677451 0.092625 0.153199
0 0.911540 0.360556 0.077326 0.143472
0 0.938165 0.519005 0.092648 0.204269
0 0.675671 0.121586 0.078638 0.159764
0 0.979458 0.871514 0.040885 0.144435
0 0.971227 0.053815 0.057547 0.105306
0 0.134285 0.525255 0.076544 0.138500
0 0.399107 0.122468 0.079766 0.138444
0 0.517290 0.055861 0.083466 0.110500
0 0.182680 0.934910 0.089646 0.125856
0 0.274496 0.855174 0.091560 0.141403
0 0.265797 0.650662 0.080172 0.159963
0 0.839815 0.058231 0.080880 0.113296
0 0.790599 0.495884 0.079417 0.141093
0 0.731987 0.561507 0.084125 0.138208
1 0.423479 0.255794 0.068219 0.122218
0 0.188014 0.180806 0.076846 0.149602
0 0.041984 0.962134 0.080214 0.071944
0 0.842918 0.285384 0.097180 0.192278
0 0.742206 0.036016 0.082677 0.071014
0 0.954357 0.967120 0.090505 0.064593
0 0.032904 0.656924 0.065807 0.145394
0 0.030633 0.529600 0.061266 0.137986
0 0.040659 0.105118 0.080958 0.146227
