0 0.875051 0.978421 0.084794 0.041176
1 0.478872 0.773646 0.091219 0.138551
1 0.980031 0.335016 0.039938 0.140579
0 0.450771 0.015567 0.089016 0.030579
0 0.526728 0.017993 0.079841 0.035532
1 0.825710 0.340222 0.086878 0.143417
0 0.497299 0.969493 0.079953 0.060106
0 0.178622 0.970951 0.081198 0.057782
0 0.978659 0.971685 0.041589 0.054880
1 0.409702 0.330863 0.080372 0.145884
0 0.451186 0.279407 0.075555 0.203083
0 0.978797 0.587708 0.042333 0.133787
0 0.149152 0.056190 0.086560 0.110796
0 0.286358 0.119914 0.099680 0.125218
0 0.548898 0.649579 0.079026 0.153472
0 0.713934 0.953549 0.065773 0.092866
0 0.284835 0.044604 0.090727 0.087681
0 0.255073 0.329331 0.108573 0.150153
0 0.958428 0.037132 0.072352 0.073662
0 0.166008 0.409991 0.086724 0.149454
0 0.155448 0.516125 0.065609 0.099722
0 0.936991 0.964720 0.057711 0.068847
0 0.211520 0.520035 0.070721 0.172356
0 0.555530 0.910579 0.097388 0.119139
0 0.886780 0.039852 0.083003 0.078972
0 0.112745 0.806488 0.096729 0.139819
0 0.396694 0.955419 0.082586 0.087875
0 0.764043 0.953317 0.056815 0.091875
0 0.258391 0.239185 0.087844 0.139889
0 0.131030 0.719072 0.085049 0.104532
0 0.482853 0.447206 0.068758 0.161921
0 0.875415 0.258472 0.078206 0.121333
0 0.329810 0.158049 0.084500 0.155310
0 0.335111 0.304449 0.084461 0.177250
0 0.139967 0.160144 0.097133 0.134213
0 0.095009 0.527007 0.074872 0.154773
0 0.933013 0.392734 0.069464 0.171560
0 0.264010 0.767454 0.081292 0.162194
0 0.334164 0.868197 0.086542 0.155606
0 0.126010 0.619137 0.088151 0.126606
0 0.877534 0.518956 0.089646 0.137829
0 0.560931 0.804019 0.083951 0.126852
0 0.196947 0.231009 0.081430 0.142231
0 0.509380 0.306569 0.078297 0.165713
0 0.859055 0.418634 0.096089 0.153843
0 0.973512 0.459303 0.052977 0.142606
0 0.113441 0.392042 0.089513 0.141343
0 0.115314 0.268192 0.087742 0.132968
0 0.690559 0.886519 0.086466 0.157296
0 0.395792 0.060882 0.083677 0.121755
0 0.257533 0.590248 0.085102 0.167366
0 0.086917 0.920127 0.094964 0.147986
0 0.276520 0.450542 0.083273 0.136278
0 0.547027 0.421995 0.083034 0.159435
0 0.725073 0.064384 0.081974 0.128769
0 0.521921 0.560866 0.089195 0.133907
0 0.814807 0.586785 0.077505 0.163736
0 0.635620 0.831664 0.078854 0.159894
0 0.481751 0.662400 0.075346 0.129745
0 0.866159 0.672113 0.082901 0.163856
0 0.808904 0.190609 0.080427 0.168208
0 0.813702 0.932359 0.080940 0.135060
0 0.966039 0.710546 0.067859 0.152407
0 0.318434 0.636417 0.083721 0.146806
0 0.667309 0.610602 0.075747 0.154065
0 0.957332 0.870141 0.085279 0.146282
0 0.428451 0.465687 0.079734 0.169782
0 0.221737 0.881326 0.094833 0.149625
0 0.370878 0.496081 0.083281 0.148310
0 0.558017 0.217882 0.083320 0.152264
0 0.921578 0.603718 0.087417 0.175556
0 0.732777 0.712583 0.083529 0.146815
0 0.719866 0.554970 0.077898 0.137838
0 0.990187 0.814167 0.019625 0.158102
0 0.824702 0.807150 0.083815 0.136644
0 0.711180 0.424877 0.073776 0.139319
0 0.366268 0.773977 0.090240 0.159167
0 0.397469 0.195509 0.075453 0.141537
0 0.771809 0.405088 0.075654 0.161907
0 0.872392 0.137773 0.082956 0.138500
1 0.213815 0.091326 0.078781 0.170440
1 0.648551 0.038090 0.082352 0.074949
1 0.566258 0.979194 0.071823 0.041611
