0 0.084707 0.367940 0.085363 0.117104
0 0.279884 0.563447 0.093125 0.118940
0 0.556728 0.204761 0.092971 0.128081
0 0.370797 0.579360 0.092380 0.134234
0 0.655002 0.453035 0.086910 0.115206
0 0.409252 0.151188 0.092554 0.124969
0 0.563466 0.490342 0.092620 0.114501
0 0.728611 0.506039 0.092477 0.116605
0 0.164086 0.405988 0.089861 0.124877
0 0.904433 0.274457 0.091312 0.119954
0 0.850642 0.069740 0.091763 0.121538
0 0.754549 0.862644 0.093596 0.129558
0 0.277865 0.681700 0.092874 0.117937
0 0.784799 0.733655 0.090841 0.118225
0 0.429317 0.659951 0.087932 0.116610
0 0.081339 0.876885 0.093434 0.120334
0 0.825941 0.436975 0.091883 0.132953
0 0.043775 0.487425 0.087234 0.127814
0 0.940957 0.472094 0.088495 0.121883
0 0.840476 0.956345 0.083005 0.087310
0 0.615762 0.070123 0.092249 0.117747
0 0.167201 0.074812 0.087604 0.109017
0 0.796649 0.157266 0.089225 0.112618
0 0.251269 0.947909 0.093989 0.104182
0 0.518370 0.752415 0.091138 0.115859
0 0.373009 0.051263 0.096728 0.102526
0 0.832319 0.631103 0.097137 0.123421
0 0.669313 0.228840 0.087269 0.101908
0 0.900305 0.568480 0.093557 0.127587
0 0.198818 0.507474 0.082890 0.104105
0 0.031410 0.301960 0.062496 0.122243
0 0.964192 0.611561 0.071454 0.121250
0 0.722853 0.377163 0.083769 0.131260
0 0.801871 0.299552 0.091111 0.129053
0 0.620700 0.672289 0.095714 0.107963
0 0.651931 0.775486 0.108862 0.128287
0 0.344072 0.846057 0.090822 0.112155
0 0.070596 0.596235 0.086416 0.113364
0 0.192405 0.167117 0.089441 0.108832
0 0.617191 0.568269 0.090031 0.112762
0 0.101379 0.157855 0.086825 0.123632
0 0.477051 0.499277 0.094225 0.120201
0 0.892824 0.385414 0.090440 0.111888
0 0.275818 0.321373 0.091073 0.127191
0 0.513993 0.643122 0.081983 0.109331
0 0.513873 0.083315 0.091381 0.123709
0 0.506971 0.292582 0.088356 0.110648
0 0.167851 0.861986 0.084190 0.112284
0 0.549732 0.006829 0.090922 0.013657
0 0.968084 0.340260 0.063731 0.116631
0 0.293127 0.097109 0.083592 0.100082
0 0.519462 0.859877 0.084950 0.106512
0 0.156834 0.648915 0.090042 0.121276
0 0.232757 0.793007 0.087419 0.120571
0 0.606535 0.299606 0.079545 0.133143
0 0.132429 0.277757 0.098862 0.127387
0 0.545972 0.387194 0.109861 0.109439
0 0.328765 0.477858 0.085548 0.120149
0 0.357064 0.257186 0.090255 0.113282
0 0.919956 0.944565 0.090120 0.110643
0 0.146235 0.531314 0.080903 0.111415
0 0.960604 0.898655 0.078792 0.116929
0 0.333466 0.949699 0.088738 0.100602
0 0.426699 0.426103 0.102180 0.124347
0 0.601750 0.846932 0.089880 0.110118
0 0.093733 0.699095 0.097527 0.113601
0 0.399236 0.766055 0.072894 0.128549
0 0.586117 0.950903 0.082049 0.098194
0 0.675793 0.964375 0.083569 0.070880
0 0.754556 0.969295 0.080949 0.061409
0 0.048104 0.965697 0.092442 0.067958
0 0.020027 0.068938 0.039583 0.122083
0 0.652025 0.028971 0.083256 0.057942
0 0.025876 0.833225 0.051752 0.123889
0 0.978883 0.707428 0.042234 0.106265
0 0.865021 0.807438 0.073067 0.132747
0 0.918835 0.028583 0.096289 0.057063
0 0.147311 0.762994 0.100455 0.097253
0 0.973337 0.808573 0.053133 0.111343
0 0.786535 0.023094 0.088187 0.046188
0 0.717469 0.093477 0.091929 0.126101
0 0.195185 0.018539 0.092037 0.036975
0 0.477988 0.978585 0.090806 0.042222
0 0.479005 0.015970 0.085162 0.031939
0 0.104755 0.015867 0.094055 0.031703
0 0.387600 0.979915 0.087847 0.039985
0 0.293872 0.198853 0.102064 0.118693
0 0.989848 0.508364 0.020305 0.124856
0 0.989280 0.044164 0.021439 0.088328
0 0.128137 0.985576 0.087500 0.028848
0 0.969333 0.988416 0.061335 0.023169
1 0.726736 0.629192 0.097400 0.131811
0 0.005855 0.951857 0.011632 0.096286
