0 0.412367 0.026872 0.070016 0.052693
0 0.677652 0.607977 0.076969 0.098672
0 0.027953 0.290674 0.055844 0.096234
0 0.507695 0.985495 0.069062 0.029010
0 0.798416 0.033443 0.070230 0.066885
0 0.273254 0.061302 0.071906 0.092656
0 0.059895 0.990581 0.073414 0.018839
0 0.506764 0.582219 0.075918 0.097062
0 0.227225 0.709279 0.071949 0.094557
0 0.940045 0.539727 0.071684 0.098224
0 0.899697 0.954586 0.091754 0.090828
0 0.811236 0.518234 0.069059 0.094719
0 0.601541 0.824198 0.076676 0.098250
0 0.603760 0.107526 0.075871 0.105563
0 0.443721 0.635313 0.085754 0.096177
0 0.798074 0.612622 0.076164 0.087891
0 0.592549 0.358534 0.066348 0.092568
0 0.115645 0.170656 0.075555 0.099458
0 0.471510 0.710482 0.069293 0.087703
0 0.351617 0.344451 0.070016 0.092526
0 0.062537 0.771693 0.082012 0.120062
0 0.583672 0.495234 0.063445 0.074656
0 0.347039 0.083664 0.073852 0.097057
0 0.266855 0.188117 0.072906 0.087974
0 0.214510 0.103206 0.076215 0.092891
0 0.031428 0.539448 0.062855 0.091083
0 0.962262 0.332930 0.072805 0.091443
0 0.521297 0.151560 0.061922 0.106266
0 0.149914 0.766383 0.082695 0.108391
0 0.912729 0.060596 0.078762 0.093359
0 0.758309 0.497570 0.058125 0.085422
0 0.188479 0.357638 0.068957 0.106547
0 0.752764 0.095701 0.081660 0.094672
0 0.477564 0.025779 0.069824 0.050359
0 0.027262 0.670896 0.053984 0.088958
0 0.873953 0.764354 0.075625 0.095146
0 0.122820 0.862432 0.058297 0.099479
0 0.336252 0.602479 0.065355 0.089958
0 0.297014 0.605880 0.067668 0.090958
0 0.401959 0.833008 0.062059 0.086557
0 0.575104 0.553083 0.066965 0.065187
0 0.983537 0.501388 0.032074 0.094693
0 0.425904 0.138177 0.063582 0.082833
0 0.989445 0.117802 0.021109 0.103937
0 0.863648 0.280885 0.065633 0.084302
0 0.308426 0.949951 0.081188 0.094599
0 0.704557 0.680685 0.066660 0.075214
0 0.140902 0.026169 0.084148 0.050911
0 0.136172 0.647937 0.073203 0.109750
0 0.009322 0.863008 0.018473 0.086786
0 0.309057 0.016997 0.072332 0.033755
0 0.895869 0.008354 0.075793 0.016708
0 0.983055 0.812573 0.033891 0.092208
0 0.814744 0.216146 0.063129 0.077708
0 0.224918 0.634094 0.056375 0.069708
0 0.004814 0.720221 0.009184 0.092245
0 0.986961 0.947807 0.024719 0.091000
0 0.423561 0.974107 0.081957 0.051786
0 0.322820 0.827719 0.078797 0.098917
0 0.815752 0.812846 0.076176 0.107849
0 0.121723 0.266167 0.076508 0.096177
0 0.346410 0.522596 0.063953 0.085318
0 0.749307 0.793734 0.072934 0.104365
0 0.601756 0.269380 0.061246 0.084385
0 0.548480 0.782466 0.075781 0.088745
0 0.126016 0.428174 0.078094 0.108891
0 0.523537 0.484867 0.064801 0.087786
0 0.199660 0.949016 0.084727 0.101969
0 0.049986 0.135831 0.078684 0.097255
0 0.496643 0.409286 0.074980 0.080604
0 0.340498 0.705911 0.061918 0.098875
0 0.477752 0.888383 0.072559 0.103516
0 0.077668 0.912424 0.075117 0.089349
0 0.806418 0.287177 0.065594 0.092885
0 0.642424 0.539922 0.066551 0.088708
0 0.203459 0.472518 0.075559 0.100651
0 0.645297 0.256112 0.069914 0.097297
0 0.623125 0.429531 0.075008 0.092500
0 0.264490 0.290258 0.072293 0.108339
0 0.433406 0.213794 0.068133 0.083203
0 0.391699 0.757167 0.072016 0.086885
0 0.244865 0.832458 0.076910 0.087198
0 0.414035 0.295885 0.070930 0.094958
0 0.082541 0.594878 0.069293 0.093620
0 0.282129 0.523078 0.068781 0.089271
0 0.864506 0.600250 0.067246 0.086490
0 0.769787 0.693872 0.071176 0.102036
0 0.496504 0.301307 0.078094 0.090260
0 0.928980 0.156518 0.086914 0.109286
0 0.570139 0.623596 0.070293 0.089286
0 0.338590 0.435419 0.077117 0.094755
0 0.481232 0.089841 0.071488 0.083755
0 0.377219 0.178367 0.062484 0.084266
0 0.529598 0.339320 0.066445 0.089526
0 0.039062 0.456318 0.077430 0.094417
0 0.736852 0.565711 0.064016 0.094099
