0 0.985510 0.108176 0.026656 0.159685
0 0.359549 0.819023 0.086630 0.146731
0 0.603370 0.284583 0.079000 0.145148
0 0.868344 0.914662 0.078292 0.137306
0 0.232258 0.047273 0.100766 0.094546
1 0.664315 0.266949 0.082036 0.149361
0 0.214872 0.961162 0.087339 0.074250
0 0.973656 0.250227 0.051490 0.157139
0 0.983224 0.903995 0.032323 0.179565
0 0.019898 0.671569 0.039495 0.132769
0 0.979516 0.684699 0.039229 0.139676
0 0.984760 0.333116 0.030479 0.141083
0 0.624044 0.058398 0.088339 0.113981
0 0.018219 0.974120 0.036437 0.051759
0 0.991750 0.555023 0.016500 0.148787
0 0.017820 0.352370 0.035641 0.131167
0 0.946271 0.969801 0.096458 0.056843
0 0.478750 0.970940 0.087531 0.055731
0 0.354747 0.022227 0.083693 0.044454
0 0.013289 0.475852 0.025776 0.174519
0 0.387688 0.073218 0.072948 0.143954
0 0.965555 0.451204 0.068589 0.144481
0 0.136961 0.507519 0.085182 0.162463
0 0.780904 0.933921 0.078880 0.128972
0 0.914211 0.379403 0.080182 0.159194
0 0.702849 0.953611 0.089073 0.092778
0 0.082307 0.039880 0.080646 0.079259
0 0.807708 0.047093 0.086698 0.092370
0 0.740661 0.209361 0.074188 0.192278
0 0.166490 0.687343 0.086594 0.175407
0 0.345307 0.159014 0.090667 0.160657
0 0.737516 0.055630 0.085562 0.111259
0 0.594914 0.171630 0.083255 0.169630
0 0.843141 0.354917 0.086073 0.152741
0 0.148526 0.065611 0.081875 0.130741
0 0.913039 0.203384 0.083391 0.167565
0 0.044206 0.530778 0.084568 0.182111
0 0.030638 0.098153 0.061276 0.155787
0 0.572943 0.549148 0.102240 0.153426
0 0.752302 0.679505 0.088708 0.155454
0 0.447419 0.071532 0.078943 0.143065
0 0.352406 0.290880 0.107437 0.133389
0 0.103320 0.153528 0.086630 0.158407
0 0.251839 0.263449 0.083781 0.150028
0 0.534497 0.788000 0.089693 0.145315
0 0.561531 0.921250 0.088240 0.151852
0 0.400107 0.652819 0.086672 0.151843
0 0.045547 0.773620 0.082458 0.177352
0 0.635609 0.922495 0.076948 0.145454
0 0.286060 0.659699 0.089286 0.151139
0 0.462719 0.246787 0.092333 0.173241
0 0.295594 0.090356 0.080354 0.151620
0 0.876096 0.622296 0.089766 0.187111
0 0.682320 0.148560 0.079974 0.167065
0 0.916214 0.709856 0.084750 0.154120
0 0.701036 0.496412 0.115615 0.153528
0 0.346797 0.405542 0.089813 0.149528
0 0.172021 0.227963 0.083938 0.151241
0 0.820753 0.703069 0.088432 0.169750
0 0.809990 0.267639 0.094771 0.180426
0 0.221221 0.132273 0.092880 0.155139
0 0.096966 0.336657 0.086484 0.157944
0 0.104370 0.723944 0.083208 0.150167
0 0.835471 0.123769 0.097016 0.154519
0 0.655690 0.692583 0.086286 0.164963
0 0.707357 0.860995 0.093818 0.155657
0 0.700227 0.599134 0.086630 0.155602
0 0.761641 0.388940 0.088937 0.155343
0 0.505740 0.904537 0.092229 0.146241
0 0.589526 0.671634 0.075021 0.180861
0 0.782565 0.801375 0.092411 0.132861
0 0.509682 0.644000 0.093156 0.146241
0 0.138919 0.844046 0.090526 0.158407
0 0.537057 0.219602 0.069396 0.171167
0 0.633635 0.447153 0.081854 0.190565
0 0.768458 0.551880 0.081865 0.142167
0 0.408737 0.937972 0.077557 0.122130
0 0.423885 0.518694 0.090094 0.170796
0 0.328289 0.540588 0.087245 0.141269
0 0.494846 0.500213 0.077828 0.161037
