0 0.939622 0.642576 0.084542 0.139681
0 0.037297 0.052123 0.074068 0.101625
0 0.361931 0.938836 0.085299 0.118894
0 0.617758 0.090731 0.087094 0.139963
0 0.022133 0.528491 0.044031 0.168056
0 0.303113 0.850787 0.064091 0.192028
0 0.530264 0.952083 0.101164 0.095528
0 0.977822 0.442289 0.044357 0.173755
0 0.384572 0.289977 0.082982 0.155426
0 0.251734 0.423801 0.093073 0.143731
0 0.294914 0.977007 0.081380 0.042625
0 0.136023 0.928637 0.092677 0.134449
0 0.322109 0.649606 0.085672 0.131407
0 0.293165 0.095007 0.077107 0.190014
0 0.653995 0.957074 0.080365 0.084741
0 0.771553 0.023227 0.087143 0.046454
0 0.873224 0.017088 0.090312 0.032602
1 0.157962 0.673229 0.094424 0.167375
0 0.250137 0.563220 0.088237 0.149505
0 0.571574 0.028581 0.080440 0.057162
0 0.014997 0.330021 0.029995 0.147838
0 0.981855 0.136130 0.035784 0.152287
0 0.100924 0.393155 0.089203 0.165190
0 0.721344 0.323831 0.081604 0.187597
0 0.504827 0.016280 0.080956 0.031958
1 0.649940 0.355259 0.089724 0.168370
0 0.666818 0.034002 0.086615 0.068005
0 0.577799 0.623919 0.088589 0.161875
0 0.915531 0.414206 0.079068 0.146847
0 0.549297 0.745882 0.091818 0.149505
0 0.577773 0.344891 0.080708 0.170662
0 0.216163 0.916375 0.072773 0.163231
0 0.180118 0.408160 0.075445 0.140227
0 0.818233 0.941384 0.087279 0.113972
0 0.715486 0.476595 0.100695 0.163921
0 0.946427 0.749519 0.076203 0.130139
0 0.375712 0.150528 0.092602 0.158083
0 0.074337 0.529009 0.098211 0.145907
0 0.827760 0.089519 0.101562 0.131556
0 0.711440 0.934771 0.082531 0.130458
0 0.236568 0.702019 0.082734 0.148417
0 0.888664 0.814720 0.086245 0.136708
0 0.520379 0.251241 0.080867 0.160343
0 0.552853 0.139187 0.090299 0.166495
0 0.466947 0.095067 0.089919 0.160292
0 0.081811 0.632984 0.088003 0.152671
0 0.718749 0.137236 0.078549 0.138491
0 0.379387 0.043919 0.094878 0.087838
0 0.236053 0.283641 0.084070 0.144032
0 0.930497 0.088565 0.084714 0.162704
0 0.029117 0.892891 0.058234 0.126931
0 0.177544 0.810465 0.069380 0.128625
0 0.956521 0.539227 0.086958 0.149537
0 0.630781 0.207968 0.079578 0.142380
0 0.793492 0.434130 0.085781 0.143806
0 0.339066 0.517366 0.087643 0.155056
0 0.517443 0.450988 0.090437 0.150662
0 0.444764 0.271301 0.089164 0.148269
0 0.781048 0.770051 0.090586 0.165843
0 0.744214 0.630444 0.078906 0.163083
0 0.425884 0.821766 0.095096 0.141153
0 0.521155 0.850042 0.087466 0.139593
0 0.058152 0.757539 0.083846 0.164440
0 0.105191 0.073421 0.091872 0.146843
0 0.456555 0.697600 0.086141 0.164764
0 0.494763 0.608544 0.089062 0.131023
0 0.860577 0.619792 0.087294 0.150009
0 0.939557 0.926102 0.090323 0.145759
0 0.448568 0.401708 0.098760 0.154778
0 0.078954 0.214843 0.092393 0.146972
0 0.874628 0.246009 0.086182 0.158269
0 0.434924 0.527257 0.089943 0.137940
0 0.139836 0.284123 0.094161 0.165597
0 0.167426 0.151132 0.085320 0.143644
0 0.334418 0.374150 0.081023 0.148958
0 0.966375 0.276685 0.067250 0.174602
0 0.613974 0.494289 0.105063 0.148801
0 0.796749 0.182581 0.079612 0.118051
0 0.783348 0.313595 0.096247 0.152625
