0 0.054945 0.449898 0.066680 0.093922
0 0.940023 0.955154 0.070852 0.089693
0 0.593281 0.297607 0.071047 0.091953
0 0.093266 0.981878 0.100789 0.036245
0 0.448434 0.699404 0.090281 0.128380
0 0.019232 0.778273 0.038199 0.105964
0 0.467637 0.091336 0.089805 0.096724
0 0.966006 0.748451 0.067988 0.104724
0 0.274506 0.311982 0.071348 0.108797
0 0.090521 0.717388 0.070129 0.085484
0 0.495807 0.191620 0.068676 0.101094
0 0.643156 0.120784 0.079992 0.141005
0 0.977852 0.203000 0.042750 0.094583
0 0.043254 0.071177 0.070883 0.105708
0 0.310422 0.142013 0.070258 0.080099
0 0.011635 0.676547 0.023254 0.086135
0 0.170289 0.708083 0.087578 0.118052
0 0.088344 0.809794 0.100070 0.118370
0 0.011523 0.887680 0.023047 0.090766
0 0.678861 0.543823 0.081645 0.111344
0 0.588123 0.023234 0.090895 0.046469
0 0.261266 0.934964 0.097430 0.127219
0 0.933451 0.389323 0.088410 0.106781
0 0.316305 0.479161 0.061906 0.078875
0 0.648047 0.239198 0.060586 0.094052
0 0.225215 0.989875 0.086414 0.020250
0 0.493168 0.324984 0.083117 0.114354
0 0.788936 0.384367 0.064520 0.096786
0 0.243268 0.020250 0.069973 0.039271
0 0.928512 0.542029 0.066852 0.138068
0 0.832949 0.942836 0.089164 0.093943
0 0.164227 0.956779 0.065328 0.086443
0 0.469893 0.867240 0.065605 0.083073
0 0.226053 0.842690 0.074426 0.081661
0 0.871895 0.469396 0.071656 0.131948
0 0.437605 0.986544 0.061070 0.026911
0 0.415559 0.305701 0.074977 0.110245
0 0.349613 0.382154 0.070508 0.088234
0 0.795932 0.921560 0.078879 0.082786
0 0.619500 0.706802 0.078273 0.096969
0 0.278213 0.835451 0.093051 0.087953
0 0.850494 0.989867 0.066598 0.018974
0 0.632686 0.083089 0.067738 0.088542
0 0.866137 0.950531 0.069945 0.084875
0 0.980744 0.650779 0.038355 0.101776
0 0.873088 0.577984 0.066176 0.097344
0 0.242848 0.684299 0.068953 0.099130
0 0.367855 0.982255 0.076219 0.034875
0 0.718410 0.923349 0.065445 0.082927
0 0.047422 0.319651 0.070570 0.136677
0 0.915531 0.838398 0.067711 0.134391
0 0.567242 0.626979 0.073945 0.095719
0 0.020352 0.414375 0.039797 0.094469
0 0.883754 0.692917 0.074180 0.120323
0 0.978318 0.476328 0.043363 0.087000
0 0.455980 0.609648 0.088859 0.102141
0 0.679641 0.975268 0.074000 0.049464
0 0.187041 0.494060 0.098832 0.095516
0 0.847041 0.085651 0.077098 0.100917
0 0.668672 0.314195 0.065680 0.091286
0 0.104674 0.440284 0.080379 0.096922
0 0.966877 0.096180 0.066246 0.113995
0 0.159217 0.588852 0.075715 0.090484
0 0.477006 0.025854 0.082770 0.051708
0 0.443193 0.208456 0.070027 0.100495
0 0.732637 0.363753 0.069703 0.110870
0 0.913408 0.278297 0.070566 0.092958
0 0.113152 0.052760 0.085680 0.105344
0 0.708789 0.258742 0.062406 0.083620
0 0.572922 0.392693 0.079102 0.092469
0 0.524143 0.892036 0.081934 0.086969
0 0.568135 0.514878 0.082965 0.099589
0 0.083980 0.582167 0.072586 0.091563
0 0.037234 0.938234 0.070547 0.111510
0 0.672758 0.754167 0.072391 0.097458
0 0.451475 0.514469 0.080137 0.090937
0 0.582469 0.199151 0.073453 0.096594
0 0.431072 0.413161 0.072660 0.096323
0 0.853326 0.239438 0.078457 0.101958
0 0.371035 0.075370 0.074922 0.094115
0 0.355281 0.746529 0.063437 0.084682
0 0.207189 0.298219 0.071301 0.089083
0 0.333004 0.270776 0.079602 0.097885
0 0.349291 0.949477 0.075871 0.095839
0 0.637588 0.538656 0.055895 0.103865
0 0.733814 0.451393 0.062973 0.085943
0 0.976754 0.565589 0.046492 0.078302
0 0.227211 0.099081 0.071461 0.081130
0 0.225441 0.413232 0.073586 0.103776
0 0.276385 0.788703 0.079246 0.090563
0 0.301857 0.704693 0.049527 0.083115
0 0.288059 0.610872 0.070047 0.100943
0 0.974379 0.894833 0.048820 0.089625
0 0.941479 0.656156 0.056605 0.089625
0 0.740545 0.529229 0.065074 0.090646
0 0.797848 0.486815 0.063680 0.107547
0 0.684641 0.452383 0.067922 0.068870
0 0.799971 0.583940 0.062262 0.090661
0 0.675738 0.642560 0.118117 0.111943
0 0.288414 0.206581 0.067922 0.077453
0 0.271432 0.499034 0.060848 0.094432
1 0.288453 0.391107 0.063453 0.081859
0 0.344281 0.656378 0.059234 0.100526
0 0.500234 0.975885 0.083461 0.048229
0 0.055707 0.158461 0.078375 0.125693
0 0.766559 0.970185 0.071180 0.059630
0 0.660510 0.908870 0.073199 0.101469
0 0.787229 0.820266 0.081762 0.115615
0 0.533350 0.708797 0.067480 0.083875
0 0.851793 0.357047 0.061633 0.075000
0 0.138688 0.273409 0.071930 0.115724
0 0.983775 0.378865 0.032449 0.117344
0 0.792449 0.224518 0.065984 0.087891
0 0.104357 0.344125 0.066066 0.088344
0 0.203645 0.216753 0.086258 0.088661
0 0.607922 0.955182 0.076812 0.087000
0 0.855805 0.812471 0.071703 0.125349
0 0.347539 0.512742 0.076109 0.116026
0 0.569818 0.820102 0.070941 0.099255
0 0.539424 0.105406 0.064098 0.088812
0 0.781195 0.296667 0.086781 0.102448
0 0.387336 0.455247 0.074133 0.104151
0 0.024320 0.563865 0.048641 0.110438
0 0.054482 0.664008 0.072973 0.100141
0 0.507443 0.443958 0.071715 0.122698
0 0.890320 0.146479 0.096188 0.086417
0 0.303082 0.057031 0.068664 0.098000
0 0.168088 0.892708 0.073871 0.093062
0 0.703547 0.023680 0.061727 0.046672
0 0.977533 0.290609 0.044934 0.102240
0 0.876447 0.026664 0.080355 0.051026
