0 0.361758 0.273968 0.073026 0.139731
1 0.481599 0.447148 0.070563 0.128037
0 0.569086 0.702366 0.082839 0.140769
0 0.719297 0.959704 0.089167 0.076981
0 0.346799 0.817708 0.086932 0.136176
0 0.261549 0.888023 0.081432 0.137435
0 0.869367 0.417708 0.079047 0.145676
0 0.490383 0.649856 0.088682 0.136028
0 0.867872 0.094620 0.080474 0.128407
0 0.747365 0.341366 0.083302 0.122861
0 0.184138 0.846000 0.073328 0.131278
0 0.347914 0.643407 0.082568 0.128037
0 0.602206 0.148259 0.078411 0.130019
0 0.436383 0.818468 0.077661 0.146139
0 0.108198 0.870736 0.079625 0.138009
0 0.953505 0.093250 0.085125 0.141148
0 0.313703 0.200343 0.082500 0.138796
0 0.402622 0.936889 0.074786 0.126222
0 0.751974 0.614671 0.075844 0.135824
0 0.173052 0.156056 0.074573 0.139704
0 0.678674 0.539778 0.074630 0.136704
0 0.910586 0.829167 0.083901 0.135019
0 0.565245 0.888282 0.077948 0.128731
0 0.632552 0.413819 0.080083 0.134676
0 0.671440 0.804671 0.086391 0.144324
0 0.718742 0.857444 0.080109 0.144463
0 0.251568 0.592593 0.077385 0.134889
0 0.671326 0.071565 0.079932 0.140907
0 0.489005 0.923741 0.073760 0.137519
0 0.188844 0.342606 0.068177 0.117306
0 0.746693 0.218639 0.080979 0.128185
0 0.312333 0.482681 0.071885 0.130676
0 0.582927 0.267269 0.071177 0.124111
0 0.402057 0.460602 0.076458 0.137722
0 0.785914 0.897194 0.078484 0.148185
0 0.740115 0.490167 0.072563 0.126333
0 0.403953 0.596528 0.081219 0.141981
0 0.082021 0.148727 0.083177 0.122657
0 0.917813 0.532583 0.080396 0.149556
0 0.310951 0.361597 0.077641 0.124343
0 0.796727 0.432069 0.067786 0.121417
0 0.078036 0.275546 0.080708 0.135685
0 0.115471 0.661690 0.069245 0.118417
0 0.722443 0.720046 0.074646 0.120315
0 0.410229 0.181014 0.078219 0.140472
0 0.186948 0.573185 0.078938 0.136741
0 0.048698 0.505880 0.074146 0.124537
0 0.680841 0.313079 0.075255 0.157972
0 0.555091 0.573125 0.077224 0.130120
0 0.659362 0.658264 0.077255 0.122750
0 0.850948 0.649574 0.082854 0.140037
0 0.243888 0.417194 0.067755 0.118074
0 0.232667 0.712014 0.074083 0.124546
0 0.504526 0.766319 0.074521 0.127565
0 0.976503 0.445606 0.046995 0.139102
0 0.490370 0.055630 0.073896 0.110852
0 0.556648 0.415634 0.072682 0.120787
0 0.862318 0.266440 0.068625 0.150176
0 0.940193 0.232824 0.074708 0.131944
0 0.964253 0.556315 0.071495 0.123259
0 0.430276 0.352440 0.077344 0.126935
0 0.058357 0.055315 0.078089 0.110074
0 0.397893 0.722282 0.072182 0.112417
0 0.036747 0.341069 0.072693 0.134676
0 0.682953 0.167898 0.076740 0.133111
0 0.140867 0.529796 0.072401 0.117889
0 0.605513 0.548273 0.072266 0.129361
0 0.201500 0.229259 0.075240 0.110926
0 0.188690 0.695144 0.064974 0.126361
0 0.081862 0.761903 0.075755 0.126269
0 0.028917 0.711722 0.057833 0.111000
0 0.129458 0.055750 0.079792 0.111500
0 0.454440 0.284278 0.079922 0.134130
0 0.926539 0.945028 0.076214 0.109944
0 0.299081 0.057764 0.077984 0.114009
0 0.412294 0.080944 0.081703 0.132611
0 0.774112 0.101898 0.081995 0.128870
0 0.033422 0.604514 0.065615 0.120509
0 0.086750 0.407315 0.081604 0.121463
0 0.200013 0.041579 0.074411 0.083157
0 0.130333 0.405889 0.075083 0.141537
0 0.036263 0.845838 0.072474 0.111620
0 0.028052 0.912866 0.056104 0.134824
0 0.756685 0.023338 0.081339 0.046676
0 0.189542 0.972056 0.075208 0.054222
0 0.907263 0.020662 0.080599 0.041324
0 0.279578 0.966389 0.088313 0.067222
0 0.987404 0.663949 0.024339 0.133491
0 0.062935 0.965981 0.077234 0.068037
0 0.009724 0.492630 0.019271 0.131148
0 0.618326 0.015764 0.081818 0.028806
0 0.549573 0.980921 0.085854 0.035806
0 0.434552 0.015144 0.078073 0.029139
