0 0.947128 0.627382 0.093458 0.143662
0 0.994792 0.054641 0.010208 0.109282
1 0.601844 0.187505 0.104719 0.161630
0 0.974531 0.681796 0.050937 0.164528
0 0.890599 0.018359 0.090125 0.036718
0 0.154259 0.042090 0.106867 0.084181
0 0.960189 0.043715 0.077518 0.087431
0 0.016121 0.661248 0.032242 0.160245
0 0.599703 0.062905 0.097240 0.123921
0 0.582559 0.798954 0.082914 0.158111
0 0.390070 0.198069 0.086000 0.148833
0 0.863487 0.295412 0.084583 0.151306
0 0.169688 0.672632 0.089937 0.137875
0 0.854926 0.582755 0.087419 0.151037
0 0.688737 0.439604 0.089578 0.149634
0 0.648759 0.676516 0.084143 0.133292
0 0.749247 0.235192 0.087521 0.159662
0 0.307634 0.218963 0.088190 0.147417
0 0.279616 0.651132 0.094440 0.154375
0 0.378387 0.838484 0.097773 0.172190
0 0.765605 0.382896 0.098107 0.154171
0 0.203182 0.538556 0.089604 0.155917
0 0.517536 0.732486 0.080151 0.151954
0 0.441635 0.072065 0.086078 0.143926
0 0.957792 0.486812 0.078786 0.149977
0 0.672600 0.266461 0.084211 0.151606
0 0.749520 0.905521 0.088055 0.146338
0 0.781354 0.792475 0.085333 0.137986
0 0.447444 0.680569 0.078206 0.149528
0 0.350068 0.551426 0.087719 0.159611
0 0.850238 0.762192 0.076586 0.157282
0 0.614772 0.936113 0.078367 0.125903
0 0.325447 0.748514 0.080784 0.143583
0 0.185928 0.398863 0.096258 0.159708
0 0.613891 0.357146 0.088302 0.148921
0 0.833318 0.894787 0.093052 0.144426
0 0.071346 0.671014 0.091656 0.152037
0 0.824456 0.457264 0.082344 0.145639
0 0.224361 0.119769 0.087992 0.158176
0 0.251686 0.331690 0.083029 0.131769
0 0.925073 0.744299 0.083292 0.148505
0 0.520448 0.073796 0.084651 0.147074
0 0.932970 0.271771 0.077310 0.177347
0 0.491793 0.294324 0.088680 0.146685
0 0.925081 0.872083 0.087026 0.162750
0 0.547962 0.901546 0.076388 0.137426
0 0.096026 0.243248 0.077271 0.166505
0 0.793001 0.148181 0.080180 0.166815
0 0.891283 0.445625 0.080419 0.171111
0 0.566383 0.272271 0.078578 0.135838
0 0.913353 0.100928 0.085419 0.154523
0 0.974523 0.137572 0.050953 0.135458
0 0.979152 0.257565 0.041695 0.140556
0 0.024171 0.117618 0.048341 0.138606
0 0.038939 0.566713 0.077435 0.145815
0 0.498983 0.182965 0.108701 0.143579
0 0.853116 0.138023 0.073253 0.195380
0 0.972358 0.814076 0.055284 0.174042
0 0.145301 0.126745 0.089872 0.144509
0 0.175096 0.241574 0.100474 0.159722
0 0.452470 0.907958 0.100914 0.149509
0 0.031986 0.237437 0.063096 0.143921
0 0.608440 0.539461 0.093099 0.193097
0 0.370563 0.674005 0.091526 0.167130
