1 0.576557 0.584116 0.086292 0.151324
0 0.016888 0.729213 0.033776 0.157778
0 0.868984 0.268514 0.097531 0.170898
0 0.971422 0.823991 0.056437 0.159019
1 0.628177 0.304815 0.087510 0.148963
0 0.694536 0.358931 0.091875 0.154231
0 0.210083 0.900542 0.104250 0.149528
0 0.875669 0.707833 0.088578 0.160519
0 0.605990 0.422815 0.094688 0.152352
0 0.341060 0.826963 0.089714 0.150963
0 0.785099 0.792157 0.090260 0.158519
0 0.289328 0.705898 0.090885 0.163167
0 0.611922 0.752389 0.076979 0.156833
0 0.403018 0.609116 0.100984 0.177065
0 0.219865 0.761681 0.095312 0.160528
0 0.392534 0.955269 0.085484 0.086870
0 0.781794 0.478269 0.083036 0.149241
0 0.699039 0.464769 0.081734 0.158296
0 0.201706 0.450602 0.099224 0.148574
0 0.334159 0.552333 0.079943 0.159778
0 0.422771 0.733019 0.091646 0.136741
0 0.193820 0.138282 0.091859 0.155306
0 0.717456 0.594620 0.086036 0.151204
0 0.683070 0.781579 0.086286 0.159176
0 0.505695 0.949014 0.090984 0.099676
0 0.079026 0.665120 0.103531 0.151611
0 0.784563 0.087843 0.087469 0.166796
0 0.302841 0.137125 0.085651 0.164787
0 0.853362 0.400301 0.078443 0.133231
0 0.883620 0.540741 0.087406 0.159167
0 0.552760 0.440657 0.093906 0.183426
0 0.078747 0.913718 0.087609 0.151009
0 0.049628 0.396250 0.083505 0.165093
0 0.494279 0.269565 0.083974 0.144685
0 0.489081 0.499634 0.090047 0.139287
0 0.486927 0.632213 0.087531 0.147259
0 0.418508 0.279282 0.083047 0.145731
0 0.374294 0.126991 0.077786 0.151407
0 0.450552 0.838847 0.094458 0.153213
0 0.238964 0.049458 0.082115 0.098528
0 0.545880 0.702269 0.084448 0.156241
0 0.204198 0.588431 0.075427 0.143769
0 0.189273 0.327921 0.093339 0.138824
0 0.137568 0.044602 0.084802 0.089204
0 0.126901 0.234569 0.086938 0.149139
0 0.953284 0.661778 0.085651 0.164037
0 0.441784 0.070667 0.085755 0.138907
0 0.136740 0.744213 0.087823 0.169741
0 0.718229 0.201870 0.088250 0.170074
0 0.552995 0.842565 0.087115 0.145111
0 0.057891 0.542931 0.091115 0.158398
0 0.954924 0.359329 0.089984 0.160306
0 0.355784 0.423671 0.087234 0.144046
0 0.261130 0.248273 0.091219 0.172731
0 0.264289 0.528921 0.086766 0.175935
0 0.542531 0.153843 0.092458 0.154704
0 0.651258 0.172079 0.086422 0.156806
0 0.325435 0.295486 0.085943 0.155917
0 0.703128 0.940093 0.084297 0.116019
0 0.041268 0.812542 0.081568 0.152843
0 0.451792 0.392389 0.090854 0.141037
0 0.929849 0.073435 0.109958 0.146185
0 0.602268 0.944602 0.083391 0.110796
0 0.038432 0.090801 0.075427 0.145565
0 0.846078 0.889847 0.083292 0.145491
0 0.617799 0.054509 0.080922 0.101204
0 0.373135 0.025884 0.087031 0.051769
0 0.974622 0.943204 0.050318 0.103333
0 0.258888 0.966815 0.094557 0.066370
0 0.975883 0.458171 0.046349 0.145028
0 0.541596 0.035972 0.071547 0.069019
0 0.946391 0.204611 0.091937 0.159259
0 0.119146 0.396157 0.079927 0.154537
0 0.685453 0.017704 0.085490 0.035407
0 0.984206 0.146833 0.027276 0.184426
0 0.133667 0.585019 0.086344 0.159593
0 0.031161 0.226194 0.062323 0.153037
0 0.766232 0.333745 0.082339 0.147954
0 0.009909 0.356829 0.019818 0.146472
0 0.994656 0.632880 0.010687 0.132000
0 0.754307 0.987282 0.068385 0.023991
0 0.483469 0.012912 0.071969 0.024454
0 0.109055 0.985560 0.085224 0.028880
