0 0.362599 0.218792 0.077797 0.169630
0 0.303009 0.532933 0.081555 0.170329
0 0.446725 0.529604 0.068768 0.161995
0 0.596396 0.716549 0.074042 0.167394
0 0.682579 0.071234 0.085060 0.142347
0 0.603940 0.558488 0.077167 0.152514
0 0.048729 0.754991 0.070224 0.138333
0 0.963013 0.380363 0.073974 0.136338
0 0.247707 0.688630 0.080133 0.156213
0 0.537889 0.067743 0.082174 0.134912
0 0.494311 0.931928 0.082232 0.134616
0 0.782146 0.931505 0.090755 0.135833
0 0.355285 0.386118 0.071164 0.137310
0 0.913622 0.692727 0.068859 0.139620
0 0.801374 0.486620 0.085086 0.164426
0 0.972132 0.648801 0.055539 0.132898
0 0.085984 0.312637 0.079078 0.137227
0 0.166164 0.725225 0.078120 0.155958
0 0.851995 0.115454 0.094573 0.173435
0 0.840417 0.296354 0.075823 0.135903
0 0.362725 0.704852 0.081602 0.154315
0 0.706262 0.727963 0.081951 0.150824
0 0.306202 0.826359 0.086029 0.141699
0 0.502105 0.633130 0.081279 0.153083
0 0.199947 0.340183 0.088555 0.158190
0 0.516547 0.483917 0.080234 0.146694
0 0.378078 0.525750 0.076120 0.162907
0 0.542611 0.354921 0.080539 0.143611
0 0.560896 0.218095 0.091656 0.148634
0 0.197279 0.579722 0.094740 0.145398
0 0.934362 0.546079 0.079464 0.131102
0 0.656357 0.440560 0.081135 0.143731
0 0.709553 0.348660 0.085544 0.149032
0 0.465901 0.760692 0.081411 0.144190
0 0.330616 0.979530 0.085159 0.038468
0 0.384156 0.018759 0.098339 0.036065
0 0.022388 0.024692 0.044760 0.049042
0 0.008322 0.195620 0.016643 0.155315
0 0.990362 0.284685 0.019229 0.136231
1 0.951344 0.911840 0.085984 0.155894
0 0.014270 0.479984 0.028388 0.139069
0 0.982372 0.033681 0.035255 0.067361
0 0.632900 0.024998 0.078336 0.049995
1 0.536049 0.808597 0.067865 0.135083
0 0.465469 0.030856 0.084625 0.061713
1 0.844262 0.661285 0.074977 0.138431
1 0.428372 0.862072 0.076464 0.141153
0 0.913965 0.037512 0.067727 0.074718
1 0.903013 0.215935 0.081943 0.177620
1 0.705453 0.201782 0.091458 0.156333
1 0.127030 0.434771 0.080138 0.153079
0 0.022156 0.927252 0.044172 0.144949
0 0.977307 0.798822 0.045266 0.154134
0 0.885211 0.952743 0.082948 0.092875
0 0.778702 0.367771 0.084174 0.151912
0 0.287956 0.213144 0.073016 0.160370
0 0.069266 0.513199 0.079609 0.170750
0 0.772126 0.624410 0.067044 0.149745
0 0.469835 0.296278 0.075169 0.168481
0 0.029323 0.358072 0.058646 0.154894
0 0.254645 0.921345 0.083148 0.155005
0 0.669793 0.591616 0.074180 0.160454
0 0.046031 0.637340 0.092016 0.123495
0 0.104288 0.850227 0.080029 0.167148
0 0.432829 0.168910 0.066518 0.179977
0 0.153120 0.942095 0.086516 0.113755
