0 0.077763 0.770398 0.096703 0.159685
0 0.675461 0.443977 0.077620 0.137139
0 0.961047 0.334968 0.077906 0.171269
0 0.130237 0.600069 0.081807 0.147306
0 0.528578 0.317014 0.069969 0.121806
0 0.766813 0.589912 0.086000 0.160009
0 0.610023 0.375005 0.093620 0.127324
0 0.293776 0.797713 0.086000 0.145537
0 0.914466 0.907810 0.078109 0.132787
0 0.213047 0.893023 0.087427 0.152157
0 0.609005 0.757926 0.083198 0.142222
0 0.942044 0.786324 0.088484 0.139000
0 0.500401 0.209060 0.095708 0.147602
0 0.451055 0.731843 0.102672 0.136167
0 0.971497 0.886037 0.056786 0.155204
0 0.679721 0.294681 0.076349 0.133917
0 0.864531 0.459699 0.096375 0.154139
0 0.306878 0.450769 0.089339 0.154870
0 0.589115 0.903579 0.080240 0.142972
0 0.923625 0.548046 0.103594 0.158500
0 0.255471 0.374657 0.092047 0.150778
0 0.224865 0.235634 0.091219 0.144454
0 0.297409 0.060718 0.090849 0.121435
0 0.108523 0.061889 0.084047 0.120907
0 0.066297 0.361032 0.102427 0.167120
0 0.532680 0.813625 0.083745 0.139565
0 0.339250 0.696884 0.080052 0.135954
0 0.024414 0.836213 0.048620 0.147056
0 0.178599 0.757329 0.086719 0.135287
0 0.451750 0.856227 0.092021 0.140972
0 0.039313 0.461889 0.076979 0.133630
0 0.129099 0.868741 0.086833 0.146185
0 0.059112 0.632764 0.094630 0.147713
0 0.308174 0.916130 0.103703 0.135722
0 0.987398 0.128370 0.025005 0.151481
0 0.018888 0.086546 0.036651 0.154074
0 0.011344 0.221236 0.022688 0.155491
0 0.245688 0.705764 0.094719 0.141769
0 0.516104 0.932528 0.077458 0.130722
0 0.231456 0.115167 0.114130 0.135778
0 0.458414 0.320722 0.100224 0.154444
0 0.389156 0.426407 0.083625 0.161111
1 0.499440 0.546764 0.082984 0.152583
1 0.448510 0.457278 0.090958 0.154685
0 0.186893 0.052000 0.084495 0.099407
0 0.820068 0.541472 0.091812 0.189556
0 0.693995 0.172301 0.084813 0.140250
0 0.759586 0.422463 0.085036 0.135481
0 0.469273 0.099398 0.090234 0.152296
0 0.631622 0.609324 0.089276 0.168259
0 0.369768 0.284333 0.077391 0.150389
0 0.702911 0.644968 0.081563 0.148009
0 0.911128 0.686157 0.087714 0.136574
0 0.296451 0.262065 0.084474 0.155426
0 0.663784 0.889870 0.079984 0.138704
0 0.756393 0.290199 0.084766 0.147935
0 0.832227 0.724819 0.083203 0.135250
0 0.549891 0.681278 0.087229 0.137833
0 0.597672 0.122528 0.091271 0.138500
0 0.398445 0.645417 0.076141 0.132444
0 0.887214 0.338338 0.087740 0.130991
0 0.276688 0.596977 0.100208 0.158139
0 0.959451 0.062662 0.078266 0.125324
0 0.614841 0.246861 0.088484 0.146593
0 0.914323 0.212921 0.099844 0.142843
