0 0.113214 0.307130 0.105875 0.186130
0 0.790109 0.295949 0.091490 0.144194
0 0.116852 0.041153 0.096818 0.082306
0 0.190336 0.267954 0.113109 0.158685
0 0.664714 0.575926 0.079115 0.123481
0 0.182159 0.018755 0.080380 0.037509
0 0.251128 0.062537 0.080797 0.117630
0 0.734505 0.614574 0.071198 0.173370
0 0.024818 0.391801 0.048198 0.215620
1 0.184609 0.449856 0.080781 0.129157
0 0.763466 0.204097 0.091682 0.175546
0 0.070779 0.369046 0.077557 0.172741
0 0.068312 0.512046 0.096896 0.152259
0 0.693227 0.250153 0.080661 0.162176
0 0.148177 0.558083 0.107792 0.139093
0 0.848758 0.610727 0.102193 0.208620
0 0.687539 0.946537 0.112328 0.103074
0 0.609396 0.402574 0.087146 0.183296
0 0.834521 0.378028 0.084958 0.165111
0 0.631128 0.499866 0.079630 0.133250
0 0.664120 0.682551 0.097240 0.166731
0 0.650182 0.316940 0.083031 0.174083
