0 0.917599 0.855694 0.085760 0.140889
0 0.004453 0.334681 0.008906 0.164685
0 0.758418 0.021986 0.086398 0.042380
0 0.544711 0.984877 0.087630 0.027532
0 0.990005 0.686630 0.019828 0.136815
0 0.841971 0.592164 0.092823 0.103847
1 0.649290 0.411400 0.082310 0.143653
1 0.552289 0.111780 0.080089 0.135116
0 0.986990 0.191380 0.025766 0.143991
1 0.611626 0.278586 0.079143 0.138986
1 0.393128 0.945264 0.080052 0.106722
0 0.027132 0.960414 0.054263 0.076236
1 0.505904 0.507590 0.081865 0.151625
1 0.872174 0.755674 0.078464 0.131968
1 0.432047 0.687898 0.083839 0.159509
1 0.189460 0.287907 0.082310 0.149759
1 0.694072 0.855130 0.079060 0.149676
0 0.681379 0.965884 0.080742 0.067713
1 0.578091 0.697866 0.079396 0.145417
0 0.982448 0.326854 0.035104 0.128338
0 0.756970 0.072694 0.092451 0.137037
0 0.322298 0.062762 0.084190 0.125394
0 0.783914 0.957917 0.077729 0.083287
0 0.902734 0.958336 0.074880 0.081495
0 0.878712 0.202331 0.088565 0.120486
0 0.764047 0.808891 0.072120 0.154208
0 0.724070 0.181208 0.083625 0.127204
0 0.471034 0.937053 0.083734 0.124894
0 0.045512 0.362926 0.076893 0.134324
0 0.028439 0.128377 0.056878 0.150662
0 0.209902 0.935664 0.089263 0.127745
0 0.831513 0.873102 0.081318 0.154759
0 0.244779 0.384602 0.081510 0.127241
0 0.695671 0.299051 0.086992 0.140037
0 0.305477 0.510160 0.084036 0.145931
0 0.046583 0.512299 0.090734 0.145449
0 0.508605 0.782262 0.084237 0.123579
0 0.179789 0.809641 0.080641 0.137606
0 0.405372 0.477213 0.086547 0.135713
0 0.552779 0.386933 0.079464 0.137144
0 0.961473 0.435204 0.077055 0.135620
0 0.314858 0.768211 0.080581 0.149468
0 0.936699 0.621574 0.084919 0.142630
0 0.237130 0.699657 0.086333 0.147148
0 0.890615 0.503764 0.086422 0.143500
0 0.325935 0.372407 0.082151 0.136870
0 0.605971 0.858685 0.084646 0.158972
0 0.928988 0.293581 0.079169 0.138468
