0 0.290898 0.547139 0.078255 0.142722
0 0.921836 0.871894 0.090401 0.149231
0 0.448974 0.377171 0.091010 0.164065
0 0.072305 0.215167 0.088703 0.142093
0 0.168224 0.440995 0.092927 0.151139
0 0.176044 0.583366 0.090266 0.149028
0 0.472240 0.518241 0.086865 0.160685
0 0.810078 0.861542 0.090250 0.150157
0 0.693227 0.215829 0.102807 0.140713
0 0.575398 0.175116 0.090328 0.161213
0 0.471818 0.810148 0.085031 0.150426
0 0.841992 0.502468 0.087526 0.144843
0 0.289328 0.878023 0.082312 0.143102
0 0.183430 0.199630 0.077734 0.137981
0 0.398526 0.793931 0.073458 0.140731
0 0.725661 0.446329 0.088271 0.146417
0 0.588648 0.721815 0.088036 0.147074
0 0.420573 0.160032 0.089438 0.151269
0 0.817354 0.646778 0.088021 0.147333
0 0.310250 0.692227 0.078229 0.158065
0 0.795677 0.404847 0.083948 0.155435
0 0.158672 0.306898 0.093375 0.130222
0 0.629784 0.481644 0.080911 0.156917
0 0.237508 0.678644 0.081380 0.141083
0 0.529404 0.643968 0.089411 0.144861
0 0.388831 0.546255 0.091130 0.161398
0 0.900674 0.584176 0.092047 0.148148
0 0.701992 0.334185 0.098161 0.132241
0 0.728518 0.863065 0.083797 0.145630
0 0.746172 0.736009 0.090865 0.138481
0 0.197404 0.070477 0.089714 0.140954
0 0.137568 0.682083 0.090688 0.168833
0 0.045331 0.083444 0.090661 0.156611
0 0.650273 0.881597 0.085651 0.167806
0 0.355055 0.099750 0.082953 0.149426
0 0.553159 0.513940 0.084620 0.141398
0 0.062964 0.367769 0.082750 0.139944
0 0.556276 0.928954 0.093208 0.142093
0 0.969044 0.498995 0.061911 0.138194
0 0.572005 0.403968 0.081021 0.114491
0 0.381677 0.950380 0.082958 0.097259
0 0.698297 0.653917 0.100031 0.157222
0 0.675680 0.100019 0.093047 0.123056
0 0.980198 0.613403 0.039146 0.123713
1 0.643089 0.607944 0.078604 0.125593
0 0.008268 0.863718 0.016536 0.169787
0 0.412883 0.046829 0.087120 0.093657
0 0.601482 0.298477 0.092286 0.143491
0 0.994372 0.719713 0.011255 0.152926
0 0.075536 0.966426 0.088344 0.061981
