0 0.273883 0.179223 0.079078 0.104444
0 0.598088 0.058431 0.091470 0.116862
0 0.520818 0.652068 0.090802 0.121975
0 0.158183 0.162343 0.090741 0.118637
0 0.401937 0.129038 0.088526 0.112335
0 0.353553 0.256463 0.085293 0.108637
0 0.296022 0.346752 0.088349 0.114748
0 0.205777 0.405136 0.084302 0.121044
0 0.323827 0.096451 0.074028 0.101543
0 0.328119 0.747744 0.086825 0.109974
0 0.653999 0.146353 0.082249 0.114568
0 0.740235 0.104306 0.089653 0.117695
0 0.964869 0.550638 0.070224 0.121265
0 0.684986 0.745908 0.087905 0.122022
0 0.686291 0.421199 0.082604 0.115833
0 0.514439 0.958233 0.090204 0.083534
0 0.884464 0.839465 0.083565 0.122973
0 0.312689 0.907317 0.096319 0.123349
0 0.798646 0.855201 0.094977 0.140556
0 0.734504 0.919352 0.088985 0.119012
0 0.517784 0.289910 0.072242 0.090417
0 0.964990 0.825810 0.069803 0.117155
0 0.109585 0.833138 0.082172 0.113971
0 0.832072 0.687436 0.088727 0.123627
0 0.497122 0.809668 0.089005 0.112958
0 0.037301 0.578027 0.074371 0.110684
0 0.587558 0.230262 0.076443 0.110947
0 0.438009 0.720908 0.087060 0.119820
0 0.916622 0.660491 0.087095 0.117587
0 0.940530 0.932505 0.095019 0.116070
0 0.467116 0.380604 0.084533 0.110499
0 0.040284 0.465442 0.080382 0.110350
0 0.777531 0.418115 0.089807 0.117649
0 0.866790 0.348719 0.092029 0.117665
0 0.862407 0.505113 0.084383 0.111235
0 0.124529 0.412449 0.079144 0.112767
0 0.415963 0.955787 0.095590 0.088333
0 0.311983 0.505602 0.086096 0.110669
0 0.449610 0.040355 0.092145 0.080710
0 0.625673 0.804691 0.106292 0.136934
0 0.657899 0.529378 0.073985 0.103848
0 0.781476 0.294007 0.088191 0.110360
0 0.614446 0.368593 0.078044 0.112135
0 0.965455 0.152775 0.068789 0.105849
0 0.031073 0.693251 0.062145 0.133200
0 0.285802 0.678061 0.085664 0.094095
0 0.059913 0.031872 0.080976 0.063745
0 0.801001 0.194239 0.086038 0.112901
0 0.057207 0.350064 0.093410 0.119480
0 0.973501 0.284519 0.052998 0.100262
0 0.292211 0.590481 0.082801 0.093277
0 0.568665 0.884627 0.087654 0.112989
0 0.126846 0.276672 0.086238 0.109547
0 0.266780 0.808819 0.085351 0.131775
0 0.187498 0.690476 0.083823 0.108040
0 0.373924 0.565118 0.076898 0.124794
0 0.573821 0.714509 0.099055 0.129460
0 0.099653 0.662145 0.089437 0.122551
0 0.069531 0.227485 0.081292 0.141821
0 0.720924 0.026942 0.089062 0.053606
0 0.610791 0.968007 0.084799 0.063863
0 0.138281 0.576345 0.075104 0.106384
0 0.965120 0.029905 0.069761 0.059810
0 0.022031 0.099992 0.043854 0.118513
0 0.215820 0.557618 0.080181 0.121039
0 0.733767 0.610520 0.101223 0.105988
0 0.736925 0.694735 0.087840 0.112207
0 0.469435 0.483290 0.091339 0.105211
0 0.022635 0.864735 0.045270 0.110324
0 0.735938 0.524267 0.082245 0.104491
0 0.208841 0.975378 0.084024 0.049244
0 0.883787 0.023866 0.079479 0.047515
0 0.927805 0.093367 0.087461 0.095149
0 0.095480 0.976008 0.095706 0.047726
0 0.984265 0.654352 0.031424 0.112891
0 0.188704 0.016209 0.080556 0.032222
0 0.599772 0.599226 0.085154 0.102474
0 0.100548 0.533038 0.076690 0.128873
0 0.525980 0.012978 0.076242 0.025957
0 0.363056 0.008544 0.087052 0.017088
1 0.905114 0.227204 0.098291 0.130520
1 0.433974 0.297778 0.080532 0.094959
1 0.563598 0.505131 0.094147 0.126764
1 0.457058 0.575561 0.097188 0.126605
1 0.188862 0.805386 0.082515 0.111759
