0 0.139009 0.512211 0.078258 0.128968
0 0.184327 0.894542 0.094253 0.092991
0 0.986102 0.413954 0.027797 0.130426
0 0.211039 0.959616 0.079609 0.079306
0 0.163850 0.636995 0.077107 0.136639
0 0.494861 0.036134 0.070326 0.072028
0 0.463630 0.872019 0.072083 0.114037
0 0.032674 0.034970 0.064667 0.069940
0 0.819393 0.876602 0.074818 0.130759
0 0.982440 0.711405 0.035099 0.118755
0 0.934283 0.963225 0.067648 0.072264
0 0.333138 0.084692 0.081453 0.134792
0 0.424897 0.051942 0.066164 0.102949
0 0.549077 0.256347 0.072576 0.124435
0 0.305077 0.516796 0.075701 0.115093
0 0.549702 0.580900 0.070799 0.106856
0 0.951895 0.807299 0.063893 0.115569
0 0.974393 0.144519 0.051214 0.136954
0 0.481703 0.763505 0.074302 0.108907
0 0.880224 0.639704 0.072370 0.104037
0 0.441516 0.331303 0.072021 0.129375
0 0.667757 0.683532 0.070747 0.112454
0 0.499793 0.153046 0.090888 0.157194
0 0.258234 0.178204 0.076438 0.128009
0 0.921303 0.308049 0.078607 0.137255
0 0.881250 0.796123 0.070984 0.125384
0 0.399535 0.459116 0.071326 0.137917
0 0.556405 0.828870 0.072326 0.124630
0 0.392784 0.785831 0.080297 0.122282
0 0.553008 0.699248 0.085911 0.126171
0 0.477732 0.622231 0.068385 0.135426
0 0.023491 0.296718 0.046888 0.145231
0 0.142710 0.089046 0.073935 0.137611
0 0.705009 0.580507 0.071659 0.118810
0 0.693539 0.805537 0.074964 0.122352
0 0.238374 0.801553 0.080523 0.125819
0 0.390365 0.650609 0.083870 0.131588
0 0.800238 0.747113 0.073039 0.137829
0 0.838253 0.558618 0.069052 0.125468
0 0.791352 0.283711 0.070953 0.120875
0 0.269233 0.333493 0.069440 0.144366
0 0.207762 0.402704 0.071060 0.126306
0 0.117620 0.810407 0.066813 0.115741
0 0.820171 0.400822 0.071570 0.125551
0 0.929803 0.448692 0.080393 0.136847
0 0.883926 0.922630 0.063831 0.112741
0 0.381505 0.936181 0.078891 0.126000
0 0.570370 0.452794 0.075375 0.135144
0 0.774790 0.518035 0.068997 0.129912
0 0.646057 0.279808 0.088141 0.151458
0 0.072111 0.445324 0.075461 0.135870
0 0.632810 0.872644 0.078542 0.129759
0 0.235007 0.672211 0.062138 0.114986
0 0.841083 0.175877 0.063771 0.120708
0 0.724850 0.162852 0.085029 0.142056
0 0.306552 0.678410 0.073776 0.130245
0 0.959120 0.603123 0.081760 0.138727
0 0.810880 0.065343 0.076969 0.130074
0 0.041085 0.139933 0.081727 0.144051
0 0.071457 0.915183 0.085747 0.151245
0 0.797243 0.970282 0.076826 0.057583
0 0.744010 0.683891 0.072385 0.122088
0 0.449461 0.966065 0.086885 0.065898
0 0.043824 0.627201 0.062919 0.102597
0 0.017616 0.869197 0.035232 0.137718
0 0.879108 0.022891 0.074169 0.045125
0 0.985503 0.897639 0.028786 0.124306
1 0.487258 0.436655 0.076208 0.144477
0 0.008991 0.737986 0.017982 0.123870
0 0.302853 0.013750 0.073695 0.027213
0 0.613344 0.966970 0.090182 0.064208
0 0.180526 0.017007 0.076198 0.033403
0 0.665212 0.021123 0.074919 0.042245
