0 0.016012 0.457662 0.032023 0.154676
0 0.330878 0.321164 0.082958 0.144134
0 0.833215 0.973187 0.079674 0.052384
1 0.449009 0.269824 0.089779 0.154565
0 0.981112 0.675086 0.037620 0.137134
0 0.963576 0.049037 0.072469 0.095713
0 0.868892 0.035933 0.090654 0.071866
0 0.982888 0.316285 0.034135 0.131560
0 0.263798 0.226396 0.084831 0.182755
0 0.973055 0.958944 0.053891 0.079213
0 0.779608 0.796866 0.086805 0.146333
0 0.045423 0.258403 0.074758 0.141176
0 0.366737 0.041287 0.080000 0.082509
0 0.569266 0.086461 0.078781 0.142245
0 0.491214 0.960072 0.082687 0.078968
0 0.422103 0.956924 0.069247 0.084755
0 0.203664 0.347100 0.086880 0.132690
0 0.290624 0.955093 0.079888 0.089491
0 0.018003 0.145556 0.035979 0.138787
0 0.022439 0.639106 0.044878 0.128389
0 0.778333 0.054968 0.078536 0.109370
0 0.601991 0.826507 0.081831 0.150218
0 0.262409 0.867697 0.083979 0.155634
0 0.399339 0.340669 0.076349 0.157773
0 0.869363 0.671963 0.079102 0.174991
0 0.513824 0.843190 0.089023 0.145194
0 0.635367 0.056410 0.084500 0.112495
0 0.916598 0.955556 0.082945 0.088241
0 0.734577 0.553338 0.082305 0.167620
0 0.689608 0.452174 0.081122 0.143801
0 0.110971 0.549718 0.072151 0.171676
0 0.094659 0.057414 0.080896 0.113903
0 0.528924 0.181373 0.105104 0.148153
0 0.492499 0.577410 0.080409 0.163718
0 0.123204 0.816252 0.085003 0.140875
0 0.712733 0.081183 0.079430 0.162366
0 0.072798 0.139542 0.084070 0.134787
0 0.348444 0.184086 0.088862 0.171560
0 0.228520 0.665111 0.082388 0.136556
0 0.426585 0.504600 0.082102 0.154505
0 0.290643 0.073859 0.084370 0.124292
0 0.350322 0.789648 0.080935 0.152889
0 0.545546 0.380312 0.085216 0.162995
0 0.172846 0.924528 0.090615 0.150417
0 0.136980 0.435806 0.094872 0.159546
0 0.052715 0.518222 0.078471 0.152444
0 0.151599 0.151787 0.075734 0.162389
0 0.569374 0.940303 0.078497 0.119384
0 0.083716 0.722671 0.075417 0.132815
0 0.764203 0.940704 0.077151 0.116028
0 0.366049 0.924623 0.082339 0.140273
0 0.178387 0.554778 0.084081 0.140991
0 0.206745 0.793623 0.081771 0.143486
0 0.555702 0.640611 0.072836 0.158685
0 0.504359 0.716764 0.087130 0.122778
0 0.125021 0.297280 0.084922 0.146662
0 0.807736 0.577567 0.081148 0.157449
0 0.970698 0.164729 0.058245 0.146773
0 0.414991 0.689859 0.079122 0.138866
0 0.919310 0.606951 0.077427 0.149162
0 0.268302 0.400704 0.075292 0.141065
0 0.629883 0.378801 0.083958 0.123241
0 0.475992 0.415000 0.078130 0.152009
0 0.681663 0.796206 0.078763 0.137042
0 0.679346 0.194507 0.081948 0.131745
0 0.930034 0.420424 0.090130 0.141588
0 0.415335 0.134056 0.082081 0.144241
0 0.875480 0.866664 0.071940 0.141125
0 0.734305 0.385313 0.076786 0.132301
0 0.342529 0.637852 0.076938 0.137861
0 0.603729 0.526972 0.085328 0.138176
0 0.025715 0.801900 0.051430 0.146986
0 0.653839 0.937100 0.087344 0.124384
0 0.934402 0.277565 0.091378 0.143426
0 0.048405 0.394664 0.081284 0.139986
0 0.219949 0.163419 0.072253 0.134153
0 0.046172 0.931155 0.083766 0.134403
0 0.858658 0.521970 0.073451 0.133801
0 0.427336 0.825535 0.084932 0.153819
0 0.271591 0.560780 0.085432 0.142986
0 0.345017 0.471694 0.090810 0.166287
0 0.905260 0.125917 0.082687 0.153741
0 0.948108 0.854109 0.083086 0.149356
0 0.283089 0.727275 0.076964 0.136282
0 0.753747 0.251741 0.081281 0.143194
0 0.817517 0.410426 0.088018 0.138824
0 0.830978 0.285433 0.078216 0.134782
0 0.967022 0.533336 0.065763 0.142347
0 0.609335 0.252873 0.084081 0.152014
0 0.995017 0.432988 0.009966 0.129838
0 0.022689 0.981720 0.045372 0.036560
0 0.546948 0.013005 0.093146 0.026009
