0 0.988590 0.319882 0.022513 0.134338
0 0.628402 0.585167 0.076388 0.125343
0 0.761169 0.852356 0.085703 0.139917
0 0.130361 0.798340 0.072799 0.125968
0 0.064232 0.547065 0.093953 0.133102
0 0.467243 0.063877 0.088190 0.127755
0 0.687852 0.430403 0.081625 0.138444
0 0.928460 0.487579 0.080169 0.135500
0 0.947477 0.626657 0.078177 0.130824
0 0.119831 0.450590 0.087245 0.142745
0 0.797822 0.460213 0.078690 0.135009
0 0.285374 0.372701 0.092070 0.137606
0 0.286206 0.525729 0.087984 0.151495
0 0.041234 0.404863 0.082469 0.136560
0 0.413212 0.896058 0.083721 0.131569
0 0.755133 0.341065 0.091177 0.156287
0 0.782079 0.605449 0.081826 0.158361
0 0.263383 0.664796 0.084672 0.137694
0 0.558014 0.873104 0.077784 0.142671
0 0.314624 0.912030 0.075695 0.136181
0 0.215452 0.766563 0.076284 0.133847
0 0.484382 0.950537 0.082904 0.098926
0 0.981853 0.945889 0.036294 0.106046
0 0.691465 0.957993 0.085701 0.083708
0 0.148987 0.267421 0.087047 0.128380
0 0.010217 0.769683 0.020435 0.146699
0 0.269327 0.132549 0.079628 0.137514
0 0.604466 0.739521 0.082854 0.143995
0 0.743983 0.734264 0.082503 0.151750
0 0.176594 0.363750 0.078255 0.135722
0 0.384858 0.038299 0.077326 0.076597
0 0.450400 0.268211 0.085674 0.140819
0 0.153177 0.143144 0.094443 0.135620
0 0.856723 0.795910 0.081836 0.152727
0 0.073461 0.179194 0.081562 0.137074
0 0.705643 0.166762 0.080208 0.137921
0 0.239255 0.036775 0.076979 0.073551
0 0.809194 0.105100 0.089904 0.174819
0 0.175624 0.888995 0.080789 0.136722
0 0.894783 0.020998 0.089341 0.041106
0 0.005254 0.538169 0.010294 0.130532
0 0.409615 0.987731 0.077589 0.023185
0 0.922181 0.981850 0.090138 0.034588
0 0.883327 0.101942 0.081008 0.157273
0 0.600763 0.020178 0.090255 0.040319
0 0.014984 0.309574 0.029969 0.138463
0 0.911526 0.893211 0.084901 0.146356
0 0.028355 0.034958 0.056331 0.069880
0 0.700681 0.615470 0.081555 0.146236
0 0.030668 0.899963 0.061331 0.138898
0 0.412768 0.613685 0.089667 0.151583
0 0.586717 0.199178 0.081721 0.130014
0 0.852927 0.656414 0.078391 0.132801
0 0.635311 0.897847 0.088893 0.161537
0 0.411599 0.757396 0.084651 0.150681
0 0.133116 0.667778 0.081982 0.136889
0 0.249292 0.256785 0.077438 0.126968
0 0.621234 0.090850 0.089052 0.126977
0 0.179880 0.053887 0.078495 0.107042
0 0.331305 0.772634 0.080214 0.146861
0 0.576418 0.322250 0.088154 0.130259
0 0.964816 0.046951 0.069997 0.093106
0 0.891736 0.369465 0.079596 0.138356
0 0.249234 0.949775 0.070281 0.098255
0 0.576706 0.437113 0.082156 0.114810
0 0.945275 0.151606 0.088732 0.140537
0 0.810240 0.247986 0.083146 0.129972
0 0.963392 0.765641 0.073216 0.142921
0 0.936917 0.276495 0.087667 0.136694
