0 0.991594 0.304778 0.016812 0.148741
0 0.122217 0.380586 0.071451 0.125069
0 0.529389 0.632326 0.082909 0.137144
0 0.743415 0.614889 0.068617 0.131454
0 0.185133 0.681590 0.070448 0.143505
0 0.812296 0.895255 0.074477 0.125074
0 0.190026 0.369250 0.077052 0.144861
0 0.782405 0.178002 0.069883 0.128282
0 0.730823 0.260773 0.068510 0.140852
0 0.806936 0.556560 0.073466 0.142694
0 0.193806 0.930292 0.072320 0.123407
0 0.664803 0.933699 0.070961 0.126731
0 0.611268 0.537419 0.074604 0.112338
0 0.110565 0.700553 0.079661 0.118329
0 0.960435 0.496563 0.079130 0.141736
0 0.636891 0.370928 0.074786 0.124356
0 0.380616 0.863477 0.085430 0.141315
0 0.468462 0.232720 0.074612 0.121440
0 0.238432 0.732458 0.074932 0.137500
0 0.073345 0.134961 0.078935 0.138310
0 0.159728 0.503431 0.074633 0.137194
0 0.361654 0.436961 0.089271 0.140755
0 0.101473 0.869144 0.078576 0.138315
0 0.819796 0.376007 0.085331 0.156912
0 0.426852 0.437056 0.073578 0.129648
0 0.033721 0.623588 0.067443 0.123222
0 0.229714 0.573954 0.070984 0.127519
0 0.594208 0.423028 0.081437 0.112185
0 0.718801 0.906343 0.083799 0.123972
0 0.502534 0.442458 0.073885 0.143343
0 0.070811 0.554243 0.078378 0.136968
0 0.189363 0.083891 0.066628 0.137181
0 0.673776 0.333704 0.076641 0.121972
0 0.276376 0.224021 0.087591 0.132718
0 0.280477 0.062424 0.076693 0.124847
0 0.570160 0.198206 0.082039 0.137977
0 0.608428 0.641396 0.073081 0.130495
0 0.109120 0.535683 0.073844 0.143032
0 0.605164 0.076058 0.066422 0.109412
0 0.032125 0.860806 0.064250 0.122944
0 0.645348 0.616914 0.070388 0.122782
0 0.349410 0.961586 0.077633 0.076384
0 0.130583 0.818674 0.073281 0.121634
0 0.247975 0.942028 0.062794 0.114000
0 0.064672 0.270271 0.072911 0.125403
0 0.681917 0.611127 0.066521 0.169449
0 0.454508 0.040863 0.075094 0.080356
0 0.858674 0.598081 0.073099 0.127884
0 0.534547 0.041593 0.076667 0.083185
0 0.128263 0.118056 0.084771 0.149491
0 0.924488 0.569185 0.072586 0.134787
0 0.024275 0.713394 0.047878 0.146185
0 0.806232 0.707611 0.086953 0.140500
0 0.620105 0.190456 0.080685 0.125366
0 0.022507 0.339185 0.044799 0.138898
0 0.165569 0.818222 0.062617 0.113287
0 0.035176 0.291100 0.070180 0.131505
0 0.330730 0.039211 0.079930 0.078421
0 0.011142 0.530873 0.022086 0.121884
0 0.885448 0.916454 0.078453 0.142824
0 0.756848 0.459514 0.079154 0.135852
0 0.008740 0.950815 0.017328 0.098370
0 0.270444 0.587104 0.084049 0.126495
0 0.889387 0.573387 0.080664 0.143958
0 0.911970 0.907400 0.076503 0.143069
0 0.013102 0.130662 0.026203 0.134704
0 0.024707 0.924683 0.049039 0.119440
0 0.589319 0.933301 0.075971 0.130056
0 0.338408 0.127720 0.083211 0.133255
0 0.118940 0.014280 0.082510 0.027338
0 0.005480 0.728174 0.010961 0.118440
