0 0.007951 0.199368 0.015823 0.140079
0 0.602503 0.014877 0.082922 0.029051
0 0.799284 0.981308 0.092812 0.035634
0 0.005637 0.359968 0.010898 0.141463
0 0.644348 0.355646 0.085523 0.147736
0 0.888382 0.039583 0.073971 0.079167
0 0.022281 0.060551 0.044562 0.120528
0 0.292234 0.043012 0.081458 0.085208
0 0.978815 0.410919 0.042026 0.133606
0 0.778237 0.415403 0.081849 0.145259
0 0.771714 0.046731 0.083578 0.091843
0 0.725486 0.365854 0.079409 0.152912
0 0.088276 0.079861 0.082016 0.123361
0 0.973040 0.550451 0.053695 0.147551
0 0.472595 0.431215 0.099773 0.150375
0 0.345221 0.074502 0.086667 0.149005
0 0.235324 0.480880 0.084013 0.152806
0 0.679376 0.576701 0.091492 0.152819
0 0.490863 0.871037 0.082482 0.159880
0 0.838823 0.921181 0.086953 0.144028
0 0.476488 0.592836 0.084940 0.130755
0 0.057732 0.588396 0.071813 0.146347
0 0.615714 0.466491 0.084672 0.128630
0 0.830009 0.131317 0.074914 0.137532
0 0.520073 0.506870 0.077141 0.130380
0 0.326285 0.910782 0.082576 0.149611
0 0.422302 0.821870 0.084948 0.137963
0 0.663204 0.735160 0.089888 0.150431
0 0.612049 0.109903 0.079359 0.142120
0 0.403737 0.935382 0.082938 0.123153
0 0.713647 0.933824 0.082940 0.132333
0 0.449214 0.702931 0.088000 0.139759
0 0.760242 0.541345 0.087333 0.131597
0 0.641893 0.875560 0.083474 0.141472
0 0.559944 0.926822 0.085721 0.139532
0 0.744684 0.812799 0.083560 0.141745
0 0.302272 0.669961 0.089654 0.135838
0 0.432771 0.070606 0.079578 0.136944
0 0.891589 0.506468 0.079510 0.141028
0 0.286764 0.390799 0.083982 0.147644
0 0.189027 0.560579 0.094154 0.152630
0 0.847048 0.371102 0.079409 0.143870
0 0.716039 0.220787 0.090870 0.139889
0 0.889322 0.828954 0.084107 0.139602
0 0.192191 0.697493 0.090763 0.141921
0 0.279270 0.800697 0.080404 0.144301
0 0.301910 0.539056 0.077643 0.130704
0 0.490039 0.014843 0.079714 0.029139
0 0.123759 0.621833 0.074549 0.136722
0 0.310384 0.182359 0.075674 0.125273
0 0.768716 0.674595 0.088073 0.142736
0 0.580430 0.560690 0.069484 0.121315
0 0.354456 0.313461 0.090911 0.164579
0 0.444497 0.295692 0.093776 0.168218
0 0.796944 0.264178 0.075154 0.133079
0 0.987622 0.717729 0.024464 0.133931
0 0.018710 0.473102 0.037294 0.114463
0 0.352349 0.772493 0.079000 0.146403
0 0.213788 0.021954 0.082268 0.043907
0 0.011796 0.595194 0.023305 0.147648
