0 0.282710 0.111507 0.083935 0.140597
0 0.886090 0.946762 0.098039 0.106477
0 0.735260 0.952514 0.125188 0.093852
0 0.737146 0.805639 0.092760 0.132861
0 0.797102 0.736593 0.085974 0.136889
0 0.800495 0.612576 0.089745 0.138227
0 0.817841 0.495937 0.092760 0.119458
0 0.891747 0.463759 0.077677 0.151630
0 0.938126 0.265336 0.079940 0.146273
0 0.531264 0.389350 0.083711 0.128838
0 0.590087 0.403428 0.064102 0.165042
0 0.722440 0.695030 0.096531 0.144931
0 0.735638 0.541519 0.086729 0.148954
0 0.713391 0.422199 0.079938 0.154315
0 0.838203 0.390019 0.074661 0.135546
0 0.866483 0.248574 0.095023 0.110074
0 0.846121 0.122549 0.116138 0.126162
0 0.456225 0.073613 0.098039 0.138227
0 0.530887 0.128583 0.105581 0.114093
0 0.595366 0.079646 0.091253 0.112755
0 0.454719 0.188914 0.088990 0.130181
0 0.325382 0.310248 0.083711 0.134208
0 0.413240 0.257289 0.081448 0.143588
0 0.457358 0.338403 0.080695 0.139565
0 0.653436 0.495937 0.080695 0.156995
0 0.662863 0.359854 0.099549 0.139569
0 0.709243 0.117856 0.089742 0.154315
0 0.685487 0.199641 0.110104 0.111412
0 0.336316 0.216398 0.075414 0.128843
0 0.286543 0.382646 0.076924 0.136884
0 0.405320 0.447000 0.077677 0.163704
0 0.519952 0.548894 0.109352 0.115435
0 0.326513 0.461748 0.095021 0.139569
0 0.052004 0.896808 0.098039 0.138227
0 0.185111 0.365889 0.083711 0.154315
0 0.210751 0.242542 0.086727 0.143593
0 0.033150 0.146683 0.061841 0.123477
0 0.066708 0.258630 0.088234 0.130185
0 0.047479 0.465100 0.092005 0.106051
0 0.065954 0.561632 0.080695 0.132866
0 0.095743 0.648106 0.120664 0.120796
0 0.226589 0.534146 0.083708 0.144931
