1 0.520756 0.590951 0.117793 0.158120
0 0.360828 0.845052 0.096875 0.127010
0 0.427469 0.058547 0.106633 0.117094
0 0.722771 0.701042 0.103840 0.131656
0 0.811172 0.347297 0.103844 0.116302
0 0.615512 0.047628 0.101773 0.095255
0 0.660861 0.281958 0.100926 0.121562
0 0.758246 0.866229 0.102898 0.127302
0 0.589490 0.864724 0.106707 0.132938
0 0.852680 0.042651 0.094844 0.084823
0 0.282506 0.630708 0.100145 0.132000
0 0.197893 0.780930 0.104027 0.142224
0 0.931467 0.715122 0.097738 0.127724
0 0.812211 0.230977 0.097328 0.126682
0 0.448898 0.481974 0.102547 0.134979
0 0.639299 0.631781 0.112121 0.140510
0 0.761578 0.472443 0.104617 0.142646
0 0.612086 0.745276 0.105094 0.118708
0 0.286912 0.382339 0.093770 0.125771
0 0.943547 0.230081 0.110195 0.133370
0 0.141686 0.910859 0.109879 0.132177
0 0.846393 0.767763 0.110777 0.136109
0 0.210771 0.425411 0.100965 0.126271
0 0.534277 0.170391 0.098508 0.119729
0 0.703838 0.367938 0.085754 0.114458
0 0.539865 0.433211 0.103316 0.137828
0 0.222357 0.253924 0.100527 0.133807
0 0.089256 0.646609 0.104988 0.152854
0 0.448844 0.262583 0.103367 0.127010
0 0.895400 0.127354 0.088691 0.130510
0 0.284627 0.929740 0.108816 0.128688
0 0.054645 0.312841 0.101195 0.135339
0 0.444785 0.938945 0.101687 0.121224
0 0.629367 0.418302 0.094008 0.140521
0 0.099965 0.792172 0.104156 0.140698
0 0.366570 0.189570 0.105547 0.134609
0 0.686816 0.108005 0.090930 0.118875
0 0.774520 0.122857 0.095266 0.114599
0 0.356580 0.318581 0.103121 0.133620
0 0.145418 0.329013 0.094570 0.141932
0 0.031492 0.014604 0.062984 0.029208
0 0.773961 0.011156 0.102891 0.022313
0 0.217480 0.028063 0.098367 0.055250
0 0.010164 0.962169 0.020000 0.075661
0 0.950406 0.010458 0.097344 0.020635
0 0.096746 0.024005 0.098633 0.048010
0 0.015172 0.417477 0.030344 0.134828
0 0.985078 0.943500 0.029719 0.113000
0 0.023561 0.054221 0.047121 0.107495
0 0.376689 0.979029 0.111535 0.041943
0 0.980764 0.536578 0.038277 0.138875
0 0.985414 0.741995 0.029172 0.126573
0 0.521150 0.027581 0.096363 0.055161
0 0.251320 0.063190 0.110086 0.125734
0 0.915979 0.597237 0.113059 0.121495
0 0.025205 0.225440 0.050176 0.130214
0 0.751578 0.969341 0.104203 0.061318
0 0.725162 0.038276 0.109301 0.075687
0 0.876113 0.965875 0.105086 0.067125
0 0.655299 0.967326 0.104012 0.064849
0 0.022338 0.563685 0.044465 0.140047
0 0.680271 0.548479 0.097223 0.114250
0 0.069846 0.956807 0.096145 0.086063
0 0.639588 0.203466 0.124246 0.127766
0 0.338848 0.731820 0.104438 0.123839
0 0.391043 0.396526 0.103164 0.127635
0 0.027537 0.821227 0.055074 0.135057
0 0.971459 0.070979 0.056980 0.138271
0 0.964777 0.350086 0.070078 0.132328
0 0.910359 0.871443 0.096352 0.128583
0 0.538988 0.934432 0.096953 0.131135
0 0.494229 0.735362 0.116254 0.145984
0 0.914465 0.477956 0.105047 0.132026
0 0.263965 0.516820 0.113109 0.121974
0 0.083424 0.500651 0.106254 0.137062
