0 0.740833 0.606944 0.107375 0.154019
0 0.995652 0.691817 0.008664 0.130829
1 0.161948 0.336400 0.071214 0.185949
0 0.766944 0.979854 0.095987 0.040292
0 0.985526 0.018519 0.028776 0.037037
0 0.991810 0.821757 0.016323 0.131727
0 0.050794 0.973468 0.090672 0.051954
0 0.991161 0.558762 0.017484 0.144699
1 0.294803 0.090579 0.082513 0.132000
0 0.018207 0.246340 0.036138 0.150181
0 0.011770 0.774417 0.023539 0.137000
0 0.667794 0.014847 0.084786 0.028852
0 0.016190 0.573618 0.032359 0.161569
0 0.435999 0.020229 0.086372 0.039218
0 0.693121 0.676486 0.095607 0.108806
1 0.344367 0.716938 0.068354 0.142125
0 0.074628 0.353562 0.076141 0.201014
0 0.021578 0.053329 0.043156 0.106269
1 0.704290 0.876493 0.092727 0.135551
0 0.230288 0.027669 0.091445 0.055338
1 0.602434 0.760706 0.077904 0.139356
1 0.527023 0.852384 0.081661 0.132037
1 0.941323 0.623634 0.075120 0.145565
1 0.123082 0.884012 0.077555 0.126171
0 0.677641 0.964333 0.084255 0.070991
1 0.223372 0.273725 0.081667 0.149106
1 0.392845 0.572796 0.074003 0.154306
0 0.935043 0.455847 0.106268 0.139889
0 0.510788 0.051687 0.087211 0.103375
0 0.704484 0.763995 0.091062 0.109556
0 0.403793 0.960215 0.089180 0.078292
0 0.883103 0.956928 0.091742 0.085782
0 0.026178 0.372669 0.052357 0.158162
0 0.912789 0.038470 0.084057 0.075653
0 0.879297 0.752241 0.093323 0.134574
0 0.811507 0.493278 0.072893 0.160963
0 0.881357 0.854449 0.087828 0.139602
0 0.084419 0.616917 0.097026 0.126074
0 0.131535 0.759417 0.086372 0.139639
0 0.658810 0.242701 0.075844 0.194921
0 0.443945 0.108588 0.079990 0.137537
0 0.833868 0.677704 0.090471 0.130481
0 0.150832 0.637257 0.088581 0.123245
0 0.954921 0.827400 0.070315 0.167282
0 0.197758 0.943028 0.077927 0.112454
0 0.971779 0.169824 0.056266 0.164583
0 0.045794 0.146681 0.091589 0.133833
0 0.973078 0.319352 0.053620 0.144315
0 0.921294 0.131931 0.089068 0.144991
0 0.972836 0.939037 0.054266 0.120843
0 0.475706 0.925690 0.082484 0.135065
0 0.062199 0.748324 0.087747 0.148463
0 0.192923 0.789468 0.075513 0.142593
0 0.783574 0.353019 0.079451 0.155759
0 0.095767 0.488583 0.083753 0.130593
0 0.861613 0.561299 0.090440 0.141690
0 0.899685 0.282343 0.081188 0.153074
0 0.279594 0.707218 0.075703 0.162426
0 0.234216 0.597681 0.078760 0.157306
0 0.370861 0.145528 0.081633 0.174963
0 0.320828 0.855690 0.084750 0.140926
0 0.553126 0.112275 0.079190 0.132097
0 0.532783 0.566699 0.077112 0.164963
0 0.711021 0.285458 0.092307 0.153963
0 0.308556 0.557653 0.085263 0.154926
0 0.294296 0.230711 0.075893 0.148458
0 0.638841 0.089491 0.091734 0.129009
0 0.595276 0.223704 0.077802 0.139009
0 0.405600 0.835829 0.066362 0.116722
0 0.421350 0.726090 0.084393 0.119792
0 0.190785 0.128708 0.089362 0.157861
0 0.342393 0.432123 0.089141 0.143477
0 0.560493 0.427479 0.083659 0.168032
0 0.462257 0.521053 0.081794 0.161125
0 0.602435 0.621329 0.080693 0.142611
0 0.216712 0.440340 0.089721 0.145505
0 0.780087 0.059468 0.078081 0.118926
0 0.805456 0.182954 0.080927 0.141324
1 0.525323 0.276109 0.073589 0.148884
0 0.603148 0.912148 0.080307 0.133750
0 0.292865 0.965537 0.093370 0.068926
1 0.466453 0.212449 0.082146 0.152593
