0 0.598750 0.217870 0.098177 0.157694
0 0.529432 0.737322 0.083016 0.141097
0 0.729531 0.527181 0.082573 0.151259
0 0.880677 0.075951 0.081672 0.147644
0 0.423883 0.760630 0.093891 0.137713
0 0.829255 0.759884 0.071932 0.123787
0 0.776845 0.347076 0.078586 0.145801
0 0.138120 0.307160 0.097599 0.161144
0 0.186533 0.099519 0.090576 0.130769
0 0.884990 0.647551 0.086323 0.154380
0 0.897727 0.208139 0.089276 0.141722
0 0.663983 0.400838 0.076779 0.132685
0 0.480514 0.302153 0.079633 0.159231
0 0.465512 0.641097 0.106846 0.110741
0 0.019917 0.759792 0.039349 0.157574
0 0.027491 0.070968 0.054982 0.141056
0 0.740615 0.187806 0.075656 0.158944
0 0.682780 0.641840 0.087102 0.146218
0 0.956060 0.069356 0.077630 0.137343
0 0.257038 0.912697 0.078654 0.132171
0 0.661039 0.513002 0.079062 0.120079
0 0.603659 0.363264 0.094505 0.163880
0 0.354359 0.937887 0.079901 0.123579
0 0.471773 0.436167 0.086156 0.133917
0 0.899354 0.468336 0.081635 0.159884
0 0.766337 0.798954 0.069544 0.126611
0 0.436034 0.542178 0.095266 0.152523
0 0.814863 0.582486 0.078648 0.142009
0 0.306974 0.510928 0.088469 0.152699
0 0.268085 0.781581 0.081664 0.160616
0 0.614104 0.752720 0.086917 0.160069
0 0.568616 0.630384 0.091430 0.154361
0 0.084380 0.064514 0.082776 0.129028
0 0.254105 0.159435 0.090445 0.165741
0 0.673253 0.192947 0.075474 0.180060
0 0.217643 0.360711 0.080969 0.135819
0 0.073146 0.802347 0.084979 0.147167
0 0.121421 0.689713 0.085133 0.145778
0 0.270688 0.614252 0.090328 0.149542
0 0.361223 0.602986 0.080669 0.146556
0 0.210219 0.495433 0.083630 0.140486
0 0.064197 0.199956 0.087122 0.149875
0 0.041681 0.535278 0.078185 0.121907
0 0.123956 0.443745 0.091911 0.130972
0 0.032609 0.416954 0.065219 0.152370
0 0.009934 0.178711 0.019862 0.155495
0 0.807150 0.113806 0.077513 0.152296
0 0.332615 0.833613 0.086896 0.150606
0 0.423104 0.972458 0.086786 0.053528
0 0.185772 0.020338 0.103086 0.040167
0 0.321547 0.705278 0.075078 0.130565
0 0.533823 0.403102 0.075156 0.143074
0 0.191654 0.235176 0.087234 0.149574
0 0.899932 0.800706 0.092177 0.131449
0 0.894805 0.922697 0.076307 0.149329
0 0.666184 0.920109 0.096607 0.143681
0 0.599125 0.484667 0.084885 0.133306
0 0.962121 0.901377 0.075758 0.145597
0 0.734164 0.865667 0.082531 0.154787
0 0.684167 0.796468 0.082141 0.156852
0 0.129885 0.951053 0.089661 0.096245
0 0.414223 0.879197 0.096357 0.145653
0 0.198004 0.739778 0.080122 0.163269
0 0.713134 0.958581 0.091388 0.081671
0 0.050242 0.951755 0.083010 0.094824
0 0.823789 0.879488 0.084240 0.138690
0 0.861126 0.331095 0.093695 0.145949
0 0.004951 0.896280 0.009901 0.134958
0 0.255363 0.012799 0.075591 0.025153
0 0.300901 0.970183 0.078526 0.057514
0 0.991139 0.068081 0.017273 0.132866
1 0.718684 0.340104 0.075513 0.173977
0 0.786831 0.985546 0.080896 0.027259
