0 0.018953 0.771012 0.037906 0.122662
0 0.334678 0.854542 0.066492 0.125380
0 0.203707 0.170630 0.064362 0.110556
0 0.465835 0.545801 0.064956 0.121120
0 0.097332 0.279220 0.069378 0.107310
0 0.226855 0.477838 0.065508 0.107926
0 0.692818 0.297187 0.067156 0.127245
0 0.763186 0.546176 0.066622 0.108028
0 0.840818 0.787102 0.064875 0.130343
0 0.534103 0.797613 0.070612 0.109671
0 0.962911 0.217743 0.073958 0.122301
0 0.735156 0.057093 0.072958 0.113157
0 0.757520 0.965981 0.074529 0.068037
0 0.967747 0.072762 0.064505 0.130023
0 0.634217 0.215025 0.074893 0.106162
0 0.413410 0.605153 0.062117 0.126315
0 0.761901 0.111447 0.061516 0.113042
0 0.034484 0.385991 0.068927 0.131565
0 0.898695 0.104123 0.083526 0.134819
0 0.785871 0.649211 0.075799 0.105532
0 0.750734 0.449750 0.075953 0.112037
0 0.604487 0.053965 0.071437 0.107810
0 0.341936 0.275380 0.062727 0.120806
0 0.373365 0.950069 0.062000 0.098000
0 0.141814 0.179646 0.058643 0.107236
0 0.103236 0.074199 0.076565 0.131935
0 0.465180 0.916403 0.073219 0.131046
0 0.651964 0.122542 0.061536 0.103343
0 0.752914 0.224252 0.077964 0.110829
0 0.319910 0.621620 0.075034 0.115880
0 0.979839 0.826352 0.040323 0.118602
0 0.281035 0.202012 0.070357 0.120181
0 0.630798 0.338428 0.065414 0.125792
0 0.960372 0.325500 0.071005 0.110056
0 0.821831 0.582650 0.067734 0.145579
0 0.351839 0.441822 0.067536 0.126282
0 0.412892 0.479407 0.066352 0.121148
0 0.057258 0.720329 0.062375 0.119500
0 0.472798 0.763627 0.083622 0.151644
0 0.577031 0.146910 0.068057 0.105866
0 0.515953 0.620301 0.062526 0.135380
0 0.188139 0.287384 0.068758 0.127852
0 0.234354 0.361921 0.053786 0.105861
0 0.945315 0.718745 0.070740 0.121213
0 0.432956 0.151620 0.072328 0.127602
0 0.768495 0.854928 0.064328 0.110088
0 0.098065 0.818947 0.060812 0.106014
0 0.410496 0.273447 0.073060 0.119403
0 0.576109 0.683213 0.074469 0.135398
0 0.386750 0.735771 0.075219 0.145060
0 0.040087 0.904396 0.065195 0.115810
0 0.841518 0.272694 0.062141 0.122509
0 0.784866 0.332616 0.072451 0.117778
0 0.459885 0.352056 0.066229 0.117481
0 0.831100 0.430986 0.065586 0.115713
0 0.886267 0.577167 0.070013 0.134565
0 0.896522 0.449796 0.065148 0.111722
0 0.975908 0.597368 0.047898 0.114773
0 0.028096 0.039593 0.055880 0.076611
0 0.888333 0.323118 0.071635 0.120560
0 0.659573 0.421692 0.074661 0.114042
0 0.023561 0.207773 0.047086 0.112944
0 0.489215 0.463262 0.055003 0.128662
0 0.714867 0.672407 0.073901 0.115954
0 0.202497 0.956056 0.063036 0.085639
0 0.258637 0.027454 0.071602 0.054139
0 0.546048 0.438470 0.075362 0.126616
0 0.497238 0.955363 0.058685 0.087310
0 0.690977 0.971650 0.062083 0.055181
0 0.182219 0.667847 0.075021 0.114111
0 0.907152 0.939174 0.089164 0.120458
0 0.666771 0.836479 0.076557 0.152042
0 0.608651 0.506287 0.080672 0.121019
0 0.131076 0.669697 0.067063 0.125764
0 0.147297 0.965576 0.063818 0.067736
0 0.163112 0.056424 0.057740 0.111977
0 0.621737 0.855535 0.078833 0.144986
0 0.290621 0.333204 0.064706 0.135213
0 0.670267 0.035113 0.065336 0.070181
0 0.634271 0.951734 0.068818 0.095542
0 0.031176 0.286178 0.062169 0.099199
0 0.119309 0.398211 0.077867 0.102403
0 0.885004 0.210437 0.081096 0.103819
0 0.214543 0.056558 0.059977 0.112356
0 0.583066 0.933301 0.058232 0.131102
0 0.542665 0.902144 0.062924 0.139648
0 0.795298 0.755299 0.068018 0.116681
0 0.307470 0.511998 0.067799 0.103838
0 0.565355 0.330771 0.076513 0.124958
0 0.085706 0.184750 0.062771 0.110565
0 0.692897 0.774417 0.081315 0.130907
0 0.319841 0.748257 0.060469 0.132218
0 0.806911 0.014829 0.076302 0.028639
0 0.580375 0.555093 0.070380 0.139269
0 0.432452 0.744866 0.165914 0.148074
0 0.031165 0.980750 0.062331 0.036611
0 0.692707 0.572025 0.079987 0.141866
0 0.564788 0.013905 0.063763 0.027810
0 0.063480 0.497745 0.078138 0.143065
0 0.004818 0.904514 0.009635 0.127306
0 0.497556 0.018076 0.063622 0.034782
0 0.987565 0.143657 0.024750 0.128435
0 0.990289 0.427845 0.019422 0.132940
0 0.296888 0.984213 0.064849 0.028611
0 0.454678 0.054924 0.068883 0.108569
0 0.993598 0.962755 0.012805 0.073444
