0 0.045526 0.729984 0.087219 0.167116
0 0.100324 0.018593 0.092883 0.036333
0 0.267246 0.714655 0.089732 0.148042
0 0.230945 0.100030 0.102448 0.123782
0 0.343089 0.588810 0.086724 0.170935
0 0.347100 0.109449 0.090273 0.170741
0 0.475983 0.714676 0.091096 0.153861
0 0.328411 0.250157 0.087495 0.156889
0 0.287479 0.447729 0.100531 0.159588
0 0.100973 0.651028 0.089039 0.159417
0 0.477492 0.851845 0.103161 0.161032
0 0.099556 0.218053 0.090049 0.164208
0 0.412268 0.636104 0.093974 0.190245
0 0.340543 0.833370 0.091701 0.173185
0 0.140207 0.359021 0.100898 0.167431
0 0.467717 0.522014 0.085247 0.157046
0 0.403642 0.211611 0.100424 0.182676
0 0.837107 0.531769 0.091521 0.150324
0 0.643967 0.799840 0.107070 0.177755
0 0.933997 0.539456 0.108078 0.175912
0 0.891091 0.440493 0.098656 0.159560
0 0.617042 0.652866 0.100135 0.164370
0 0.947785 0.827312 0.097044 0.154745
0 0.020177 0.378667 0.038453 0.133500
0 0.969124 0.369722 0.061372 0.148694
0 0.792353 0.184356 0.096872 0.162296
0 0.781987 0.880375 0.091219 0.161787
0 0.562151 0.746787 0.095089 0.155343
0 0.832746 0.304296 0.091289 0.173870
0 0.897475 0.294461 0.091461 0.194014
0 0.952117 0.097977 0.087984 0.157722
0 0.480322 0.955488 0.089690 0.086718
0 0.945063 0.247933 0.084797 0.168597
0 0.821076 0.658461 0.101234 0.163782
0 0.877367 0.119863 0.085958 0.166671
0 0.402914 0.964762 0.092188 0.069431
0 0.978083 0.189252 0.042932 0.174329
0 0.253487 0.967565 0.091109 0.063398
0 0.831376 0.946074 0.092055 0.105435
0 0.202404 0.646773 0.093729 0.170167
0 0.914786 0.958208 0.095979 0.081639
0 0.181600 0.037183 0.102815 0.071782
0 0.104195 0.512843 0.094141 0.152250
0 0.036105 0.043752 0.069971 0.086153
0 0.794635 0.057965 0.093844 0.115162
0 0.184173 0.230363 0.096305 0.167384
0 0.374579 0.356039 0.109023 0.151032
0 0.383014 0.483875 0.098221 0.147472
0 0.802698 0.427187 0.101276 0.158486
0 0.695861 0.708021 0.089628 0.173403
0 0.254562 0.852222 0.097698 0.161167
0 0.716204 0.909252 0.093914 0.177366
0 0.072553 0.397815 0.083206 0.139083
0 0.526810 0.626176 0.099984 0.162593
1 0.740096 0.584637 0.096969 0.162829
0 0.008531 0.733715 0.016552 0.171894
0 0.770863 0.731178 0.096617 0.177227
0 0.269729 0.583139 0.081844 0.145796
0 0.412182 0.070532 0.095505 0.141065
0 0.716163 0.039850 0.100909 0.077097
0 0.133201 0.087884 0.097276 0.153139
