1 0.732219 0.517363 0.078583 0.146014
0 0.133555 0.696255 0.084745 0.145676
0 0.947827 0.561308 0.087044 0.161708
0 0.616033 0.597644 0.085544 0.150759
0 0.900370 0.028701 0.079745 0.057403
0 0.478078 0.193493 0.077896 0.134014
0 0.994585 0.128620 0.010831 0.140556
0 0.952198 0.080593 0.069781 0.121935
0 0.711438 0.027863 0.082896 0.055727
0 0.702542 0.171400 0.081609 0.131468
0 0.275656 0.362336 0.079078 0.134838
0 0.265618 0.605176 0.099424 0.131028
0 0.969564 0.354535 0.060565 0.121310
0 0.516355 0.030400 0.082758 0.060801
0 0.621927 0.042245 0.076521 0.083657
0 0.097488 0.569153 0.088883 0.139861
0 0.693243 0.955676 0.091117 0.088648
0 0.558531 0.303451 0.087187 0.163208
0 0.953602 0.775914 0.078453 0.137560
0 0.488549 0.762461 0.076688 0.132986
0 0.965956 0.225583 0.067953 0.135861
0 0.416491 0.637910 0.070185 0.117931
0 0.672385 0.434778 0.077172 0.132491
0 0.249770 0.482468 0.077742 0.123565
0 0.900931 0.383132 0.073685 0.135477
0 0.350445 0.958238 0.087224 0.082912
0 0.766246 0.259718 0.080398 0.117991
0 0.263501 0.718870 0.083055 0.136139
0 0.124965 0.941231 0.072310 0.114574
0 0.035078 0.757755 0.068792 0.133231
0 0.187616 0.980426 0.079091 0.036454
0 0.079049 0.241396 0.083490 0.142421
0 0.069105 0.071861 0.084940 0.141417
0 0.779432 0.390602 0.087557 0.143259
0 0.189852 0.076181 0.089500 0.150509
0 0.441219 0.951722 0.081979 0.096046
0 0.798965 0.958324 0.088607 0.083176
0 0.530664 0.595861 0.075667 0.134093
0 0.791169 0.592176 0.078240 0.130870
0 0.591849 0.961822 0.082651 0.074505
0 0.359430 0.396905 0.075422 0.156773
0 0.360108 0.842831 0.080492 0.139745
0 0.965810 0.932218 0.068380 0.133426
0 0.902949 0.870579 0.072805 0.130250
0 0.847788 0.200898 0.085487 0.138630
0 0.564130 0.149729 0.076094 0.126384
0 0.418969 0.094412 0.088078 0.157139
0 0.061361 0.979704 0.087294 0.038694
0 0.510501 0.466722 0.088445 0.142537
0 0.785233 0.081431 0.087237 0.142148
0 0.550159 0.870479 0.090427 0.137931
0 0.121780 0.375424 0.093753 0.145394
0 0.684146 0.826597 0.082052 0.154981
0 0.314686 0.217819 0.089424 0.163130
0 0.664135 0.297620 0.086557 0.141435
0 0.988471 0.035343 0.023057 0.066824
0 0.153667 0.830824 0.087344 0.134065
0 0.786633 0.838576 0.081339 0.147301
0 0.014413 0.541944 0.028576 0.141907
0 0.484568 0.335822 0.079938 0.147292
0 0.353410 0.018528 0.082997 0.036907
0 0.902380 0.971185 0.073318 0.055537
