0 0.045411 0.387894 0.089000 0.221435
0 0.813557 0.908190 0.108073 0.176676
0 0.719135 0.587264 0.115615 0.223602
0 0.570305 0.184634 0.122568 0.213565
0 0.497065 0.848954 0.113036 0.172444
0 0.522172 0.691116 0.128865 0.209861
0 0.662456 0.187898 0.093818 0.244000
0 0.211943 0.325144 0.108865 0.236806
0 0.753635 0.219958 0.105156 0.274380
1 0.388115 0.740574 0.115115 0.205593
1 0.681141 0.408356 0.115771 0.212380
0 0.129500 0.417569 0.108229 0.223120
0 0.113385 0.774861 0.120229 0.224074
0 0.796549 0.690782 0.125672 0.242046
0 0.271872 0.683435 0.149495 0.206704
0 0.318802 0.357986 0.106229 0.249380
0 0.933805 0.668310 0.108214 0.258287
0 0.852411 0.504250 0.129844 0.192296
0 0.621419 0.569958 0.105516 0.222528
0 0.965096 0.391468 0.069807 0.224176
0 0.589419 0.362870 0.126536 0.195870
0 0.030260 0.801426 0.060073 0.200907
0 0.026466 0.619431 0.052203 0.197769
0 0.970841 0.888986 0.054109 0.195194
0 0.805438 0.069176 0.105167 0.138352
0 0.325776 0.064255 0.115281 0.128509
0 0.985622 0.724829 0.027328 0.172454
0 0.350253 0.865718 0.123495 0.217898
0 0.060456 0.923685 0.104630 0.152630
0 0.515294 0.971495 0.119318 0.057009
0 0.252784 0.521667 0.109026 0.191889
0 0.952385 0.071269 0.093365 0.139444
0 0.514260 0.048514 0.120052 0.097028
0 0.884099 0.019148 0.091063 0.031259
0 0.819669 0.375472 0.107266 0.180630
0 0.849922 0.210963 0.113260 0.200722
