0 0.065070 0.581296 0.078708 0.139528
0 0.236573 0.583889 0.095224 0.163444
0 0.183715 0.470745 0.082685 0.146194
0 0.091822 0.444449 0.088180 0.149954
0 0.332888 0.560019 0.089526 0.160917
0 0.835301 0.396778 0.085555 0.150991
0 0.593294 0.159519 0.081359 0.146981
0 0.159797 0.343956 0.081896 0.133366
0 0.878710 0.623963 0.084039 0.146222
0 0.029478 0.178789 0.058945 0.143218
0 0.335095 0.394713 0.083508 0.144102
0 0.609759 0.636123 0.073576 0.130097
0 0.005957 0.969428 0.011758 0.061079
0 0.989792 0.087938 0.020370 0.154764
0 0.840497 0.975711 0.077932 0.047134
0 0.009492 0.065072 0.018583 0.127995
0 0.434876 0.016963 0.091992 0.033481
0 0.989488 0.813880 0.020799 0.156926
0 0.520034 0.022396 0.093000 0.044338
0 0.014303 0.865125 0.028607 0.138259
0 0.458807 0.973613 0.086937 0.050532
0 0.046271 0.021477 0.088792 0.042167
0 0.633197 0.328660 0.075435 0.156144
0 0.916569 0.957259 0.087940 0.084731
0 0.976176 0.415595 0.047477 0.181505
0 0.328316 0.237725 0.097445 0.191958
0 0.847135 0.529706 0.083016 0.149894
0 0.021081 0.476326 0.042089 0.145838
0 0.616957 0.045269 0.085143 0.090537
0 0.781783 0.500771 0.078404 0.154144
0 0.765741 0.332058 0.088279 0.154718
0 0.692187 0.302949 0.067198 0.127454
0 0.523870 0.457928 0.078656 0.157708
0 0.930243 0.851792 0.092341 0.133102
0 0.665219 0.155204 0.077609 0.172139
0 0.299238 0.069100 0.087971 0.127718
0 0.451987 0.539204 0.092854 0.129519
0 0.076176 0.090896 0.083185 0.126634
0 0.722349 0.063720 0.082995 0.127440
0 0.401658 0.635778 0.078461 0.148676
0 0.474897 0.663625 0.075534 0.136278
0 0.922604 0.721669 0.093026 0.147079
0 0.975469 0.608213 0.049063 0.131500
0 0.688788 0.530669 0.090732 0.134097
0 0.457027 0.308405 0.081419 0.139329
0 0.962895 0.166502 0.074211 0.150579
0 0.737990 0.196007 0.092354 0.147023
0 0.931598 0.476111 0.089289 0.176593
0 0.031586 0.712970 0.063172 0.155875
0 0.534904 0.716745 0.091438 0.165546
0 0.512911 0.868164 0.088453 0.145329
0 0.432353 0.107799 0.085628 0.153069
0 0.145316 0.589083 0.083133 0.156333
0 0.596583 0.504627 0.076000 0.137560
0 0.252892 0.408986 0.082945 0.159972
