0 0.339771 0.243644 0.113854 0.201694
0 0.359503 0.420375 0.115089 0.195306
0 0.912013 0.746866 0.109224 0.192083
0 0.853063 0.458227 0.108458 0.200917
0 0.127758 0.913463 0.106057 0.173074
0 0.443479 0.692519 0.108458 0.187907
0 0.718956 0.083551 0.123839 0.167102
0 0.507674 0.156815 0.113911 0.185907
1 0.642971 0.250759 0.135411 0.253630
0 0.302177 0.920639 0.111948 0.158722
0 0.151932 0.525806 0.113240 0.214759
0 0.471531 0.912560 0.110719 0.174880
0 0.152344 0.128704 0.110479 0.204889
0 0.552919 0.409926 0.116724 0.212296
0 0.747826 0.636611 0.105505 0.163463
0 0.804727 0.132250 0.108724 0.201981
0 0.057161 0.461199 0.114323 0.203972
0 0.459227 0.491361 0.112453 0.193426
0 0.458159 0.055843 0.110286 0.111685
0 0.047503 0.285222 0.095005 0.201296
0 0.053115 0.174579 0.104250 0.174528
0 0.044185 0.803426 0.088172 0.179333
0 0.974068 0.668292 0.049719 0.194102
0 0.359146 0.045227 0.109031 0.088713
0 0.405935 0.930000 0.111464 0.140000
0 0.409896 0.775958 0.109750 0.208065
0 0.931466 0.551694 0.114807 0.209944
0 0.200542 0.459208 0.114260 0.180917
0 0.976690 0.081005 0.044693 0.162009
0 0.702208 0.922403 0.113896 0.155194
0 0.973055 0.401028 0.053891 0.199333
0 0.034687 0.628417 0.069375 0.198981
0 0.636930 0.529769 0.116474 0.215407
0 0.205190 0.082190 0.108641 0.164380
0 0.233615 0.623000 0.111958 0.194796
0 0.232831 0.719167 0.105589 0.171130
0 0.043664 0.910713 0.087328 0.177741
0 0.469130 0.313065 0.107198 0.188778
0 0.826667 0.913708 0.121344 0.172583
0 0.196365 0.969875 0.127458 0.060250
0 0.116253 0.022931 0.111505 0.045861
0 0.555286 0.799273 0.112823 0.202898
0 0.035302 0.059106 0.070604 0.112102
0 0.641440 0.949153 0.082714 0.100713
0 0.348641 0.648708 0.108281 0.191769
0 0.139513 0.758519 0.116422 0.189370
0 0.761341 0.794819 0.118974 0.194102
0 0.904031 0.122602 0.111802 0.194000
0 0.540289 0.604861 0.117870 0.210352
0 0.957201 0.239394 0.085484 0.186083
0 0.763188 0.486412 0.104000 0.184898
0 0.641888 0.797745 0.114120 0.192028
0 0.749078 0.303171 0.113906 0.197694
0 0.869177 0.287282 0.104146 0.179694
0 0.607992 0.076843 0.119964 0.153685
0 0.247984 0.206579 0.101104 0.175250
