0 0.463634 0.555988 0.080895 0.107788
0 0.548364 0.608490 0.087600 0.111980
0 0.767946 0.719807 0.089942 0.113287
0 0.408036 0.631031 0.089120 0.111425
0 0.040847 0.913850 0.078083 0.117896
0 0.217211 0.498457 0.079375 0.099300
0 0.344165 0.029624 0.068708 0.058066
0 0.993985 0.963405 0.012029 0.073189
0 0.007164 0.433133 0.014329 0.100689
0 0.657872 0.952011 0.075876 0.095854
0 0.434367 0.979874 0.101412 0.040252
0 0.832720 0.787613 0.101235 0.110782
0 0.987101 0.385162 0.025529 0.102052
0 0.652822 0.896705 0.078576 0.105592
0 0.034261 0.984221 0.068522 0.031559
0 0.329084 0.711145 0.083723 0.122022
0 0.877656 0.939244 0.098137 0.121512
0 0.090951 0.224534 0.083237 0.108966
0 0.459020 0.131201 0.089985 0.111682
0 0.177024 0.389483 0.094487 0.111096
0 0.357234 0.909087 0.081250 0.103359
0 0.299273 0.854105 0.078985 0.141800
0 0.929522 0.799192 0.088742 0.107109
0 0.919832 0.143727 0.072674 0.111579
0 0.087311 0.520959 0.095123 0.109388
0 0.655106 0.549877 0.081964 0.129619
0 0.156208 0.549614 0.074005 0.103642
0 0.072845 0.764321 0.093823 0.101502
0 0.392398 0.195355 0.091424 0.123313
0 0.985031 0.660849 0.029938 0.112459
0 0.692477 0.345069 0.086590 0.100684
0 0.007037 0.110800 0.013696 0.107845
0 0.011356 0.267029 0.022612 0.112608
0 0.008316 0.854920 0.016424 0.116106
0 0.769956 0.188557 0.079047 0.112485
0 0.709508 0.970170 0.093677 0.059660
0 0.723889 0.906127 0.083086 0.102942
0 0.555914 0.248056 0.087114 0.118796
0 0.818717 0.033333 0.082828 0.066584
0 0.092434 0.018714 0.070401 0.037428
0 0.212596 0.956057 0.098804 0.087886
0 0.952859 0.978120 0.070386 0.043760
0 0.755068 0.038405 0.079302 0.076811
0 0.165044 0.022976 0.081038 0.045952
0 0.771188 0.145666 0.079815 0.106353
0 0.318740 0.237523 0.101532 0.125067
0 0.302689 0.027670 0.081327 0.055340
0 0.769637 0.905188 0.075648 0.102495
0 0.895511 0.022178 0.075012 0.044017
0 0.949277 0.302850 0.092319 0.115607
0 0.612797 0.068392 0.078395 0.096199
0 0.496088 0.775159 0.088140 0.112027
0 0.348976 0.514663 0.060598 0.106517
0 0.173573 0.682258 0.081998 0.139475
0 0.028895 0.478855 0.057419 0.118081
0 0.394408 0.048817 0.073314 0.093508
0 0.546447 0.067443 0.070116 0.103652
0 0.877650 0.453364 0.085201 0.147346
0 0.662323 0.288948 0.082338 0.101610
0 0.091169 0.729480 0.083071 0.085864
0 0.723430 0.501759 0.076304 0.111543
0 0.881159 0.727487 0.088430 0.105931
0 0.731190 0.575036 0.075521 0.103498
0 0.278030 0.602572 0.091015 0.115010
0 0.068428 0.439411 0.099803 0.108853
0 0.811694 0.886247 0.075687 0.108441
0 0.327292 0.107011 0.104691 0.111029
0 0.726236 0.270015 0.080922 0.102572
0 0.673951 0.140005 0.079460 0.107202
0 0.142288 0.139630 0.084460 0.101430
0 0.983301 0.144372 0.033399 0.113837
0 0.674618 0.049959 0.081852 0.099424
0 0.210241 0.070329 0.095467 0.095021
0 0.416221 0.408318 0.098576 0.112274
0 0.029323 0.769465 0.058646 0.113477
0 0.961630 0.475370 0.076740 0.102294
0 0.962195 0.231008 0.075548 0.104856
0 0.207517 0.614766 0.073399 0.109789
0 0.611684 0.413459 0.101385 0.114059
0 0.756842 0.625671 0.081007 0.096384
0 0.464618 0.865525 0.087323 0.103539
0 0.844263 0.207919 0.078426 0.103987
0 0.423846 0.754033 0.074344 0.110658
0 0.541335 0.484138 0.081582 0.112927
0 0.588819 0.500756 0.079537 0.105576
0 0.115222 0.830535 0.082712 0.101533
0 0.791663 0.403812 0.086659 0.110257
0 0.850750 0.099514 0.088376 0.112361
0 0.493974 0.221726 0.080478 0.107999
0 0.599055 0.832726 0.081528 0.109095
0 0.463189 0.039632 0.081038 0.079264
0 0.880941 0.333128 0.088017 0.097325
0 0.044219 0.313804 0.088183 0.109995
0 0.156242 0.790787 0.082840 0.098282
0 0.388465 0.311376 0.085679 0.102423
0 0.334431 0.600828 0.075598 0.102829
0 0.083700 0.088333 0.086181 0.109691
0 0.810500 0.271680 0.082612 0.107927
0 0.084579 0.614910 0.086420 0.108565
0 0.281499 0.444529 0.106717 0.095910
0 0.443976 0.914943 0.089765 0.098745
0 0.795957 0.520540 0.085347 0.121728
0 0.584898 0.702600 0.083368 0.111209
0 0.249429 0.729740 0.079699 0.095427
0 0.861134 0.602608 0.084583 0.121512
0 0.962608 0.910033 0.074784 0.113801
0 0.251051 0.292919 0.086030 0.123760
0 0.193084 0.870129 0.092049 0.096759
0 0.672544 0.689043 0.097188 0.104126
0 0.941721 0.582217 0.078634 0.121749
0 0.313667 0.359671 0.078630 0.117202
0 0.960912 0.051754 0.077203 0.097613
0 0.584566 0.953395 0.073862 0.088066
