1 0.686633 0.792546 0.064807 0.110935
1 0.423072 0.261766 0.069060 0.199875
0 0.682441 0.443516 0.088091 0.157338
0 0.259076 0.807072 0.072802 0.125616
0 0.472333 0.073312 0.084354 0.135329
0 0.970699 0.816134 0.058602 0.141481
0 0.989587 0.572155 0.020826 0.134245
0 0.698684 0.619588 0.083628 0.153852
0 0.442003 0.751660 0.085062 0.170903
0 0.464888 0.202597 0.079734 0.141741
0 0.116520 0.534963 0.078393 0.128231
0 0.894389 0.436458 0.077669 0.122269
0 0.020448 0.945405 0.040896 0.107032
0 0.909516 0.573519 0.074010 0.139287
0 0.629095 0.610394 0.071435 0.122824
0 0.674299 0.950130 0.083052 0.099741
0 0.487908 0.961725 0.070862 0.076218
0 0.195326 0.847183 0.067797 0.127523
0 0.113889 0.770312 0.076654 0.125144
0 0.959176 0.478831 0.081419 0.121347
0 0.149257 0.298470 0.076883 0.126412
0 0.059546 0.870345 0.083492 0.122736
0 0.456350 0.450972 0.086607 0.126556
0 0.019855 0.664662 0.039664 0.134713
0 0.865409 0.759549 0.083266 0.152792
0 0.633081 0.830937 0.073115 0.124282
0 0.813676 0.394692 0.087826 0.162042
0 0.052460 0.590035 0.086820 0.118773
0 0.657137 0.033507 0.088263 0.067014
0 0.545854 0.031000 0.106979 0.062000
0 0.803072 0.031215 0.071086 0.061819
0 0.061151 0.058229 0.082969 0.116458
0 0.864013 0.051831 0.086953 0.103662
0 0.285854 0.972914 0.077792 0.054171
0 0.013507 0.229551 0.027013 0.146907
0 0.614794 0.970278 0.070089 0.056509
0 0.540672 0.953530 0.076406 0.092940
0 0.247029 0.421995 0.073052 0.118324
1 0.486246 0.342949 0.081992 0.141167
0 0.839454 0.540852 0.086549 0.127000
0 0.218457 0.392488 0.081060 0.139412
0 0.909607 0.871722 0.063969 0.127500
0 0.859742 0.224067 0.084958 0.135940
0 0.736410 0.078600 0.082310 0.135606
0 0.806667 0.114287 0.075958 0.135954
0 0.127785 0.181150 0.103294 0.157486
0 0.021492 0.760785 0.042984 0.137412
0 0.773470 0.555641 0.072935 0.098551
0 0.104216 0.412329 0.081406 0.148639
0 0.066887 0.486694 0.072404 0.109926
0 0.830668 0.866315 0.076674 0.150676
0 0.162221 0.514873 0.073094 0.110356
0 0.948898 0.247910 0.089948 0.138023
0 0.797646 0.214257 0.078073 0.126958
0 0.114621 0.973051 0.075940 0.053898
0 0.462924 0.579451 0.095677 0.154486
0 0.939516 0.686303 0.074281 0.120912
0 0.288757 0.138995 0.091404 0.158537
0 0.530228 0.469850 0.081961 0.144032
0 0.969594 0.670725 0.060812 0.134023
0 0.156203 0.943465 0.073490 0.112958
0 0.300901 0.356074 0.069786 0.127056
0 0.420056 0.961887 0.070758 0.075171
0 0.304536 0.470095 0.084214 0.135588
0 0.688660 0.116947 0.085768 0.138079
0 0.896379 0.116845 0.101102 0.142338
0 0.605137 0.732475 0.079852 0.135829
0 0.834845 0.353743 0.083299 0.146551
0 0.392551 0.635581 0.076352 0.135958
0 0.953064 0.934715 0.080555 0.129569
0 0.635544 0.485431 0.075302 0.123019
0 0.026829 0.106669 0.053659 0.151903
0 0.401005 0.857942 0.085630 0.141199
0 0.386105 0.375926 0.076768 0.148972
