0 0.907419 0.972312 0.087453 0.053977
0 0.006091 0.350690 0.011781 0.145685
0 0.967085 0.422127 0.065565 0.174403
0 0.210892 0.020229 0.084102 0.039579
0 0.011659 0.729949 0.023156 0.184463
0 0.562806 0.524806 0.124617 0.155528
0 0.146224 0.026537 0.081286 0.053074
1 0.304997 0.596350 0.082589 0.140995
0 0.278956 0.031683 0.082964 0.062606
0 0.844732 0.956502 0.082932 0.086995
0 0.863956 0.537199 0.104646 0.146519
0 0.727210 0.956227 0.085169 0.086694
0 0.505508 0.953981 0.079859 0.092037
0 0.560409 0.826058 0.111469 0.145819
0 0.325414 0.705414 0.096354 0.157801
0 0.794984 0.623218 0.098917 0.155796
0 0.915040 0.461856 0.083607 0.188120
0 0.571612 0.938678 0.096411 0.122644
0 0.153936 0.221326 0.102430 0.138838
0 0.976273 0.859125 0.047453 0.158537
0 0.064708 0.465016 0.094120 0.154014
0 0.945839 0.324611 0.084448 0.153037
0 0.591243 0.588845 0.102180 0.155116
0 0.811914 0.893243 0.097792 0.154116
0 0.199490 0.450574 0.098641 0.160787
0 0.839917 0.096884 0.090281 0.181315
0 0.718492 0.373169 0.090891 0.168171
0 0.486612 0.454373 0.093276 0.149116
0 0.185406 0.327919 0.099266 0.168875
0 0.164039 0.938741 0.093260 0.122519
0 0.231021 0.864699 0.080729 0.144343
0 0.570615 0.705109 0.095672 0.156653
0 0.696298 0.877868 0.099805 0.151931
0 0.229059 0.598894 0.096268 0.158491
0 0.629158 0.415630 0.083992 0.188398
0 0.553678 0.390361 0.095826 0.164389
0 0.963077 0.550215 0.073747 0.146903
0 0.483238 0.582403 0.097456 0.157889
0 0.435061 0.945289 0.084846 0.107949
0 0.885458 0.287373 0.093286 0.188718
0 0.167111 0.800435 0.091701 0.158194
0 0.354822 0.822762 0.088216 0.159718
0 0.818120 0.226366 0.096292 0.162657
0 0.931654 0.123262 0.104052 0.188319
0 0.773350 0.307102 0.085997 0.181259
0 0.070600 0.209505 0.084721 0.158417
0 0.118392 0.104000 0.088148 0.152574
0 0.637694 0.792194 0.095034 0.173907
0 0.688094 0.484757 0.088151 0.149838
0 0.035017 0.858556 0.069945 0.167176
0 0.088327 0.932523 0.084076 0.134935
0 0.913562 0.885866 0.097380 0.154065
0 0.212076 0.104509 0.092229 0.161676
0 0.448794 0.688095 0.092141 0.156532
0 0.881625 0.630086 0.088245 0.147347
0 0.107483 0.351500 0.089951 0.166602
0 0.915885 0.747134 0.089281 0.161231
0 0.030802 0.579671 0.061604 0.151694
0 0.508423 0.748046 0.089539 0.154806
0 0.763888 0.493148 0.089781 0.162426
0 0.053803 0.739368 0.085451 0.144653
0 0.993527 0.513516 0.012643 0.187375
0 0.230454 0.732650 0.102331 0.157116
