0 0.095113 0.265273 0.076039 0.094880
0 0.786043 0.815484 0.072281 0.096813
0 0.908541 0.439219 0.075488 0.096292
0 0.696096 0.687167 0.068652 0.104490
0 0.447213 0.783458 0.077707 0.095187
0 0.561232 0.766055 0.077832 0.086682
0 0.712523 0.477469 0.074172 0.093802
0 0.844316 0.868023 0.068594 0.098370
0 0.200301 0.823177 0.069289 0.105438
0 0.211021 0.529438 0.075449 0.088156
0 0.955350 0.185956 0.072676 0.100839
0 0.968703 0.649549 0.062594 0.096161
0 0.062113 0.378057 0.073750 0.091969
0 0.193926 0.620997 0.077375 0.097703
0 0.785602 0.462904 0.073219 0.105172
0 0.859326 0.495870 0.074012 0.094250
0 0.564273 0.254469 0.065313 0.095104
0 0.080312 0.781807 0.076937 0.081760
0 0.128850 0.663086 0.074348 0.102849
0 0.954678 0.781982 0.071809 0.100172
0 0.053564 0.500625 0.081434 0.105115
0 0.918475 0.927211 0.074816 0.084432
0 0.292158 0.329406 0.073129 0.102990
0 0.959812 0.500937 0.074086 0.085396
0 0.057363 0.856198 0.080805 0.088208
0 0.762230 0.660323 0.068617 0.085573
0 0.732148 0.954193 0.070625 0.091615
0 0.328422 0.047208 0.069594 0.088927
0 0.262494 0.641305 0.069926 0.099620
0 0.608047 0.822305 0.074492 0.082651
0 0.607697 0.909995 0.070293 0.097812
0 0.855551 0.097469 0.081555 0.090312
0 0.682346 0.563721 0.076355 0.093891
0 0.573434 0.589211 0.076383 0.090380
0 0.744137 0.749331 0.073906 0.089141
0 0.292725 0.118596 0.079520 0.085443
0 0.503775 0.631161 0.073121 0.092448
0 0.066086 0.697547 0.070742 0.088687
0 0.425250 0.239729 0.069312 0.093688
0 0.883883 0.739922 0.072289 0.100448
0 0.371266 0.469703 0.084883 0.095146
0 0.771092 0.339107 0.075426 0.089266
0 0.056369 0.939539 0.072691 0.104755
0 0.144832 0.899708 0.075430 0.089448
0 0.387057 0.118151 0.069777 0.092677
0 0.627238 0.457276 0.077906 0.090417
0 0.926969 0.096487 0.064289 0.094734
0 0.779969 0.572313 0.068148 0.096865
0 0.809346 0.700987 0.059629 0.086089
0 0.861252 0.968065 0.076848 0.063870
0 0.400467 0.538292 0.066230 0.089115
0 0.898076 0.828898 0.058051 0.077318
0 0.459490 0.693312 0.071746 0.091896
0 0.103838 0.105185 0.077238 0.091568
0 0.052664 0.621698 0.062961 0.083938
0 0.040982 0.165216 0.071293 0.098141
0 0.329967 0.233484 0.071902 0.100865
0 0.707258 0.826229 0.071898 0.092740
0 0.476873 0.119971 0.071301 0.109432
0 0.182654 0.138086 0.078246 0.103005
0 0.760551 0.116620 0.068094 0.085885
0 0.451967 0.364378 0.070809 0.103745
0 0.370229 0.902036 0.072910 0.094500
0 0.187555 0.310596 0.069547 0.090255
0 0.979650 0.859979 0.040699 0.094365
0 0.647037 0.295844 0.068277 0.087323
0 0.264420 0.527021 0.067457 0.086333
0 0.492781 0.297815 0.065406 0.087255
0 0.285523 0.733917 0.076570 0.095948
0 0.454025 0.463802 0.066496 0.095240
0 0.569961 0.679297 0.066461 0.088000
0 0.328754 0.670211 0.065562 0.076307
0 0.496152 0.224549 0.073484 0.100141
0 0.373963 0.804247 0.070965 0.102891
0 0.424889 0.631130 0.074996 0.099125
0 0.354437 0.597180 0.061859 0.086828
0 0.851334 0.028292 0.076910 0.054406
0 0.733322 0.275031 0.075566 0.101594
0 0.920654 0.336206 0.083902 0.096776
0 0.856248 0.589255 0.080605 0.098615
0 0.213217 0.710414 0.069598 0.082547
0 0.017049 0.320883 0.034098 0.093495
0 0.697557 0.168255 0.072934 0.092063
0 0.267893 0.201341 0.076668 0.094714
0 0.836758 0.338474 0.064852 0.116917
0 0.777195 0.958372 0.075555 0.083255
0 0.630223 0.673875 0.065852 0.101354
0 0.591943 0.112836 0.065785 0.091339
0 0.680031 0.990315 0.074531 0.018734
0 0.577697 0.063701 0.067426 0.084557
0 0.705945 0.023503 0.076977 0.047005
0 0.773258 0.051570 0.073672 0.102339
0 0.647799 0.022990 0.063262 0.045979
1 0.381729 0.303732 0.070527 0.079797
0 0.993906 0.130424 0.011570 0.098547
0 0.196992 0.010747 0.068383 0.021495
0 0.011932 0.659508 0.023551 0.087109
0 0.306002 0.930651 0.069137 0.097010
0 0.123279 0.032581 0.066090 0.064453
0 0.284547 0.435018 0.073609 0.074016
0 0.209258 0.991812 0.072445 0.016375
0 0.022762 0.767935 0.045453 0.085318
0 0.698336 0.254417 0.066703 0.080583
0 0.148758 0.972112 0.067875 0.055776
1 0.197164 0.067062 0.072438 0.092594
0 0.890785 0.230599 0.070570 0.091469
0 0.463070 0.875680 0.066773 0.082766
0 0.013463 0.111016 0.026105 0.099781
0 0.967271 0.582802 0.065457 0.080917
0 0.984912 0.245690 0.029949 0.090828
0 0.848760 0.771354 0.065801 0.104344
0 0.266141 0.818286 0.067133 0.080125
0 0.651109 0.766617 0.074836 0.090943
0 0.058537 0.026453 0.072652 0.051531
0 0.263838 0.022297 0.068520 0.044594
0 0.528707 0.012229 0.058484 0.024458
0 0.868518 0.274339 0.063363 0.093344
0 0.343059 0.374987 0.065148 0.084161
0 0.983887 0.332352 0.032227 0.080109
0 0.701004 0.070172 0.078719 0.097375
0 0.499365 0.539612 0.072590 0.093849
0 0.587262 0.010961 0.064375 0.021922
0 0.121145 0.203375 0.076102 0.102000
0 0.991980 0.469159 0.015852 0.085484
0 0.671172 0.894531 0.072992 0.083687
0 0.246477 0.276862 0.059141 0.105328
0 0.818154 0.214331 0.073699 0.091547
0 0.648736 0.200477 0.075746 0.091089
0 0.374182 0.972651 0.082941 0.052927
0 0.384516 0.386971 0.068328 0.086422
0 0.457488 0.921969 0.079148 0.102448
0 0.237937 0.965841 0.068820 0.065484
0 0.612762 0.366542 0.073789 0.096625
0 0.269520 0.902385 0.077414 0.093844
0 0.984367 0.956536 0.031266 0.081854
0 0.524154 0.367768 0.067012 0.089630
0 0.150631 0.333036 0.066105 0.091948
0 0.016930 0.228875 0.033313 0.084979
0 0.546240 0.437326 0.083777 0.066443
0 0.572018 0.983279 0.065090 0.032859
0 0.469113 0.983714 0.074070 0.032573
0 0.559107 0.506135 0.066543 0.081500
0 0.954447 0.043904 0.072176 0.087807
1 0.900408 0.604990 0.064027 0.095677
0 0.010732 0.856031 0.021277 0.100958
0 0.634238 0.956930 0.067219 0.086141
0 0.332281 0.798990 0.066531 0.102375
0 0.087016 0.973948 0.062109 0.051656
0 0.378766 0.021398 0.075000 0.041370
0 0.014826 0.588339 0.029418 0.086854
0 0.568809 0.354260 0.066445 0.095854
0 0.956059 0.390094 0.080133 0.108760
0 0.525852 0.116573 0.065555 0.088583
0 0.483578 0.047307 0.076484 0.086354
0 0.827502 0.166146 0.079098 0.080792
0 0.934812 0.008083 0.075102 0.016167
0 0.206695 0.409372 0.074109 0.085620
0 0.191066 0.228599 0.068898 0.080448
1 0.535223 0.905159 0.074031 0.100943
1 0.171104 0.452581 0.069129 0.096536
