1 0.728799 0.802169 0.086349 0.134218
1 0.109043 0.241470 0.081362 0.122662
1 0.615158 0.503164 0.090763 0.141042
1 0.850801 0.416984 0.082878 0.137792
0 0.036650 0.027463 0.073185 0.054926
0 0.135566 0.022440 0.090539 0.044880
0 0.810182 0.858139 0.084974 0.153611
0 0.841499 0.660525 0.076112 0.129764
0 0.785823 0.148076 0.079880 0.139208
0 0.042832 0.907208 0.077206 0.134509
0 0.918380 0.721812 0.083943 0.147569
0 0.200560 0.141146 0.085703 0.144264
0 0.952961 0.926757 0.080078 0.143625
0 0.978340 0.218706 0.043320 0.142264
0 0.692538 0.970801 0.079914 0.057843
0 0.817031 0.534032 0.084453 0.134241
0 0.671598 0.022120 0.077180 0.044241
0 0.893585 0.075935 0.087320 0.145213
0 0.819210 0.023569 0.083471 0.047139
0 0.290514 0.970655 0.060456 0.058690
0 0.014366 0.141905 0.028732 0.139681
0 0.792173 0.969560 0.088112 0.060880
0 0.315910 0.872616 0.085628 0.136204
0 0.293542 0.543509 0.092490 0.126963
0 0.263689 0.056109 0.080060 0.112218
0 0.363812 0.815053 0.085057 0.125486
0 0.271203 0.786551 0.082464 0.121574
0 0.119285 0.116109 0.083081 0.132005
0 0.532402 0.277356 0.088435 0.125787
0 0.518543 0.399942 0.087924 0.131856
0 0.390421 0.414116 0.091117 0.142750
0 0.190303 0.897505 0.079966 0.134065
0 0.356704 0.949222 0.073398 0.100454
0 0.423591 0.952007 0.074469 0.095634
0 0.103948 0.960350 0.071687 0.078329
0 0.425736 0.173035 0.086039 0.138634
0 0.334798 0.700674 0.073404 0.132255
0 0.411314 0.698132 0.075815 0.144671
0 0.446849 0.304417 0.075370 0.125093
0 0.266285 0.663424 0.092773 0.136042
0 0.481366 0.647113 0.088924 0.157384
0 0.179630 0.289382 0.082599 0.134764
0 0.350201 0.247350 0.086010 0.153134
0 0.273707 0.404345 0.089690 0.154449
0 0.132178 0.803481 0.078336 0.136759
0 0.748474 0.038215 0.077552 0.073310
0 0.574754 0.870986 0.082826 0.158546
0 0.981241 0.751428 0.037518 0.131606
0 0.124974 0.670782 0.073151 0.125176
0 0.385155 0.058266 0.083159 0.114995
0 0.514729 0.929285 0.093802 0.137727
0 0.575031 0.633803 0.083729 0.141606
0 0.622281 0.822451 0.077177 0.136403
0 0.573169 0.054289 0.087135 0.107542
0 0.202573 0.413914 0.078052 0.148329
0 0.535544 0.537576 0.077401 0.149375
0 0.534525 0.150491 0.091945 0.125343
0 0.133638 0.456421 0.075328 0.146380
0 0.089897 0.360431 0.078180 0.134833
0 0.644217 0.373741 0.078320 0.132231
0 0.187702 0.602104 0.075404 0.138394
0 0.029600 0.431433 0.059201 0.139940
0 0.041171 0.678498 0.081961 0.156264
0 0.679130 0.698113 0.076760 0.126495
0 0.725568 0.296940 0.077354 0.141602
0 0.888495 0.867382 0.076260 0.151532
0 0.963436 0.121063 0.072247 0.125588
0 0.702997 0.563595 0.082313 0.141292
0 0.860229 0.209472 0.079010 0.130778
0 0.706846 0.162042 0.083333 0.138583
0 0.875507 0.974090 0.092055 0.051819
0 0.911883 0.546366 0.079318 0.140546
0 0.759398 0.668338 0.077328 0.137204
0 0.794005 0.323727 0.083906 0.140148
0 0.977180 0.542898 0.045641 0.140806
0 0.176986 0.985713 0.082753 0.028574
0 0.990229 0.040866 0.019542 0.081583
0 0.607057 0.986035 0.080328 0.025653
