0 0.322219 0.780264 0.070906 0.128250
0 0.940125 0.612852 0.066417 0.136130
0 0.641734 0.088690 0.082115 0.126491
0 0.084117 0.954181 0.074578 0.091602
0 0.537904 0.950500 0.073453 0.099000
0 0.831182 0.904801 0.076760 0.134509
0 0.155831 0.934310 0.070484 0.131380
0 0.107839 0.704259 0.078979 0.136815
0 0.275188 0.821472 0.068969 0.132574
0 0.327190 0.416579 0.075818 0.139491
0 0.777563 0.166958 0.066646 0.141750
0 0.244977 0.598454 0.077047 0.140167
0 0.901857 0.734181 0.075089 0.123083
0 0.701685 0.162042 0.083932 0.136083
0 0.428414 0.320847 0.076859 0.139843
0 0.611424 0.214949 0.071953 0.129843
0 0.361156 0.253532 0.078062 0.149102
0 0.248198 0.050866 0.081740 0.101731
0 0.191042 0.680787 0.070708 0.110481
0 0.197341 0.251116 0.071578 0.130194
0 0.390823 0.053616 0.069271 0.105861
0 0.741115 0.883204 0.079708 0.142444
0 0.527008 0.728199 0.088974 0.123713
0 0.354966 0.885968 0.083839 0.123417
0 0.224388 0.381926 0.078609 0.121259
0 0.692372 0.385245 0.070943 0.130602
0 0.818422 0.421181 0.075740 0.129380
0 0.302974 0.675319 0.071906 0.129509
0 0.921185 0.336755 0.077776 0.116306
0 0.576820 0.064292 0.086245 0.126565
0 0.366453 0.691167 0.069052 0.135407
0 0.123380 0.172722 0.078781 0.129704
0 0.720885 0.745199 0.074323 0.135380
0 0.626964 0.802116 0.073990 0.133009
0 0.053664 0.816616 0.068328 0.131602
0 0.621849 0.348171 0.083323 0.130694
0 0.920245 0.863083 0.081729 0.138037
0 0.633266 0.475352 0.079469 0.122981
0 0.844299 0.049028 0.079245 0.098056
0 0.970828 0.729546 0.057813 0.142944
0 0.103398 0.290796 0.075109 0.110148
0 0.690443 0.636176 0.073573 0.142333
0 0.465078 0.481597 0.078135 0.134806
0 0.604216 0.932880 0.089505 0.131352
0 0.793091 0.731894 0.073318 0.136065
0 0.437635 0.727949 0.075719 0.137139
0 0.442341 0.958676 0.079547 0.081852
0 0.495409 0.389884 0.075536 0.138083
0 0.097135 0.063306 0.080063 0.126611
0 0.295927 0.957685 0.069510 0.083296
0 0.732807 0.528847 0.076865 0.134417
0 0.844427 0.162634 0.072646 0.131380
0 0.423516 0.606102 0.078552 0.108537
0 0.917065 0.119477 0.077036 0.129435
0 0.973612 0.042269 0.052776 0.081574
0 0.191633 0.494329 0.075349 0.118269
0 0.118430 0.414060 0.074911 0.126824
0 0.110482 0.561593 0.080401 0.128704
0 0.932586 0.211245 0.075536 0.126972
0 0.977432 0.925977 0.045135 0.133880
0 0.551617 0.833569 0.076328 0.131380
0 0.285654 0.281269 0.069714 0.149056
0 0.390990 0.492574 0.072896 0.138000
0 0.715576 0.045921 0.080130 0.090639
0 0.167060 0.800472 0.077172 0.138000
0 0.976938 0.410065 0.046125 0.149185
0 0.525482 0.189731 0.074547 0.133111
0 0.320904 0.078565 0.080245 0.145352
0 0.444357 0.144431 0.076599 0.133157
0 0.030466 0.927644 0.060932 0.133602
0 0.869776 0.601995 0.077135 0.141472
0 0.629188 0.601181 0.063812 0.124565
0 0.919813 0.471486 0.084135 0.144083
1 0.049341 0.372963 0.070089 0.142685
1 0.560078 0.622218 0.103792 0.162750
0 0.691023 0.301509 0.064464 0.121907
0 0.007049 0.390958 0.014099 0.135213
0 0.356583 0.973065 0.074625 0.051926
0 0.225781 0.170671 0.088740 0.140491
0 0.224698 0.899495 0.068354 0.151306
0 0.164552 0.053190 0.081781 0.102398
0 0.775878 0.972051 0.074245 0.051509
0 0.324865 0.271065 0.145729 0.142352
0 0.449672 0.020861 0.060729 0.041722
0 0.028427 0.233741 0.056854 0.134852
0 0.010193 0.618019 0.019771 0.131111
0 0.014557 0.760824 0.027813 0.141852
0 0.982591 0.195472 0.034099 0.146093
0 0.773271 0.322713 0.086448 0.155741
0 0.512971 0.019606 0.073589 0.039213
