0 0.775104 0.572750 0.060387 0.083271
0 0.019502 0.863401 0.037676 0.077437
0 0.590916 0.041180 0.075043 0.082359
0 0.121061 0.356771 0.064738 0.090292
0 0.581426 0.306727 0.069930 0.091151
0 0.770717 0.415240 0.079949 0.107323
0 0.256840 0.271708 0.064164 0.103490
0 0.978207 0.974880 0.042359 0.050240
0 0.750125 0.023805 0.069078 0.047484
0 0.265420 0.956760 0.052121 0.085844
0 0.058354 0.119367 0.076043 0.098318
0 0.303750 0.691299 0.059727 0.069911
0 0.506111 0.869391 0.070137 0.101094
0 0.375090 0.074924 0.057523 0.078057
0 0.566584 0.757203 0.069809 0.085562
0 0.906867 0.963315 0.065219 0.069932
0 0.101500 0.155419 0.062742 0.091057
0 0.019625 0.192513 0.037484 0.102245
0 0.457479 0.718945 0.073465 0.084859
0 0.400430 0.410234 0.072109 0.095771
0 0.636994 0.692193 0.077324 0.098990
0 0.851793 0.247479 0.083500 0.097135
0 0.755734 0.505169 0.069344 0.080047
0 0.838826 0.966742 0.071332 0.066516
0 0.440736 0.407409 0.069020 0.088349
0 0.945480 0.837552 0.078398 0.095240
0 0.052412 0.937359 0.070027 0.095510
0 0.973824 0.623326 0.052352 0.112328
0 0.870949 0.798266 0.078016 0.100937
0 0.221525 0.901013 0.055801 0.072661
0 0.818715 0.637807 0.069914 0.101021
0 0.898406 0.444797 0.073258 0.095667
0 0.748080 0.628430 0.074621 0.095109
0 0.744492 0.741401 0.074352 0.090479
0 0.679447 0.662839 0.060410 0.081229
0 0.527393 0.069799 0.067262 0.087891
0 0.321523 0.566521 0.071648 0.100292
0 0.787500 0.085182 0.072875 0.089427
0 0.566521 0.555008 0.066473 0.085599
0 0.238336 0.606323 0.069867 0.095802
0 0.787236 0.183180 0.068668 0.092880
0 0.471348 0.818049 0.077945 0.106995
0 0.379383 0.461466 0.069133 0.093380
0 0.071441 0.423719 0.083906 0.107687
0 0.724029 0.812378 0.057941 0.074255
0 0.687063 0.504466 0.065414 0.092797
0 0.077705 0.355482 0.067246 0.085068
0 0.924674 0.500703 0.072215 0.093427
0 0.613525 0.891456 0.074309 0.097161
0 0.664525 0.775503 0.066715 0.088526
0 0.666094 0.121052 0.076031 0.094917
0 0.430068 0.188638 0.059801 0.098734
0 0.397176 0.899979 0.066461 0.099906
0 0.411738 0.783312 0.064695 0.086010
0 0.814361 0.937273 0.071996 0.095318
0 0.265852 0.144102 0.071875 0.103089
0 0.719074 0.366159 0.066680 0.069161
0 0.618148 0.418607 0.077727 0.099266
0 0.092736 0.081177 0.072941 0.084635
0 0.017695 0.748430 0.033133 0.096422
0 0.878340 0.574411 0.076156 0.102104
0 0.916115 0.179115 0.076574 0.102521
0 0.189789 0.355482 0.069250 0.095661
0 0.176773 0.594755 0.059141 0.078115
0 0.724330 0.212086 0.070449 0.095453
0 0.781061 0.847685 0.074949 0.090391
0 0.154727 0.483039 0.088250 0.077807
0 0.107695 0.020542 0.070398 0.041083
0 0.206641 0.557268 0.059922 0.079411
0 0.563184 0.830659 0.082633 0.070224
0 0.652916 0.334490 0.072184 0.101906
0 0.032623 0.663052 0.061535 0.085771
0 0.553785 0.470773 0.078023 0.089214
0 0.330922 0.866750 0.075141 0.098573
0 0.558674 0.691773 0.074871 0.095172
0 0.390898 0.614336 0.065445 0.080109
0 0.287938 0.471302 0.073664 0.092823
0 0.022912 0.961862 0.045707 0.073682
0 0.502266 0.545870 0.060195 0.077479
0 0.639295 0.030193 0.071723 0.059219
0 0.975176 0.083471 0.049648 0.111151
0 0.140574 0.258617 0.069578 0.087432
0 0.563719 0.635365 0.070930 0.093406
0 0.589963 0.139607 0.073238 0.097974
0 0.119557 0.661552 0.076777 0.098437
0 0.563635 0.195333 0.065168 0.070750
0 0.553383 0.940539 0.066555 0.087964
0 0.165129 0.852487 0.073633 0.101432
0 0.507818 0.143177 0.073113 0.094021
0 0.433535 0.528112 0.076641 0.099047
0 0.173418 0.114138 0.072812 0.096411
0 0.847084 0.038547 0.076871 0.076635
0 0.966148 0.239229 0.066375 0.097344
0 0.310760 0.057044 0.066027 0.088839
0 0.067396 0.255521 0.064012 0.087844
0 0.353119 0.245604 0.060980 0.108021
0 0.289090 0.859031 0.064914 0.078937
0 0.523977 0.246068 0.070328 0.094990
0 0.301238 0.769755 0.072641 0.097698
0 0.259666 0.365031 0.071973 0.093760
0 0.955752 0.904565 0.078035 0.105797
0 0.693131 0.242281 0.071426 0.088052
0 0.191068 0.683880 0.070387 0.097344
0 0.126703 0.966612 0.084586 0.066172
0 0.293529 0.272750 0.058293 0.093229
0 0.047934 0.697169 0.067656 0.076953
0 0.230432 0.759195 0.057621 0.096880
0 0.314174 0.987339 0.067863 0.024021
0 0.009246 0.588174 0.017563 0.095068
0 0.010617 0.018898 0.021148 0.034714
0 0.351633 0.958911 0.064008 0.078125
0 0.172465 0.015453 0.068250 0.030906
0 0.502887 0.991062 0.065234 0.017448
0 0.210006 0.725406 0.080941 0.099708
0 0.567123 0.012474 0.073699 0.024948
0 0.837318 0.410182 0.064699 0.093333
0 0.525033 0.449661 0.065355 0.075865
0 0.008059 0.084352 0.016117 0.081443
0 0.980422 0.364589 0.039156 0.106687
0 0.421023 0.867971 0.061875 0.082182
0 0.009223 0.323021 0.018352 0.091396
0 0.298652 0.153760 0.067219 0.095302
0 0.831910 0.362375 0.081477 0.100208
0 0.417686 0.010378 0.063551 0.020755
0 0.331500 0.929560 0.067656 0.087307
