0 0.420053 0.924292 0.073582 0.109979
0 0.159256 0.896182 0.064770 0.088865
0 0.347137 0.911484 0.069297 0.088094
0 0.651053 0.527122 0.067980 0.085995
0 0.819256 0.155471 0.073184 0.097953
0 0.063658 0.112526 0.075059 0.098437
0 0.760377 0.797443 0.076191 0.102094
0 0.691039 0.447411 0.068172 0.091042
0 0.946520 0.206656 0.063961 0.080573
0 0.570975 0.812359 0.074129 0.094542
0 0.915211 0.809458 0.066156 0.097354
0 0.321609 0.642891 0.063164 0.088885
0 0.968316 0.653451 0.060680 0.083380
0 0.089996 0.904195 0.066586 0.087224
0 0.034811 0.367083 0.067902 0.081917
0 0.616160 0.613943 0.069188 0.087000
0 0.753191 0.037299 0.067219 0.073714
0 0.380053 0.388779 0.080988 0.104214
0 0.822861 0.039560 0.063160 0.079120
0 0.947889 0.559966 0.070137 0.086464
0 0.802730 0.875964 0.071445 0.088240
0 0.040211 0.276638 0.067734 0.092224
0 0.126146 0.158448 0.064137 0.089875
0 0.915570 0.711987 0.066492 0.083766
0 0.111600 0.721677 0.062645 0.083240
0 0.973191 0.303583 0.053477 0.075906
0 0.006975 0.975753 0.013949 0.048495
0 0.481094 0.071182 0.062656 0.084490
0 0.097137 0.530250 0.062203 0.079521
0 0.444779 0.345695 0.062113 0.076651
0 0.377812 0.497284 0.056047 0.078047
0 0.860514 0.992979 0.067785 0.013958
0 0.990389 0.809628 0.018402 0.085828
0 0.019682 0.545680 0.038348 0.081391
0 0.362113 0.011654 0.064328 0.022943
0 0.827037 0.499648 0.061020 0.081911
0 0.422770 0.773781 0.057313 0.080646
0 0.300830 0.397602 0.073230 0.095047
0 0.038904 0.465740 0.068043 0.088010
0 0.537084 0.917969 0.065496 0.079927
0 0.363582 0.128893 0.062641 0.081620
0 0.941957 0.956198 0.072492 0.087604
0 0.601770 0.210255 0.064484 0.091292
0 0.031594 0.889302 0.059273 0.100292
0 0.843592 0.623320 0.063004 0.093849
0 0.836209 0.720547 0.081590 0.088958
0 0.373543 0.253357 0.071883 0.103318
0 0.995398 0.429628 0.009203 0.077828
0 0.955658 0.406190 0.070488 0.110214
0 0.990963 0.585643 0.018074 0.079307
0 0.255270 0.973354 0.061055 0.052823
0 0.468994 0.980505 0.068941 0.038990
0 0.027174 0.795784 0.054168 0.084286
0 0.994107 0.898951 0.011785 0.078130
0 0.990393 0.984964 0.019215 0.028802
0 0.018969 0.635391 0.037867 0.082552
0 0.220988 0.033253 0.065922 0.066505
0 0.308035 0.212154 0.062984 0.085620
0 0.552203 0.553701 0.065297 0.084161
0 0.282449 0.862266 0.066617 0.093552
0 0.947240 0.054661 0.063934 0.084312
0 0.179742 0.773086 0.070039 0.084349
0 0.731721 0.149109 0.069551 0.086937
0 0.223008 0.592589 0.062953 0.081490
0 0.596215 0.304458 0.068141 0.087344
0 0.573746 0.974568 0.060266 0.050865
0 0.888268 0.290206 0.061730 0.076839
0 0.739742 0.584542 0.070469 0.090844
0 0.246799 0.169654 0.068285 0.084505
0 0.244707 0.496513 0.059414 0.085516
0 0.091932 0.414271 0.058855 0.077594
0 0.021666 0.187784 0.042379 0.082578
0 0.173385 0.349466 0.072895 0.097651
0 0.266748 0.078643 0.058355 0.077380
0 0.469137 0.424883 0.066250 0.081901
0 0.692410 0.077893 0.064344 0.084255
0 0.916518 0.480721 0.067816 0.082870
0 0.782516 0.321891 0.068063 0.087083
0 0.362428 0.730971 0.066316 0.085651
0 0.539855 0.647805 0.065234 0.085099
0 0.113645 0.969456 0.063375 0.061089
0 0.421484 0.033937 0.062227 0.067875
0 0.919104 0.131672 0.064770 0.076094
0 0.677490 0.008003 0.064230 0.016005
0 0.401422 0.565318 0.060695 0.078688
0 0.666039 0.984240 0.074500 0.031521
0 0.531803 0.010508 0.071395 0.021016
