0 0.974310 0.084657 0.051380 0.169315
0 0.972349 0.930185 0.054323 0.137093
0 0.301674 0.492894 0.106536 0.161287
0 0.342716 0.369500 0.114120 0.181241
0 0.040286 0.428769 0.080573 0.196444
0 0.794370 0.328181 0.114677 0.191880
0 0.780982 0.121458 0.104089 0.180731
0 0.225219 0.213412 0.113302 0.217065
0 0.624703 0.107315 0.092948 0.162889
0 0.959958 0.633491 0.077823 0.173722
0 0.697643 0.070565 0.103943 0.141130
0 0.872990 0.244486 0.096125 0.172769
0 0.042372 0.133218 0.083339 0.194213
0 0.559109 0.696528 0.099958 0.187259
0 0.439133 0.071838 0.107891 0.143676
0 0.459940 0.867454 0.117255 0.201833
0 0.697771 0.760662 0.113990 0.199861
0 0.279115 0.642426 0.112719 0.177130
0 0.127229 0.175505 0.110469 0.223028
0 0.191880 0.766106 0.113667 0.179787
0 0.554878 0.179208 0.101359 0.187769
0 0.649328 0.611782 0.114802 0.189694
0 0.415818 0.363824 0.101594 0.173148
0 0.422747 0.580593 0.113766 0.215685
0 0.786560 0.704130 0.115359 0.209907
0 0.498526 0.476662 0.118188 0.224917
0 0.551805 0.848495 0.104484 0.159861
0 0.767188 0.525338 0.107729 0.183324
1 0.373411 0.184847 0.111885 0.169787
1 0.402690 0.753236 0.099370 0.161250
0 0.963674 0.796440 0.071297 0.171676
0 0.268250 0.020176 0.119469 0.040352
0 0.716042 0.959792 0.108427 0.080417
0 0.070604 0.595755 0.114615 0.224194
0 0.015497 0.736810 0.030995 0.212046
0 0.110323 0.503829 0.104802 0.193139
0 0.203477 0.539130 0.112224 0.227315
0 0.852193 0.128671 0.106146 0.171194
0 0.626237 0.875125 0.119776 0.182935
0 0.340529 0.957981 0.100516 0.084037
0 0.824219 0.933704 0.143406 0.132593
0 0.466182 0.287269 0.124229 0.189981
0 0.147979 0.866051 0.107594 0.189546
0 0.967148 0.235481 0.065703 0.179537
0 0.608997 0.427097 0.121828 0.242620
0 0.068695 0.862366 0.118057 0.197287
0 0.709904 0.320977 0.104609 0.183324
0 0.886872 0.545060 0.129151 0.189306
0 0.268961 0.891843 0.124224 0.185185
0 0.913010 0.377264 0.096010 0.171509
0 0.543177 0.047968 0.127792 0.095935
