0 0.044779 0.969472 0.087089 0.061056
0 0.266462 0.260366 0.081487 0.141815
0 0.826270 0.033201 0.083284 0.064236
0 0.993108 0.607417 0.013784 0.131435
0 0.677165 0.922819 0.080299 0.151435
0 0.009025 0.820734 0.018018 0.135227
0 0.133055 0.194729 0.066995 0.143134
0 0.510823 0.895583 0.084740 0.137898
0 0.760495 0.052134 0.075776 0.103935
0 0.523405 0.057759 0.085383 0.110759
0 0.252216 0.036701 0.091203 0.073403
0 0.684073 0.039576 0.078734 0.079153
0 0.432717 0.180241 0.082539 0.155787
0 0.454202 0.026956 0.089555 0.053912
0 0.993910 0.369539 0.012180 0.133912
0 0.856568 0.982722 0.088036 0.033120
1 0.568661 0.681280 0.089922 0.146060
0 0.745001 0.966875 0.087440 0.065741
0 0.374294 0.099870 0.091385 0.159056
0 0.209786 0.760382 0.079490 0.137588
0 0.342094 0.629954 0.088406 0.140963
0 0.876224 0.568243 0.074047 0.134014
0 0.160812 0.451766 0.081229 0.140551
0 0.824635 0.257484 0.085219 0.144773
0 0.090245 0.680421 0.087667 0.128102
0 0.406020 0.303924 0.078555 0.145162
0 0.974988 0.482178 0.050023 0.152356
0 0.346703 0.864569 0.089479 0.147769
0 0.551777 0.229294 0.070966 0.110366
0 0.070587 0.216319 0.080664 0.140046
0 0.566594 0.807167 0.087802 0.138074
0 0.757648 0.635012 0.077479 0.142014
0 0.429814 0.838803 0.089539 0.167449
0 0.167172 0.072639 0.085667 0.143019
0 0.045465 0.031412 0.079591 0.061102
0 0.970419 0.927007 0.059161 0.142255
0 0.869846 0.850014 0.079745 0.145926
0 0.828704 0.657831 0.071737 0.131005
0 0.990745 0.760843 0.018510 0.152648
0 0.135488 0.797123 0.083581 0.152597
0 0.070439 0.354787 0.095003 0.150074
0 0.846973 0.390169 0.076836 0.139171
0 0.112569 0.558120 0.079638 0.145787
0 0.020430 0.699289 0.039427 0.141338
0 0.286227 0.737164 0.083510 0.163477
0 0.210092 0.638292 0.081018 0.135204
0 0.964141 0.303178 0.071719 0.135329
0 0.597793 0.082144 0.080383 0.155750
0 0.722294 0.752495 0.078870 0.147546
0 0.963457 0.170593 0.073076 0.147269
0 0.095587 0.907604 0.083753 0.143977
0 0.800194 0.786333 0.084305 0.150731
0 0.754526 0.168331 0.082318 0.147634
0 0.922783 0.050306 0.082195 0.100611
0 0.195221 0.334477 0.083766 0.134657
0 0.309779 0.477458 0.088042 0.151222
0 0.510001 0.457785 0.081805 0.145773
0 0.949193 0.583012 0.078380 0.139412
0 0.551953 0.557019 0.079042 0.135722
0 0.541707 0.335134 0.081674 0.140278
0 0.054380 0.801201 0.086651 0.144699
0 0.265115 0.589521 0.078354 0.153940
0 0.265678 0.381569 0.081768 0.126880
0 0.821316 0.123435 0.084779 0.138491
0 0.044708 0.473720 0.087667 0.118949
0 0.912892 0.455752 0.082987 0.148051
0 0.490339 0.775391 0.086031 0.151866
0 0.034846 0.581454 0.069047 0.130907
0 0.201242 0.198741 0.077359 0.146528
0 0.644095 0.666218 0.079206 0.145454
0 0.089221 0.090859 0.082026 0.130264
0 0.028329 0.900366 0.056659 0.125889
0 0.800892 0.925965 0.072711 0.132847
0 0.651585 0.793009 0.078409 0.136194
0 0.494703 0.631329 0.075448 0.148037
0 0.611431 0.944301 0.074424 0.110204
0 0.367272 0.751738 0.087846 0.141921
0 0.474079 0.309935 0.070617 0.153389
0 0.268474 0.120981 0.083516 0.133981
0 0.408688 0.938257 0.076063 0.123384
0 0.429697 0.689169 0.074971 0.139412
0 0.347591 0.237014 0.080661 0.144565
1 0.503607 0.166604 0.079089 0.136051
