0 0.935349 0.985926 0.081828 0.026343
0 0.458885 0.021917 0.086833 0.043833
0 0.980865 0.960375 0.038156 0.079250
0 0.954118 0.463009 0.091763 0.126417
1 0.590018 0.536329 0.101672 0.120389
0 0.043094 0.032988 0.086188 0.065523
0 0.015772 0.479095 0.031544 0.132958
0 0.401723 0.946264 0.086044 0.107380
0 0.965496 0.545762 0.069008 0.141532
0 0.698771 0.034664 0.088187 0.069329
0 0.203311 0.238456 0.077586 0.141875
0 0.968312 0.878280 0.063297 0.147718
0 0.208012 0.375725 0.086477 0.141699
0 0.254615 0.952632 0.082849 0.093773
0 0.443845 0.717447 0.097023 0.165829
0 0.005126 0.228792 0.010253 0.102843
0 0.362566 0.677817 0.087076 0.149912
0 0.593703 0.123130 0.084302 0.163333
0 0.221673 0.012204 0.079924 0.024407
0 0.236138 0.296243 0.090823 0.158921
0 0.774311 0.036542 0.078570 0.073083
0 0.339152 0.470211 0.078977 0.132532
0 0.974038 0.340069 0.051534 0.160593
0 0.154448 0.954056 0.081714 0.091815
0 0.669036 0.948433 0.091323 0.102764
0 0.933504 0.051618 0.084721 0.102301
0 0.738053 0.423687 0.089299 0.161005
0 0.656288 0.716130 0.096211 0.152926
0 0.444134 0.910025 0.083378 0.148634
0 0.893969 0.680153 0.083297 0.147065
0 0.024832 0.611593 0.049466 0.145667
0 0.241445 0.634153 0.082380 0.148528
0 0.366763 0.075627 0.079385 0.134366
0 0.509616 0.067389 0.086154 0.134778
0 0.343564 0.936991 0.087758 0.125444
0 0.296065 0.080604 0.082620 0.136162
0 0.197728 0.102935 0.084289 0.148093
0 0.950458 0.672537 0.094437 0.169343
0 0.106924 0.375236 0.091146 0.155528
0 0.740741 0.689597 0.084742 0.145787
0 0.648299 0.098958 0.089490 0.152620
0 0.943055 0.814887 0.091755 0.160144
0 0.026858 0.839882 0.053263 0.150736
0 0.651766 0.583986 0.090818 0.159259
0 0.478118 0.667671 0.075539 0.146148
0 0.174415 0.722255 0.081018 0.143074
0 0.128793 0.060479 0.082669 0.120958
0 0.734221 0.286377 0.079620 0.142255
0 0.142387 0.180924 0.085294 0.145366
0 0.776674 0.182475 0.089198 0.153810
0 0.089345 0.813581 0.087352 0.150690
0 0.824036 0.104819 0.097255 0.153407
0 0.030271 0.121720 0.060542 0.143356
0 0.279289 0.574975 0.082474 0.153394
0 0.371783 0.404262 0.083154 0.146505
0 0.064479 0.937111 0.086641 0.125287
0 0.242632 0.764674 0.084732 0.143356
0 0.792007 0.454160 0.094742 0.156931
0 0.912305 0.374229 0.089109 0.148171
0 0.054585 0.246248 0.077138 0.133255
0 0.293486 0.376984 0.099742 0.168190
0 0.810367 0.620787 0.096344 0.179231
0 0.389424 0.824370 0.083385 0.156065
0 0.642809 0.844903 0.093294 0.153352
0 0.729290 0.793442 0.090747 0.153875
0 0.139517 0.600051 0.089560 0.151852
0 0.029254 0.361778 0.058508 0.140648
0 0.648388 0.299245 0.091943 0.163574
0 0.589902 0.934345 0.086622 0.131310
0 0.368018 0.572553 0.091667 0.145144
0 0.199273 0.508104 0.086797 0.153134
0 0.839091 0.755993 0.082057 0.145079
0 0.444004 0.429574 0.081951 0.154417
0 0.519499 0.394606 0.094044 0.162296
0 0.851941 0.935944 0.084935 0.127593
0 0.770464 0.926076 0.086078 0.146060
0 0.538259 0.817706 0.083878 0.148986
0 0.069435 0.681266 0.089547 0.159514
0 0.308099 0.825153 0.088932 0.159194
0 0.913947 0.226792 0.098747 0.172074
0 0.517840 0.191530 0.092852 0.156301
0 0.635702 0.441412 0.091164 0.157417
0 0.404310 0.250067 0.080729 0.144032
0 0.870974 0.531444 0.087917 0.153694
0 0.331154 0.202715 0.093177 0.152440
0 0.846240 0.303928 0.089953 0.141532
0 0.565811 0.271104 0.092247 0.154810
0 0.494354 0.532644 0.090193 0.151657
0 0.729970 0.558553 0.083799 0.153366
0 0.550819 0.641759 0.087732 0.149787
