0 0.770486 0.055352 0.088357 0.110093
0 0.013592 0.358285 0.027138 0.157375
0 0.951253 0.015859 0.079276 0.031718
0 0.500474 0.023116 0.096063 0.046231
0 0.100044 0.024495 0.118010 0.048991
0 0.607495 0.125731 0.095182 0.148454
0 0.986388 0.756803 0.027089 0.150708
0 0.135010 0.963995 0.080437 0.070889
1 0.317271 0.392586 0.077286 0.148847
0 0.424395 0.967380 0.079581 0.063741
0 0.413462 0.570067 0.084971 0.104968
0 0.695482 0.081991 0.098688 0.160833
0 0.026158 0.056225 0.052112 0.110301
0 0.890121 0.398188 0.090445 0.134292
0 0.859602 0.964132 0.068349 0.069662
0 0.261103 0.346208 0.084242 0.182306
0 0.366249 0.444921 0.074029 0.199380
0 0.431428 0.865315 0.070102 0.156565
0 0.927493 0.968905 0.079909 0.062190
0 0.256738 0.892000 0.088471 0.157722
0 0.555501 0.780687 0.094008 0.150023
0 0.504467 0.218847 0.073065 0.198769
0 0.899913 0.309713 0.094435 0.161565
0 0.412741 0.079148 0.090904 0.158296
0 0.405327 0.650238 0.103341 0.133319
0 0.795990 0.174634 0.082406 0.179065
0 0.308413 0.844558 0.084164 0.171181
0 0.731217 0.176750 0.087195 0.170194
0 0.484590 0.889398 0.064758 0.129954
0 0.845134 0.568488 0.094570 0.124181
0 0.488866 0.380586 0.087477 0.155894
0 0.552780 0.387056 0.084654 0.170741
0 0.452956 0.171174 0.087734 0.168866
0 0.231702 0.181961 0.079221 0.194421
0 0.329917 0.052856 0.092396 0.105713
0 0.093279 0.109190 0.094938 0.153713
0 0.431691 0.293352 0.096841 0.152176
0 0.572121 0.233021 0.093482 0.182329
0 0.624522 0.622924 0.106883 0.153977
0 0.166482 0.063933 0.098484 0.127338
0 0.635309 0.740058 0.093065 0.149023
0 0.670438 0.490912 0.080224 0.156000
0 0.979582 0.092410 0.040430 0.145329
0 0.618152 0.365993 0.077138 0.140421
0 0.561172 0.072569 0.080495 0.145130
0 0.736680 0.928294 0.076385 0.142292
0 0.045473 0.911451 0.090945 0.155190
0 0.295391 0.201051 0.076125 0.136759
0 0.833910 0.497412 0.089643 0.140056
0 0.364858 0.768562 0.076591 0.150014
0 0.799085 0.929681 0.074586 0.138852
0 0.433611 0.440493 0.084023 0.172903
0 0.614193 0.938630 0.074354 0.120852
0 0.186427 0.920194 0.090062 0.157759
0 0.545747 0.673657 0.079073 0.149935
0 0.677147 0.304292 0.074992 0.149083
0 0.360070 0.164764 0.090641 0.158241
0 0.707745 0.736657 0.087156 0.161935
0 0.547888 0.903961 0.083870 0.140375
0 0.328673 0.567613 0.086195 0.136505
0 0.178898 0.558718 0.083224 0.158806
0 0.678579 0.873484 0.091503 0.143884
0 0.162518 0.191637 0.079000 0.155875
0 0.592510 0.498954 0.087193 0.157944
0 0.477863 0.723083 0.079997 0.168509
0 0.034147 0.167150 0.068023 0.149801
0 0.765910 0.352769 0.083773 0.182370
0 0.062052 0.328049 0.096589 0.171736
0 0.285229 0.693986 0.094198 0.169167
0 0.958414 0.226613 0.083172 0.158171
0 0.854672 0.682648 0.079740 0.131444
0 0.965396 0.875093 0.069208 0.149731
0 0.928757 0.745373 0.096378 0.146190
0 0.120921 0.621782 0.086956 0.160593
0 0.518940 0.528303 0.083552 0.159032
0 0.214168 0.777350 0.091560 0.173847
0 0.035229 0.487264 0.070458 0.145194
0 0.787617 0.735343 0.079172 0.147731
0 0.182234 0.342176 0.090318 0.159306
0 0.237124 0.496021 0.089638 0.150736
0 0.112734 0.460201 0.095245 0.162208
0 0.966301 0.609979 0.067398 0.147801
