0 0.142514 0.926565 0.073617 0.130889
0 0.224738 0.952516 0.061711 0.093662
0 0.019846 0.414727 0.039526 0.098676
0 0.018609 0.528604 0.037219 0.110958
0 0.088277 0.827731 0.063794 0.110398
0 0.989401 0.819056 0.021198 0.124722
0 0.272798 0.219079 0.075117 0.126269
0 0.718763 0.924088 0.060943 0.120343
0 0.390598 0.453201 0.065143 0.145051
0 0.145509 0.314986 0.067367 0.112444
0 0.386789 0.069465 0.067474 0.135810
0 0.091279 0.041794 0.063703 0.082671
0 0.131949 0.110447 0.052867 0.092116
0 0.046612 0.740329 0.065495 0.114991
0 0.598992 0.449155 0.069609 0.113218
0 0.902376 0.556130 0.065258 0.112565
0 0.652798 0.174563 0.064279 0.115912
0 0.649885 0.253449 0.066146 0.108907
0 0.030047 0.131317 0.060094 0.107847
0 0.574656 0.748248 0.070917 0.116338
0 0.885223 0.391824 0.056268 0.099843
0 0.449987 0.070303 0.063391 0.113968
0 0.539573 0.830854 0.064531 0.106764
0 0.536902 0.616681 0.068284 0.153019
0 0.751193 0.686539 0.062938 0.151995
0 0.963277 0.715549 0.071294 0.137736
0 0.447980 0.907016 0.068789 0.106375
0 0.394181 0.765403 0.071362 0.141713
0 0.712327 0.130812 0.060456 0.098968
0 0.180396 0.139319 0.063984 0.105778
0 0.221435 0.667472 0.059880 0.110565
0 0.774595 0.808507 0.068576 0.106718
0 0.722799 0.181155 0.060786 0.101069
0 0.082879 0.200398 0.066617 0.149509
0 0.151599 0.388400 0.067932 0.117634
0 0.733350 0.283567 0.058435 0.100421
0 0.365708 0.963032 0.062953 0.073444
0 0.774551 0.955988 0.056852 0.084949
0 0.341911 0.394255 0.060969 0.103537
0 0.111687 0.493090 0.048943 0.088273
0 0.333751 0.798248 0.065065 0.118764
0 0.346835 0.876470 0.069534 0.116523
0 0.358057 0.581222 0.063526 0.103880
0 0.222275 0.594468 0.055654 0.106130
0 0.463852 0.156407 0.061005 0.106787
0 0.658542 0.589796 0.060823 0.103148
0 0.107865 0.640461 0.055422 0.093606
0 0.660225 0.517238 0.058727 0.103829
0 0.731849 0.040387 0.065115 0.079069
0 0.515060 0.172532 0.063245 0.113917
0 0.524797 0.957986 0.064208 0.082139
0 0.246009 0.097171 0.067721 0.117278
0 0.223841 0.441426 0.057781 0.103361
0 0.593486 0.916259 0.060492 0.106306
0 0.260298 0.789495 0.070435 0.119241
0 0.607624 0.090312 0.063846 0.105023
0 0.961395 0.324032 0.070331 0.154120
0 0.901919 0.672287 0.061224 0.105194
0 0.682602 0.713715 0.067177 0.120366
0 0.865436 0.045843 0.063503 0.090787
0 0.029229 0.291729 0.057901 0.137384
0 0.435741 0.575866 0.063081 0.106194
0 0.892434 0.097720 0.067461 0.121199
0 0.425697 0.344181 0.062195 0.091852
0 0.452290 0.446829 0.064070 0.110630
0 0.329984 0.143069 0.056797 0.099537
0 0.157936 0.731368 0.079914 0.140995
0 0.489085 0.510859 0.066628 0.106310
0 0.468479 0.812625 0.069057 0.119444
0 0.464431 0.719405 0.064487 0.115551
0 0.071835 0.392014 0.061263 0.104407
0 0.064409 0.540475 0.058396 0.104699
0 0.602191 0.618301 0.062992 0.113417
0 0.845008 0.271877 0.065031 0.115616
0 0.909884 0.477949 0.067638 0.108787
0 0.831224 0.154815 0.060156 0.105750
0 0.802439 0.863451 0.065711 0.104097
0 0.226434 0.346046 0.065747 0.109120
0 0.825676 0.419748 0.072799 0.132088
0 0.202115 0.237414 0.059031 0.106468
0 0.296911 0.044609 0.063708 0.087449
0 0.361255 0.223792 0.057057 0.109593
0 0.737238 0.427551 0.067154 0.112907
0 0.785517 0.117380 0.059779 0.104981
0 0.316592 0.291079 0.060591 0.102926
0 0.665931 0.355755 0.063997 0.108750
0 0.910177 0.224322 0.062500 0.099079
0 0.733958 0.536618 0.069292 0.107088
0 0.464365 0.973437 0.063411 0.051319
0 0.025126 0.490090 0.049513 0.100171
0 0.891589 0.922426 0.071938 0.143093
0 0.508001 0.010206 0.052190 0.019329
0 0.024216 0.032313 0.048172 0.061782
0 0.576991 0.984819 0.069753 0.026750
0 0.023247 0.948512 0.046349 0.097921
0 0.284689 0.912840 0.062451 0.132236
0 0.554908 0.023167 0.057602 0.044093
0 0.582306 0.265366 0.073513 0.120296
0 0.007583 0.707016 0.015047 0.121644
0 0.933435 0.018079 0.068396 0.035130
0 0.424479 0.247299 0.070240 0.113301
0 0.985563 0.041104 0.028875 0.079634
0 0.949775 0.854359 0.062612 0.110671
0 0.425138 0.974593 0.059172 0.048407
0 0.783273 0.285616 0.062042 0.143639
0 0.270471 0.536773 0.052958 0.094250
0 0.517079 0.390141 0.069784 0.144542
0 0.170530 0.523509 0.064190 0.139639
0 0.186413 0.071660 0.057680 0.106486
0 0.275465 0.595544 0.058102 0.105662
0 0.059529 0.926370 0.060411 0.109065
0 0.562203 0.088933 0.065464 0.103810
0 0.284134 0.414866 0.064331 0.130194
0 0.961120 0.148252 0.063646 0.110273
0 0.827591 0.535963 0.067932 0.109343
0 0.972576 0.458303 0.054849 0.106875
0 0.975318 0.553343 0.049339 0.120065
