1 0.331203 0.930995 0.084417 0.136324
0 0.229424 0.658954 0.081849 0.136296
0 0.693901 0.595690 0.096000 0.131787
0 0.841599 0.640102 0.088823 0.150926
0 0.484190 0.657551 0.093932 0.164676
0 0.704641 0.946736 0.095125 0.106528
0 0.263813 0.792588 0.086146 0.157139
0 0.951349 0.273204 0.097302 0.153130
0 0.732372 0.284356 0.092214 0.148398
0 0.315758 0.695407 0.075047 0.145593
0 0.587604 0.654148 0.095010 0.153963
0 0.555773 0.337963 0.089036 0.161389
0 0.505635 0.876222 0.106260 0.151852
0 0.045328 0.293287 0.081187 0.144241
0 0.334919 0.556343 0.090359 0.135685
0 0.264154 0.100935 0.091047 0.155037
0 0.903042 0.531310 0.086323 0.161343
0 0.757766 0.411375 0.094917 0.150620
0 0.403812 0.093486 0.091552 0.145991
0 0.716422 0.722245 0.087354 0.153213
0 0.465182 0.320134 0.094969 0.166880
0 0.558549 0.784366 0.096547 0.143898
0 0.103883 0.397329 0.084068 0.148750
0 0.421039 0.554481 0.077620 0.133852
0 0.623380 0.484190 0.084312 0.153083
0 0.329086 0.240000 0.091984 0.149944
0 0.207013 0.400912 0.086224 0.150306
0 0.580771 0.163190 0.087740 0.154713
0 0.511633 0.520657 0.089297 0.150685
0 0.633339 0.273032 0.078635 0.146306
0 0.522625 0.070551 0.087646 0.141102
0 0.146477 0.095319 0.092766 0.127787
0 0.852026 0.106870 0.087448 0.149019
0 0.148055 0.520940 0.085005 0.151324
0 0.091534 0.938926 0.100964 0.122148
0 0.832388 0.468556 0.082359 0.146481
0 0.794466 0.734796 0.076797 0.149778
0 0.943042 0.420093 0.096740 0.156796
0 0.060867 0.622866 0.097682 0.152417
0 0.109492 0.841417 0.114745 0.144407
0 0.958990 0.842657 0.082021 0.169611
0 0.015315 0.921037 0.029089 0.136852
0 0.203901 0.221634 0.094063 0.149028
0 0.517346 0.972667 0.099557 0.051963
0 0.012302 0.656532 0.024604 0.148269
0 0.984995 0.208338 0.030010 0.144620
0 0.984456 0.613213 0.030057 0.151981
0 0.106568 0.020792 0.104750 0.041583
0 0.988615 0.380620 0.022771 0.143352
0 0.688078 0.173333 0.107229 0.153481
0 0.008773 0.787477 0.017547 0.139009
0 0.410643 0.982028 0.089818 0.033574
0 0.936375 0.626542 0.086500 0.184046
0 0.847161 0.983667 0.085250 0.031463
0 0.181930 0.981366 0.089359 0.030917
0 0.107469 0.205500 0.092719 0.146352
0 0.370385 0.429264 0.098135 0.149157
0 0.844206 0.848519 0.087005 0.156259
