1 0.527100 0.599218 0.071018 0.129444
1 0.389224 0.810981 0.086599 0.129259
0 0.010908 0.729146 0.021815 0.140588
0 0.419497 0.311845 0.082417 0.138560
0 0.950887 0.626889 0.083060 0.139509
0 0.031210 0.830343 0.062326 0.149019
0 0.048931 0.954289 0.083107 0.091421
0 0.021126 0.060940 0.042253 0.119926
0 0.383474 0.964516 0.083443 0.070838
0 0.925956 0.321197 0.083542 0.153856
0 0.624988 0.647556 0.085971 0.160324
0 0.041107 0.476771 0.075854 0.136514
0 0.123134 0.823738 0.086117 0.162301
0 0.316655 0.871023 0.086378 0.141630
0 0.579667 0.541171 0.076969 0.132389
0 0.968680 0.786889 0.061922 0.151213
0 0.250413 0.702736 0.076961 0.137843
0 0.932685 0.056257 0.095328 0.112005
0 0.328151 0.461836 0.078245 0.152912
0 0.376073 0.733343 0.076823 0.147769
0 0.624095 0.348646 0.084060 0.170884
0 0.881365 0.889155 0.084141 0.160319
0 0.267768 0.025412 0.077365 0.050824
0 0.364089 0.495748 0.085260 0.131968
0 0.282876 0.406498 0.074372 0.144190
0 0.398720 0.592104 0.078747 0.122514
0 0.964766 0.950877 0.070469 0.097912
0 0.686374 0.917475 0.084909 0.151449
0 0.682624 0.515488 0.088357 0.140884
0 0.853215 0.115961 0.077805 0.153505
0 0.892493 0.745090 0.086039 0.129551
0 0.236160 0.889905 0.085701 0.143810
0 0.095952 0.322824 0.085247 0.153185
0 0.457490 0.690956 0.081104 0.148088
0 0.523540 0.226856 0.081320 0.146630
0 0.586779 0.692741 0.076333 0.151750
0 0.141392 0.069931 0.077852 0.137380
0 0.880243 0.641384 0.069497 0.111093
0 0.525008 0.927620 0.087010 0.144593
0 0.801738 0.049410 0.083477 0.098819
0 0.028819 0.621604 0.057096 0.130921
0 0.124365 0.486484 0.086203 0.149764
0 0.979547 0.548905 0.040906 0.137468
0 0.797225 0.456481 0.077544 0.153380
0 0.930497 0.161389 0.083083 0.143889
0 0.172073 0.307456 0.079250 0.140060
0 0.059245 0.670262 0.076354 0.130977
0 0.318914 0.071273 0.077302 0.140176
0 0.201573 0.029403 0.079552 0.058806
0 0.228004 0.347581 0.065622 0.122403
0 0.287573 0.717933 0.075391 0.135727
0 0.435829 0.544856 0.085513 0.151361
0 0.256188 0.140421 0.089870 0.165250
0 0.484716 0.051602 0.083771 0.103204
0 0.333283 0.310164 0.083643 0.144069
0 0.198154 0.549813 0.080734 0.139079
0 0.745478 0.464475 0.074237 0.153736
0 0.186096 0.174310 0.082490 0.142963
0 0.843293 0.246069 0.086180 0.138963
0 0.764526 0.956778 0.085667 0.086444
0 0.628508 0.150569 0.086016 0.138722
0 0.826103 0.699944 0.075148 0.133454
0 0.835380 0.563236 0.070818 0.126093
0 0.032922 0.163738 0.065594 0.134366
0 0.470257 0.824558 0.079680 0.140829
0 0.268348 0.532993 0.076310 0.144856
0 0.897656 0.527715 0.070734 0.132032
0 0.718732 0.721734 0.074469 0.140458
0 0.662395 0.775738 0.082018 0.141421
0 0.540052 0.095595 0.078214 0.138801
0 0.115458 0.611394 0.083271 0.138769
0 0.711971 0.193606 0.083073 0.140657
0 0.420645 0.180704 0.081508 0.138241
0 0.096441 0.084632 0.073029 0.124662
0 0.487160 0.235664 0.074242 0.141653
0 0.359704 0.677245 0.076039 0.119713
0 0.487254 0.304451 0.072362 0.126486
0 0.066982 0.921315 0.079797 0.115833
0 0.230996 0.759704 0.069492 0.117130
0 0.773557 0.854648 0.088901 0.133370
0 0.026569 0.292843 0.052602 0.153315
0 0.570603 0.024537 0.082003 0.049074
0 0.648346 0.048396 0.079479 0.096236
0 0.970629 0.422692 0.058742 0.136625
0 0.011566 0.441998 0.023133 0.137069
0 0.768522 0.619049 0.083951 0.138671
0 0.873350 0.390995 0.081935 0.128787
0 0.492591 0.458456 0.077318 0.170949
