1 0.265805 0.028481 0.081406 0.054759
0 0.005647 0.305694 0.011273 0.145861
0 0.989773 0.671910 0.020302 0.144931
0 0.595895 0.982900 0.080435 0.031986
1 0.909296 0.029426 0.080966 0.057889
0 0.149417 0.979123 0.093516 0.040542
1 0.942139 0.290995 0.091977 0.115361
0 0.987780 0.107734 0.024216 0.154319
0 0.245979 0.975213 0.079458 0.048611
0 0.812117 0.976206 0.077208 0.047014
0 0.767053 0.028139 0.070242 0.056278
0 0.960408 0.969688 0.079185 0.059088
1 0.540604 0.249924 0.072010 0.138671
1 0.625462 0.102984 0.086977 0.155884
0 0.974552 0.031572 0.050896 0.062032
1 0.764842 0.375377 0.076586 0.178273
1 0.830866 0.420028 0.076424 0.142213
1 0.445181 0.240639 0.083138 0.149898
1 0.479299 0.787519 0.084281 0.140898
1 0.513949 0.368292 0.078164 0.137037
1 0.885840 0.764289 0.087237 0.145116
1 0.933436 0.871762 0.088216 0.148681
1 0.618625 0.625100 0.076427 0.132403
1 0.507865 0.508095 0.087156 0.152199
1 0.410639 0.845484 0.089997 0.149042
0 0.836954 0.863743 0.101138 0.167532
0 0.020210 0.063926 0.040419 0.127852
0 0.202270 0.076160 0.081497 0.152319
0 0.667102 0.956118 0.076333 0.087764
0 0.975510 0.803150 0.048979 0.159042
0 0.887039 0.959067 0.081667 0.081384
0 0.311822 0.943532 0.083169 0.110426
0 0.448667 0.942894 0.086365 0.114213
0 0.904922 0.114505 0.093443 0.137944
0 0.151203 0.321583 0.088250 0.128889
0 0.933107 0.387509 0.089505 0.156370
0 0.262029 0.291181 0.082016 0.168685
0 0.331025 0.054065 0.079810 0.107333
0 0.703087 0.153558 0.079643 0.159458
0 0.072315 0.087370 0.075802 0.144713
0 0.559326 0.052354 0.080755 0.104255
0 0.076475 0.926025 0.080445 0.140968
0 0.291605 0.821641 0.089732 0.155227
0 0.043645 0.831488 0.083961 0.133097
0 0.578819 0.517514 0.082820 0.189019
0 0.148039 0.882829 0.089943 0.147759
0 0.063913 0.352435 0.074799 0.133083
0 0.028275 0.543509 0.056549 0.150074
0 0.110323 0.227794 0.095182 0.129912
0 0.094809 0.492287 0.081633 0.134120
0 0.397729 0.574778 0.079099 0.161407
0 0.032750 0.700243 0.065500 0.149755
0 0.784022 0.228880 0.071206 0.170509
0 0.152060 0.105597 0.077818 0.149889
0 0.841720 0.299593 0.070154 0.119704
0 0.772098 0.771711 0.085138 0.141181
0 0.159815 0.573164 0.084552 0.135634
0 0.700225 0.315215 0.084664 0.169190
0 0.708414 0.658690 0.083703 0.132731
0 0.369482 0.979125 0.076724 0.040102
0 0.410146 0.716558 0.083505 0.124884
0 0.946582 0.178264 0.077383 0.142037
0 0.088409 0.635970 0.081677 0.168431
0 0.168516 0.441465 0.089469 0.138495
0 0.473141 0.620373 0.085349 0.148162
0 0.610120 0.245949 0.078859 0.148417
0 0.215117 0.672389 0.087661 0.162750
0 0.454258 0.095852 0.084396 0.164028
0 0.733668 0.915593 0.086826 0.141759
0 0.265189 0.125375 0.081315 0.144120
0 0.541181 0.711049 0.083982 0.138014
0 0.681977 0.776185 0.094630 0.146676
0 0.716198 0.520736 0.087839 0.156759
0 0.531815 0.933375 0.083307 0.132713
0 0.944645 0.662569 0.093086 0.146296
0 0.340651 0.173125 0.087958 0.148398
