0 0.616324 0.850789 0.083997 0.154199
0 0.856082 0.079970 0.077747 0.138514
0 0.211359 0.588213 0.082307 0.159444
0 0.021375 0.934537 0.042438 0.129370
0 0.052863 0.815206 0.081310 0.137616
0 0.370229 0.781273 0.082042 0.139667
0 0.340143 0.923759 0.081964 0.149796
0 0.488221 0.461414 0.079740 0.130542
0 0.380602 0.426442 0.085948 0.159597
0 0.278372 0.431900 0.083656 0.121903
0 0.092366 0.533743 0.081758 0.144005
0 0.026979 0.660299 0.053750 0.137162
0 0.366009 0.193718 0.078893 0.146213
0 0.414335 0.120590 0.078258 0.122931
0 0.458842 0.361359 0.084727 0.118634
0 0.418174 0.878032 0.081245 0.138130
0 0.480512 0.590030 0.084305 0.139745
0 0.448974 0.758525 0.088682 0.175745
0 0.725060 0.831264 0.086823 0.165037
0 0.500953 0.928674 0.072469 0.142644
0 0.266680 0.057167 0.091948 0.114028
0 0.255876 0.323553 0.084852 0.133903
0 0.644387 0.960350 0.083570 0.077255
0 0.983874 0.270692 0.032242 0.135051
0 0.252943 0.530245 0.084396 0.133046
0 0.794874 0.032539 0.088695 0.063745
0 0.013124 0.407183 0.026247 0.137005
0 0.484812 0.019250 0.084542 0.038093
0 0.367592 0.047958 0.084815 0.094481
0 0.931915 0.050502 0.080247 0.100032
0 0.158852 0.480926 0.073141 0.169898
0 0.978133 0.560854 0.043734 0.143134
0 0.271918 0.173150 0.100935 0.130375
0 0.568805 0.948032 0.073510 0.103120
0 0.988669 0.868109 0.022406 0.151227
0 0.602005 0.017197 0.087036 0.034181
0 0.008781 0.780646 0.017354 0.133144
0 0.079844 0.011495 0.080984 0.022759
0 0.390486 0.985076 0.082966 0.027866
0 0.816678 0.695951 0.165242 0.136005
0 0.112685 0.918498 0.082323 0.140347
0 0.776546 0.684495 0.081919 0.140954
0 0.463806 0.236692 0.082805 0.145069
0 0.762910 0.447426 0.091378 0.145333
0 0.935882 0.432690 0.084388 0.150667
0 0.839326 0.247896 0.079682 0.137495
0 0.865320 0.369766 0.080943 0.142551
0 0.185938 0.211787 0.077286 0.134194
0 0.521068 0.138338 0.084375 0.152750
0 0.066904 0.363016 0.078901 0.137106
0 0.521173 0.739343 0.083497 0.157231
0 0.946641 0.174201 0.084974 0.140699
0 0.114737 0.095613 0.083964 0.145644
0 0.649969 0.218417 0.083271 0.136398
0 0.658900 0.483535 0.082909 0.141829
0 0.739458 0.579556 0.086078 0.135056
0 0.077840 0.226153 0.088669 0.146630
0 0.784832 0.326134 0.088857 0.145935
0 0.036447 0.091451 0.072893 0.145560
0 0.615576 0.097102 0.078667 0.135361
0 0.333258 0.319794 0.082661 0.140764
0 0.858092 0.712748 0.086013 0.149329
0 0.788944 0.145044 0.086258 0.144449
0 0.623932 0.349979 0.087396 0.142403
0 0.809053 0.842532 0.095076 0.165972
0 0.650645 0.622245 0.083409 0.147685
0 0.716582 0.078299 0.087138 0.145394
