1 0.964053 0.761178 0.071893 0.166023
1 0.148708 0.790940 0.098568 0.177074
0 0.280115 0.234470 0.069573 0.134708
0 0.969376 0.120801 0.061086 0.130093
0 0.841217 0.187623 0.082081 0.136301
0 0.764684 0.063736 0.089612 0.127056
0 0.372702 0.130412 0.077372 0.144028
0 0.481214 0.489824 0.076443 0.126315
0 0.101918 0.410979 0.079810 0.148255
0 0.160035 0.936225 0.088128 0.127403
0 0.035802 0.386039 0.071302 0.146995
0 0.214799 0.527095 0.085078 0.153218
0 0.865375 0.652356 0.080531 0.148880
0 0.640583 0.439484 0.082760 0.141394
0 0.706848 0.494611 0.075633 0.138111
0 0.314991 0.068604 0.063706 0.133255
0 0.878602 0.086970 0.081156 0.125116
0 0.443229 0.658014 0.083620 0.151361
0 0.720659 0.168317 0.076109 0.130588
0 0.684759 0.731475 0.076039 0.152801
0 0.290604 0.428558 0.092646 0.156106
0 0.604474 0.618120 0.072240 0.156231
0 0.538460 0.572197 0.094393 0.160708
0 0.401820 0.414181 0.091682 0.157639
0 0.478677 0.111574 0.096375 0.148565
0 0.861672 0.802424 0.083422 0.148384
0 0.543529 0.189278 0.093578 0.133657
0 0.339529 0.263639 0.065516 0.120028
0 0.160424 0.477861 0.097375 0.157926
0 0.921404 0.185007 0.083896 0.160616
0 0.139302 0.626009 0.082516 0.148157
0 0.974762 0.518461 0.050477 0.147968
0 0.683720 0.045484 0.071669 0.088468
0 0.751987 0.894424 0.102010 0.152171
0 0.661996 0.633537 0.077383 0.148778
0 0.808298 0.916875 0.087805 0.148926
0 0.943357 0.298752 0.084578 0.153421
0 0.074237 0.284690 0.094578 0.125741
0 0.266986 0.339713 0.089247 0.133343
0 0.026254 0.063470 0.052232 0.125986
0 0.534479 0.040632 0.078802 0.080949
0 0.569505 0.805336 0.093557 0.141986
0 0.974260 0.370558 0.051328 0.146060
0 0.768190 0.976340 0.088167 0.047319
0 0.466565 0.015359 0.080240 0.029579
0 0.987928 0.247468 0.024143 0.150481
0 0.934591 0.022229 0.082094 0.044458
0 0.653926 0.971252 0.096372 0.057495
0 0.201059 0.338984 0.087128 0.142968
0 0.922883 0.554405 0.087198 0.181801
0 0.632563 0.893565 0.092474 0.143500
0 0.847086 0.956905 0.079245 0.086190
0 0.526796 0.715433 0.107263 0.138542
0 0.773327 0.677711 0.082268 0.137153
0 0.055749 0.619947 0.087586 0.127968
0 0.238169 0.199984 0.099708 0.159569
0 0.352223 0.352681 0.086586 0.151583
0 0.794424 0.770620 0.111526 0.142704
0 0.516374 0.324991 0.100034 0.195417
0 0.511180 0.955727 0.094667 0.088546
