1 0.905507 0.213264 0.070466 0.114065
0 0.598829 0.661167 0.092648 0.135352
0 0.356866 0.208076 0.075284 0.128458
0 0.743742 0.466743 0.067599 0.137838
0 0.833612 0.332639 0.067344 0.120148
0 0.389768 0.740081 0.079885 0.141199
0 0.468378 0.551072 0.070255 0.135495
0 0.009444 0.034926 0.018888 0.069852
0 0.023013 0.805329 0.045516 0.148907
0 0.959141 0.151456 0.081719 0.121634
0 0.212376 0.586083 0.077299 0.148824
0 0.303217 0.053639 0.072346 0.107278
0 0.044776 0.216562 0.077990 0.146866
0 0.110846 0.479023 0.076833 0.128889
0 0.127505 0.578787 0.087932 0.149602
1 0.540819 0.810715 0.078159 0.125125
0 0.253553 0.910940 0.075039 0.126176
0 0.183621 0.970954 0.090049 0.058093
1 0.987384 0.576757 0.025232 0.155245
0 0.548839 0.941058 0.070568 0.117736
0 0.038016 0.899981 0.074260 0.133269
0 0.025152 0.477194 0.050216 0.151583
0 0.204884 0.895380 0.077992 0.111898
0 0.056665 0.307856 0.082789 0.116546
0 0.050001 0.040488 0.076070 0.080977
0 0.708626 0.027664 0.086305 0.055329
0 0.111451 0.952312 0.089031 0.095375
0 0.026693 0.116340 0.053318 0.133181
0 0.137352 0.747694 0.081135 0.157898
0 0.971243 0.730926 0.057070 0.162685
0 0.729342 0.634049 0.073310 0.108968
0 0.647707 0.287748 0.086607 0.160347
0 0.971583 0.880981 0.056833 0.146333
0 0.166217 0.437692 0.073893 0.125338
0 0.156190 0.227407 0.082708 0.151981
0 0.878465 0.290880 0.074805 0.125185
0 0.264740 0.782532 0.082266 0.144398
0 0.384007 0.612938 0.064107 0.115634
0 0.840578 0.585250 0.086078 0.144093
0 0.812385 0.460771 0.085490 0.124903
0 0.369668 0.303880 0.075195 0.129630
0 0.579038 0.051444 0.083648 0.102889
0 0.211484 0.220468 0.082365 0.133713
0 0.600751 0.159718 0.079628 0.144269
0 0.130565 0.042053 0.094562 0.083588
0 0.558810 0.574926 0.083313 0.132231
0 0.546939 0.275674 0.100128 0.146634
0 0.129240 0.364025 0.083089 0.144051
0 0.924831 0.437808 0.085552 0.156745
0 0.631542 0.802250 0.080891 0.134315
0 0.318798 0.828463 0.074643 0.128509
0 0.748402 0.711826 0.084409 0.126486
0 0.448331 0.690255 0.070641 0.127176
0 0.281510 0.549556 0.081568 0.142667
0 0.456374 0.039252 0.083065 0.077523
0 0.281064 0.170773 0.076888 0.143796
0 0.818049 0.045634 0.083193 0.091269
0 0.574154 0.387100 0.082156 0.135597
0 0.441185 0.288396 0.076729 0.129653
0 0.432133 0.172850 0.081818 0.130338
0 0.517320 0.149794 0.085943 0.135171
0 0.392676 0.053722 0.074560 0.107444
0 0.666654 0.699748 0.082125 0.113060
0 0.041596 0.362542 0.083193 0.121657
0 0.684392 0.443539 0.081914 0.145671
0 0.876806 0.071956 0.087846 0.134292
0 0.984846 0.167801 0.030307 0.120046
0 0.899180 0.863667 0.075703 0.137333
0 0.722811 0.592412 0.088169 0.148769
0 0.936164 0.015234 0.074219 0.030468
0 0.501746 0.934213 0.081544 0.124713
0 0.749276 0.800609 0.071198 0.118505
0 0.821389 0.700600 0.078779 0.135412
0 0.511997 0.703280 0.073938 0.124051
0 0.722092 0.225132 0.089685 0.162338
0 0.917993 0.653796 0.083904 0.136667
