0 0.024217 0.794000 0.047685 0.148694
0 0.113956 0.631405 0.078318 0.152829
0 0.055312 0.906079 0.085547 0.168750
0 0.941702 0.320896 0.085971 0.145449
0 0.515678 0.777299 0.088799 0.179162
0 0.138436 0.237549 0.085102 0.163181
0 0.855362 0.505512 0.104135 0.152116
0 0.491829 0.899889 0.076112 0.140556
0 0.619978 0.730762 0.097680 0.165532
0 0.558081 0.927991 0.081161 0.144019
0 0.679079 0.578838 0.096232 0.166093
0 0.701431 0.123750 0.081633 0.154426
0 0.901654 0.719704 0.086917 0.173676
0 0.538624 0.076035 0.083602 0.152069
0 0.086628 0.069016 0.077104 0.138032
0 0.375759 0.071595 0.082805 0.143190
0 0.921842 0.191282 0.101331 0.162880
0 0.509004 0.448319 0.075549 0.163324
0 0.967931 0.430502 0.062878 0.162727
0 0.436888 0.943384 0.091943 0.110407
0 0.775504 0.719646 0.099685 0.143690
0 0.363594 0.880185 0.087922 0.136037
0 0.979230 0.176521 0.041539 0.137995
0 0.592007 0.630780 0.098680 0.116968
0 0.231842 0.037012 0.081977 0.074023
0 0.028005 0.076824 0.056010 0.153648
0 0.977738 0.058688 0.044430 0.114051
0 0.638501 0.493801 0.077820 0.197630
0 0.012499 0.201887 0.024997 0.155968
0 0.113013 0.966704 0.092349 0.066593
0 0.937108 0.040400 0.077398 0.080801
0 0.010521 0.335146 0.020792 0.139023
1 0.571870 0.526806 0.087000 0.154454
0 0.771960 0.029106 0.109747 0.058213
0 0.991292 0.304169 0.017417 0.142523
0 0.821150 0.784590 0.091221 0.150495
0 0.520625 0.305414 0.083505 0.145440
0 0.899079 0.577176 0.094591 0.138204
0 0.483656 0.183889 0.095849 0.137972
0 0.756569 0.538259 0.090581 0.167370
0 0.607224 0.146391 0.091271 0.151801
0 0.866047 0.286222 0.089578 0.171324
0 0.156686 0.086977 0.085826 0.148546
0 0.739505 0.849993 0.089802 0.148236
0 0.906898 0.917713 0.092281 0.163741
0 0.826165 0.404933 0.086331 0.127199
0 0.073076 0.357500 0.081865 0.164806
0 0.633689 0.274590 0.090148 0.152060
0 0.845806 0.075102 0.082477 0.142157
0 0.138401 0.872176 0.090130 0.151944
0 0.699727 0.426273 0.079990 0.134769
0 0.752775 0.280877 0.093008 0.173588
0 0.580564 0.827044 0.078419 0.131375
0 0.827707 0.921949 0.086357 0.143861
0 0.692210 0.717539 0.079586 0.145032
0 0.959182 0.832611 0.081635 0.172722
0 0.774073 0.114012 0.084495 0.161042
0 0.205841 0.317417 0.093927 0.172009
0 0.150214 0.392111 0.093292 0.158185
0 0.583056 0.378729 0.092555 0.173810
0 0.126721 0.507234 0.088969 0.119644
0 0.468880 0.068914 0.080833 0.137069
0 0.146809 0.732046 0.083768 0.137222
0 0.040027 0.677579 0.080055 0.143028
