0 0.769878 0.974269 0.086359 0.049463
0 0.745526 0.014269 0.072250 0.028537
0 0.986979 0.148667 0.024625 0.163926
0 0.019917 0.709056 0.038385 0.158537
0 0.017622 0.079574 0.034536 0.137148
0 0.985779 0.620491 0.028318 0.143574
0 0.981216 0.419588 0.036953 0.145917
0 0.068091 0.045833 0.089068 0.091333
0 0.266276 0.784361 0.083406 0.159722
0 0.908870 0.964083 0.088302 0.071111
0 0.008281 0.527625 0.015990 0.145787
0 0.966276 0.020394 0.067448 0.040787
0 0.036914 0.589944 0.073068 0.159185
0 0.672406 0.015236 0.078760 0.030398
0 0.464547 0.280537 0.074104 0.168037
0 0.940268 0.213028 0.070682 0.253204
0 0.511159 0.009343 0.076786 0.018685
0 0.018471 0.969491 0.036943 0.058611
0 0.241422 0.048120 0.080865 0.096241
0 0.567044 0.950167 0.079464 0.097389
0 0.161534 0.056880 0.081047 0.112963
0 0.334068 0.051412 0.081010 0.102824
0 0.038826 0.852264 0.077516 0.136620
0 0.527182 0.235718 0.082667 0.168435
0 0.145693 0.906657 0.082187 0.149296
0 0.922141 0.054120 0.082979 0.108241
0 0.432195 0.062481 0.101651 0.124963
0 0.168490 0.716375 0.081177 0.136472
0 0.136776 0.382546 0.083656 0.141259
0 0.570641 0.455875 0.084333 0.122269
0 0.893232 0.732801 0.084922 0.156954
0 0.948385 0.151792 0.065052 0.132972
0 0.747904 0.640319 0.081391 0.149380
0 0.939391 0.527523 0.068219 0.141343
0 0.643747 0.086972 0.085422 0.146722
0 0.550727 0.740639 0.086286 0.140074
0 0.929932 0.271426 0.077490 0.128463
0 0.357513 0.158694 0.086474 0.152907
0 0.482148 0.780556 0.087911 0.137130
0 0.035599 0.220273 0.069656 0.145269
0 0.749112 0.148032 0.082755 0.142806
0 0.234219 0.913352 0.081271 0.143815
0 0.239187 0.560083 0.083979 0.148667
0 0.565029 0.578407 0.091349 0.163204
0 0.671651 0.604370 0.081125 0.138019
0 0.802292 0.850310 0.082531 0.138435
0 0.880625 0.867250 0.084063 0.141685
0 0.164805 0.581616 0.087859 0.148694
0 0.424440 0.691542 0.081776 0.137157
0 0.278531 0.158898 0.081906 0.133315
0 0.432859 0.165185 0.084135 0.127889
0 0.109643 0.220588 0.083411 0.134657
0 0.786154 0.528384 0.087036 0.133713
0 0.856109 0.198287 0.089510 0.142778
0 0.654466 0.462889 0.088328 0.155167
0 0.555734 0.093773 0.084042 0.155306
0 0.396859 0.317769 0.088042 0.155926
0 0.717003 0.786856 0.079755 0.137102
0 0.303940 0.463907 0.089943 0.150593
0 0.955187 0.694014 0.078240 0.148935
0 0.727284 0.266370 0.092620 0.142981
0 0.492359 0.916782 0.090104 0.149769
0 0.235773 0.404634 0.087818 0.150287
0 0.331034 0.919625 0.090203 0.149065
0 0.874375 0.556120 0.082302 0.151185
0 0.820815 0.683704 0.073099 0.130000
0 0.671914 0.873741 0.086047 0.145537
0 0.704914 0.383940 0.088089 0.146787
0 0.803107 0.283324 0.086734 0.160500
0 0.347701 0.784755 0.092391 0.145602
0 0.093492 0.659620 0.088422 0.162296
0 0.295409 0.284620 0.082526 0.140333
0 0.416112 0.510389 0.087432 0.154296
0 0.485263 0.577329 0.083734 0.163361
1 0.608378 0.672028 0.099766 0.158352
