0 0.007796 0.416579 0.015591 0.141315
0 0.382647 0.976685 0.088154 0.045796
0 0.609931 0.030384 0.085685 0.060769
0 0.017945 0.928766 0.035875 0.124384
0 0.482189 0.945919 0.078404 0.108162
0 0.019970 0.262144 0.039576 0.145769
0 0.976544 0.823824 0.046911 0.163398
0 0.100467 0.410868 0.080669 0.130792
0 0.560208 0.945495 0.079391 0.108204
0 0.977053 0.155958 0.045893 0.142083
0 0.909850 0.949912 0.074133 0.099389
0 0.554350 0.289657 0.077680 0.165417
0 0.492602 0.817405 0.085781 0.141588
0 0.561447 0.103900 0.082690 0.153551
0 0.348940 0.078019 0.087995 0.149481
0 0.255417 0.950322 0.094917 0.099356
0 0.440438 0.481792 0.081328 0.158917
0 0.334049 0.226792 0.082391 0.140083
0 0.174755 0.495632 0.080057 0.126301
0 0.426814 0.897813 0.083914 0.147329
0 0.375436 0.353711 0.078737 0.136856
0 0.108491 0.275053 0.080102 0.132088
0 0.119582 0.072363 0.091549 0.143310
0 0.278305 0.358454 0.081854 0.135519
0 0.226882 0.842701 0.082680 0.134023
0 0.195596 0.702389 0.087427 0.161472
0 0.070457 0.693238 0.080758 0.126782
0 0.990004 0.669424 0.019758 0.158431
0 0.029301 0.571303 0.058576 0.128662
0 0.481533 0.316752 0.074747 0.151042
0 0.098240 0.551271 0.074193 0.138106
0 0.499523 0.650516 0.080505 0.158319
0 0.520193 0.478012 0.083130 0.169977
