0 0.036284 0.531421 0.072568 0.150509
0 0.972151 0.888648 0.054302 0.130907
0 0.844031 0.512685 0.084729 0.127074
0 0.774115 0.283546 0.088958 0.139019
0 0.973448 0.416403 0.053104 0.148065
0 0.892932 0.130398 0.085583 0.161093
0 0.605466 0.802144 0.089109 0.146806
0 0.252242 0.281620 0.086995 0.144963
0 0.638966 0.764000 0.080005 0.152704
0 0.766828 0.606694 0.063271 0.116204
0 0.211607 0.956579 0.071380 0.086843
0 0.955635 0.141750 0.084687 0.150796
0 0.372948 0.055204 0.103021 0.110407
0 0.466206 0.578602 0.076964 0.136870
0 0.851849 0.579046 0.093812 0.126222
0 0.984820 0.778875 0.030359 0.128287
0 0.887969 0.035324 0.092802 0.070648
0 0.985695 0.291866 0.026724 0.129398
0 0.221380 0.032162 0.087656 0.064324
0 0.957896 0.025954 0.084208 0.051907
0 0.015430 0.956153 0.027828 0.087694
0 0.951471 0.964319 0.092026 0.071361
0 0.362266 0.791625 0.086104 0.155083
0 0.289633 0.387329 0.080130 0.135991
0 0.779206 0.154926 0.091318 0.154556
0 0.683203 0.621639 0.075208 0.138407
0 0.050086 0.139468 0.088714 0.117435
0 0.769599 0.492991 0.078917 0.137963
0 0.617633 0.319352 0.081214 0.149926
0 0.677615 0.495940 0.071063 0.147324
0 0.523312 0.083069 0.092385 0.166139
0 0.438937 0.087426 0.089688 0.154389
0 0.220893 0.118856 0.106703 0.152935
0 0.605474 0.066153 0.094812 0.132306
0 0.808362 0.918944 0.078901 0.140222
0 0.330148 0.270338 0.089068 0.158324
0 0.939297 0.235574 0.089385 0.139981
1 0.724099 0.558782 0.078927 0.124009
0 0.381961 0.642505 0.087016 0.139769
0 0.433341 0.759282 0.087891 0.152583
0 0.791372 0.765037 0.089078 0.140648
0 0.511057 0.807560 0.089375 0.144676
0 0.906385 0.749046 0.093104 0.161519
0 0.868818 0.859347 0.083260 0.148509
0 0.915898 0.496875 0.081672 0.141731
0 0.260281 0.861403 0.090542 0.158602
0 0.103893 0.257903 0.091505 0.151972
0 0.490523 0.512097 0.099339 0.127269
0 0.274773 0.514583 0.089026 0.156741
0 0.856651 0.223056 0.091583 0.155630
0 0.612336 0.944273 0.097068 0.111454
0 0.381112 0.471981 0.080839 0.145944
0 0.205638 0.364648 0.085703 0.131722
0 0.480385 0.927769 0.081875 0.144463
0 0.530388 0.639681 0.089151 0.150787
0 0.731318 0.938963 0.075469 0.122074
0 0.597932 0.552569 0.078719 0.144898
0 0.876753 0.351139 0.080922 0.135685
0 0.506458 0.218347 0.083854 0.134454
0 0.346823 0.584301 0.087073 0.128694
0 0.161469 0.527671 0.087500 0.151769
0 0.582404 0.177199 0.090651 0.144843
0 0.106490 0.540560 0.084052 0.166731
0 0.488477 0.388565 0.088099 0.149333
0 0.141549 0.416009 0.075797 0.149981
0 0.587953 0.424292 0.079594 0.144676
0 0.176857 0.232778 0.096526 0.158981
0 0.122464 0.676250 0.092125 0.148519
0 0.218740 0.592407 0.076281 0.133685
0 0.157198 0.945282 0.080531 0.105620
0 0.399820 0.906343 0.096318 0.120907
0 0.080378 0.870579 0.082964 0.152435
0 0.813010 0.397917 0.086344 0.147963
0 0.035292 0.411130 0.070583 0.148352
0 0.927263 0.630935 0.090682 0.151722
0 0.337146 0.140093 0.090187 0.135426
0 0.439406 0.278144 0.082375 0.146287
0 0.288023 0.048319 0.089984 0.096639
0 0.034010 0.631903 0.068021 0.137454
0 0.966633 0.568819 0.066734 0.165343
0 0.578693 0.684194 0.080448 0.148315
0 0.036440 0.780773 0.072880 0.162269
