0 0.411122 0.928556 0.077875 0.142889
0 0.397693 0.141514 0.081885 0.146269
0 0.534625 0.396178 0.076234 0.133384
0 0.292504 0.695403 0.081091 0.155583
0 0.957292 0.159238 0.085417 0.156208
0 0.639979 0.684125 0.075500 0.129435
0 0.810159 0.598690 0.078182 0.146130
0 0.757549 0.777229 0.075073 0.129606
0 0.692993 0.843194 0.076544 0.132806
0 0.745034 0.440817 0.086922 0.135819
0 0.662091 0.155572 0.079036 0.138523
0 0.887921 0.277097 0.083310 0.156157
0 0.403374 0.545375 0.074987 0.138926
0 0.627924 0.907287 0.075245 0.125667
0 0.266721 0.397674 0.090094 0.131227
0 0.458969 0.261912 0.084349 0.156269
0 0.531978 0.665704 0.081055 0.137907
0 0.847743 0.395380 0.085315 0.134361
0 0.529012 0.187405 0.081471 0.154866
0 0.589456 0.787725 0.080109 0.143079
0 0.407857 0.393185 0.090016 0.157463
0 0.372751 0.726273 0.087857 0.146444
0 0.689393 0.565831 0.081130 0.140782
0 0.593922 0.575676 0.078990 0.129611
0 0.915609 0.632053 0.082927 0.147764
1 0.449186 0.674326 0.076112 0.152597
0 0.986052 0.589889 0.027896 0.146741
0 0.071549 0.982215 0.092078 0.028449
0 0.249591 0.987667 0.082078 0.022083
1 0.593081 0.069748 0.079656 0.139190
0 0.011844 0.424451 0.023687 0.161421
0 0.992482 0.046912 0.015016 0.092306
1 0.349773 0.850252 0.079542 0.145208
0 0.012507 0.150394 0.025013 0.153426
0 0.352993 0.977419 0.089346 0.044014
0 0.019329 0.587160 0.038440 0.125634
0 0.599396 0.983368 0.089359 0.032847
0 0.945158 0.022972 0.075591 0.044954
1 0.220617 0.186831 0.084490 0.138708
0 0.711551 0.027609 0.064909 0.054995
0 0.880306 0.975252 0.086310 0.049014
1 0.247164 0.068435 0.086885 0.135204
1 0.816880 0.198544 0.092500 0.146606
1 0.775354 0.080972 0.083458 0.130167
0 0.483674 0.969727 0.079453 0.060546
0 0.281786 0.273097 0.083109 0.123333
0 0.322458 0.045910 0.084271 0.091819
0 0.312911 0.525549 0.080469 0.152736
0 0.044674 0.763023 0.076568 0.138407
0 0.200040 0.916093 0.080945 0.167167
0 0.132312 0.132961 0.086542 0.164347
0 0.943531 0.864609 0.081307 0.158394
0 0.845753 0.047280 0.076990 0.093162
0 0.719758 0.305766 0.086932 0.142847
0 0.833203 0.828961 0.091995 0.153116
0 0.808033 0.945424 0.074893 0.108273
0 0.141621 0.707009 0.081185 0.151852
0 0.854543 0.716868 0.073737 0.144829
0 0.055668 0.488563 0.086919 0.135995
0 0.083702 0.870750 0.085133 0.127852
0 0.965661 0.330324 0.068677 0.146685
0 0.948116 0.481530 0.081263 0.137588
0 0.598104 0.288421 0.088036 0.157454
0 0.460841 0.853373 0.084672 0.140394
0 0.499867 0.056356 0.090990 0.110315
0 0.222023 0.533160 0.077583 0.139403
