0 0.720388 0.118546 0.130193 0.203333
1 0.955828 0.246727 0.086948 0.156009
1 0.336682 0.265778 0.095115 0.171648
0 0.026484 0.247236 0.052969 0.183972
0 0.768461 0.702208 0.111547 0.191898
0 0.330357 0.774269 0.131401 0.205000
0 0.710063 0.455556 0.105094 0.187278
0 0.735057 0.880079 0.107271 0.180769
0 0.706331 0.288023 0.126661 0.182861
0 0.664159 0.592699 0.126870 0.208861
0 0.092081 0.418639 0.104224 0.174093
0 0.564029 0.621231 0.107339 0.186648
0 0.799052 0.466269 0.106354 0.195648
0 0.493201 0.353343 0.101370 0.174278
0 0.587880 0.287634 0.125219 0.203769
0 0.327099 0.588259 0.123812 0.206426
0 0.292323 0.407977 0.127344 0.203083
0 0.803172 0.120204 0.113083 0.190926
0 0.267365 0.070023 0.102354 0.140046
0 0.417310 0.496806 0.109370 0.217370
0 0.236188 0.713713 0.119417 0.221315
0 0.608924 0.838704 0.130474 0.185704
0 0.353135 0.104366 0.124104 0.200602
0 0.471953 0.822954 0.124094 0.198759
0 0.155922 0.355093 0.107823 0.183426
0 0.812464 0.635727 0.106958 0.180583
0 0.566859 0.112477 0.103802 0.186861
0 0.959878 0.705273 0.079453 0.164935
0 0.035076 0.641315 0.066339 0.183519
0 0.978070 0.068917 0.042672 0.137833
0 0.924326 0.761926 0.104974 0.195296
0 0.943023 0.913810 0.106568 0.172380
0 0.376591 0.910681 0.109151 0.178639
0 0.128057 0.634514 0.129021 0.216287
0 0.202188 0.148069 0.098719 0.181324
0 0.108115 0.173889 0.120042 0.225259
0 0.676310 0.036472 0.117359 0.072944
0 0.169130 0.872292 0.121031 0.221676
0 0.830529 0.297542 0.140130 0.198176
0 0.902445 0.097037 0.123714 0.194074
0 0.983133 0.519356 0.031661 0.191713
0 0.501617 0.033301 0.129932 0.066602
0 0.951607 0.388120 0.096786 0.185833
0 0.772745 0.022685 0.103875 0.045370
0 0.844435 0.859866 0.106474 0.199954
0 0.814956 0.956560 0.105745 0.086880
