0 0.719223 0.438706 0.077211 0.082339
0 0.932135 0.146578 0.075043 0.092760
0 0.209207 0.486927 0.074078 0.084312
0 0.894318 0.992458 0.072441 0.014865
0 0.562240 0.488979 0.081668 0.157000
0 0.200193 0.555581 0.077199 0.103578
0 0.949324 0.011120 0.067180 0.019635
0 0.316162 0.619250 0.079137 0.087583
0 0.011086 0.948404 0.021789 0.095953
1 0.492771 0.755672 0.069723 0.099260
0 0.711889 0.715703 0.076480 0.088156
0 0.004682 0.171859 0.009355 0.087323
0 0.243332 0.443664 0.075875 0.101922
0 0.975775 0.256094 0.047707 0.062500
0 0.057020 0.981438 0.077836 0.037125
0 0.628084 0.990346 0.073543 0.019307
0 0.794967 0.988065 0.092895 0.023870
0 0.905004 0.214164 0.076297 0.086036
0 0.948168 0.265948 0.065398 0.083260
0 0.274990 0.432437 0.078371 0.078073
0 0.009621 0.653802 0.018609 0.087844
0 0.043857 0.963938 0.069582 0.070719
0 0.107270 0.712286 0.070539 0.096896
0 0.969898 0.136609 0.060172 0.086250
0 0.973756 0.204378 0.052488 0.073714
0 0.696322 0.268615 0.079191 0.083594
0 0.362945 0.746068 0.062633 0.066552
0 0.467076 0.291497 0.083324 0.104818
0 0.399828 0.937958 0.080398 0.097531
0 0.816906 0.770177 0.067516 0.082375
0 0.814625 0.724008 0.074727 0.084432
0 0.618041 0.023836 0.074582 0.046943
0 0.143883 0.733302 0.066734 0.088875
0 0.972758 0.967177 0.054484 0.064604
0 0.949527 0.498909 0.075594 0.083974
0 0.207943 0.980055 0.067801 0.038609
0 0.044914 0.031448 0.069289 0.059479
0 0.320693 0.880966 0.070926 0.087172
0 0.113320 0.619404 0.060789 0.102443
0 0.213344 0.679180 0.072180 0.088776
0 0.841389 0.025966 0.072402 0.051047
0 0.351426 0.026820 0.075547 0.052943
0 0.162570 0.468982 0.064305 0.080839
0 0.638979 0.399781 0.070426 0.107646
0 0.698566 0.376565 0.083469 0.088203
0 0.981455 0.398552 0.036918 0.082344
0 0.540568 0.370057 0.080941 0.094708
0 0.125939 0.831745 0.071043 0.092625
0 0.689082 0.970039 0.070703 0.059297
0 0.850688 0.304896 0.071906 0.087417
0 0.443168 0.816276 0.072398 0.080740
0 0.079271 0.865753 0.070426 0.082453
0 0.980578 0.035635 0.038602 0.066594
0 0.155818 0.610104 0.072613 0.095708
0 0.185529 0.937935 0.070152 0.102161
0 0.265756 0.949672 0.072723 0.100656
0 0.109262 0.031755 0.074031 0.063292
0 0.420842 0.858760 0.081371 0.098573
0 0.579539 0.214367 0.081234 0.081432
0 0.652840 0.715958 0.069906 0.090448
0 0.391766 0.036870 0.077266 0.073740
0 0.331344 0.506867 0.074000 0.080578
0 0.882082 0.866445 0.067320 0.092526
0 0.164992 0.864643 0.068445 0.096859
0 0.976016 0.599154 0.047969 0.088516
0 0.877020 0.514383 0.070891 0.091464
0 0.072371 0.797818 0.079820 0.077438
0 0.410068 0.747169 0.069270 0.078693
0 0.108039 0.909826 0.066687 0.091453
0 0.350783 0.672367 0.070848 0.090797
0 0.222041 0.597211 0.075473 0.091068
0 0.389443 0.409182 0.069668 0.088354
0 0.407883 0.665203 0.067297 0.086573
0 0.369541 0.869940 0.071129 0.108224
0 0.311531 0.203924 0.077117 0.095641
0 0.026082 0.813779 0.051570 0.093141
0 0.934912 0.063438 0.079020 0.083562
0 0.071137 0.661839 0.073727 0.097021
0 0.720033 0.528844 0.079832 0.099813
0 0.543932 0.712682 0.075441 0.089573
0 0.160395 0.246951 0.078297 0.085661
0 0.859758 0.379643 0.074227 0.087516
0 0.498096 0.418094 0.070676 0.087875
0 0.566875 0.048815 0.069539 0.091974
0 0.966986 0.317453 0.066027 0.084417
0 0.430701 0.319216 0.072590 0.089026
0 0.535629 0.153206 0.088469 0.092714
0 0.576146 0.597047 0.080098 0.086156
0 0.924953 0.546651 0.073297 0.090646
0 0.338330 0.956133 0.073629 0.087734
0 0.064613 0.447385 0.064453 0.093083
0 0.043750 0.908003 0.082281 0.086047
0 0.111047 0.505341 0.062641 0.078151
0 0.866918 0.103404 0.064930 0.095328
0 0.469197 0.656258 0.068816 0.095786
0 0.249021 0.354198 0.081777 0.087427
0 0.891029 0.287794 0.081879 0.090214
0 0.093746 0.073844 0.071734 0.090500
0 0.863271 0.945346 0.069965 0.109307
0 0.554875 0.526833 0.081797 0.081187
0 0.266223 0.732693 0.070375 0.086781
0 0.292967 0.536135 0.076020 0.094521
0 0.138904 0.394289 0.066855 0.099224
0 0.648232 0.302784 0.073473 0.099099
0 0.890145 0.800318 0.072000 0.094063
0 0.195367 0.729437 0.080055 0.087906
0 0.615246 0.901849 0.072641 0.100062
0 0.042422 0.736396 0.066742 0.077917
0 0.182619 0.392544 0.072590 0.095411
0 0.866266 0.592315 0.079422 0.085755
0 0.391062 0.260534 0.065305 0.088974
0 0.049660 0.529372 0.069187 0.085578
0 0.691820 0.811411 0.073633 0.090583
0 0.385137 0.557404 0.074477 0.084776
0 0.568000 0.447581 0.088594 0.078901
0 0.476146 0.572841 0.069184 0.090786
0 0.169434 0.172518 0.087195 0.082599
0 0.603207 0.130104 0.084891 0.109417
0 0.784787 0.196818 0.071895 0.090594
0 0.161754 0.096190 0.071719 0.091297
0 0.514947 0.079044 0.075574 0.084505
0 0.408812 0.155940 0.075234 0.086297
0 0.195277 0.816138 0.077281 0.088797
0 0.804211 0.935070 0.071023 0.096276
0 0.917975 0.363984 0.070668 0.091771
0 0.175014 0.303529 0.085785 0.083641
0 0.581395 0.814737 0.081656 0.094870
0 0.538029 0.627904 0.072598 0.089995
0 0.437197 0.432992 0.073363 0.094516
0 0.653852 0.090419 0.072789 0.085714
0 0.581404 0.299776 0.074691 0.096417
0 0.630066 0.783086 0.073281 0.098766
0 0.445598 0.070081 0.072602 0.088818
0 0.577711 0.960771 0.077820 0.076917
0 0.227484 0.241435 0.067016 0.085911
0 0.036299 0.258141 0.069074 0.104781
0 0.086393 0.234128 0.073723 0.099203
0 0.210094 0.111781 0.068078 0.084542
0 0.309096 0.331286 0.076105 0.081906
0 0.640437 0.552523 0.071555 0.095245
0 0.786947 0.844779 0.078668 0.095130
0 0.841879 0.429273 0.078570 0.088755
0 0.874723 0.679336 0.078609 0.095984
0 0.940586 0.907992 0.079391 0.095891
0 0.180926 0.028492 0.082070 0.056016
0 0.246725 0.052703 0.072598 0.088521
0 0.956055 0.819893 0.073289 0.097578
0 0.041516 0.154703 0.073195 0.093563
