0 0.046599 0.046681 0.082094 0.093361
1 0.643247 0.156954 0.084922 0.137259
0 0.028870 0.143560 0.056573 0.148287
0 0.060862 0.735255 0.080870 0.156861
0 0.905565 0.666551 0.076141 0.148972
0 0.778180 0.931417 0.087547 0.137167
0 0.968086 0.646398 0.063828 0.153296
0 0.835445 0.685546 0.084474 0.173685
0 0.008758 0.941926 0.017516 0.116148
0 0.013841 0.803269 0.027682 0.170611
0 0.013003 0.407801 0.025620 0.178602
0 0.012708 0.557125 0.025417 0.177472
0 0.568034 0.024620 0.088484 0.049241
0 0.021161 0.686319 0.042323 0.137231
0 0.798904 0.765671 0.085797 0.199972
0 0.124117 0.045019 0.087870 0.090037
0 0.722602 0.398750 0.096703 0.199556
0 0.054745 0.582755 0.075615 0.173898
0 0.695870 0.078523 0.102198 0.157046
0 0.122042 0.610995 0.091896 0.140139
0 0.624984 0.258606 0.092115 0.152602
0 0.092354 0.948190 0.087740 0.103620
0 0.039448 0.884782 0.078896 0.177602
0 0.848419 0.921949 0.077766 0.150546
0 0.856404 0.551644 0.085193 0.146917
0 0.733961 0.634329 0.097411 0.153546
0 0.669331 0.331046 0.091578 0.169426
0 0.134380 0.732949 0.095771 0.154620
0 0.879013 0.798958 0.092776 0.155046
0 0.580599 0.128519 0.086396 0.187111
0 0.108039 0.841634 0.089464 0.150657
0 0.726169 0.891505 0.101286 0.160398
0 0.704354 0.218431 0.083448 0.160250
0 0.160716 0.509884 0.083182 0.149343
0 0.732271 0.764190 0.091000 0.145009
0 0.087445 0.473144 0.098745 0.180676
