0 0.471053 0.425651 0.064457 0.078115
0 0.580336 0.800073 0.057250 0.086313
1 0.710111 0.314646 0.093395 0.095281
1 0.581586 0.030307 0.083500 0.060021
1 0.779109 0.434169 0.076375 0.094016
0 0.361428 0.607349 0.069504 0.087198
0 0.081488 0.011201 0.065523 0.022401
0 0.352684 0.203688 0.066516 0.084875
0 0.881812 0.985740 0.077469 0.027156
0 0.291914 0.201083 0.061305 0.080625
0 0.316756 0.885159 0.078527 0.097078
0 0.948557 0.019430 0.083973 0.038859
0 0.736584 0.594956 0.070020 0.095234
0 0.215082 0.342508 0.083000 0.105766
0 0.555092 0.607747 0.070527 0.077891
0 0.092066 0.708000 0.086437 0.098031
0 0.320668 0.968042 0.076664 0.063875
0 0.106012 0.816083 0.067695 0.082646
0 0.742674 0.090023 0.077965 0.097203
0 0.197152 0.686531 0.075625 0.085792
0 0.177518 0.877060 0.068746 0.085474
0 0.765076 0.973779 0.060246 0.052443
0 0.470611 0.499063 0.057293 0.079500
0 0.293941 0.472464 0.067461 0.092031
0 0.868852 0.452336 0.063125 0.079828
0 0.984635 0.410995 0.030730 0.089490
0 0.807211 0.904495 0.079258 0.111937
0 0.139906 0.810102 0.057375 0.080411
0 0.734738 0.390932 0.061625 0.090615
0 0.434559 0.429867 0.071297 0.083974
0 0.343637 0.157914 0.068672 0.088141
0 0.872119 0.035789 0.074605 0.071578
0 0.445998 0.226216 0.067199 0.085245
0 0.036588 0.875474 0.069699 0.118802
0 0.244373 0.895357 0.067168 0.088370
0 0.218035 0.487026 0.079594 0.105500
0 0.308391 0.526714 0.075812 0.103896
0 0.015510 0.539323 0.031020 0.090781
0 0.589434 0.483810 0.071125 0.084620
0 0.605297 0.332844 0.064352 0.086146
0 0.141783 0.329992 0.067902 0.103557
0 0.593193 0.408875 0.057262 0.075448
0 0.569732 0.705055 0.070387 0.106932
0 0.931012 0.945849 0.070234 0.099844
0 0.714016 0.167294 0.066094 0.079526
0 0.635076 0.536880 0.064559 0.089094
0 0.870145 0.252076 0.069875 0.088203
0 0.417824 0.976638 0.079250 0.046724
0 0.678008 0.795188 0.076812 0.079792
0 0.982738 0.946867 0.032281 0.099349
0 0.252215 0.103458 0.067883 0.087479
0 0.631439 0.967156 0.070348 0.065687
0 0.493828 0.090130 0.065648 0.088667
0 0.498582 0.720740 0.082125 0.094781
0 0.902018 0.169164 0.065910 0.083047
0 0.278713 0.380292 0.073324 0.106833
0 0.159809 0.418344 0.079320 0.083010
0 0.833182 0.389023 0.056465 0.078568
0 0.870496 0.532031 0.062859 0.084385
0 0.022584 0.217768 0.043512 0.086911
0 0.433953 0.037068 0.075000 0.074135
0 0.282092 0.035859 0.073715 0.071719
0 0.255398 0.695370 0.070039 0.087823
0 0.704416 0.700221 0.077574 0.100839
0 0.184797 0.032732 0.069102 0.065349
0 0.881846 0.856185 0.076215 0.096193
0 0.738932 0.021437 0.068691 0.042875
0 0.320412 0.114596 0.066301 0.094411
0 0.955176 0.330982 0.069258 0.091557
0 0.714584 0.506346 0.067465 0.103797
0 0.603643 0.092430 0.070645 0.091932
0 0.982375 0.195750 0.034578 0.093281
0 0.798357 0.761602 0.059199 0.088234
0 0.465189 0.309617 0.066543 0.085464
0 0.469033 0.565242 0.066152 0.086234
0 0.110750 0.898503 0.074594 0.089422
0 0.744967 0.801193 0.061121 0.087167
0 0.142721 0.111737 0.066926 0.091286
0 0.828697 0.240602 0.071965 0.093661
0 0.953719 0.449602 0.063570 0.079036
0 0.206918 0.158581 0.067570 0.092193
0 0.033252 0.746583 0.066504 0.078354
0 0.955256 0.724523 0.072160 0.095766
0 0.821775 0.071872 0.070363 0.085526
0 0.880758 0.333234 0.071750 0.089198
0 0.260965 0.774544 0.062695 0.078932
0 0.078014 0.487685 0.070855 0.092078
0 0.946162 0.529930 0.077652 0.084766
0 0.313857 0.740336 0.068184 0.085276
0 0.781031 0.345154 0.066523 0.086557
0 0.256719 0.569911 0.067187 0.088802
0 0.541818 0.394503 0.068832 0.092224
0 0.965395 0.844883 0.069195 0.096651
0 0.466584 0.643089 0.064668 0.078969
0 0.532693 0.947630 0.073215 0.104740
0 0.744244 0.245690 0.084230 0.095745
0 0.803982 0.520695 0.076254 0.092057
0 0.048127 0.961083 0.066949 0.077833
0 0.495691 0.177901 0.059820 0.090354
0 0.768119 0.688966 0.061676 0.085922
0 0.953971 0.074479 0.056473 0.075740
0 0.348703 0.811117 0.064680 0.087255
0 0.588346 0.901888 0.070598 0.091661
0 0.519889 0.530906 0.060801 0.082323
0 0.305307 0.636688 0.067230 0.090406
0 0.714332 0.959607 0.065688 0.079839
0 0.345973 0.023344 0.072898 0.044115
0 0.645693 0.038898 0.062316 0.077797
0 0.847428 0.438206 0.054043 0.079307
0 0.763678 0.108510 0.062480 0.089594
0 0.068508 0.155674 0.074047 0.091724
0 0.469740 0.978990 0.063035 0.041740
0 0.970211 0.425930 0.056484 0.086797
0 0.006305 0.938708 0.012609 0.092146
0 0.173781 0.818945 0.069086 0.079755
0 0.409031 0.784708 0.073992 0.108104
0 0.498379 0.875141 0.070156 0.090646
0 0.095561 0.991609 0.061309 0.016781
0 0.398434 0.274370 0.078359 0.104458
0 0.775957 0.597219 0.064148 0.092615
0 0.119385 0.083901 0.069137 0.091406
0 0.081770 0.796763 0.065688 0.084411
0 0.379305 0.722141 0.067836 0.091646
0 0.047609 0.303706 0.062508 0.092630
0 0.119932 0.616922 0.068660 0.088688
0 0.520207 0.066672 0.066883 0.088229
0 0.205965 0.918518 0.069094 0.082995
0 0.261826 0.940307 0.061918 0.076583
0 0.467025 0.835784 0.060324 0.084620
0 0.007896 0.628576 0.015793 0.081484
0 0.006318 0.143227 0.012637 0.091193
0 0.607020 0.785984 0.069031 0.088125
0 0.527910 0.290680 0.075016 0.094995
0 0.053211 0.626810 0.072133 0.093453
0 0.598871 0.197544 0.075813 0.120526
0 0.152648 0.607747 0.080391 0.103016
0 0.892404 0.634531 0.071613 0.092427
0 0.364531 0.667635 0.058055 0.080771
0 0.057008 0.273018 0.072703 0.100214
0 0.056086 0.131062 0.071430 0.094958
0 0.881094 0.659135 0.067750 0.085208
0 0.566410 0.581810 0.070164 0.083609
0 0.861873 0.761552 0.071723 0.097062
0 0.010350 0.337807 0.020699 0.123698
0 0.464035 0.942859 0.070352 0.080510
