0 0.202615 0.910699 0.069375 0.133324
0 0.627208 0.095662 0.071563 0.128694
0 0.934224 0.475694 0.071125 0.124074
0 0.704651 0.369069 0.065667 0.115713
0 0.139510 0.787074 0.073344 0.123704
0 0.819258 0.057264 0.083943 0.113194
0 0.213107 0.982361 0.091693 0.035278
0 0.150760 0.541833 0.076219 0.139556
0 0.870177 0.843556 0.082583 0.131074
0 0.138734 0.972417 0.081792 0.053407
0 0.960404 0.206282 0.074766 0.163065
0 0.455141 0.670782 0.067427 0.135639
0 0.140216 0.227023 0.071766 0.157620
0 0.007211 0.844139 0.014422 0.137870
0 0.228596 0.029083 0.086568 0.057074
0 0.074255 0.082662 0.065802 0.110935
0 0.295609 0.624310 0.080125 0.138731
0 0.907177 0.188361 0.072760 0.134778
0 0.180029 0.847468 0.071464 0.117843
0 0.221018 0.683778 0.069099 0.123704
0 0.595635 0.704171 0.073250 0.132639
0 0.633013 0.368694 0.077891 0.140889
0 0.092766 0.444366 0.070792 0.136843
0 0.837654 0.310676 0.076984 0.133889
0 0.867987 0.573222 0.076589 0.138944
0 0.171669 0.366060 0.076599 0.157843
0 0.465724 0.958287 0.074844 0.083352
0 0.772167 0.394796 0.072812 0.126648
0 0.537951 0.976065 0.081109 0.046556
0 0.962753 0.636218 0.074495 0.130417
0 0.634763 0.794042 0.072630 0.159843
0 0.524380 0.634537 0.070510 0.119426
0 0.026893 0.452005 0.052641 0.141694
0 0.971760 0.488384 0.056479 0.122269
0 0.897794 0.705861 0.076172 0.145667
0 0.026732 0.036306 0.052047 0.064981
0 0.919643 0.347972 0.077089 0.140037
0 0.756677 0.887708 0.087635 0.153620
0 0.380523 0.565412 0.080547 0.127861
0 0.344388 0.373995 0.078036 0.134898
0 0.036284 0.201926 0.072068 0.137593
0 0.847542 0.791157 0.070823 0.126296
0 0.893042 0.945532 0.080375 0.108676
0 0.024195 0.074894 0.046651 0.121694
0 0.245385 0.554319 0.075156 0.147083
0 0.050049 0.934745 0.077245 0.130509
0 0.878487 0.014750 0.078557 0.029500
0 0.509492 0.127681 0.072089 0.113509
0 0.551977 0.750778 0.076734 0.148537
0 0.643057 0.490157 0.088219 0.142463
0 0.243995 0.415991 0.076729 0.136315
0 0.083854 0.883949 0.068969 0.135898
0 0.688055 0.661060 0.089036 0.150417
0 0.178917 0.610986 0.074000 0.133120
0 0.995029 0.220139 0.009599 0.148593
0 0.988359 0.979477 0.021635 0.040250
0 0.967435 0.711287 0.065130 0.119000
0 0.718490 0.310764 0.072469 0.131269
0 0.125318 0.037463 0.075500 0.074926
0 0.658372 0.054315 0.067984 0.106389
0 0.565302 0.405435 0.071146 0.137852
0 0.580669 0.074097 0.075099 0.134306
0 0.485716 0.398704 0.087453 0.147944
0 0.742766 0.112403 0.074552 0.145769
0 0.795865 0.521042 0.082406 0.146843
0 0.302513 0.019588 0.077589 0.039176
0 0.083211 0.689773 0.068214 0.116769
0 0.714859 0.488745 0.066781 0.138620
0 0.597872 0.953032 0.059661 0.093935
0 0.255956 0.076639 0.071589 0.124352
0 0.423352 0.771185 0.078214 0.126426
0 0.295414 0.749912 0.084182 0.136750
0 0.695893 0.750727 0.077807 0.120287
0 0.497276 0.539019 0.078740 0.130111
0 0.406172 0.451773 0.083937 0.117454
0 0.266672 0.282139 0.080417 0.141630
0 0.364682 0.245259 0.088365 0.140111
0 0.782005 0.240523 0.075948 0.149769
0 0.422146 0.128028 0.070385 0.130907
0 0.466781 0.845801 0.084104 0.136435
0 0.394557 0.919986 0.079927 0.137509
0 0.463479 0.021366 0.088333 0.042731
0 0.362471 0.683574 0.074589 0.121278
0 0.256974 0.840625 0.077813 0.151398
0 0.449646 0.241421 0.077167 0.132028
0 0.964766 0.939273 0.069531 0.121250
0 0.356594 0.144583 0.067958 0.141019
1 0.630490 0.239713 0.097802 0.155444
