0 0.684949 0.363590 0.067414 0.120958
0 0.627299 0.960113 0.093807 0.078736
0 0.730033 0.848146 0.092159 0.162190
0 0.504085 0.759759 0.102690 0.184157
0 0.074801 0.037887 0.088013 0.074023
0 0.024952 0.176259 0.049727 0.156806
0 0.724030 0.462111 0.082966 0.145306
0 0.874415 0.157512 0.105039 0.180856
0 0.459608 0.076039 0.086169 0.144208
0 0.724042 0.709322 0.085573 0.140190
0 0.924477 0.935667 0.082609 0.126657
0 0.328926 0.083900 0.091367 0.153755
0 0.178194 0.447704 0.096096 0.179028
0 0.771682 0.127370 0.088536 0.150417
0 0.266892 0.206597 0.105799 0.171435
0 0.585639 0.496544 0.103779 0.183727
0 0.647357 0.213808 0.092922 0.166060
0 0.085805 0.201174 0.082490 0.159486
0 0.087645 0.611928 0.099732 0.184347
0 0.649186 0.054924 0.094159 0.109847
0 0.823801 0.812551 0.100018 0.190972
0 0.064500 0.783637 0.089328 0.173106
0 0.134383 0.092009 0.086932 0.150954
0 0.953116 0.621368 0.093768 0.166338
0 0.378478 0.936470 0.092570 0.126477
0 0.279501 0.932565 0.092862 0.134870
0 0.109194 0.899134 0.093940 0.163009
0 0.682823 0.601620 0.091677 0.166917
0 0.932888 0.433120 0.094443 0.179259
0 0.850460 0.507998 0.101023 0.177347
0 0.987474 0.786819 0.024786 0.166954
0 0.989602 0.024711 0.020635 0.048282
0 0.357540 0.794583 0.088357 0.155528
0 0.836182 0.330859 0.095646 0.174144
0 0.216341 0.842935 0.094208 0.155287
