0 0.214725 0.342493 0.080654 0.140681
0 0.444855 0.069648 0.084534 0.139296
0 0.546151 0.180794 0.073635 0.126477
0 0.690811 0.913650 0.089539 0.121625
0 0.362581 0.665648 0.068250 0.130509
0 0.349771 0.244377 0.075229 0.130199
0 0.746547 0.349961 0.077974 0.143949
0 0.833499 0.709440 0.079596 0.140815
0 0.071516 0.071822 0.085667 0.124699
0 0.594552 0.417329 0.079495 0.121009
0 0.028410 0.459463 0.056820 0.125963
0 0.351415 0.379829 0.076273 0.129167
0 0.783161 0.817653 0.086094 0.129509
0 0.533507 0.887937 0.078711 0.150532
0 0.725569 0.757220 0.095445 0.142810
0 0.151135 0.685602 0.080021 0.142630
0 0.648499 0.760722 0.082409 0.161898
0 0.094594 0.783725 0.077292 0.151106
0 0.814202 0.368546 0.070654 0.139759
0 0.555023 0.300539 0.077625 0.130755
0 0.291613 0.847692 0.078268 0.135069
0 0.455927 0.863093 0.080495 0.148194
0 0.868387 0.540912 0.069846 0.126296
0 0.913143 0.694454 0.078026 0.131565
0 0.431005 0.684600 0.078021 0.136708
0 0.478182 0.332792 0.079068 0.142713
0 0.061020 0.367199 0.071320 0.122454
0 0.695615 0.315046 0.091469 0.117963
0 0.157013 0.271204 0.078245 0.114787
0 0.640792 0.030109 0.082797 0.060134
0 0.915457 0.950227 0.076253 0.095019
0 0.708413 0.014437 0.076372 0.028875
0 0.485277 0.963255 0.071451 0.071991
0 0.009626 0.955014 0.018534 0.089972
0 0.007730 0.778711 0.015461 0.131792
0 0.130396 0.035431 0.079927 0.070861
0 0.347148 0.066236 0.070005 0.132472
0 0.184690 0.761852 0.072448 0.142222
0 0.977952 0.359505 0.044096 0.116759
0 0.117339 0.917104 0.074177 0.128384
0 0.962668 0.047458 0.073174 0.094917
0 0.141393 0.424280 0.075672 0.131995
0 0.601784 0.934118 0.089427 0.131764
0 0.030432 0.020403 0.060740 0.040806
0 0.149663 0.520917 0.079456 0.134880
0 0.232409 0.942120 0.082286 0.114204
0 0.684650 0.558065 0.100940 0.148731
0 0.030544 0.162993 0.061089 0.097977
0 0.806562 0.530838 0.078781 0.125019
0 0.220021 0.052255 0.070964 0.104509
0 0.879548 0.358799 0.070273 0.127792
0 0.973918 0.453181 0.052164 0.126731
0 0.017195 0.310593 0.033245 0.121102
0 0.391957 0.461931 0.083633 0.140759
0 0.287357 0.373829 0.072859 0.164694
