1 0.218204 0.498199 0.082273 0.145296
0 0.876500 0.106162 0.087432 0.154278
0 0.921102 0.739185 0.076375 0.135389
0 0.120348 0.436667 0.088805 0.147250
0 0.039132 0.514502 0.077497 0.146403
0 0.763766 0.833562 0.072594 0.123440
0 0.684874 0.487856 0.076591 0.117583
0 0.798840 0.939692 0.080581 0.120616
0 0.524417 0.458648 0.078969 0.137972
0 0.538818 0.961757 0.080073 0.076486
0 0.145146 0.476903 0.078651 0.119889
0 0.014267 0.696093 0.028534 0.138222
0 0.677818 0.700671 0.071188 0.131463
0 0.135707 0.569250 0.079117 0.133269
0 0.425422 0.234565 0.075620 0.149231
0 0.038082 0.184653 0.070174 0.160028
0 0.878706 0.742699 0.074620 0.126528
0 0.709939 0.686060 0.071789 0.140694
0 0.980867 0.449419 0.037885 0.140644
0 0.678671 0.551736 0.084690 0.147176
0 0.314220 0.403134 0.077820 0.159287
0 0.571630 0.572287 0.084661 0.140352
0 0.223417 0.680037 0.085026 0.127130
0 0.010887 0.439292 0.021773 0.143704
0 0.336612 0.115546 0.085885 0.148722
0 0.189734 0.317806 0.070500 0.118519
0 0.435789 0.928491 0.082214 0.138620
0 0.684822 0.940873 0.074799 0.116310
0 0.737194 0.149150 0.074138 0.131560
0 0.809487 0.747919 0.084354 0.144690
0 0.049328 0.323796 0.076203 0.139657
0 0.308615 0.587171 0.087536 0.142574
0 0.115087 0.016775 0.079122 0.033551
0 0.398621 0.933319 0.074529 0.129250
0 0.994542 0.944704 0.010917 0.110593
0 0.853268 0.273188 0.075646 0.143616
0 0.304154 0.535880 0.080547 0.132611
0 0.009266 0.283898 0.018531 0.143963
0 0.612608 0.931722 0.078581 0.136556
0 0.121770 0.335044 0.080680 0.131986
0 0.144656 0.639694 0.079677 0.139500
0 0.815434 0.443125 0.080372 0.137074
0 0.609461 0.045294 0.080651 0.090588
0 0.506155 0.873949 0.084185 0.143565
0 0.309948 0.851389 0.082542 0.158352
0 0.042066 0.036183 0.078836 0.072366
0 0.726962 0.382671 0.083904 0.135028
0 0.849684 0.404687 0.080815 0.143866
0 0.408650 0.496083 0.092294 0.155111
0 0.881411 0.249694 0.083167 0.131537
0 0.551967 0.409109 0.086555 0.143042
0 0.156581 0.075528 0.080182 0.139926
0 0.923147 0.613984 0.075763 0.131977
0 0.772910 0.141706 0.080055 0.119079
0 0.192305 0.950053 0.086500 0.099894
0 0.615516 0.731694 0.073344 0.143213
0 0.228632 0.747394 0.078753 0.144694
0 0.405109 0.025715 0.086823 0.051431
0 0.482724 0.059456 0.070745 0.118366
0 0.494854 0.277345 0.077854 0.144940
0 0.017688 0.826850 0.035375 0.130560
0 0.238812 0.102609 0.081755 0.131495
0 0.323198 0.243444 0.076870 0.129176
0 0.935337 0.396046 0.080732 0.136380
0 0.373014 0.328185 0.078956 0.134120
0 0.105379 0.210863 0.079518 0.139356
0 0.243577 0.391986 0.081305 0.133750
0 0.040034 0.933694 0.079646 0.128870
0 0.959340 0.274206 0.080409 0.140819
0 0.522113 0.067620 0.078060 0.135130
0 0.454245 0.383542 0.082297 0.145972
0 0.774897 0.484870 0.081898 0.136657
0 0.757258 0.045616 0.083318 0.091231
0 0.470824 0.773769 0.072508 0.118593
0 0.061020 0.643560 0.082081 0.136944
0 0.220639 0.271095 0.085789 0.145440
0 0.654335 0.246586 0.076518 0.132014
0 0.669522 0.366465 0.083398 0.141384
0 0.973823 0.662769 0.052354 0.140074
0 0.156219 0.756595 0.077443 0.119727
0 0.952098 0.067181 0.078518 0.134148
0 0.591142 0.291528 0.080430 0.157046
0 0.693418 0.821685 0.078456 0.136343
0 0.080283 0.722873 0.089081 0.147542
0 0.684102 0.220590 0.075375 0.143995
0 0.535404 0.725049 0.087917 0.156347
0 0.604107 0.149271 0.085380 0.142671
0 0.900813 0.906458 0.086495 0.138611
