0 0.994891 0.391498 0.010219 0.135986
0 0.772255 0.715796 0.083401 0.134028
0 0.849518 0.494370 0.082687 0.148639
0 0.073493 0.889637 0.076664 0.117829
0 0.386948 0.774211 0.082031 0.141931
0 0.901677 0.533236 0.090458 0.143056
0 0.225839 0.836488 0.084021 0.121292
0 0.946805 0.737225 0.073745 0.133097
0 0.119559 0.772896 0.082289 0.140588
0 0.022003 0.714815 0.043802 0.135593
0 0.582779 0.041576 0.077385 0.080282
0 0.989086 0.561630 0.021828 0.131731
0 0.404457 0.027634 0.090102 0.048944
0 0.987507 0.200896 0.024987 0.144921
0 0.977363 0.504664 0.045273 0.121532
0 0.990401 0.963375 0.018005 0.073250
0 0.356910 0.873176 0.095503 0.109593
0 0.942148 0.676238 0.074375 0.098903
0 0.008664 0.239935 0.017109 0.155046
1 0.476734 0.461558 0.116083 0.149218
0 0.387315 0.660775 0.070995 0.132356
0 0.031552 0.041178 0.062849 0.080569
0 0.417525 0.961734 0.081951 0.072505
0 0.225802 0.476845 0.085771 0.116690
0 0.132986 0.964410 0.088893 0.071106
0 0.061983 0.816488 0.084549 0.143208
0 0.540986 0.506113 0.079555 0.109736
0 0.156339 0.051748 0.092010 0.103495
0 0.902266 0.910125 0.082193 0.165333
0 0.664129 0.592593 0.090773 0.136583
0 0.338523 0.566801 0.095599 0.132306
0 0.243858 0.060331 0.104263 0.120162
0 0.023094 0.591208 0.046188 0.141639
0 0.857840 0.848192 0.084034 0.152356
0 0.953469 0.597498 0.077698 0.122208
0 0.217174 0.171924 0.080193 0.135134
0 0.659191 0.860785 0.103648 0.133245
0 0.318126 0.793590 0.107034 0.128912
0 0.146436 0.846294 0.093180 0.163190
0 0.236980 0.565238 0.105065 0.109606
0 0.186967 0.380535 0.091310 0.131755
0 0.650302 0.058750 0.080177 0.115556
0 0.684000 0.211028 0.090224 0.133037
0 0.242693 0.313877 0.100151 0.121116
0 0.741673 0.829509 0.081388 0.146074
0 0.806461 0.909426 0.081552 0.143213
0 0.521043 0.300685 0.114867 0.131417
0 0.879004 0.635248 0.086940 0.137051
0 0.491797 0.382961 0.097885 0.128569
0 0.608366 0.308579 0.078586 0.153009
0 0.740362 0.642646 0.080661 0.134319
0 0.299789 0.483535 0.077875 0.124588
0 0.084906 0.160782 0.083448 0.151898
0 0.365155 0.181206 0.074008 0.141477
0 0.022000 0.122799 0.044000 0.130051
0 0.376371 0.492456 0.083393 0.125866
0 0.264374 0.410252 0.103924 0.130949
0 0.699729 0.739241 0.084563 0.145565
0 0.343358 0.063544 0.088341 0.124949
0 0.904677 0.747810 0.082385 0.142731
0 0.820016 0.057192 0.091182 0.114273
0 0.187530 0.271299 0.097487 0.123060
0 0.357589 0.391431 0.108380 0.127315
0 0.697314 0.548942 0.089273 0.125625
0 0.462247 0.062162 0.095141 0.123287
0 0.229402 0.646646 0.085430 0.120755
0 0.631480 0.660206 0.085711 0.127986
0 0.460814 0.687271 0.080701 0.148347
0 0.693840 0.369769 0.081565 0.124083
0 0.217840 0.933326 0.091643 0.124208
0 0.479997 0.924627 0.098745 0.128773
0 0.581501 0.595157 0.079206 0.130000
0 0.816694 0.787977 0.087148 0.125333
0 0.671185 0.282558 0.087964 0.119773
0 0.731772 0.159847 0.098237 0.145556
0 0.768841 0.942618 0.088891 0.114236
0 0.946928 0.431655 0.092612 0.162773
0 0.556298 0.684542 0.082685 0.146898
0 0.163876 0.490493 0.084154 0.133255
0 0.961921 0.934079 0.076159 0.130398
0 0.888451 0.196456 0.089120 0.149597
0 0.830008 0.669218 0.088760 0.146991
0 0.795602 0.157435 0.088187 0.148667
0 0.687944 0.946806 0.089956 0.106389
0 0.630150 0.768951 0.085487 0.127301
0 0.319993 0.192627 0.088044 0.164449
0 0.421988 0.247917 0.080852 0.160917
0 0.821249 0.370039 0.088617 0.133338
0 0.723523 0.470956 0.095500 0.139958
0 0.367900 0.296762 0.104654 0.126153
0 0.146022 0.650331 0.076336 0.136718
0 0.963469 0.088882 0.072380 0.147403
0 0.575539 0.226574 0.093078 0.132148
0 0.502458 0.852324 0.085573 0.151954
0 0.948720 0.221296 0.081956 0.186713
0 0.294776 0.917481 0.084245 0.133167
0 0.074521 0.639069 0.084922 0.161972
0 0.804410 0.448137 0.083930 0.121190
0 0.814323 0.252611 0.089484 0.130778
0 0.434092 0.811301 0.082086 0.148306
0 0.519728 0.597722 0.088279 0.146093
0 0.453798 0.182238 0.082961 0.137097
0 0.799829 0.558581 0.090065 0.134403
0 0.083872 0.050972 0.078599 0.100620
0 0.153117 0.186025 0.079771 0.138662
0 0.089250 0.531597 0.081620 0.143444
0 0.645165 0.464144 0.095565 0.144769
0 0.593215 0.121315 0.087805 0.129843
0 0.893336 0.083505 0.078760 0.117074
0 0.969590 0.333662 0.060560 0.135972
0 0.508145 0.180715 0.075820 0.149199
0 0.054766 0.204988 0.086630 0.138866
0 0.023271 0.360894 0.046542 0.132120
0 0.567993 0.932887 0.083044 0.128634
0 0.056840 0.319938 0.090951 0.132505
0 0.878065 0.333065 0.076380 0.141093
0 0.591650 0.822475 0.088263 0.137106
0 0.579195 0.407380 0.091266 0.139639
0 0.315457 0.680963 0.090654 0.134407
0 0.728423 0.052958 0.091341 0.105324
0 0.118594 0.395241 0.082047 0.141917
0 0.043445 0.472539 0.086891 0.139644
0 0.751603 0.320074 0.083628 0.157250
0 0.986034 0.704944 0.027885 0.138324
0 0.189936 0.102025 0.090758 0.120551
0 0.242229 0.758005 0.104135 0.136324
