0 0.843865 0.252745 0.065885 0.125472
1 0.408578 0.560394 0.094687 0.140713
0 0.866747 0.483792 0.069849 0.136972
0 0.195555 0.515847 0.079828 0.148231
0 0.792159 0.606273 0.081630 0.133361
0 0.595120 0.348190 0.078531 0.129935
0 0.032898 0.791870 0.064828 0.136815
0 0.415078 0.801338 0.077448 0.129176
0 0.911018 0.592676 0.084964 0.152556
0 0.193693 0.738190 0.080458 0.145046
0 0.683500 0.340079 0.077208 0.129620
0 0.755594 0.506824 0.079427 0.143593
0 0.637938 0.616056 0.076229 0.137593
0 0.521893 0.285120 0.077526 0.130185
0 0.485922 0.464625 0.076563 0.146991
0 0.803023 0.741759 0.075193 0.125741
0 0.959190 0.425315 0.078755 0.137759
0 0.696258 0.786889 0.070536 0.132259
0 0.607466 0.089407 0.083172 0.140852
0 0.113003 0.759870 0.081307 0.135593
0 0.533818 0.928944 0.077865 0.132648
0 0.708701 0.476838 0.071161 0.132713
0 0.912654 0.124847 0.075682 0.128657
0 0.260867 0.449991 0.076995 0.135444
0 0.236479 0.102833 0.076344 0.123944
0 0.749232 0.815991 0.074120 0.132204
0 0.737049 0.690185 0.070078 0.129130
0 0.935685 0.802329 0.086422 0.149194
0 0.239440 0.221380 0.076276 0.124111
0 0.786591 0.375843 0.075234 0.126519
0 0.882693 0.904333 0.073563 0.114296
0 0.578771 0.721269 0.075594 0.125259
0 0.732917 0.236819 0.074396 0.131380
0 0.369747 0.681162 0.075870 0.122157
0 0.908966 0.723472 0.079255 0.129407
0 0.336466 0.452171 0.076651 0.131731
0 0.501737 0.703824 0.074464 0.127796
0 0.375370 0.903000 0.085219 0.122611
0 0.310284 0.585935 0.081047 0.136333
0 0.698445 0.068986 0.070609 0.126880
0 0.837680 0.132875 0.074026 0.120361
0 0.153089 0.618153 0.075729 0.117454
0 0.102693 0.268625 0.076521 0.126491
0 0.460714 0.605185 0.078229 0.130426
0 0.587255 0.232764 0.071510 0.114120
0 0.651018 0.938889 0.063109 0.122130
0 0.107237 0.898704 0.076964 0.133093
0 0.507026 0.165194 0.076802 0.122222
0 0.500857 0.807495 0.070755 0.132398
0 0.186909 0.872944 0.067286 0.133537
0 0.297516 0.166417 0.067125 0.117481
0 0.305102 0.775222 0.072214 0.123981
0 0.975172 0.160579 0.049656 0.134657
0 0.326599 0.338593 0.085875 0.130870
0 0.892846 0.334574 0.093661 0.149889
0 0.389979 0.131898 0.074688 0.147611
0 0.044359 0.353648 0.073188 0.130537
0 0.334924 0.260481 0.075766 0.129537
0 0.454701 0.177829 0.081297 0.151398
0 0.559357 0.832519 0.060484 0.106019
0 0.362026 0.043079 0.083635 0.086157
0 0.669013 0.176398 0.075307 0.119296
0 0.974393 0.516833 0.051214 0.119500
0 0.757070 0.095273 0.065870 0.129824
0 0.827906 0.041106 0.074052 0.081991
0 0.080807 0.383588 0.068958 0.113324
0 0.651302 0.283208 0.081490 0.152213
0 0.037964 0.203528 0.075896 0.141278
0 0.020445 0.602954 0.040891 0.126889
0 0.019060 0.487583 0.038120 0.117741
0 0.114440 0.040079 0.073099 0.080157
0 0.077534 0.098574 0.078536 0.121463
0 0.314378 0.963481 0.072693 0.071556
0 0.755328 0.961241 0.079240 0.076574
0 0.093091 0.175102 0.075609 0.137981
0 0.985109 0.046884 0.029781 0.093769
0 0.132628 0.963407 0.072703 0.070519
0 0.441742 0.953861 0.069203 0.090463
0 0.227797 0.018153 0.074719 0.035898
0 0.901135 0.018319 0.080438 0.035287
0 0.514164 0.016880 0.087141 0.032500
0 0.404104 0.975620 0.079948 0.048333
0 0.006164 0.072616 0.012328 0.130454
0 0.007406 0.208481 0.014219 0.120926
0 0.869854 0.983690 0.080625 0.031102
