0 0.011538 0.757164 0.022987 0.145856
0 0.027344 0.967109 0.054688 0.063542
0 0.432885 0.027988 0.088193 0.055977
0 0.016703 0.054759 0.033406 0.108176
0 0.235483 0.035208 0.075315 0.070417
0 0.257059 0.462083 0.073435 0.184741
0 0.579388 0.244875 0.072141 0.198046
0 0.513237 0.050894 0.088865 0.101704
0 0.823681 0.610343 0.093669 0.165722
0 0.971583 0.741859 0.056833 0.158421
0 0.182072 0.626738 0.090419 0.151736
0 0.228738 0.724727 0.079581 0.143685
0 0.430452 0.119611 0.092419 0.136306
0 0.667967 0.932106 0.076107 0.133065
0 0.862922 0.915375 0.079839 0.169250
0 0.552216 0.746884 0.075635 0.147963
0 0.444083 0.375461 0.082479 0.164829
0 0.424697 0.247806 0.088841 0.124491
0 0.790227 0.947521 0.076953 0.103134
0 0.047238 0.904782 0.077018 0.138880
0 0.935971 0.866104 0.080880 0.135375
0 0.591560 0.069981 0.075406 0.139537
0 0.369185 0.543484 0.084573 0.164477
0 0.367845 0.348685 0.081888 0.152833
0 0.479898 0.681799 0.086370 0.152282
0 0.726350 0.200887 0.081299 0.157347
0 0.329566 0.165968 0.083424 0.154620
0 0.650629 0.239882 0.087878 0.162153
0 0.923225 0.668391 0.081336 0.149394
0 0.797930 0.268194 0.076479 0.152241
0 0.558556 0.934736 0.079253 0.130528
0 0.515819 0.298690 0.089794 0.149796
0 0.171518 0.164211 0.078766 0.136005
0 0.444716 0.929917 0.086651 0.140139
0 0.252904 0.182414 0.077745 0.141792
0 0.142798 0.899317 0.089305 0.143662
0 0.666107 0.100049 0.087365 0.143903
0 0.195046 0.492329 0.085247 0.161370
0 0.320134 0.468921 0.077810 0.148852
0 0.064650 0.113664 0.087909 0.149458
0 0.302973 0.052199 0.081940 0.103204
0 0.267258 0.600801 0.086365 0.146250
0 0.157595 0.775505 0.085372 0.133046
0 0.443225 0.567711 0.077206 0.135023
0 0.514803 0.162692 0.084221 0.137477
0 0.962661 0.563782 0.074401 0.146333
0 0.535923 0.597546 0.085211 0.150417
0 0.494372 0.824296 0.083927 0.145019
0 0.821188 0.401641 0.080979 0.136486
0 0.291190 0.313252 0.094193 0.159949
0 0.116358 0.673928 0.087945 0.148736
0 0.604841 0.849942 0.078776 0.140199
0 0.512982 0.449951 0.090667 0.155106
0 0.064168 0.776106 0.087409 0.144852
0 0.891421 0.482711 0.086539 0.150347
0 0.726073 0.980255 0.078260 0.035926
0 0.006747 0.883766 0.013495 0.136412
0 0.088967 0.026387 0.087122 0.052773
0 0.116954 0.978025 0.095378 0.040856
