1 0.575758 0.358370 0.095609 0.168463
0 0.281797 0.069745 0.086021 0.133731
0 0.902992 0.032819 0.085776 0.065639
0 0.971331 0.031667 0.057339 0.063333
0 0.265958 0.762745 0.072094 0.151454
0 0.949518 0.653074 0.087776 0.142315
0 0.300187 0.526843 0.082208 0.140444
0 0.612581 0.045750 0.089120 0.091500
0 0.492604 0.849218 0.103615 0.119028
0 0.081914 0.196593 0.089589 0.136019
0 0.015943 0.025352 0.031885 0.050704
0 0.326646 0.799394 0.082333 0.133620
0 0.772255 0.318019 0.083000 0.139574
0 0.839023 0.842750 0.084505 0.176537
0 0.391820 0.031222 0.090672 0.062444
0 0.337510 0.911412 0.097542 0.118009
0 0.931576 0.142741 0.084661 0.156074
0 0.182430 0.253926 0.088599 0.130722
0 0.501831 0.411116 0.085380 0.149898
0 0.495875 0.738574 0.082385 0.135685
0 0.891539 0.401889 0.086328 0.141944
0 0.979958 0.121185 0.039448 0.140963
0 0.709286 0.573421 0.084052 0.135954
0 0.691721 0.067407 0.091630 0.134815
0 0.861846 0.153523 0.078786 0.156972
0 0.408060 0.114755 0.100297 0.143991
0 0.246341 0.893204 0.081922 0.135759
0 0.164807 0.660935 0.088948 0.149926
0 0.229000 0.466037 0.093135 0.138926
0 0.249815 0.184421 0.088943 0.150213
0 0.202997 0.775301 0.077026 0.137565
0 0.079542 0.330856 0.086979 0.156639
0 0.934391 0.277236 0.086240 0.136380
0 0.779714 0.915407 0.089750 0.151519
0 0.950125 0.968569 0.091458 0.062861
0 0.014721 0.332532 0.028776 0.130546
0 0.565604 0.762486 0.081760 0.145676
0 0.287135 0.976005 0.080552 0.045269
0 0.797878 0.066361 0.099214 0.130278
0 0.427885 0.698134 0.086510 0.156083
0 0.683430 0.394977 0.083557 0.138657
0 0.553091 0.632144 0.079193 0.132898
0 0.171953 0.037940 0.091458 0.071046
0 0.247641 0.020616 0.081094 0.040806
0 0.704078 0.887250 0.085823 0.142241
0 0.727711 0.972028 0.105755 0.054796
0 0.369846 0.487278 0.080193 0.137556
0 0.425898 0.958597 0.087693 0.082806
0 0.916797 0.531403 0.083563 0.149472
0 0.646313 0.301343 0.086281 0.146093
0 0.222807 0.599662 0.083813 0.145528
0 0.086802 0.083667 0.090479 0.136148
0 0.898323 0.815486 0.081719 0.162843
0 0.518813 0.094458 0.087385 0.145991
0 0.963760 0.785926 0.072479 0.149185
0 0.090872 0.515653 0.078172 0.167620
0 0.832625 0.973412 0.100417 0.053176
0 0.354617 0.662231 0.094786 0.150944
0 0.156633 0.505144 0.079432 0.157213
0 0.771490 0.782884 0.089437 0.137046
0 0.846732 0.297380 0.079818 0.143296
0 0.626206 0.506727 0.070078 0.125417
0 0.382344 0.379060 0.086865 0.108546
0 0.627500 0.143120 0.085594 0.123852
0 0.581201 0.219065 0.090328 0.137963
0 0.470708 0.544847 0.102271 0.144620
0 0.306893 0.271306 0.087516 0.141926
0 0.163268 0.135514 0.081786 0.135287
0 0.798328 0.193704 0.090708 0.147463
0 0.977885 0.909157 0.044229 0.151370
0 0.148711 0.355139 0.079661 0.136407
0 0.381589 0.237977 0.082948 0.134324
0 0.703083 0.718880 0.086552 0.145352
0 0.627505 0.632407 0.085375 0.147704
0 0.843216 0.488606 0.091255 0.156583
0 0.609961 0.948181 0.082516 0.103639
0 0.563208 0.498778 0.085781 0.132944
0 0.540219 0.918194 0.091281 0.145537
0 0.481018 0.030852 0.086755 0.061704
