0 0.205487 0.949956 0.087349 0.100088
0 0.333667 0.680243 0.085589 0.153931
0 0.213259 0.821972 0.083471 0.149926
0 0.263384 0.730525 0.086513 0.160542
0 0.447517 0.460738 0.091081 0.160449
0 0.464900 0.777940 0.086508 0.162778
0 0.344048 0.883086 0.093701 0.168690
0 0.696716 0.415664 0.091036 0.155356
0 0.424671 0.328595 0.084258 0.143329
0 0.142355 0.516664 0.095622 0.174403
0 0.186634 0.408738 0.091013 0.155523
0 0.673160 0.654782 0.092086 0.158278
0 0.678031 0.940928 0.087406 0.116949
0 0.839908 0.384227 0.090768 0.145963
0 0.550283 0.092083 0.096799 0.155981
0 0.383116 0.239896 0.086914 0.137273
0 0.502826 0.188333 0.087891 0.157806
1 0.611755 0.725426 0.104464 0.173889
0 0.013615 0.732926 0.027229 0.134648
1 0.606201 0.909891 0.118495 0.166579
0 0.336318 0.028873 0.087979 0.057745
1 0.754896 0.706231 0.092417 0.169407
0 0.981839 0.632581 0.036323 0.148681
0 0.976087 0.954273 0.047565 0.090370
0 0.800022 0.972155 0.085367 0.055125
0 0.559592 0.976313 0.098211 0.047375
0 0.394382 0.973225 0.097003 0.053551
0 0.964665 0.401674 0.070669 0.127458
0 0.947034 0.047752 0.091443 0.094958
0 0.773879 0.336208 0.105758 0.179370
0 0.022301 0.417597 0.044602 0.156000
0 0.302260 0.960785 0.094583 0.077199
0 0.787995 0.074937 0.088755 0.147995
0 0.820423 0.512049 0.110398 0.152162
0 0.023116 0.847137 0.046232 0.148644
0 0.275283 0.074819 0.081846 0.147972
0 0.430353 0.138028 0.074456 0.158852
0 0.095247 0.933829 0.100016 0.130704
1 0.507995 0.338222 0.094885 0.162000
0 0.735987 0.985197 0.073661 0.029606
0 0.487328 0.942292 0.084240 0.115417
0 0.131868 0.986470 0.090987 0.027060
0 0.911930 0.327822 0.090250 0.160653
0 0.968495 0.518317 0.061495 0.125245
1 0.123185 0.698264 0.097766 0.170398
1 0.350070 0.126984 0.100312 0.167866
1 0.720228 0.271407 0.100326 0.162056
1 0.912090 0.327627 0.090227 0.160727
1 0.177676 0.272488 0.101289 0.147329
