0 0.031664 0.200428 0.062932 0.147014
0 0.335779 0.533079 0.080469 0.142509
0 0.944978 0.282931 0.090362 0.160556
0 0.935721 0.059495 0.086432 0.118333
0 0.834294 0.359002 0.082599 0.138894
0 0.119316 0.954611 0.086544 0.090778
0 0.693314 0.102049 0.093003 0.153319
0 0.934611 0.548014 0.087143 0.154176
0 0.691518 0.735914 0.088063 0.158014
0 0.159810 0.337289 0.082141 0.151986
0 0.345862 0.381546 0.089229 0.157870
0 0.806840 0.156794 0.088003 0.155106
0 0.910841 0.794287 0.088766 0.145944
0 0.883276 0.650789 0.089677 0.153051
0 0.761007 0.290771 0.088081 0.156088
0 0.869898 0.923551 0.086391 0.144491
0 0.211245 0.451025 0.085635 0.151255
0 0.130529 0.678125 0.085198 0.155009
0 0.830543 0.500412 0.086419 0.148472
0 0.645060 0.464403 0.092094 0.159250
0 0.318641 0.774039 0.085828 0.134579
0 0.595397 0.897910 0.080346 0.133810
0 0.442714 0.419345 0.087635 0.161968
0 0.031630 0.681690 0.063260 0.139093
0 0.161279 0.863558 0.087099 0.149282
0 0.081267 0.809433 0.085076 0.153431
0 0.251555 0.286993 0.088000 0.144310
0 0.540091 0.326150 0.089948 0.157921
0 0.333517 0.901502 0.098388 0.146356
0 0.994069 0.809081 0.011862 0.139477
0 0.007923 0.585194 0.015846 0.152009
0 0.989186 0.502116 0.021628 0.148333
0 0.847687 0.015542 0.083302 0.029907
0 0.014322 0.935069 0.028643 0.129009
0 0.561014 0.972887 0.093060 0.053282
0 0.148773 0.098958 0.107214 0.184602
0 0.030156 0.064674 0.060245 0.126681
0 0.388908 0.963738 0.084023 0.071653
0 0.416505 0.038690 0.088052 0.077380
0 0.291671 0.174433 0.077711 0.133264
0 0.345365 0.079081 0.086005 0.156736
0 0.586939 0.084829 0.079169 0.142389
0 0.200605 0.988141 0.087357 0.022468
0 0.520818 0.176144 0.083734 0.146685
0 0.492424 0.835264 0.087365 0.159944
0 0.543397 0.614523 0.087763 0.152667
0 0.421939 0.209553 0.074669 0.128736
0 0.406611 0.767433 0.081284 0.149708
0 0.729014 0.544419 0.083758 0.144264
0 0.773096 0.921222 0.083953 0.147620
0 0.143572 0.529417 0.085018 0.145278
0 0.678089 0.261171 0.083276 0.142787
0 0.045392 0.329794 0.080893 0.136042
1 0.332272 0.656553 0.087133 0.122792
1 0.716635 0.018238 0.087990 0.035171
