0 0.377397 0.023697 0.080273 0.046301
0 0.985089 0.782174 0.029823 0.160449
0 0.269741 0.340741 0.077477 0.143296
0 0.047191 0.610164 0.089232 0.136625
0 0.077035 0.871609 0.088159 0.149292
0 0.833508 0.083481 0.083615 0.153231
0 0.500988 0.471139 0.088930 0.163537
0 0.843924 0.517021 0.093151 0.148134
0 0.016456 0.693713 0.032411 0.176991
0 0.980536 0.053000 0.038396 0.103324
0 0.896484 0.964764 0.065172 0.069796
0 0.981658 0.347609 0.035654 0.169421
0 0.214618 0.954905 0.089471 0.090190
0 0.792099 0.957417 0.088927 0.085167
0 0.458431 0.758218 0.086664 0.171204
0 0.182263 0.046785 0.085875 0.093569
0 0.023352 0.931699 0.046703 0.135787
0 0.616639 0.058806 0.101784 0.117269
0 0.518941 0.774931 0.081221 0.168630
0 0.325958 0.939412 0.079099 0.119981
0 0.365848 0.349919 0.088039 0.164301
0 0.578276 0.513625 0.098698 0.162574
0 0.137814 0.126178 0.075180 0.122588
0 0.357176 0.185799 0.088398 0.167458
0 0.030857 0.365845 0.060979 0.127819
0 0.465853 0.319759 0.084117 0.147472
0 0.959220 0.946340 0.078951 0.107319
0 0.226014 0.113734 0.094221 0.163551
0 0.845573 0.269174 0.088068 0.129069
0 0.647945 0.301421 0.080703 0.129991
0 0.424124 0.434975 0.085164 0.153014
0 0.955350 0.194394 0.081414 0.157889
0 0.138323 0.933519 0.086833 0.132963
0 0.392510 0.862991 0.087630 0.155269
0 0.807999 0.757275 0.086961 0.130875
0 0.708121 0.369414 0.073721 0.161088
0 0.706311 0.062910 0.088227 0.125819
0 0.144521 0.246685 0.084708 0.146472
0 0.652654 0.162292 0.097375 0.157120
0 0.160366 0.409296 0.081638 0.134722
0 0.916867 0.561586 0.084714 0.152829
0 0.610740 0.400356 0.086016 0.152009
0 0.894229 0.785887 0.078958 0.147421
0 0.541650 0.350727 0.086487 0.154796
0 0.274365 0.205118 0.086167 0.148995
0 0.622776 0.638093 0.084333 0.151454
0 0.869467 0.391361 0.089987 0.158722
0 0.590496 0.753810 0.080878 0.138843
0 0.054672 0.981792 0.093385 0.036417
0 0.944109 0.415086 0.078370 0.153051
0 0.457098 0.604400 0.094690 0.160588
0 0.038040 0.486481 0.076039 0.132185
0 0.415508 0.085694 0.084536 0.145556
0 0.309327 0.076368 0.083664 0.149671
0 0.762690 0.270623 0.083937 0.137051
0 0.765738 0.135106 0.083440 0.146056
0 0.843111 0.888306 0.087758 0.160546
0 0.762766 0.869912 0.081297 0.135213
0 0.850879 0.656718 0.095914 0.149194
0 0.067103 0.734870 0.089971 0.140898
0 0.885332 0.160266 0.081315 0.133542
0 0.212815 0.283523 0.078443 0.157315
0 0.865615 0.709937 0.094641 0.218606
1 0.543572 0.636262 0.094862 0.164579
0 0.993807 0.922197 0.012286 0.138356
0 0.092083 0.355514 0.084427 0.169509
