0 0.957253 0.299634 0.076901 0.146824
0 0.470900 0.364134 0.092862 0.140870
0 0.946632 0.075322 0.072211 0.135282
0 0.147320 0.793023 0.082094 0.139963
0 0.029223 0.664991 0.058445 0.150935
0 0.715974 0.731354 0.091219 0.132560
0 0.316383 0.194620 0.079646 0.169463
0 0.169363 0.531840 0.078758 0.144403
0 0.706283 0.327495 0.083924 0.148250
0 0.241693 0.924178 0.087443 0.143931
0 0.923747 0.723600 0.081646 0.143523
0 0.949773 0.449190 0.087854 0.143907
0 0.472797 0.915977 0.081953 0.134333
0 0.836319 0.224065 0.082878 0.137352
0 0.398859 0.794678 0.079885 0.130208
0 0.828720 0.359903 0.079513 0.135935
0 0.078451 0.734384 0.084062 0.128241
0 0.622767 0.184363 0.081529 0.133032
0 0.157026 0.269398 0.080557 0.144167
0 0.372729 0.929861 0.090729 0.139231
0 0.883453 0.525970 0.076990 0.135440
0 0.481026 0.643963 0.086495 0.133778
0 0.043505 0.436956 0.076104 0.133310
0 0.684461 0.070183 0.079068 0.140366
0 0.368848 0.669299 0.082336 0.146523
0 0.262165 0.374312 0.087247 0.143255
0 0.165618 0.064961 0.081773 0.129921
0 0.069262 0.556398 0.077279 0.125898
0 0.602806 0.696366 0.082544 0.152046
0 0.840612 0.657514 0.085781 0.160630
0 0.410026 0.285586 0.092563 0.176671
0 0.484548 0.498588 0.084893 0.144954
0 0.927967 0.867699 0.084628 0.134139
0 0.587603 0.373486 0.085128 0.142657
0 0.402824 0.522822 0.080430 0.147431
0 0.752982 0.166380 0.090354 0.149963
0 0.240690 0.166704 0.083432 0.148306
0 0.140275 0.950551 0.084289 0.098204
0 0.733710 0.929685 0.083997 0.138889
0 0.582151 0.070917 0.090214 0.141833
0 0.656901 0.947109 0.074625 0.104977
0 0.813068 0.842414 0.079562 0.144616
0 0.253164 0.046572 0.085781 0.092181
0 0.387944 0.143741 0.075190 0.140657
0 0.858512 0.034086 0.084482 0.068171
0 0.403440 0.031498 0.087047 0.062995
0 0.456392 0.987322 0.083966 0.023403
0 0.007366 0.385817 0.014732 0.138866
0 0.581133 0.966097 0.087557 0.067806
