0 0.053799 0.618010 0.072504 0.097635
0 0.818330 0.487253 0.073191 0.074766
0 0.056799 0.813193 0.072137 0.095219
0 0.435996 0.518958 0.080617 0.100292
0 0.176063 0.755453 0.063555 0.094906
0 0.109930 0.557320 0.066336 0.095891
0 0.877746 0.420227 0.068977 0.090172
0 0.160303 0.632388 0.078754 0.110682
0 0.387898 0.453195 0.080836 0.116703
0 0.516879 0.632815 0.066234 0.091974
0 0.454902 0.614396 0.060336 0.085938
0 0.110338 0.746448 0.081895 0.098333
0 0.352717 0.551203 0.084098 0.104708
0 0.714813 0.479167 0.066711 0.097083
0 0.601424 0.729065 0.079738 0.101349
0 0.410719 0.171654 0.075664 0.104870
0 0.297588 0.664487 0.069637 0.093057
0 0.808217 0.264732 0.077488 0.107693
0 0.575266 0.599810 0.069805 0.094182
0 0.789805 0.810836 0.065727 0.080724
0 0.306713 0.756464 0.079043 0.097177
0 0.763676 0.545336 0.072242 0.085234
0 0.723955 0.822070 0.074324 0.127047
0 0.097408 0.672268 0.090793 0.105068
0 0.775123 0.882458 0.065645 0.077573
0 0.017369 0.906372 0.034574 0.091984
0 0.388207 0.606690 0.084883 0.113964
0 0.876467 0.299060 0.074066 0.099536
0 0.234791 0.738276 0.059152 0.076979
0 0.841504 0.363000 0.077531 0.083500
0 0.012014 0.654802 0.023504 0.096135
0 0.992279 0.083513 0.015441 0.100734
0 0.493381 0.424271 0.080754 0.086813
0 0.235676 0.635526 0.083469 0.129031
