0 0.235446 0.746443 0.098954 0.102546
0 0.009307 0.451656 0.018322 0.126718
0 0.782647 0.274913 0.093927 0.114681
0 0.298725 0.008850 0.099201 0.017701
0 0.007969 0.825350 0.015899 0.108580
0 0.909483 0.171091 0.100224 0.129156
0 0.201588 0.639218 0.105112 0.116204
0 0.562189 0.215103 0.100691 0.118848
0 0.210652 0.923128 0.095378 0.116595
0 0.889412 0.329727 0.106161 0.130154
0 0.024664 0.063416 0.049329 0.122809
0 0.828684 0.792433 0.095563 0.128436
0 0.922247 0.054995 0.092805 0.109990
0 0.304333 0.072009 0.098588 0.125890
0 0.157932 0.822600 0.097292 0.120756
0 0.756350 0.759619 0.088866 0.140864
0 0.965511 0.956968 0.068978 0.086065
0 0.754433 0.057274 0.093627 0.114547
0 0.832955 0.071507 0.090648 0.140093
0 0.074273 0.712963 0.097118 0.122119
0 0.447133 0.834290 0.100957 0.119938
0 0.682629 0.867014 0.085150 0.139995
0 0.849479 0.477780 0.091921 0.125602
0 0.877770 0.837539 0.092986 0.115622
0 0.330469 0.189848 0.100104 0.146415
0 0.383135 0.557557 0.094479 0.116296
0 0.540532 0.107158 0.092384 0.114769
0 0.382135 0.445589 0.099850 0.112258
0 0.431339 0.707269 0.096057 0.123447
0 0.176549 0.385054 0.095583 0.126836
0 0.344090 0.867973 0.092647 0.120154
0 0.329932 0.752070 0.095174 0.122721
0 0.932685 0.515916 0.089630 0.131019
0 0.260957 0.475967 0.097770 0.128374
0 0.603565 0.887374 0.091512 0.122073
0 0.532840 0.816276 0.092963 0.120113
0 0.103106 0.928691 0.089529 0.116723
0 0.517791 0.630643 0.094186 0.122037
0 0.062770 0.521553 0.093511 0.119002
0 0.700382 0.637973 0.102122 0.124588
1 0.164118 0.523832 0.087458 0.122994
0 0.983447 0.812569 0.033106 0.123102
0 0.974076 0.027058 0.051848 0.054115
0 0.015592 0.727382 0.031184 0.117243
0 0.020880 0.902001 0.041759 0.101173
0 0.020496 0.314442 0.040992 0.129316
0 0.625276 0.965046 0.093221 0.069866
0 0.779884 0.977670 0.086921 0.044249
0 0.499028 0.962341 0.075394 0.075247
0 0.762278 0.174182 0.104047 0.129949
0 0.748966 0.910484 0.096667 0.107912
0 0.981493 0.466474 0.037014 0.108493
0 0.176480 0.026163 0.101840 0.052325
0 0.583860 0.359707 0.099826 0.098714
0 0.135536 0.248881 0.103117 0.119820
0 0.284940 0.346134 0.088661 0.120890
0 0.724761 0.513248 0.101296 0.131641
0 0.615552 0.040031 0.105502 0.080062
0 0.036927 0.602595 0.073198 0.110098
0 0.478173 0.326258 0.090714 0.115787
0 0.090002 0.423912 0.101485 0.138081
0 0.875955 0.969660 0.084433 0.060412
0 0.467745 0.052323 0.098924 0.104645
0 0.394734 0.337971 0.095239 0.117371
0 0.383765 0.061281 0.081204 0.122562
0 0.810257 0.666435 0.097303 0.107058
0 0.671634 0.385694 0.096532 0.124311
0 0.092598 0.141878 0.097049 0.119146
0 0.827747 0.571399 0.088573 0.105947
0 0.507272 0.455419 0.099877 0.127001
0 0.481852 0.567356 0.090509 0.117325
0 0.242288 0.241921 0.101613 0.125808
0 0.961063 0.624180 0.077874 0.116127
0 0.678378 0.154017 0.110081 0.133868
1 0.601435 0.677819 0.094406 0.130782
