0 0.144495 0.960208 0.086583 0.078806
0 0.747896 0.020130 0.104031 0.038556
0 0.103948 0.279519 0.122021 0.192315
0 0.415484 0.022222 0.096562 0.039148
0 0.212526 0.917463 0.079302 0.160056
0 0.977870 0.368921 0.042667 0.167380
0 0.167070 0.030421 0.089870 0.060843
0 0.554503 0.852884 0.090422 0.155213
0 0.047169 0.798181 0.085818 0.170102
0 0.956922 0.888444 0.086094 0.213000
0 0.083284 0.933014 0.084432 0.129954
0 0.259372 0.046593 0.094911 0.089019
0 0.651786 0.046745 0.087156 0.089731
0 0.257167 0.818116 0.088219 0.149120
0 0.849448 0.303162 0.094740 0.171231
0 0.585401 0.063449 0.084281 0.124306
0 0.044401 0.584972 0.088802 0.149833
0 0.785883 0.305296 0.087693 0.183667
0 0.702997 0.348880 0.109557 0.182796
0 0.147755 0.129384 0.106406 0.168046
0 0.174310 0.374065 0.091036 0.179574
0 0.972018 0.118611 0.051620 0.159426
0 0.731185 0.207384 0.091120 0.145917
0 0.822836 0.068653 0.094630 0.137306
0 0.539513 0.419111 0.091339 0.163778
0 0.915083 0.106343 0.084937 0.176241
0 0.097753 0.670579 0.088214 0.152935
0 0.310036 0.852602 0.075010 0.139463
0 0.864888 0.186741 0.098620 0.147685
0 0.445773 0.131532 0.086776 0.159528
0 0.042190 0.439981 0.083411 0.168537
0 0.824531 0.591778 0.085042 0.155944
0 0.889771 0.875273 0.085698 0.162509
0 0.686216 0.519782 0.085401 0.161102
0 0.362596 0.184852 0.088464 0.158963
0 0.249109 0.378931 0.089625 0.168583
0 0.186258 0.755495 0.094786 0.174435
0 0.697872 0.728477 0.092047 0.155083
0 0.515044 0.950356 0.086401 0.099287
0 0.230609 0.239569 0.099740 0.178435
0 0.283055 0.470602 0.089526 0.176370
0 0.275841 0.939185 0.082984 0.121630
0 0.077263 0.047231 0.088724 0.090333
0 0.436807 0.898880 0.077354 0.146148
0 0.652036 0.947792 0.097073 0.104417
0 0.614117 0.327569 0.085922 0.193380
0 0.741146 0.095282 0.100583 0.140065
0 0.319477 0.724718 0.085599 0.145028
0 0.614029 0.622097 0.096391 0.157880
0 0.343630 0.327815 0.097031 0.160870
0 0.587672 0.739574 0.091583 0.165889
0 0.955602 0.473634 0.088797 0.155398
0 0.737453 0.851421 0.091802 0.170398
0 0.381430 0.855292 0.092318 0.170491
0 0.505464 0.591421 0.091500 0.157065
0 0.407466 0.587944 0.095589 0.145444
0 0.404763 0.720685 0.102172 0.141481
0 0.407279 0.400375 0.088339 0.155713
0 0.744201 0.593764 0.091151 0.141769
0 0.358766 0.484255 0.089479 0.147009
0 0.814716 0.466782 0.093703 0.160954
0 0.163320 0.865810 0.089484 0.162676
0 0.081693 0.321690 0.097604 0.177824
0 0.789859 0.724671 0.097917 0.148343
0 0.889391 0.516458 0.087625 0.188250
0 0.526299 0.263620 0.097536 0.158333
0 0.145138 0.243699 0.106870 0.148787
0 0.657206 0.843190 0.091911 0.154769
0 0.735677 0.450537 0.087958 0.164981
0 0.829604 0.824176 0.094260 0.194056
0 0.325745 0.600792 0.092062 0.142843
0 0.799479 0.930056 0.089042 0.139889
0 0.467479 0.485556 0.091979 0.153926
0 0.517620 0.093181 0.089365 0.160231
1 0.248419 0.701634 0.081901 0.145602
0 0.015872 0.260593 0.031745 0.140111
0 0.016630 0.708194 0.032688 0.138463
0 0.010458 0.907056 0.020917 0.179037
