0 0.379411 0.527028 0.073969 0.145037
0 0.107799 0.563472 0.091703 0.147667
0 0.037135 0.192454 0.073323 0.143759
0 0.899932 0.368528 0.082375 0.148981
0 0.056724 0.322477 0.086552 0.150046
0 0.731219 0.153856 0.089010 0.141380
0 0.697419 0.943648 0.084630 0.109278
0 0.930047 0.111444 0.092292 0.156407
0 0.543919 0.811602 0.077724 0.196667
0 0.959633 0.238023 0.080005 0.156917
0 0.033172 0.730157 0.066021 0.163685
0 0.098177 0.793519 0.080438 0.124204
0 0.256688 0.702606 0.082865 0.155787
0 0.325620 0.641611 0.075219 0.195426
0 0.478044 0.856282 0.077724 0.149454
0 0.441505 0.941708 0.075458 0.113287
0 0.816523 0.180667 0.084161 0.164815
0 0.103487 0.682685 0.102734 0.125926
0 0.433359 0.054574 0.080937 0.107593
0 0.621536 0.053500 0.088833 0.104759
0 0.103745 0.130829 0.095583 0.155769
0 0.518367 0.948472 0.084568 0.099833
0 0.024932 0.069120 0.048927 0.131981
0 0.946500 0.670421 0.085625 0.142139
0 0.131867 0.041736 0.073245 0.083046
0 0.292734 0.019167 0.083771 0.038333
0 0.016167 0.861481 0.032333 0.144796
0 0.985615 0.454153 0.028260 0.136880
0 0.008151 0.306981 0.016302 0.154667
0 0.911685 0.983000 0.087214 0.031296
0 0.981326 0.046556 0.037141 0.089481
0 0.801862 0.985588 0.083536 0.027713
0 0.852320 0.028940 0.085536 0.056954
0 0.973680 0.986657 0.052641 0.026685
0 0.585458 0.984755 0.077563 0.026361
1 0.451594 0.464866 0.095635 0.179306
0 0.496263 0.335296 0.083703 0.147333
0 0.444763 0.180819 0.079370 0.144417
0 0.571013 0.267889 0.088130 0.170519
0 0.495393 0.092069 0.079995 0.156694
0 0.494609 0.580079 0.092792 0.155083
0 0.111461 0.937889 0.080307 0.119185
0 0.155805 0.467542 0.083964 0.150843
0 0.743833 0.288782 0.084156 0.156880
0 0.265086 0.559801 0.080089 0.147287
0 0.355229 0.063810 0.087042 0.124139
0 0.195398 0.625806 0.078859 0.146630
0 0.597055 0.872134 0.084599 0.174009
0 0.954076 0.805935 0.080339 0.152019
0 0.392362 0.664370 0.074995 0.152944
0 0.482893 0.718407 0.093141 0.143148
0 0.666112 0.268444 0.078047 0.159704
0 0.855669 0.930662 0.077849 0.137417
0 0.879091 0.229750 0.093943 0.163037
0 0.054086 0.472847 0.086974 0.151583
0 0.217219 0.050259 0.093948 0.098019
0 0.130156 0.231481 0.080958 0.138056
0 0.957867 0.536273 0.084266 0.150991
0 0.791174 0.066083 0.082922 0.116704
0 0.628031 0.162977 0.085594 0.147676
