0 0.287322 0.064245 0.061965 0.079740
0 0.361066 0.484820 0.058664 0.085859
0 0.702879 0.752138 0.070750 0.075797
0 0.698563 0.459729 0.053453 0.090656
0 0.327705 0.724107 0.059559 0.079911
0 0.936574 0.583404 0.065016 0.088536
0 0.641930 0.425122 0.066516 0.085849
0 0.548475 0.428245 0.071965 0.078969
0 0.609838 0.771125 0.061652 0.096427
0 0.336686 0.625862 0.056504 0.079911
0 0.672314 0.169594 0.068895 0.090979
0 0.107678 0.642740 0.062230 0.084375
0 0.027238 0.476987 0.054477 0.082755
0 0.430359 0.541070 0.064375 0.088422
0 0.861768 0.853682 0.064840 0.085062
0 0.619199 0.571091 0.067047 0.087422
0 0.303984 0.237078 0.059414 0.082698
0 0.103309 0.180839 0.060383 0.082458
0 0.457516 0.332518 0.063508 0.083526
0 0.133076 0.309375 0.065215 0.079750
0 0.537477 0.672578 0.058984 0.085958
0 0.397090 0.691544 0.065539 0.077891
0 0.917744 0.046693 0.064012 0.075000
0 0.127832 0.823211 0.063266 0.076943
0 0.338303 0.173414 0.062043 0.075172
0 0.283289 0.148951 0.063313 0.090818
0 0.232232 0.105870 0.062074 0.083771
0 0.954750 0.225607 0.066234 0.091901
0 0.394799 0.607208 0.067254 0.084354
0 0.726822 0.829734 0.063668 0.086198
0 0.599551 0.658633 0.064352 0.083161
0 0.163701 0.637974 0.058895 0.073104
0 0.064357 0.890013 0.061191 0.083536
0 0.756924 0.468484 0.063762 0.082375
0 0.485047 0.593940 0.060039 0.082620
0 0.678682 0.611141 0.061223 0.082573
0 0.920187 0.252141 0.070539 0.085365
0 0.716656 0.035711 0.063109 0.071234
0 0.178678 0.054380 0.065098 0.086771
0 0.931740 0.476667 0.065387 0.083677
0 0.454277 0.968956 0.062609 0.061516
0 0.418977 0.199628 0.066531 0.090068
0 0.113297 0.033057 0.069562 0.066115
0 0.478010 0.683323 0.061098 0.088021
0 0.427916 0.107161 0.064723 0.092833
0 0.271707 0.887443 0.061813 0.078250
0 0.782969 0.166440 0.054695 0.084984
0 0.026043 0.308544 0.052086 0.097745
0 0.851447 0.505221 0.074855 0.092339
0 0.030727 0.564109 0.061453 0.091240
0 0.370680 0.328706 0.067906 0.082995
0 0.190602 0.838193 0.064453 0.078771
0 0.860393 0.673888 0.070340 0.083297
0 0.978223 0.744820 0.043555 0.098036
0 0.941785 0.130310 0.065516 0.087120
0 0.975789 0.043815 0.048422 0.085047
0 0.508336 0.264641 0.069781 0.082437
0 0.720785 0.348529 0.066281 0.092661
0 0.509111 0.936289 0.062824 0.084839
0 0.938344 0.386630 0.067727 0.097708
0 0.149566 0.897401 0.064492 0.076729
0 0.101697 0.956362 0.062363 0.083766
0 0.601637 0.308862 0.061195 0.078661
0 0.058998 0.121956 0.067176 0.085964
0 0.857834 0.269310 0.056691 0.092672
0 0.531447 0.506388 0.072129 0.081432
0 0.868668 0.591477 0.071523 0.078234
0 0.661477 0.700076 0.055031 0.078828
0 0.841203 0.079742 0.062352 0.094203
0 0.163805 0.371331 0.067766 0.084766
0 0.259982 0.964242 0.071895 0.071516
0 0.296686 0.427190 0.070621 0.095953
0 0.512809 0.846979 0.067766 0.085771
0 0.514914 0.759708 0.067391 0.084823
0 0.235686 0.709518 0.071246 0.087620
0 0.101680 0.729766 0.068945 0.083521
0 0.026520 0.703117 0.053039 0.096036
0 0.348389 0.041010 0.069074 0.081281
0 0.639617 0.941156 0.073102 0.098708
0 0.841463 0.761836 0.074738 0.088693
0 0.571365 0.960990 0.065301 0.077510
0 0.360750 0.406273 0.061930 0.073766
0 0.983047 0.662031 0.031789 0.077854
0 0.743928 0.974021 0.060949 0.051958
0 0.600863 0.081482 0.065031 0.084984
0 0.199664 0.986081 0.063586 0.026557
0 0.371893 0.934245 0.064777 0.074958
0 0.981293 0.463974 0.035859 0.079719
0 0.370020 0.114417 0.053664 0.075135
0 0.144842 0.562333 0.063254 0.084260
0 0.763861 0.773784 0.058621 0.078755
0 0.828162 0.169727 0.055012 0.084818
0 0.352434 0.796633 0.060523 0.074016
0 0.755363 0.007396 0.070047 0.014156
0 0.624494 0.007648 0.059324 0.015297
0 0.374477 0.769279 0.056234 0.078880
0 0.993006 0.537570 0.013988 0.083078
0 0.165748 0.152687 0.062957 0.076010
0 0.669248 0.084914 0.067957 0.074714
0 0.796275 0.824849 0.062105 0.073479
0 0.605332 0.464648 0.055750 0.083068
0 0.089734 0.261630 0.061602 0.077562
0 0.246836 0.612852 0.059945 0.077620
0 0.951793 0.950776 0.062352 0.095917
0 0.716795 0.682750 0.064480 0.071052
0 0.986389 0.152857 0.027223 0.084276
0 0.977975 0.338406 0.043176 0.087490
0 0.552482 0.028432 0.060137 0.056865
0 0.546041 0.099943 0.065121 0.085583
0 0.015574 0.903021 0.030922 0.084552
0 0.398861 0.033378 0.063355 0.066755
0 0.267293 0.924589 0.064039 0.150823
0 0.272555 0.010169 0.064656 0.020339
0 0.342244 0.919771 0.060660 0.078021
0 0.364258 0.245492 0.061164 0.078380
0 0.196191 0.007096 0.070570 0.014193
0 0.925154 0.747146 0.061801 0.078771
0 0.082268 0.487333 0.060027 0.078781
0 0.033160 0.395542 0.057805 0.080417
0 0.428400 0.891727 0.063770 0.081339
0 0.242984 0.794154 0.059586 0.076193
0 0.915172 0.856758 0.059617 0.076057
0 0.487402 0.087029 0.056578 0.079172
0 0.576602 0.741815 0.056461 0.090016
0 0.681951 0.277469 0.052613 0.077854
0 0.416135 0.845521 0.067934 0.078469
0 0.153949 0.228799 0.061688 0.074391
0 0.731666 0.552667 0.067543 0.084302
0 0.546906 0.344159 0.059219 0.085109
0 0.911152 0.929070 0.059633 0.068828
0 0.429238 0.290232 0.062602 0.081922
0 0.729574 0.239516 0.063125 0.075177
0 0.206316 0.224677 0.074766 0.082552
0 0.869076 0.361102 0.062426 0.082276
0 0.416418 0.402719 0.062086 0.079260
0 0.091555 0.522784 0.063398 0.076474
0 0.844920 0.948010 0.069246 0.083719
0 0.625072 0.159500 0.070645 0.074792
0 0.786795 0.315698 0.056613 0.074792
0 0.917594 0.665698 0.072391 0.078542
0 0.167773 0.537464 0.057297 0.076115
0 0.133584 0.991672 0.060395 0.016656
0 0.297773 0.811893 0.050750 0.083234
0 0.497805 0.009945 0.062523 0.019891
0 0.827113 0.355878 0.060492 0.085526
0 0.004615 0.616635 0.009230 0.083708
0 0.800996 0.982339 0.055578 0.035323
0 0.710309 0.717633 0.065680 0.143859
0 0.769504 0.563893 0.059242 0.090891
0 0.627092 0.235826 0.070746 0.076880
0 0.801354 0.245422 0.056340 0.076438
0 0.223863 0.629727 0.063211 0.075297
0 0.013246 0.039357 0.026164 0.078714
0 0.977580 0.563117 0.044004 0.087318
0 0.867066 0.009242 0.070578 0.018484
0 0.070143 0.385154 0.063082 0.082057
0 0.767518 0.386581 0.054449 0.077068
