0 0.102752 0.223547 0.052910 0.087667
0 0.347180 0.272469 0.062062 0.082083
0 0.939666 0.930977 0.071637 0.092505
0 0.698385 0.232125 0.070723 0.099875
0 0.619273 0.101818 0.064875 0.088062
0 0.196547 0.961135 0.060703 0.076510
0 0.253465 0.982617 0.066602 0.034766
0 0.895531 0.047760 0.083484 0.080635
0 0.641838 0.268740 0.067793 0.107896
0 0.346953 0.733526 0.076313 0.084198
0 0.871537 0.468669 0.062785 0.085786
0 0.041211 0.827354 0.070883 0.089281
0 0.655922 0.445320 0.060750 0.077234
0 0.032828 0.909633 0.057688 0.080547
0 0.684695 0.334922 0.065641 0.101458
0 0.118510 0.566833 0.070590 0.097250
0 0.427918 0.909406 0.064984 0.090281
0 0.270242 0.770169 0.080000 0.106120
0 0.293910 0.925120 0.067328 0.092344
0 0.540127 0.757339 0.066262 0.087729
0 0.727676 0.730732 0.064406 0.084474
0 0.067672 0.964047 0.064547 0.071906
0 0.406377 0.480547 0.063691 0.087573
0 0.692990 0.933604 0.066504 0.095438
0 0.160809 0.417008 0.070062 0.081870
0 0.426805 0.977708 0.074367 0.044583
0 0.298395 0.402594 0.070352 0.095708
0 0.015805 0.299682 0.030570 0.099354
0 0.666102 0.160570 0.077859 0.106349
0 0.878701 0.117680 0.068238 0.086797
1 0.707117 0.810208 0.071516 0.089323
1 0.151975 0.805471 0.072277 0.096422
1 0.227160 0.254193 0.071109 0.093687
0 0.841955 0.711604 0.076270 0.111656
0 0.359262 0.954659 0.072453 0.090682
0 0.937430 0.458576 0.067930 0.087547
0 0.457102 0.826763 0.069875 0.099849
0 0.517977 0.593495 0.074352 0.090510
0 0.857730 0.335349 0.075734 0.098229
0 0.830523 0.808625 0.062742 0.087396
0 0.652393 0.858292 0.070730 0.109667
0 0.244037 0.343354 0.078246 0.096396
0 0.231588 0.893331 0.068738 0.088443
0 0.767777 0.238474 0.068195 0.096990
0 0.017904 0.680477 0.035230 0.093932
0 0.524484 0.913086 0.072477 0.079505
0 0.069676 0.287875 0.073469 0.094479
0 0.675545 0.983359 0.091246 0.033281
0 0.937629 0.987112 0.083680 0.024526
0 0.773801 0.334034 0.076648 0.097026
0 0.731418 0.985641 0.044453 0.028719
0 0.168543 0.663753 0.073422 0.089432
0 0.334324 0.208497 0.074531 0.096870
0 0.817260 0.907924 0.065043 0.097724
0 0.754348 0.911062 0.060312 0.095094
0 0.478350 0.429779 0.071051 0.090661
0 0.813367 0.130841 0.064437 0.090547
0 0.653645 0.522719 0.070797 0.089240
0 0.518117 0.830940 0.067453 0.103495
0 0.254705 0.053234 0.067293 0.094563
0 0.775484 0.784794 0.060711 0.093953
0 0.576371 0.445401 0.074352 0.099854
0 0.162086 0.235708 0.067719 0.090062
0 0.971986 0.513430 0.056027 0.094953
0 0.470410 0.521635 0.072398 0.095573
0 0.717246 0.099195 0.069219 0.098057
0 0.981586 0.114794 0.035633 0.098995
0 0.433686 0.360625 0.061105 0.088146
0 0.319260 0.038659 0.067223 0.077318
0 0.229684 0.548281 0.082195 0.103104
0 0.901902 0.676443 0.064672 0.085802
0 0.269369 0.197661 0.060582 0.100406
0 0.394020 0.678328 0.065445 0.087844
0 0.923803 0.389990 0.060293 0.081760
0 0.497762 0.258852 0.074891 0.092245
0 0.240695 0.454755 0.067688 0.092729
0 0.941873 0.755755 0.086934 0.089854
0 0.469602 0.188310 0.070531 0.095172
0 0.778047 0.682039 0.068930 0.095047
0 0.208545 0.176661 0.063699 0.076844
0 0.679525 0.027078 0.065926 0.053052
0 0.979660 0.207193 0.038617 0.083687
0 0.084393 0.434565 0.067676 0.093974
0 0.982303 0.402971 0.034660 0.093224
0 0.027314 0.377151 0.054277 0.095667
1 0.621898 0.385596 0.071203 0.094172
0 0.042602 0.941888 0.071234 0.097234
1 0.969254 0.326945 0.061102 0.090755
1 0.927896 0.581138 0.068074 0.091411
1 0.126008 0.480284 0.068492 0.085234
0 0.006227 0.945802 0.012383 0.092938
0 0.363113 0.356880 0.065531 0.093021
0 0.343660 0.495742 0.063328 0.088266
0 0.967340 0.044367 0.062758 0.085151
0 0.304014 0.560844 0.067754 0.091458
0 0.131799 0.938224 0.071902 0.092948
0 0.742848 0.009656 0.075867 0.019312
1 0.234824 0.687049 0.067367 0.090255
1 0.588451 0.608651 0.065426 0.090479
1 0.514096 0.681242 0.075668 0.090026
1 0.601016 0.918565 0.069609 0.094536
1 0.869795 0.870484 0.065043 0.090719
1 0.051523 0.586984 0.066797 0.089667
1 0.872740 0.957289 0.071762 0.085422
1 0.819016 0.416005 0.069539 0.090667
0 0.050127 0.179224 0.065301 0.087438
0 0.774764 0.584263 0.077059 0.098109
0 0.833730 0.217693 0.069656 0.090135
0 0.204682 0.093185 0.072223 0.092964
0 0.529779 0.344773 0.080691 0.102307
0 0.581381 0.832742 0.064668 0.093766
0 0.916637 0.293823 0.068375 0.090823
0 0.519227 0.113612 0.069578 0.102786
0 0.794975 0.040401 0.077332 0.080802
0 0.972494 0.823622 0.055012 0.090724
0 0.601602 0.735008 0.070273 0.099807
0 0.788059 0.971060 0.080117 0.057880
0 0.146781 0.314695 0.078328 0.086568
0 0.041250 0.486464 0.071859 0.097927
0 0.905293 0.204987 0.072359 0.086828
0 0.139867 0.163417 0.066180 0.081781
0 0.639430 0.662500 0.070227 0.090469
0 0.719965 0.519747 0.063750 0.100120
0 0.180363 0.582260 0.062852 0.086354
0 0.966748 0.682193 0.064637 0.087406
0 0.526986 0.016813 0.075871 0.033625
0 0.988904 0.943615 0.022191 0.112771
0 0.014828 0.776924 0.029250 0.092464
0 0.013590 0.538701 0.027031 0.095474
0 0.986121 0.622034 0.027758 0.104797
0 0.598594 0.312740 0.072680 0.091948
0 0.338182 0.113734 0.072465 0.079667
0 0.359520 0.820401 0.070766 0.090646
0 0.519168 0.975849 0.085773 0.046073
0 0.325705 0.649128 0.070223 0.089505
0 0.030447 0.069529 0.058035 0.097557
0 0.401475 0.186857 0.067113 0.103734
