0 0.829115 0.112028 0.072104 0.138833
0 0.494609 0.912810 0.079792 0.142287
0 0.344549 0.781046 0.075495 0.132444
0 0.281146 0.041194 0.079521 0.080037
0 0.919841 0.984199 0.080859 0.031602
0 0.296195 0.982046 0.087495 0.035889
0 0.981917 0.966181 0.035896 0.067639
0 0.991203 0.335120 0.016438 0.132426
0 0.009643 0.084778 0.017370 0.134685
0 0.015534 0.892838 0.031068 0.128065
0 0.889451 0.420102 0.095682 0.107556
0 0.054497 0.956037 0.069630 0.087926
0 0.751039 0.981023 0.085505 0.037954
0 0.815320 0.961315 0.063839 0.077370
0 0.224042 0.885653 0.068479 0.129231
0 0.091414 0.437745 0.060411 0.115806
0 0.661828 0.970301 0.079802 0.059398
0 0.981409 0.577356 0.037182 0.119454
0 0.881333 0.057472 0.077698 0.114944
0 0.913281 0.626468 0.076542 0.124009
0 0.855909 0.560870 0.077734 0.130722
0 0.113898 0.919097 0.075297 0.129398
0 0.749049 0.456574 0.073359 0.150204
0 0.635865 0.692894 0.064406 0.127731
0 0.850049 0.794241 0.074380 0.128907
0 0.820760 0.678361 0.086781 0.158333
0 0.955268 0.047301 0.083266 0.094602
0 0.078109 0.166792 0.072656 0.129213
0 0.891510 0.332106 0.095885 0.134009
0 0.745346 0.719394 0.071474 0.114306
0 0.481099 0.736241 0.093740 0.133185
0 0.613456 0.097759 0.080297 0.129981
0 0.974943 0.448681 0.049917 0.136935
0 0.971216 0.159273 0.055161 0.142491
0 0.150943 0.062185 0.082573 0.122185
0 0.152029 0.830134 0.074693 0.132250
0 0.023836 0.686208 0.047286 0.145472
0 0.066924 0.585741 0.074036 0.140667
0 0.915885 0.504495 0.087698 0.130287
0 0.529521 0.390181 0.082396 0.119065
0 0.290380 0.869856 0.071323 0.141806
0 0.301169 0.399014 0.078214 0.131861
0 0.484174 0.631681 0.071849 0.127880
0 0.421802 0.811745 0.074490 0.130528
0 0.916721 0.769806 0.078984 0.143963
0 0.547859 0.512176 0.074302 0.139630
0 0.352888 0.546106 0.073359 0.130491
0 0.492698 0.184991 0.078854 0.136648
0 0.688448 0.772653 0.065958 0.134398
0 0.694344 0.604352 0.073917 0.148407
0 0.801299 0.354560 0.078089 0.142602
0 0.140982 0.559194 0.077234 0.119204
0 0.290141 0.668690 0.076677 0.157306
0 0.540917 0.037898 0.070458 0.075704
0 0.065448 0.812292 0.089135 0.140935
0 0.034578 0.364912 0.068177 0.120398
0 0.674630 0.430028 0.080260 0.154185
0 0.362536 0.064398 0.075146 0.125889
0 0.198026 0.752079 0.084792 0.128991
0 0.470651 0.041662 0.068063 0.081380
0 0.871253 0.917421 0.073307 0.116954
0 0.777029 0.838162 0.076630 0.134398
0 0.971435 0.701028 0.054172 0.123352
0 0.964607 0.887282 0.070786 0.131509
0 0.401221 0.931861 0.077891 0.124426
0 0.209052 0.464616 0.078875 0.131694
0 0.383716 0.439926 0.078214 0.135500
0 0.033438 0.487028 0.064594 0.125333
0 0.906872 0.186032 0.077932 0.131602
0 0.143143 0.356292 0.074078 0.130028
0 0.278112 0.518889 0.069193 0.131722
0 0.730893 0.885889 0.082172 0.135056
0 0.208367 0.616944 0.084057 0.139556
0 0.351253 0.291907 0.079443 0.134907
0 0.415622 0.154343 0.071599 0.130444
0 0.431568 0.342440 0.075833 0.126250
0 0.405940 0.641657 0.079891 0.135315
0 0.770242 0.602236 0.074974 0.124065
0 0.223685 0.308884 0.083630 0.148083
0 0.627307 0.844546 0.077594 0.149296
0 0.566523 0.775801 0.072745 0.129972
0 0.617570 0.505310 0.075859 0.159861
0 0.568367 0.934046 0.073172 0.120981
1 0.472914 0.485148 0.084891 0.165019
