1 0.441154 0.498338 0.089099 0.149880
1 0.444185 0.215560 0.085203 0.155935
0 0.683622 0.079394 0.102245 0.156602
0 0.371232 0.459486 0.075672 0.148861
0 0.206117 0.243111 0.081828 0.140741
0 0.306263 0.768398 0.095891 0.149148
0 0.565229 0.876509 0.091552 0.140574
0 0.184318 0.364745 0.101875 0.145528
0 0.171154 0.037778 0.079109 0.075037
0 0.429260 0.059991 0.107156 0.119981
0 0.993669 0.618778 0.012089 0.138815
0 0.029104 0.597690 0.057510 0.142898
0 0.906836 0.626616 0.098089 0.148639
0 0.984328 0.485926 0.029417 0.153796
0 0.342750 0.355944 0.084542 0.164519
0 0.528867 0.963681 0.101786 0.072639
0 0.154078 0.688171 0.102896 0.157157
0 0.533245 0.414981 0.089250 0.161722
0 0.965594 0.390569 0.066500 0.144954
0 0.826013 0.087639 0.085161 0.144093
0 0.104602 0.429056 0.078474 0.145111
0 0.039062 0.473486 0.078125 0.142083
0 0.989474 0.752903 0.021052 0.142398
0 0.289586 0.243079 0.088453 0.139583
0 0.266474 0.367963 0.078687 0.140463
0 0.758924 0.082120 0.066036 0.164241
0 0.684253 0.433509 0.076161 0.139074
0 0.027888 0.861708 0.055776 0.145472
0 0.147477 0.155009 0.080234 0.150185
0 0.195292 0.480944 0.092333 0.140222
0 0.385875 0.153667 0.080208 0.153537
0 0.279044 0.648727 0.095995 0.138472
0 0.918057 0.062542 0.074750 0.117231
0 0.194943 0.607935 0.091542 0.132204
0 0.974195 0.232694 0.051609 0.151463
0 0.171266 0.809444 0.082219 0.147481
0 0.085680 0.088458 0.081984 0.135731
0 0.901492 0.348241 0.081568 0.149222
0 0.827750 0.233236 0.087938 0.142676
0 0.300398 0.096787 0.091182 0.149815
0 0.095133 0.603940 0.091922 0.151435
0 0.430005 0.357222 0.084260 0.136185
0 0.036266 0.174292 0.069135 0.135787
0 0.748865 0.356468 0.073875 0.131806
0 0.907721 0.198361 0.086995 0.157463
0 0.616049 0.389269 0.082130 0.161407
0 0.228786 0.066245 0.075865 0.132491
0 0.717281 0.235690 0.090042 0.151269
0 0.047521 0.308685 0.086281 0.148519
0 0.079047 0.807343 0.083219 0.140981
0 0.164724 0.931861 0.087021 0.132333
0 0.640513 0.547333 0.081995 0.150185
0 0.383083 0.603144 0.103750 0.161176
0 0.729227 0.547810 0.099682 0.167602
0 0.240146 0.851694 0.089979 0.180000
0 0.805664 0.442366 0.093839 0.141139
0 0.607112 0.670426 0.098286 0.146519
0 0.947711 0.863778 0.097307 0.152444
0 0.937388 0.732134 0.078839 0.137231
0 0.886490 0.504565 0.091781 0.154000
0 0.733185 0.784833 0.098849 0.161315
0 0.527398 0.256815 0.083766 0.144370
0 0.294240 0.530208 0.081563 0.133380
0 0.026758 0.732486 0.050349 0.139917
0 0.562383 0.517245 0.085891 0.153398
0 0.683182 0.954199 0.074448 0.087843
0 0.746016 0.930481 0.082521 0.138426
