0 0.240457 0.760823 0.067516 0.091948
0 0.605432 0.949362 0.079918 0.101276
0 0.931783 0.814336 0.071199 0.096286
0 0.257805 0.853701 0.072305 0.098026
0 0.220451 0.347487 0.067785 0.098214
0 0.464707 0.653742 0.070555 0.100016
0 0.746131 0.859810 0.073137 0.093995
0 0.125623 0.842354 0.074449 0.095760
0 0.965902 0.513263 0.067906 0.088766
0 0.722336 0.293680 0.067687 0.088589
0 0.261160 0.037388 0.064711 0.073797
0 0.679441 0.819182 0.072172 0.097667
0 0.373635 0.860424 0.071605 0.089401
0 0.586217 0.795680 0.071691 0.091891
0 0.937793 0.196276 0.070375 0.095104
0 0.326049 0.924497 0.068918 0.090089
0 0.028078 0.677398 0.056156 0.078964
0 0.490633 0.523013 0.070234 0.088141
0 0.857914 0.462036 0.073938 0.092656
0 0.803033 0.329542 0.074434 0.095250
0 0.592529 0.571221 0.072684 0.095474
0 0.526039 0.458268 0.067719 0.090224
0 0.900828 0.545914 0.068805 0.091734
0 0.945020 0.677758 0.071297 0.093964
0 0.784473 0.427549 0.071219 0.086193
0 0.267574 0.548870 0.079367 0.095115
0 0.410168 0.698010 0.069398 0.093854
0 0.728012 0.952198 0.065625 0.087667
0 0.761510 0.507414 0.074348 0.089339
0 0.976025 0.073956 0.047949 0.100818
0 0.611338 0.385625 0.072965 0.095438
0 0.744824 0.692294 0.069648 0.093682
0 0.836609 0.853643 0.078797 0.103891
0 0.378061 0.256792 0.076559 0.087344
0 0.005557 0.346578 0.011113 0.089250
0 0.992750 0.450292 0.014500 0.082448
0 0.007832 0.137703 0.015578 0.081115
0 0.897262 0.982766 0.068430 0.034469
0 0.009711 0.768734 0.019422 0.085677
0 0.059498 0.514141 0.067012 0.086792
0 0.124764 0.932331 0.063777 0.077870
0 0.010547 0.209185 0.020297 0.078620
0 0.206793 0.013117 0.065578 0.026234
0 0.075146 0.549247 0.065035 0.079682
0 0.570477 0.019872 0.064578 0.039745
0 0.029674 0.018844 0.059348 0.037031
0 0.987070 0.737042 0.025789 0.087406
0 0.113148 0.614560 0.059797 0.089453
0 0.985873 0.848805 0.028254 0.091464
0 0.110168 0.966747 0.072930 0.066505
0 0.986182 0.226328 0.027637 0.100354
0 0.013664 0.960214 0.026953 0.079573
0 0.897457 0.031953 0.069195 0.062531
0 0.130133 0.025362 0.074398 0.050703
0 0.195648 0.972292 0.076039 0.054219
0 0.396857 0.134260 0.074934 0.087260
0 0.354008 0.644687 0.067555 0.082000
0 0.071906 0.117971 0.067055 0.095109
0 0.765836 0.028716 0.065023 0.056568
0 0.593912 0.228789 0.059012 0.079766
0 0.977365 0.964589 0.045270 0.069500
0 0.448857 0.815982 0.064754 0.086286
0 0.325813 0.610982 0.066711 0.087995
0 0.824025 0.669344 0.078840 0.093719
0 0.041484 0.617159 0.068359 0.082484
0 0.021512 0.437982 0.043023 0.093547
0 0.463070 0.033547 0.067680 0.067094
0 0.527393 0.699333 0.067621 0.090656
0 0.717359 0.597953 0.064477 0.074531
0 0.139352 0.654552 0.072875 0.085760
0 0.309652 0.125180 0.062797 0.078161
0 0.027428 0.073456 0.054855 0.081047
0 0.121355 0.751706 0.058516 0.082505
0 0.500627 0.809680 0.066293 0.089557
0 0.245000 0.699234 0.068648 0.088812
0 0.656156 0.174057 0.066633 0.084094
0 0.478775 0.160049 0.076652 0.103370
0 0.516574 0.965229 0.064531 0.069542
0 0.149117 0.072969 0.067516 0.079292
0 0.148518 0.502617 0.068910 0.084432
0 0.087074 0.466174 0.066078 0.089266
0 0.340291 0.035789 0.066723 0.071578
0 0.679979 0.669615 0.069613 0.089010
0 0.254541 0.189357 0.065090 0.088276
0 0.063252 0.730810 0.063691 0.089495
0 0.879389 0.310747 0.063988 0.089641
0 0.862637 0.615096 0.069906 0.088807
0 0.130982 0.153154 0.063785 0.082818
0 0.382631 0.776719 0.083066 0.081583
0 0.306246 0.498031 0.067055 0.090792
0 0.870408 0.194880 0.062840 0.098458
0 0.619557 0.655828 0.067551 0.089771
0 0.311830 0.228359 0.067418 0.100167
0 0.551895 0.874190 0.061687 0.095203
0 0.030332 0.272055 0.060594 0.088734
0 0.681100 0.531393 0.071777 0.083120
0 0.604451 0.068396 0.066629 0.095365
0 0.362602 0.453146 0.066047 0.102167
0 0.240783 0.613195 0.067418 0.080745
0 0.658053 0.263453 0.076574 0.095156
0 0.397828 0.062073 0.069164 0.086906
0 0.403465 0.966862 0.058797 0.065359
0 0.801867 0.751417 0.068953 0.089604
0 0.537152 0.615904 0.067047 0.086568
0 0.822018 0.045047 0.069598 0.088135
0 0.415846 0.470143 0.068012 0.095109
0 0.193105 0.445930 0.059578 0.086953
0 0.207857 0.912698 0.073113 0.073417
0 0.956771 0.905786 0.069895 0.090635
0 0.840008 0.960690 0.069797 0.078620
0 0.079994 0.292320 0.068137 0.096349
0 0.331771 0.710034 0.075020 0.086620
0 0.816365 0.226018 0.065645 0.089484
0 0.683348 0.372391 0.073773 0.091000
0 0.173658 0.758388 0.062949 0.091401
0 0.207775 0.125734 0.073316 0.088875
0 0.810566 0.134883 0.071109 0.091203
0 0.680311 0.093984 0.065941 0.087240
0 0.061254 0.898276 0.066617 0.090260
0 0.370123 0.352492 0.072246 0.092870
0 0.656455 0.454391 0.069238 0.082177
0 0.881664 0.747961 0.068336 0.087380
0 0.048738 0.178792 0.071375 0.090927
0 0.081371 0.381055 0.072594 0.083026
