0 0.308295 0.404659 0.084152 0.084922
1 0.470631 0.665706 0.087559 0.102370
0 0.052896 0.544586 0.079160 0.090536
0 0.511291 0.099081 0.060848 0.092453
0 0.655969 0.749969 0.090781 0.102740
0 0.268936 0.142409 0.077738 0.092047
0 0.006648 0.381828 0.011805 0.081781
0 0.993811 0.216948 0.011598 0.097740
0 0.880947 0.136896 0.076691 0.138552
0 0.989395 0.926190 0.021086 0.121724
0 0.646453 0.595909 0.080305 0.099714
0 0.021504 0.600195 0.043008 0.092786
0 0.344926 0.100307 0.073367 0.108281
0 0.006689 0.214513 0.013379 0.111380
0 0.241721 0.052245 0.101520 0.104490
0 0.105437 0.599680 0.074977 0.113005
0 0.735375 0.971771 0.083039 0.056458
0 0.266465 0.231758 0.089086 0.100589
0 0.263953 0.940385 0.080453 0.118531
0 0.376934 0.947518 0.089734 0.092505
0 0.151865 0.969292 0.066660 0.060302
0 0.721549 0.234568 0.075574 0.084719
0 0.482049 0.191698 0.080316 0.110604
0 0.442230 0.466388 0.074492 0.098057
0 0.927592 0.532010 0.082965 0.127615
0 0.150883 0.137380 0.089977 0.126583
0 0.247746 0.314039 0.077164 0.092432
0 0.977250 0.110672 0.042891 0.093010
0 0.445096 0.020336 0.079168 0.040672
0 0.137807 0.905091 0.081863 0.098099
0 0.116867 0.196974 0.098805 0.133094
0 0.474941 0.741922 0.096055 0.097135
0 0.541000 0.033263 0.072234 0.065172
0 0.788297 0.860453 0.086062 0.106896
0 0.096174 0.030273 0.081965 0.058266
0 0.324486 0.769216 0.080863 0.094203
0 0.884523 0.970341 0.086930 0.059318
0 0.800488 0.481068 0.077219 0.102656
0 0.492723 0.493724 0.069422 0.097198
0 0.986514 0.560557 0.026973 0.106385
0 0.518297 0.245617 0.078008 0.107453
0 0.449000 0.946977 0.069602 0.090234
0 0.074215 0.329245 0.096969 0.095583
0 0.058381 0.956414 0.072824 0.083203
0 0.876104 0.203161 0.062973 0.080125
0 0.181807 0.363547 0.074754 0.099969
0 0.044104 0.651940 0.074621 0.107641
0 0.432379 0.380740 0.076883 0.095365
0 0.167666 0.535398 0.071652 0.092495
0 0.026592 0.031344 0.053184 0.062687
0 0.553213 0.533094 0.077590 0.097052
0 0.355463 0.597497 0.087895 0.089609
0 0.253066 0.389529 0.079211 0.100932
0 0.944152 0.634125 0.077242 0.116937
0 0.053139 0.456714 0.058652 0.093010
0 0.120641 0.366523 0.074539 0.126995
0 0.085094 0.848451 0.078195 0.098828
0 0.563041 0.453258 0.077043 0.080672
0 0.225576 0.583401 0.072973 0.088437
0 0.497713 0.974909 0.076066 0.050182
0 0.838201 0.908964 0.090449 0.118938
0 0.186809 0.239424 0.070852 0.091380
0 0.182299 0.434477 0.067598 0.092318
0 0.221662 0.715339 0.064895 0.088792
0 0.014852 0.462042 0.029703 0.092927
0 0.964484 0.854289 0.070891 0.111255
0 0.090734 0.689034 0.085313 0.096516
0 0.405105 0.112992 0.079586 0.103286
0 0.381744 0.436773 0.069137 0.097036
0 0.313275 0.472117 0.092480 0.089266
0 0.666971 0.827964 0.093660 0.090510
0 0.779174 0.565263 0.073660 0.093953
0 0.979133 0.296607 0.041242 0.096630
0 0.322904 0.330385 0.081043 0.089042
0 0.307232 0.695945 0.090676 0.088651
0 0.568289 0.121695 0.071484 0.098870
0 0.357365 0.831430 0.082621 0.086255
0 0.928215 0.399906 0.084008 0.100094
0 0.206926 0.962544 0.064352 0.074911
0 0.800912 0.180831 0.082934 0.095474
0 0.509766 0.774411 0.078070 0.103135
0 0.658760 0.956701 0.091160 0.086599
0 0.581844 0.384573 0.072883 0.082990
0 0.792158 0.644542 0.087160 0.097521
0 0.166016 0.646318 0.074086 0.094229
0 0.901646 0.322805 0.081871 0.094870
0 0.063424 0.765872 0.079887 0.096318
0 0.691221 0.307612 0.073223 0.095120
0 0.712131 0.887409 0.072988 0.098203
0 0.945799 0.228057 0.072973 0.096708
0 0.569813 0.307690 0.078500 0.097203
0 0.361965 0.524417 0.079141 0.089375
0 0.482369 0.589029 0.084918 0.087734
0 0.172721 0.792000 0.077785 0.096792
0 0.237697 0.489930 0.076559 0.109932
0 0.744352 0.347362 0.069469 0.110359
0 0.679721 0.124029 0.074035 0.094547
0 0.753641 0.448823 0.079516 0.118625
0 0.937012 0.738641 0.080953 0.096875
0 0.491957 0.866078 0.080891 0.096073
0 0.718184 0.594987 0.067398 0.097672
0 0.850400 0.407143 0.075551 0.100818
0 0.054121 0.091958 0.088766 0.099854
0 0.407332 0.620711 0.076523 0.133943
0 0.981295 0.645687 0.036496 0.091719
0 0.831914 0.763622 0.074992 0.101672
0 0.668209 0.494409 0.075973 0.093193
0 0.770256 0.783797 0.071488 0.094031
0 0.668670 0.409867 0.079270 0.094214
0 0.731914 0.063969 0.076359 0.110323
0 0.094756 0.248661 0.077941 0.100969
0 0.655541 0.231440 0.067145 0.100089
0 0.394953 0.746992 0.075758 0.100953
0 0.875037 0.493039 0.077988 0.097411
