0 0.633262 0.033880 0.076117 0.067759
0 0.841978 0.022433 0.105081 0.044060
0 0.061529 0.016618 0.075693 0.033236
0 0.552875 0.332859 0.084396 0.141653
0 0.521665 0.015366 0.068185 0.030731
0 0.008009 0.930363 0.015982 0.135884
0 0.692016 0.349819 0.067130 0.137194
0 0.991789 0.249424 0.016422 0.149032
0 0.986225 0.925676 0.027367 0.146120
0 0.011378 0.569634 0.022755 0.141028
0 0.466667 0.023414 0.065250 0.046829
0 0.563020 0.504572 0.075919 0.125671
0 0.668762 0.217870 0.092758 0.153352
0 0.021012 0.162984 0.041987 0.143625
0 0.499379 0.300389 0.081315 0.126444
0 0.572719 0.039512 0.068234 0.078329
0 0.637578 0.406229 0.072995 0.145653
0 0.073811 0.315141 0.085487 0.170431
0 0.016165 0.042090 0.032331 0.083319
0 0.310846 0.331167 0.096969 0.159370
0 0.239454 0.391931 0.074409 0.138361
0 0.084427 0.787803 0.074542 0.140773
0 0.018176 0.363785 0.036336 0.135245
0 0.081393 0.620245 0.073135 0.135611
0 0.194759 0.326296 0.091779 0.158361
0 0.348475 0.947937 0.090659 0.102847
0 0.027983 0.664537 0.055966 0.137759
0 0.965875 0.077127 0.068250 0.139255
0 0.654865 0.570285 0.077104 0.144579
0 0.766475 0.724074 0.088180 0.127981
0 0.267237 0.952699 0.076083 0.093824
0 0.895121 0.219456 0.097654 0.145282
0 0.976462 0.378340 0.046878 0.135421
0 0.844241 0.656433 0.101451 0.141718
0 0.341049 0.799924 0.081052 0.141866
0 0.599336 0.617067 0.073630 0.133088
0 0.675573 0.900188 0.083271 0.137208
0 0.155120 0.813546 0.071469 0.164454
0 0.602695 0.941227 0.083292 0.116444
0 0.759294 0.072185 0.089615 0.144370
0 0.837958 0.275516 0.083766 0.150356
0 0.262120 0.809009 0.079526 0.144981
0 0.795335 0.402736 0.086883 0.141648
0 0.734620 0.780449 0.081099 0.128028
0 0.927201 0.316275 0.086229 0.146218
0 0.178878 0.458725 0.082594 0.150866
0 0.064260 0.892208 0.080339 0.129796
0 0.459083 0.482789 0.079948 0.148745
0 0.308568 0.208822 0.078786 0.135097
0 0.755341 0.215535 0.072500 0.132829
0 0.311637 0.593220 0.084216 0.138819
0 0.908577 0.440627 0.082779 0.133606
0 0.555174 0.809421 0.087109 0.161546
0 0.239284 0.553201 0.083958 0.145625
0 0.464378 0.827688 0.090974 0.157255
0 0.822385 0.531942 0.093479 0.150153
0 0.929785 0.555535 0.090987 0.148523
0 0.550324 0.943132 0.075940 0.113005
0 0.690641 0.583331 0.071339 0.139634
0 0.379926 0.778019 0.090086 0.165787
0 0.471956 0.674509 0.079443 0.152250
0 0.567197 0.412394 0.075060 0.128741
0 0.531260 0.552262 0.073943 0.126838
0 0.386331 0.126736 0.072505 0.137065
0 0.501621 0.700801 0.075883 0.133074
0 0.727217 0.470889 0.083831 0.143981
0 0.556957 0.640563 0.073982 0.121921
0 0.109579 0.668465 0.081477 0.132699
