0 0.012451 0.611667 0.024901 0.184333
0 0.284555 0.203884 0.073464 0.135620
0 0.992391 0.154356 0.013885 0.136176
0 0.414977 0.010514 0.077078 0.021028
0 0.781573 0.984023 0.080104 0.025972
1 0.640711 0.435213 0.081495 0.141352
0 0.086510 0.369602 0.082479 0.120167
0 0.106602 0.939583 0.076724 0.120833
0 0.527328 0.225009 0.101552 0.168000
0 0.634344 0.121667 0.069115 0.110907
0 0.072099 0.308352 0.086802 0.134241
0 0.089453 0.656653 0.076906 0.124065
0 0.577753 0.043537 0.081432 0.082981
0 0.245672 0.652190 0.104990 0.158657
0 0.838143 0.180208 0.091859 0.141528
0 0.020740 0.230162 0.041479 0.123806
0 0.933935 0.105708 0.087495 0.181472
0 0.978495 0.798958 0.042635 0.142769
0 0.621701 0.675472 0.088359 0.153130
0 0.636591 0.039606 0.077932 0.079213
0 0.458414 0.292741 0.073495 0.115574
0 0.679688 0.899759 0.087427 0.136241
0 0.702909 0.031250 0.075589 0.061278
0 0.884375 0.957792 0.080760 0.084417
0 0.841180 0.792037 0.075724 0.133407
0 0.674115 0.811856 0.073490 0.132398
0 0.822911 0.914968 0.088927 0.158380
0 0.050169 0.625019 0.061651 0.114296
0 0.026898 0.772292 0.053411 0.178046
0 0.229234 0.158574 0.076052 0.176870
0 0.943018 0.388069 0.078641 0.137880
0 0.211313 0.039338 0.085958 0.078676
0 0.773607 0.667500 0.077380 0.140704
0 0.215094 0.461787 0.081323 0.181019
0 0.776977 0.735102 0.079068 0.132833
0 0.305930 0.060616 0.078422 0.121231
0 0.983734 0.224829 0.030969 0.128694
0 0.476768 0.348176 0.085318 0.135370
0 0.024789 0.088426 0.047141 0.176852
0 0.976841 0.684931 0.046318 0.132324
0 0.808802 0.578426 0.083812 0.120741
0 0.050706 0.968542 0.083703 0.058880
0 0.967523 0.020431 0.064953 0.040861
0 0.424529 0.178046 0.083578 0.131463
0 0.578432 0.560722 0.078396 0.134352
0 0.426318 0.741130 0.079854 0.139648
0 0.508380 0.586116 0.079260 0.136694
0 0.433099 0.596569 0.085812 0.144769
0 0.732982 0.931685 0.073828 0.131981
0 0.384510 0.828116 0.083573 0.137231
0 0.170969 0.768310 0.082344 0.135657
0 0.539490 0.734069 0.075125 0.144935
0 0.456617 0.842981 0.078370 0.121556
0 0.355099 0.193097 0.074510 0.132102
0 0.738370 0.566796 0.076052 0.118611
0 0.680786 0.303639 0.078938 0.128593
0 0.510547 0.940366 0.083844 0.119269
0 0.780682 0.064009 0.082906 0.127370
0 0.612542 0.853972 0.073219 0.122259
0 0.105943 0.534088 0.096677 0.153787
0 0.122445 0.400245 0.086057 0.148269
0 0.140971 0.072560 0.080870 0.142750
0 0.342323 0.929778 0.076563 0.127222
0 0.184661 0.360995 0.081563 0.131417
0 0.732771 0.257954 0.081854 0.139093
0 0.405339 0.346657 0.076948 0.140574
0 0.532003 0.437949 0.091505 0.156806
0 0.425945 0.476778 0.070984 0.126796
0 0.768307 0.177106 0.069500 0.128806
0 0.933073 0.249060 0.089083 0.136935
0 0.116263 0.243519 0.078672 0.179130
0 0.968490 0.506616 0.062010 0.125602
0 0.603336 0.313426 0.091109 0.158611
0 0.718992 0.395315 0.079151 0.121278
0 0.859385 0.456912 0.082885 0.138343
0 0.171945 0.889616 0.078089 0.135935
0 0.482518 0.675958 0.077307 0.131324
0 0.081013 0.153449 0.077557 0.154398
0 0.931510 0.626731 0.086521 0.162833
0 0.971750 0.919685 0.055135 0.140463
0 0.606052 0.183301 0.077854 0.128602
0 0.413042 0.929722 0.085760 0.137037
0 0.860977 0.575810 0.080339 0.144157
0 0.918266 0.818306 0.079469 0.141185
0 0.283036 0.949199 0.078938 0.101602
0 0.241021 0.883778 0.081313 0.164611
0 0.173693 0.215912 0.063990 0.129435
0 0.864857 0.689148 0.070911 0.133444
0 0.022573 0.912625 0.045146 0.134361
0 0.099234 0.767037 0.078427 0.131204
0 0.711490 0.466833 0.079646 0.135500
0 0.795807 0.504458 0.081104 0.122120
