0 0.121521 0.323845 0.080161 0.144245
0 0.240312 0.525155 0.081792 0.140968
0 0.661471 0.771002 0.078344 0.139884
0 0.089491 0.530655 0.076029 0.140394
0 0.045789 0.338153 0.066177 0.125009
0 0.887107 0.531900 0.079833 0.147921
0 0.421749 0.531361 0.076133 0.138130
0 0.697704 0.658160 0.088284 0.149671
0 0.523891 0.845843 0.069115 0.115778
0 0.620563 0.489773 0.085286 0.144028
0 0.464191 0.413866 0.080768 0.151407
0 0.305014 0.205097 0.080945 0.142824
0 0.384507 0.352389 0.095737 0.184620
0 0.152352 0.456308 0.078995 0.131181
0 0.573940 0.594935 0.084885 0.143546
0 0.660895 0.917282 0.085034 0.147167
0 0.788496 0.769873 0.079930 0.145551
0 0.640717 0.217213 0.086966 0.159417
0 0.801185 0.624414 0.094797 0.164792
0 0.224059 0.672606 0.088919 0.162704
0 0.858939 0.716519 0.080227 0.143306
0 0.172724 0.926947 0.079906 0.136394
0 0.230168 0.118843 0.088914 0.165019
0 0.965900 0.519030 0.068201 0.143792
0 0.191781 0.803461 0.074542 0.129069
0 0.486605 0.551194 0.076310 0.138528
0 0.004432 0.360361 0.008865 0.146000
0 0.007014 0.963799 0.014029 0.072403
0 0.188326 0.012157 0.078240 0.024315
1 0.551927 0.733657 0.102448 0.174046
0 0.987857 0.848280 0.024245 0.145097
0 0.561928 0.029382 0.085523 0.058764
0 0.979030 0.676262 0.041779 0.130060
0 0.050562 0.068634 0.068995 0.137269
0 0.941132 0.924403 0.078211 0.140694
0 0.120202 0.052343 0.085242 0.103954
0 0.491924 0.666014 0.089797 0.146426
0 0.788589 0.924884 0.073792 0.134259
0 0.510832 0.075188 0.086237 0.150375
0 0.293559 0.612171 0.074904 0.160991
0 0.569411 0.273477 0.098307 0.191583
0 0.612161 0.082257 0.087036 0.143255
0 0.924714 0.638382 0.096979 0.161782
0 0.931181 0.785354 0.101732 0.166773
0 0.225163 0.405771 0.077049 0.141218
0 0.167953 0.223688 0.089630 0.160449
0 0.242543 0.257586 0.071648 0.133745
