0 0.421215 0.300146 0.068000 0.095823
0 0.486635 0.008477 0.064887 0.016443
0 0.632816 0.918911 0.070680 0.095677
0 0.227340 0.850237 0.065977 0.078797
0 0.602367 0.992276 0.072531 0.015448
0 0.672475 0.005383 0.056074 0.010464
0 0.929621 0.983680 0.082227 0.032516
0 0.814711 0.977346 0.073516 0.044932
0 0.237342 0.887029 0.075418 0.094411
0 0.824098 0.019638 0.065516 0.039151
0 0.779285 0.329685 0.075461 0.094818
0 0.456578 0.980648 0.070352 0.038349
0 0.011127 0.746276 0.022254 0.090083
0 0.009600 0.328565 0.019121 0.084359
0 0.730193 0.051107 0.082223 0.101984
0 0.103559 0.186003 0.070266 0.094943
0 0.034891 0.079750 0.065062 0.086625
0 0.566867 0.475263 0.068070 0.101349
0 0.032084 0.428979 0.063895 0.089885
0 0.180994 0.153698 0.080816 0.104323
0 0.658229 0.372685 0.067020 0.083443
0 0.590299 0.676180 0.073801 0.101047
0 0.942303 0.035438 0.077223 0.070875
0 0.871416 0.905510 0.067223 0.083375
0 0.373330 0.963237 0.072480 0.072859
0 0.365014 0.597427 0.066387 0.095219
0 0.587977 0.575036 0.071594 0.093677
0 0.873035 0.336581 0.068320 0.086724
0 0.143119 0.860745 0.076754 0.094281
0 0.646100 0.173055 0.073684 0.089880
0 0.567074 0.298643 0.070930 0.099203
0 0.165975 0.272883 0.065098 0.086016
0 0.351324 0.795836 0.072797 0.093734
0 0.566398 0.063112 0.074844 0.088630
0 0.505783 0.907891 0.080066 0.098167
0 0.769365 0.199417 0.069074 0.091302
0 0.255641 0.326227 0.063891 0.087255
0 0.115047 0.379125 0.071563 0.086229
0 0.027250 0.601641 0.053984 0.128833
0 0.797277 0.169893 0.062563 0.089495
0 0.951219 0.827026 0.063016 0.079406
0 0.629014 0.447073 0.073918 0.086698
0 0.850617 0.416995 0.067258 0.086385
0 0.081686 0.530258 0.082324 0.098172
0 0.299572 0.185615 0.062902 0.092906
0 0.294793 0.030510 0.075289 0.061021
0 0.715781 0.977161 0.067930 0.045167
0 0.175424 0.053667 0.075598 0.099135
0 0.801840 0.292331 0.067242 0.098276
0 0.329275 0.207143 0.057902 0.079182
0 0.811512 0.864568 0.073805 0.091354
0 0.303850 0.421880 0.085098 0.114042
0 0.903070 0.116299 0.066805 0.094161
0 0.965510 0.884586 0.065660 0.090568
0 0.970734 0.307930 0.058531 0.089911
0 0.416135 0.420966 0.088895 0.103078
0 0.686396 0.300195 0.065855 0.080974
0 0.350221 0.888206 0.077621 0.090141
0 0.933887 0.508888 0.084219 0.092786
0 0.767758 0.771292 0.069969 0.091448
0 0.960172 0.217740 0.061812 0.079156
0 0.419336 0.650271 0.067117 0.086615
0 0.128793 0.563365 0.079766 0.104312
0 0.606705 0.763013 0.061957 0.084849
0 0.329875 0.711016 0.075680 0.086219
0 0.308227 0.533411 0.089320 0.114781
0 0.437109 0.041755 0.075766 0.083510
0 0.777205 0.493703 0.073238 0.092458
0 0.875705 0.255273 0.058887 0.080932
0 0.801309 0.078461 0.064688 0.084526
0 0.086303 0.031245 0.066066 0.062427
0 0.531979 0.735505 0.073340 0.089833
0 0.479615 0.388477 0.069730 0.096214
0 0.053668 0.844003 0.069586 0.078953
0 0.145496 0.698039 0.063781 0.084328
0 0.617744 0.880961 0.067137 0.096016
0 0.830789 0.682924 0.071352 0.088547
0 0.873201 0.464531 0.063637 0.079312
0 0.385771 0.313911 0.073191 0.094177
0 0.017068 0.241378 0.034137 0.096526
