0 0.141076 0.506669 0.104730 0.132411
1 0.419502 0.559143 0.109676 0.141359
0 0.109172 0.905602 0.105445 0.125401
0 0.033670 0.653477 0.067340 0.141641
0 0.274342 0.165604 0.100488 0.141115
0 0.289363 0.889206 0.101781 0.126516
0 0.731359 0.159260 0.104641 0.142354
0 0.964100 0.586904 0.071293 0.132276
0 0.621381 0.430531 0.107535 0.147219
0 0.441520 0.938263 0.107305 0.123474
0 0.204043 0.781802 0.110656 0.137677
0 0.482006 0.059221 0.100801 0.118109
0 0.051324 0.502742 0.100969 0.138943
0 0.515113 0.711927 0.104570 0.136875
0 0.785383 0.974398 0.103961 0.051203
0 0.962064 0.092021 0.075871 0.114156
0 0.522264 0.448315 0.108887 0.136807
0 0.984346 0.327628 0.031309 0.130057
0 0.446945 0.313826 0.112516 0.155036
0 0.748549 0.463172 0.106824 0.128625
0 0.844943 0.405464 0.100254 0.124375
0 0.182072 0.133471 0.105246 0.137005
0 0.899658 0.501943 0.103707 0.134000
0 0.613955 0.702018 0.110762 0.139974
0 0.885385 0.861062 0.112770 0.132208
1 0.518307 0.176440 0.112410 0.148193
0 0.678359 0.336372 0.096695 0.144786
0 0.726146 0.879552 0.105598 0.130656
0 0.479135 0.835081 0.112449 0.150005
0 0.361576 0.232005 0.121090 0.138375
0 0.525885 0.563385 0.095246 0.141833
0 0.591699 0.268560 0.113172 0.148318
0 0.749590 0.667435 0.104602 0.133630
0 0.035205 0.133846 0.070410 0.139641
0 0.024043 0.393185 0.048086 0.149849
0 0.400977 0.107508 0.107711 0.148078
1 0.873771 0.683820 0.103184 0.134589
0 0.093920 0.050693 0.105848 0.100302
0 0.629588 0.961615 0.108816 0.076469
0 0.046658 0.815859 0.093316 0.134854
0 0.726955 0.550549 0.092715 0.116620
0 0.667428 0.043221 0.108895 0.086443
0 0.346107 0.449286 0.115160 0.143885
0 0.790209 0.788995 0.104801 0.129990
0 0.194955 0.650661 0.099559 0.130865
0 0.279318 0.325151 0.111902 0.142396
0 0.895496 0.209852 0.107305 0.141839
0 0.114959 0.331193 0.109957 0.137750
0 0.579623 0.066516 0.091230 0.110406
0 0.234316 0.451263 0.105031 0.130672
0 0.643141 0.588581 0.098937 0.131370
0 0.101793 0.691359 0.100969 0.140479
0 0.277852 0.697122 0.096398 0.124411
0 0.853355 0.090615 0.103437 0.134479
0 0.197475 0.255914 0.105832 0.123661
0 0.960514 0.935586 0.078973 0.128328
0 0.257891 0.572169 0.104531 0.136214
0 0.768031 0.343294 0.100078 0.140766
0 0.933012 0.372750 0.093539 0.122021
0 0.986748 0.470714 0.026379 0.135531
0 0.986742 0.196607 0.026516 0.135474
0 0.512365 0.976909 0.100434 0.046182
0 0.972430 0.022208 0.055141 0.044365
0 0.545061 0.013948 0.105730 0.027573
0 0.414406 0.016523 0.108781 0.033047
0 0.388813 0.987578 0.108836 0.024708
0 0.871266 0.020258 0.085000 0.040516
0 0.005590 0.231427 0.011078 0.139615
