0 0.199488 0.659035 0.078737 0.143097
0 0.686508 0.578465 0.088214 0.171440
0 0.641359 0.307678 0.087682 0.157153
0 0.644591 0.442463 0.093672 0.139481
0 0.322720 0.555523 0.084633 0.157176
0 0.204898 0.304706 0.099031 0.148495
0 0.177738 0.197553 0.090914 0.145421
0 0.262741 0.598743 0.081326 0.145125
0 0.800384 0.593403 0.087659 0.138481
0 0.394113 0.800102 0.087753 0.144889
0 0.034272 0.555437 0.067945 0.139227
0 0.868158 0.622014 0.095049 0.151028
0 0.478396 0.828931 0.087125 0.140509
0 0.797326 0.479375 0.091234 0.136056
0 0.704995 0.249431 0.084922 0.158787
0 0.752510 0.178141 0.095625 0.151995
0 0.090896 0.135750 0.100714 0.142333
0 0.121418 0.630775 0.089977 0.152245
0 0.871836 0.110940 0.088125 0.156704
0 0.550372 0.561553 0.084115 0.144560
0 0.302223 0.703938 0.085602 0.144532
0 0.120941 0.263785 0.084076 0.142032
0 0.761125 0.061912 0.088474 0.118889
0 0.368305 0.667815 0.081000 0.166824
0 0.482914 0.944025 0.098484 0.108699
0 0.579402 0.202451 0.089216 0.167847
0 0.469443 0.268053 0.089536 0.163144
0 0.515483 0.071944 0.088794 0.141593
0 0.427865 0.385993 0.090495 0.149745
0 0.116112 0.494535 0.097120 0.143514
0 0.740406 0.420366 0.094698 0.153769
0 0.953133 0.139433 0.093734 0.172801
0 0.539928 0.813275 0.084018 0.153282
0 0.946190 0.505947 0.081427 0.157329
0 0.242661 0.118100 0.082698 0.144699
0 0.045212 0.440301 0.090341 0.130806
0 0.105741 0.376843 0.080508 0.134472
0 0.054158 0.218856 0.097180 0.155241
0 0.611432 0.613574 0.079276 0.153769
0 0.396712 0.518597 0.097211 0.165528
0 0.952922 0.349502 0.077521 0.137977
0 0.736039 0.652359 0.079297 0.156042
0 0.116219 0.833516 0.079125 0.150218
0 0.547357 0.691632 0.095641 0.142736
0 0.176227 0.406933 0.092479 0.166292
0 0.042413 0.319125 0.084826 0.151231
0 0.046648 0.797757 0.088958 0.152588
0 0.596349 0.056537 0.089922 0.109481
0 0.433719 0.621896 0.087641 0.169810
0 0.181908 0.068748 0.095206 0.136236
0 0.582818 0.467363 0.098755 0.169014
0 0.457982 0.720595 0.094620 0.149042
0 0.916721 0.050271 0.076719 0.100542
0 0.871313 0.510600 0.090557 0.144569
0 0.043831 0.676718 0.086135 0.145583
0 0.022039 0.882914 0.044026 0.162718
0 0.276962 0.461882 0.091951 0.167662
0 0.752482 0.311368 0.113021 0.129366
0 0.863471 0.333009 0.107896 0.136509
0 0.977020 0.244803 0.045961 0.130181
0 0.210374 0.518759 0.107456 0.183907
0 0.976716 0.465863 0.046479 0.158412
0 0.877727 0.410583 0.118906 0.128407
0 0.263556 0.026319 0.100372 0.052639
0 0.854764 0.022211 0.078638 0.043245
0 0.991182 0.357738 0.017635 0.149968
0 0.008345 0.654405 0.016690 0.146171
1 0.492331 0.625204 0.078193 0.137722
0 0.006749 0.156894 0.013497 0.166139
0 0.791087 0.013352 0.087336 0.026704
0 0.004669 0.764979 0.009339 0.138625
