0 0.982315 0.626866 0.035266 0.182056
0 0.013628 0.473076 0.026896 0.140116
0 0.957098 0.031810 0.078268 0.063102
0 0.088940 0.921016 0.081490 0.154875
0 0.021840 0.817979 0.043680 0.139810
0 0.215583 0.038840 0.070630 0.075690
0 0.545327 0.471204 0.074128 0.210648
0 0.388199 0.215722 0.081867 0.158676
0 0.922314 0.482049 0.112044 0.141495
0 0.344708 0.368144 0.070911 0.166352
0 0.836508 0.050762 0.068927 0.099856
0 0.073764 0.807363 0.087513 0.148634
0 0.635004 0.241641 0.100133 0.146199
0 0.294487 0.077352 0.078307 0.147667
0 0.315076 0.251641 0.077229 0.168458
0 0.154195 0.402951 0.078641 0.192106
0 0.746999 0.324016 0.094904 0.153190
0 0.032829 0.925569 0.065367 0.145130
0 0.971983 0.377840 0.055331 0.155569
0 0.598646 0.482021 0.065109 0.160106
0 0.439077 0.530405 0.099284 0.159181
0 0.891042 0.093704 0.073052 0.174056
0 0.357659 0.073148 0.087208 0.144185
0 0.487762 0.419417 0.075987 0.168037
0 0.655189 0.155743 0.092487 0.146653
0 0.931755 0.828426 0.098104 0.178389
0 0.549895 0.926532 0.079701 0.140667
0 0.036121 0.570032 0.072242 0.162074
0 0.090826 0.521333 0.080974 0.175972
0 0.281346 0.179074 0.073370 0.126685
0 0.623742 0.768956 0.072771 0.154894
0 0.235738 0.270833 0.097305 0.173778
0 0.671943 0.364678 0.097302 0.144727
0 0.203025 0.160620 0.085315 0.167574
0 0.926174 0.384030 0.071307 0.124051
0 0.784064 0.622204 0.097706 0.164009
0 0.877049 0.237697 0.078714 0.146486
0 0.218674 0.465951 0.086276 0.157125
0 0.042257 0.700359 0.083940 0.158569
0 0.621444 0.942812 0.079997 0.113218
0 0.088964 0.357153 0.079958 0.160491
0 0.825789 0.497694 0.083510 0.146028
0 0.696936 0.072903 0.081466 0.145806
0 0.274600 0.386044 0.085414 0.148292
0 0.771379 0.074486 0.088690 0.148972
0 0.860888 0.402282 0.082078 0.151296
0 0.970382 0.116437 0.059237 0.124236
0 0.426401 0.654803 0.082474 0.141069
0 0.677760 0.888634 0.085255 0.163352
0 0.946667 0.597738 0.075281 0.140921
0 0.878225 0.601465 0.083523 0.162292
0 0.136526 0.253382 0.083786 0.148569
0 0.567288 0.320361 0.090190 0.153056
0 0.115331 0.669532 0.082443 0.154778
0 0.967027 0.241505 0.065945 0.139324
0 0.758217 0.899317 0.085638 0.148532
0 0.558224 0.772417 0.078844 0.169972
0 0.479415 0.823317 0.085086 0.143301
0 0.147878 0.120391 0.073729 0.134551
0 0.799099 0.764394 0.087307 0.148537
0 0.156983 0.557845 0.079201 0.137921
0 0.813286 0.196822 0.072276 0.158801
0 0.495413 0.704866 0.090753 0.148361
0 0.722435 0.779000 0.079745 0.139157
0 0.485978 0.236317 0.091638 0.172616
0 0.741053 0.190398 0.087081 0.138583
0 0.403194 0.443238 0.088872 0.145671
0 0.008858 0.650935 0.017242 0.172380
1 0.507783 0.575340 0.090174 0.163921
0 0.390719 0.013062 0.084276 0.026125
0 0.266469 0.021419 0.049167 0.036227
0 0.991198 0.503694 0.017604 0.129824
