0 0.990138 0.224500 0.019661 0.155556
0 0.101951 0.665829 0.102161 0.175287
0 0.566466 0.976148 0.078193 0.046944
0 0.254424 0.635759 0.098693 0.159426
0 0.324365 0.322898 0.090312 0.192019
0 0.320945 0.581625 0.066693 0.189380
0 0.496966 0.954185 0.085693 0.091222
0 0.436299 0.412894 0.079516 0.157917
0 0.873755 0.660060 0.096990 0.186194
0 0.456214 0.913912 0.093979 0.161231
0 0.153117 0.451644 0.097495 0.166546
0 0.377289 0.576083 0.074620 0.194333
0 0.460799 0.050773 0.080057 0.101546
0 0.427656 0.687065 0.105833 0.169685
0 0.755961 0.781477 0.085286 0.191380
0 0.797628 0.605806 0.081599 0.179778
0 0.573482 0.336556 0.098672 0.157148
0 0.436529 0.543194 0.085339 0.155722
0 0.649466 0.398236 0.078391 0.203602
0 0.632232 0.521634 0.094859 0.154935
0 0.197255 0.362523 0.076958 0.173176
0 0.079299 0.067028 0.076724 0.134056
0 0.947263 0.186023 0.089797 0.175028
0 0.687057 0.276005 0.084469 0.198935
0 0.561510 0.119384 0.076594 0.142546
0 0.274385 0.389792 0.090969 0.159843
0 0.615977 0.632606 0.084182 0.142769
0 0.915773 0.574060 0.077036 0.136028
0 0.881917 0.078421 0.078396 0.153731
0 0.111672 0.189546 0.093260 0.140981
0 0.614570 0.867287 0.085193 0.143685
0 0.331917 0.847894 0.086333 0.189880
0 0.286823 0.742792 0.092219 0.147917
0 0.132747 0.307731 0.082859 0.136778
0 0.532969 0.238463 0.098844 0.173963
0 0.221753 0.873333 0.085630 0.160074
0 0.814732 0.873139 0.092036 0.138778
0 0.019807 0.598361 0.038885 0.141463
0 0.944682 0.500843 0.107854 0.210019
0 0.223818 0.974134 0.088000 0.048435
0 0.979500 0.019208 0.039667 0.036750
0 0.055141 0.839412 0.104104 0.192324
0 0.006021 0.168060 0.011656 0.151157
0 0.302753 0.968685 0.084193 0.060741
0 0.969367 0.414519 0.059974 0.148833
0 0.994924 0.108134 0.010151 0.152991
0 0.066503 0.436204 0.092578 0.276500
0 0.261240 0.511481 0.091510 0.146278
0 0.464372 0.773463 0.094068 0.163889
0 0.389289 0.264889 0.077120 0.187537
0 0.753422 0.200713 0.077323 0.140796
0 0.826432 0.225347 0.078573 0.171917
0 0.721055 0.082236 0.079266 0.155565
0 0.739260 0.483213 0.083792 0.148907
0 0.694052 0.916625 0.085969 0.141991
0 0.676674 0.799917 0.090755 0.151278
0 0.833255 0.428208 0.087469 0.156083
0 0.534469 0.621704 0.087375 0.160667
0 0.756654 0.339019 0.088516 0.157093
0 0.547560 0.761829 0.089599 0.140565
0 0.833167 0.749653 0.088792 0.152120
0 0.765685 0.935046 0.082880 0.129907
0 0.151810 0.836847 0.078109 0.144991
0 0.155932 0.942431 0.088031 0.111935
0 0.130648 0.586310 0.088380 0.151880
0 0.471258 0.162616 0.086214 0.152231
0 0.026182 0.328306 0.052365 0.170019
0 0.536781 0.050296 0.084458 0.100593
0 0.183536 0.724083 0.103646 0.166296
0 0.040078 0.162139 0.080156 0.175259
0 0.389417 0.877778 0.074240 0.180704
0 0.455154 0.303343 0.086401 0.177111
0 0.957628 0.308977 0.084745 0.141509
0 0.498909 0.501023 0.080828 0.143083
0 0.708055 0.671662 0.087922 0.165065
0 0.198531 0.564500 0.076677 0.182704
0 0.610315 0.114778 0.059328 0.219741
0 0.025435 0.046806 0.050870 0.091222
0 0.664818 0.125782 0.075083 0.199972
0 0.495818 0.376810 0.081688 0.152972
0 0.081294 0.376745 0.076797 0.205213
0 0.044526 0.447282 0.083302 0.161917
0 0.638846 0.962333 0.076911 0.072222
0 0.853862 0.960102 0.091557 0.079352
1 0.556094 0.444366 0.076240 0.145454
0 0.073026 0.532347 0.104125 0.156991
0 0.023638 0.913218 0.047276 0.157065
0 0.650617 0.018528 0.079599 0.033556
0 0.105352 0.795981 0.078776 0.180907
0 0.080013 0.936537 0.082766 0.122593
