0 0.883193 0.625343 0.085380 0.172519
0 0.949495 0.909539 0.101010 0.162884
0 0.393014 0.071792 0.082138 0.143046
0 0.262947 0.578197 0.081326 0.132560
0 0.925322 0.788954 0.094799 0.161741
0 0.254094 0.460231 0.101745 0.129333
0 0.068297 0.517910 0.099354 0.140134
0 0.596049 0.845988 0.083937 0.176116
0 0.345363 0.419271 0.080404 0.144644
0 0.959577 0.642514 0.080846 0.169407
0 0.138978 0.178162 0.081128 0.157074
0 0.735964 0.887400 0.079344 0.128542
0 0.232340 0.783067 0.080440 0.155792
0 0.108357 0.649299 0.076208 0.145384
0 0.281663 0.360088 0.082466 0.132491
0 0.857367 0.857231 0.078589 0.140250
0 0.037633 0.226907 0.075266 0.151361
0 0.183977 0.614620 0.084552 0.145306
0 0.337383 0.280694 0.089370 0.144713
0 0.157954 0.748507 0.090727 0.155569
0 0.152534 0.472560 0.088490 0.152981
0 0.040120 0.648822 0.080120 0.155486
0 0.096500 0.351039 0.093229 0.153338
1 0.323430 0.108019 0.086276 0.184722
0 0.665749 0.910988 0.080951 0.164708
0 0.243370 0.273440 0.086974 0.144639
0 0.660707 0.763130 0.078706 0.156306
0 0.968344 0.482685 0.063146 0.159185
0 0.449009 0.401875 0.097013 0.159963
0 0.837637 0.956162 0.095831 0.087259
0 0.733802 0.736569 0.079953 0.188352
1 0.721116 0.975472 0.101711 0.045991
1 0.374292 0.595961 0.063021 0.147403
0 0.273932 0.022030 0.106734 0.043727
0 0.212266 0.180252 0.086464 0.181097
1 0.510059 0.822600 0.094388 0.146190
0 0.378417 0.986035 0.088135 0.024931
0 0.449182 0.981310 0.091781 0.035806
