0 0.790790 0.415139 0.089836 0.133407
0 0.993505 0.607495 0.012990 0.138852
0 0.992984 0.148292 0.014031 0.173667
0 0.009168 0.081220 0.018336 0.131079
0 0.672214 0.285444 0.094047 0.135528
0 0.935163 0.426896 0.084992 0.152486
0 0.275251 0.028123 0.084451 0.056245
0 0.189767 0.305396 0.079299 0.114477
0 0.807966 0.227787 0.106745 0.123352
0 0.130594 0.236914 0.084891 0.131208
0 0.673582 0.147428 0.077596 0.162153
0 0.974654 0.502748 0.050693 0.177384
0 0.016673 0.234391 0.033346 0.132088
0 0.171129 0.410618 0.084482 0.154523
0 0.601145 0.283877 0.068810 0.140162
0 0.739859 0.160556 0.070667 0.171204
0 0.897814 0.283086 0.086487 0.141940
0 0.019182 0.606412 0.038365 0.138537
0 0.963876 0.362005 0.071565 0.138454
0 0.240525 0.423500 0.083174 0.152065
0 0.890906 0.166553 0.088786 0.133338
0 0.043201 0.284424 0.086401 0.151171
0 0.960828 0.247208 0.078344 0.129537
0 0.620915 0.092764 0.083919 0.144046
0 0.722220 0.452329 0.099612 0.135389
0 0.474902 0.418521 0.092112 0.148051
0 0.751871 0.900287 0.082529 0.119981
0 0.195003 0.538516 0.070036 0.160894
0 0.907517 0.517132 0.095966 0.148208
0 0.274036 0.673278 0.086068 0.145315
0 0.813766 0.132095 0.089760 0.123616
0 0.636928 0.427234 0.080508 0.144023
0 0.680898 0.922356 0.078651 0.119093
0 0.601052 0.494509 0.077667 0.141352
0 0.684845 0.668505 0.080883 0.171620
0 0.810066 0.528766 0.088581 0.143949
0 0.841283 0.051130 0.089393 0.102259
0 0.744189 0.305190 0.077034 0.135806
0 0.841654 0.604060 0.094484 0.131481
0 0.906531 0.762144 0.082734 0.139472
0 0.932616 0.620525 0.097680 0.156032
0 0.372207 0.471403 0.079560 0.161380
0 0.092290 0.449111 0.090393 0.136028
0 0.073303 0.570734 0.086466 0.141736
0 0.730961 0.558792 0.085536 0.124833
0 0.257454 0.546625 0.059669 0.133102
0 0.641772 0.830067 0.079430 0.149940
0 0.835046 0.723338 0.078497 0.127926
0 0.545199 0.231762 0.085742 0.151005
0 0.526708 0.506069 0.077266 0.124250
0 0.764172 0.065586 0.072234 0.123375
0 0.341901 0.651674 0.074484 0.125366
0 0.027559 0.473734 0.054841 0.146116
0 0.625678 0.680273 0.077831 0.149213
0 0.960734 0.125951 0.073901 0.158032
0 0.401438 0.417016 0.076453 0.135069
0 0.501452 0.161535 0.090372 0.137634
0 0.711070 0.798505 0.074734 0.145046
0 0.752650 0.660745 0.084888 0.132630
0 0.179444 0.186847 0.075461 0.143528
0 0.401637 0.611296 0.079654 0.149315
0 0.267027 0.329910 0.088081 0.138921
0 0.966185 0.691148 0.067630 0.147139
0 0.739009 0.978178 0.084513 0.041912
0 0.322510 0.530519 0.093839 0.155278
0 0.633286 0.217507 0.077219 0.128866
0 0.500478 0.613086 0.076836 0.137532
0 0.908418 0.078213 0.071336 0.123602
0 0.135268 0.515493 0.069276 0.134347
0 0.484128 0.058479 0.085344 0.113356
0 0.347531 0.309519 0.074667 0.127731
0 0.036568 0.135000 0.070677 0.136611
0 0.092818 0.051488 0.075271 0.102977
0 0.425620 0.310271 0.075542 0.123282
0 0.623480 0.017259 0.087336 0.034491
0 0.232591 0.086620 0.076708 0.125167
0 0.244288 0.216623 0.082461 0.134625
0 0.498085 0.331028 0.074117 0.126537
0 0.096957 0.174933 0.079596 0.136032
0 0.658590 0.555706 0.079393 0.133477
0 0.158499 0.069475 0.072612 0.120977
0 0.447792 0.534863 0.082391 0.153616
0 0.007417 0.370426 0.014833 0.134796
0 0.680462 0.381669 0.079924 0.124819
0 0.579473 0.612743 0.078289 0.149616
0 0.127587 0.350972 0.079612 0.133250
0 0.691176 0.050655 0.075555 0.100755
0 0.565516 0.058674 0.072344 0.117310
0 0.309509 0.408539 0.086966 0.131903
0 0.053443 0.377831 0.080167 0.136384
1 0.829150 0.323153 0.087477 0.127852
1 0.778310 0.786475 0.075089 0.133495
1 0.566996 0.387981 0.080924 0.147157
