1 0.641169 0.436727 0.083151 0.191046
0 0.757656 0.940125 0.078490 0.118120
0 0.452990 0.972292 0.083229 0.051528
0 0.828161 0.020440 0.078562 0.039731
0 0.913878 0.968995 0.079734 0.060731
0 0.717984 0.023917 0.082646 0.047833
0 0.014909 0.788926 0.029005 0.130241
0 0.312471 0.968032 0.079734 0.063935
0 0.984672 0.856477 0.030313 0.139806
0 0.017661 0.566481 0.035323 0.135704
0 0.985286 0.090907 0.029427 0.114037
0 0.017802 0.403250 0.035604 0.143407
0 0.748076 0.090954 0.086411 0.128037
0 0.574760 0.857009 0.071844 0.114241
0 0.114505 0.053745 0.062031 0.107491
0 0.743341 0.170722 0.071057 0.135907
0 0.388193 0.041194 0.074198 0.082389
0 0.719953 0.310208 0.071333 0.121120
0 0.805380 0.443639 0.087573 0.119296
0 0.670464 0.113667 0.077990 0.141296
0 0.726641 0.419634 0.072198 0.110102
0 0.042542 0.890926 0.085083 0.138704
0 0.035065 0.052083 0.068859 0.100259
0 0.908615 0.049343 0.071073 0.096074
0 0.400589 0.140264 0.070604 0.116935
0 0.245049 0.523130 0.072578 0.121889
0 0.792643 0.332014 0.076245 0.118176
0 0.274089 0.365704 0.083521 0.145093
0 0.689680 0.496713 0.070318 0.121167
0 0.480776 0.506194 0.075948 0.120889
0 0.566812 0.627343 0.070854 0.126111
0 0.572276 0.509042 0.074854 0.121824
0 0.731331 0.696912 0.073849 0.130861
0 0.093187 0.347968 0.074927 0.137083
0 0.184341 0.192125 0.082411 0.154306
0 0.312573 0.109435 0.087792 0.146222
0 0.664417 0.870630 0.087021 0.148315
0 0.159721 0.599787 0.077995 0.138370
0 0.847359 0.106398 0.081604 0.142648
0 0.259487 0.799407 0.073245 0.138056
0 0.380542 0.281231 0.080500 0.142296
0 0.421526 0.848731 0.084146 0.136667
0 0.962109 0.563546 0.075781 0.150778
0 0.064536 0.162884 0.088385 0.145676
0 0.278401 0.669894 0.076021 0.125324
0 0.809531 0.214690 0.080271 0.133065
0 0.147359 0.730972 0.080906 0.134722
0 0.836779 0.904097 0.087193 0.142120
0 0.964659 0.428458 0.069901 0.127954
0 0.523828 0.174356 0.075083 0.141454
0 0.461323 0.249648 0.082823 0.145204
0 0.456221 0.745394 0.071307 0.127769
0 0.335057 0.839333 0.073000 0.121407
0 0.666143 0.266574 0.083307 0.136889
0 0.101779 0.526505 0.086078 0.144843
0 0.114878 0.924907 0.072120 0.134148
0 0.208984 0.060569 0.089344 0.120213
0 0.387185 0.530894 0.081464 0.129694
0 0.527518 0.747292 0.075047 0.128806
0 0.191789 0.358782 0.082557 0.141620
0 0.948940 0.205736 0.069693 0.129824
0 0.870760 0.778144 0.080281 0.142787
0 0.889909 0.572315 0.071109 0.133148
0 0.355258 0.719083 0.076495 0.123093
0 0.468516 0.054722 0.068240 0.109352
0 0.050328 0.701315 0.080667 0.150370
0 0.879268 0.374241 0.080161 0.155685
0 0.387542 0.948991 0.071917 0.101796
0 0.289682 0.233278 0.077979 0.129056
0 0.421729 0.424394 0.069542 0.118343
0 0.345951 0.398583 0.075797 0.135130
0 0.613544 0.163278 0.079453 0.137556
0 0.510612 0.631750 0.080047 0.125074
0 0.798846 0.741634 0.075120 0.138083
0 0.970857 0.313542 0.057516 0.122509
0 0.620445 0.684792 0.067026 0.114102
0 0.187932 0.834958 0.076781 0.132324
0 0.213232 0.938528 0.076370 0.122944
0 0.802214 0.538995 0.079021 0.144231
0 0.413622 0.646519 0.073141 0.116037
0 0.557344 0.062569 0.074729 0.120102
0 0.941365 0.870356 0.068406 0.149713
0 0.500294 0.917917 0.076109 0.123667
0 0.941904 0.721222 0.079578 0.138500
0 0.532690 0.312806 0.084276 0.140648
