0 0.372751 0.980389 0.079820 0.036009
0 0.991832 0.483141 0.016294 0.145264
0 0.734464 0.981197 0.074943 0.034977
0 0.291842 0.979359 0.084872 0.038708
0 0.456290 0.016280 0.082107 0.031782
0 0.013617 0.956479 0.027234 0.084977
0 0.158066 0.063847 0.089159 0.118093
0 0.929306 0.689556 0.081654 0.130667
0 0.528327 0.029826 0.090404 0.059338
0 0.200406 0.953852 0.077391 0.091259
0 0.277777 0.065799 0.085367 0.120366
0 0.920431 0.967481 0.077497 0.063435
0 0.597134 0.963556 0.076763 0.072556
0 0.732194 0.718426 0.087336 0.138130
0 0.806810 0.955220 0.075964 0.087977
0 0.532500 0.936081 0.088510 0.126597
0 0.525366 0.812218 0.075721 0.126407
0 0.370137 0.510190 0.085185 0.143880
0 0.401703 0.720935 0.081458 0.150796
0 0.074112 0.424843 0.093573 0.127324
0 0.264302 0.889782 0.087839 0.146537
0 0.407288 0.276725 0.081326 0.123412
0 0.665661 0.923516 0.082734 0.122060
0 0.320384 0.691516 0.080742 0.153292
0 0.068497 0.821722 0.087974 0.139833
0 0.975799 0.911810 0.048401 0.131731
0 0.363978 0.864375 0.085242 0.144065
0 0.028738 0.206551 0.057414 0.148222
0 0.128361 0.918940 0.081263 0.144620
0 0.416538 0.148356 0.076096 0.132722
0 0.639402 0.671204 0.071284 0.122796
0 0.202296 0.766505 0.082539 0.140648
0 0.570099 0.710380 0.073734 0.128176
0 0.505310 0.645356 0.072219 0.138213
0 0.054953 0.306081 0.092156 0.138634
0 0.073471 0.685553 0.084932 0.128829
0 0.080642 0.550743 0.080607 0.135338
0 0.906678 0.072218 0.089544 0.144352
0 0.330693 0.345273 0.075750 0.140185
0 0.470342 0.481039 0.073477 0.127801
0 0.845895 0.653759 0.082352 0.130204
0 0.630620 0.540711 0.076750 0.131394
0 0.773061 0.298479 0.082878 0.145606
0 0.227930 0.579414 0.087417 0.147005
0 0.958527 0.571715 0.082945 0.145042
0 0.822215 0.451394 0.075878 0.132806
0 0.183018 0.423433 0.090630 0.153181
0 0.937701 0.433718 0.086932 0.145685
0 0.747415 0.571743 0.079997 0.149847
0 0.917714 0.835576 0.085776 0.136681
0 0.264421 0.269324 0.084279 0.147315
0 0.954470 0.150076 0.086789 0.147477
0 0.663272 0.417803 0.083216 0.141671
0 0.857661 0.319259 0.082562 0.141787
0 0.819083 0.825000 0.078047 0.141500
0 0.403195 0.402299 0.079115 0.125884
0 0.654608 0.796863 0.077352 0.136579
0 0.014165 0.040706 0.028086 0.081412
