0 0.444861 0.299947 0.075003 0.129690
0 0.378316 0.225532 0.073102 0.140611
0 0.582427 0.732287 0.093760 0.153713
0 0.734793 0.315870 0.085888 0.154000
0 0.400720 0.377551 0.089273 0.143148
0 0.777612 0.583762 0.080979 0.152199
0 0.539919 0.486542 0.078443 0.128083
0 0.084401 0.279620 0.094411 0.158778
0 0.704276 0.538792 0.081865 0.141870
0 0.190062 0.860271 0.086172 0.142412
0 0.559754 0.180363 0.078159 0.163894
0 0.604156 0.282769 0.076484 0.137556
0 0.206812 0.727118 0.091589 0.147310
0 0.571570 0.864447 0.075542 0.136375
0 0.750749 0.449537 0.085372 0.144074
0 0.215962 0.595278 0.091560 0.155176
0 0.259811 0.321662 0.079419 0.136889
0 0.052203 0.482329 0.078573 0.146954
0 0.916313 0.177875 0.080615 0.158519
0 0.131986 0.159826 0.083013 0.147236
0 0.956876 0.032785 0.072232 0.063273
0 0.946849 0.302356 0.084729 0.141519
0 0.104460 0.062447 0.077404 0.124894
0 0.470828 0.484817 0.073271 0.198051
0 0.994949 0.805745 0.009951 0.146000
0 0.010544 0.459806 0.020880 0.150000
1 0.331073 0.696965 0.113359 0.189347
0 0.566779 0.963553 0.090703 0.072375
0 0.986660 0.667252 0.026680 0.143412
0 0.897023 0.970731 0.074120 0.055491
0 0.018132 0.235435 0.036263 0.143019
0 0.747211 0.019863 0.086297 0.037403
0 0.168017 0.954225 0.078440 0.091292
0 0.637522 0.973273 0.069977 0.051176
0 0.287061 0.049218 0.082695 0.096907
0 0.235991 0.939991 0.078081 0.119537
0 0.667704 0.286053 0.072096 0.178977
0 0.040090 0.053646 0.079081 0.106319
0 0.958254 0.946806 0.082716 0.104083
0 0.880926 0.719410 0.082612 0.158616
0 0.822936 0.050042 0.076346 0.098361
0 0.894698 0.054444 0.076422 0.107676
0 0.956230 0.823259 0.081497 0.135741
0 0.378329 0.590847 0.092034 0.131343
0 0.140243 0.676935 0.085607 0.151657
0 0.969496 0.135954 0.061008 0.153000
0 0.809105 0.216639 0.084581 0.153287
0 0.679759 0.059331 0.091805 0.118662
0 0.119896 0.462049 0.077255 0.123190
0 0.884508 0.516634 0.086547 0.167213
0 0.530837 0.340715 0.080799 0.164958
0 0.521005 0.599120 0.082297 0.137889
0 0.307021 0.229056 0.079219 0.135648
0 0.397768 0.085745 0.086224 0.163157
0 0.293035 0.598718 0.079852 0.146185
0 0.635337 0.868278 0.071862 0.150167
0 0.632512 0.523086 0.078195 0.151662
0 0.923354 0.427569 0.096458 0.158185
0 0.054000 0.154875 0.090286 0.140500
0 0.333871 0.413755 0.072299 0.158565
0 0.944178 0.693947 0.081565 0.142699
0 0.410335 0.494502 0.085836 0.130208
0 0.820682 0.464711 0.076917 0.166255
0 0.112807 0.570609 0.090844 0.133319
0 0.336566 0.119660 0.081393 0.143523
0 0.780763 0.122285 0.073141 0.129773
0 0.622066 0.124884 0.079576 0.162602
0 0.705073 0.157646 0.077724 0.127366
0 0.143043 0.364808 0.084013 0.138644
0 0.034430 0.355236 0.068859 0.144250
0 0.593522 0.596299 0.083904 0.154218
0 0.192789 0.462620 0.079036 0.143444
0 0.952335 0.564856 0.083133 0.150231
0 0.987965 0.047544 0.023268 0.093986
0 0.427087 0.015826 0.095435 0.031653
0 0.006944 0.089671 0.013721 0.143593
1 0.261526 0.793764 0.084286 0.194444
1 0.856405 0.606169 0.093414 0.162782
