0 0.416757 0.777972 0.095310 0.151139
0 0.493182 0.223116 0.084745 0.134009
0 0.182904 0.807363 0.078057 0.141495
0 0.621135 0.256947 0.091286 0.172190
0 0.240141 0.759558 0.074552 0.129338
0 0.709608 0.940204 0.089622 0.119593
0 0.440365 0.534644 0.082005 0.133815
0 0.461232 0.113118 0.083448 0.154088
0 0.378301 0.656308 0.087107 0.147773
0 0.380884 0.469609 0.083456 0.137681
0 0.173995 0.335382 0.075708 0.143236
0 0.114612 0.136975 0.093656 0.149699
0 0.125344 0.257928 0.072865 0.130181
0 0.231526 0.394664 0.079927 0.139662
0 0.030710 0.850676 0.061419 0.136296
0 0.564379 0.501609 0.071065 0.125505
0 0.205401 0.930528 0.084469 0.136157
0 0.124891 0.926896 0.090880 0.145931
0 0.649279 0.448405 0.087557 0.134903
0 0.839882 0.707606 0.098169 0.152074
0 0.004908 0.429310 0.009815 0.161741
0 0.211484 0.020356 0.090333 0.040713
0 0.993444 0.165523 0.013112 0.140861
0 0.097409 0.562410 0.092536 0.136912
1 0.336482 0.352275 0.088234 0.199394
0 0.990730 0.620315 0.018492 0.154250
0 0.989520 0.927819 0.020961 0.139806
0 0.033745 0.974322 0.067401 0.050051
0 0.153712 0.049831 0.077539 0.096912
0 0.261000 0.586954 0.086010 0.147287
0 0.708168 0.156419 0.076747 0.124440
0 0.682163 0.142109 0.074518 0.133838
0 0.567094 0.979981 0.088302 0.037444
0 0.011017 0.671380 0.022034 0.132639
0 0.982628 0.322338 0.034745 0.139148
0 0.250167 0.528882 0.078151 0.142069
0 0.935842 0.963773 0.106695 0.072185
0 0.694859 0.021975 0.102729 0.042838
0 0.065773 0.346720 0.095776 0.171736
0 0.027076 0.110824 0.054151 0.182500
0 0.759368 0.854132 0.095773 0.190606
0 0.381100 0.962491 0.083690 0.074731
0 0.620279 0.925250 0.093193 0.144222
0 0.872092 0.140722 0.106299 0.156352
0 0.701773 0.310366 0.081792 0.150926
0 0.209720 0.505118 0.074591 0.124301
0 0.380809 0.060211 0.108643 0.120384
0 0.341582 0.926720 0.084669 0.144662
0 0.264897 0.080137 0.090305 0.160218
0 0.054538 0.704669 0.076414 0.143005
0 0.958145 0.450521 0.083711 0.192218
0 0.414214 0.353370 0.089063 0.142593
0 0.319574 0.170433 0.075789 0.139949
0 0.726911 0.457914 0.089229 0.195199
0 0.735342 0.247347 0.084659 0.140417
0 0.694185 0.769438 0.070859 0.128218
0 0.757975 0.065563 0.080648 0.131060
0 0.817979 0.418014 0.082417 0.141639
0 0.953292 0.748778 0.092953 0.157407
0 0.636297 0.808734 0.085547 0.144162
0 0.789387 0.583785 0.089039 0.186106
0 0.610280 0.696951 0.071721 0.133940
0 0.965207 0.057160 0.069518 0.112532
0 0.281589 0.865285 0.080766 0.138699
0 0.931203 0.579799 0.075604 0.129708
0 0.717048 0.640331 0.083279 0.142764
0 0.554987 0.638993 0.076896 0.158218
0 0.486805 0.390933 0.083234 0.148921
