0 0.966573 0.682787 0.066854 0.153926
0 0.032780 0.098840 0.065560 0.150162
0 0.497699 0.571523 0.073852 0.159130
0 0.332565 0.833650 0.081349 0.130616
0 0.310656 0.208037 0.080302 0.136454
0 0.193096 0.284009 0.080984 0.138481
0 0.427044 0.051104 0.072896 0.101005
0 0.239020 0.664572 0.084518 0.144134
0 0.959332 0.357169 0.079591 0.153032
0 0.053288 0.922958 0.082299 0.133546
0 0.363379 0.440398 0.085659 0.145426
0 0.965622 0.239949 0.068755 0.150676
0 0.847520 0.723007 0.079185 0.142060
0 0.026220 0.288597 0.051987 0.132102
0 0.500887 0.188306 0.085383 0.151426
0 0.654943 0.079792 0.079781 0.152472
0 0.147993 0.326630 0.082232 0.169731
0 0.699319 0.036919 0.082633 0.073838
0 0.899540 0.278984 0.072320 0.142153
0 0.698129 0.975266 0.092997 0.047616
0 0.123008 0.029495 0.092714 0.058824
0 0.800380 0.975995 0.078042 0.046139
0 0.023721 0.846725 0.047443 0.139949
0 0.107603 0.979762 0.089617 0.037208
1 0.658796 0.406264 0.072779 0.149676
0 0.608048 0.517590 0.078935 0.136079
0 0.961915 0.510847 0.076169 0.148537
0 0.233240 0.924697 0.074760 0.135597
0 0.121923 0.792701 0.080794 0.142134
0 0.966283 0.886662 0.067206 0.131880
0 0.637997 0.870604 0.078964 0.140079
0 0.159510 0.623725 0.084745 0.149866
0 0.547646 0.332144 0.081729 0.146083
0 0.776430 0.912845 0.087891 0.142810
0 0.810406 0.470086 0.081281 0.135921
0 0.505862 0.893963 0.088781 0.143861
0 0.446344 0.383914 0.080302 0.143801
0 0.462302 0.713090 0.085651 0.139088
0 0.319044 0.662782 0.079641 0.141426
0 0.204684 0.785384 0.078805 0.134898
0 0.712962 0.177435 0.075935 0.146704
0 0.742129 0.766410 0.081617 0.120653
0 0.357068 0.094086 0.078698 0.146403
0 0.903492 0.116634 0.073932 0.124667
0 0.818184 0.091884 0.075430 0.144917
0 0.596824 0.752387 0.076951 0.131088
0 0.551656 0.620900 0.077557 0.147653
0 0.829589 0.645213 0.082266 0.127713
0 0.254380 0.492412 0.086068 0.136954
0 0.829685 0.334537 0.079401 0.141574
0 0.731647 0.448491 0.071513 0.145944
0 0.781353 0.223701 0.070471 0.121903
0 0.347297 0.935935 0.083328 0.128130
0 0.422122 0.180315 0.072734 0.117324
0 0.354387 0.540319 0.083445 0.135028
0 0.162664 0.937111 0.074349 0.125778
0 0.854518 0.212822 0.068401 0.112153
0 0.919052 0.787426 0.072807 0.133713
0 0.097053 0.159542 0.075378 0.149852
0 0.393341 0.761616 0.070385 0.141009
0 0.715724 0.895831 0.075161 0.119329
0 0.428189 0.572551 0.071393 0.166991
0 0.889186 0.565736 0.076878 0.141898
