0 0.198626 0.069553 0.092648 0.139106
0 0.838655 0.108324 0.085617 0.140102
0 0.675392 0.794683 0.084336 0.154394
0 0.526656 0.712088 0.088948 0.145074
0 0.518839 0.339859 0.080609 0.151829
0 0.753275 0.348812 0.076461 0.141412
0 0.433520 0.171627 0.086549 0.135671
0 0.453322 0.646991 0.087935 0.157667
0 0.312863 0.491863 0.079878 0.137745
0 0.382070 0.474498 0.074885 0.143616
0 0.483487 0.812174 0.094135 0.152718
0 0.448645 0.925049 0.093685 0.149782
0 0.451145 0.291718 0.086846 0.149694
0 0.591708 0.319368 0.084396 0.152255
0 0.085297 0.542204 0.081005 0.140472
0 0.930077 0.120688 0.092013 0.134227
0 0.267568 0.390639 0.092250 0.152546
0 0.312281 0.158366 0.091005 0.155824
0 0.713286 0.933002 0.088370 0.130394
0 0.727195 0.196979 0.083073 0.144671
0 0.683599 0.662891 0.090745 0.147273
0 0.045374 0.831780 0.088320 0.152616
0 0.554023 0.188944 0.093182 0.151778
0 0.363241 0.279803 0.072898 0.129681
0 0.928008 0.540947 0.082896 0.156079
0 0.644721 0.205361 0.081292 0.137194
0 0.920150 0.771065 0.076122 0.137481
0 0.059552 0.394252 0.087547 0.157440
0 0.327391 0.647694 0.088339 0.149731
0 0.450432 0.496896 0.085255 0.146486
0 0.816553 0.517690 0.084810 0.144231
0 0.677228 0.318338 0.093143 0.140306
0 0.556137 0.867593 0.089081 0.153046
0 0.355630 0.910160 0.088021 0.146106
0 0.211348 0.633431 0.095326 0.155583
0 0.942237 0.213602 0.090161 0.159778
0 0.966150 0.349627 0.066914 0.138134
0 0.508844 0.071669 0.084161 0.142894
0 0.377727 0.617060 0.082318 0.154861
0 0.861521 0.641282 0.086661 0.149574
0 0.867526 0.558250 0.089432 0.136176
0 0.542117 0.496910 0.092193 0.165347
0 0.688418 0.409231 0.088128 0.145787
0 0.101897 0.208812 0.091951 0.165986
0 0.306746 0.070623 0.083227 0.135662
0 0.210273 0.772470 0.090302 0.146106
0 0.623682 0.569558 0.082349 0.125884
0 0.780207 0.659275 0.099367 0.140005
0 0.187988 0.526785 0.092138 0.139532
0 0.648743 0.106199 0.091029 0.154352
0 0.601434 0.772949 0.086159 0.127778
0 0.228852 0.908738 0.080245 0.145931
0 0.829953 0.914396 0.087516 0.156292
0 0.299431 0.902903 0.080711 0.149648
0 0.597418 0.957852 0.085008 0.084296
0 0.616915 0.862868 0.076570 0.139236
0 0.289802 0.277766 0.092068 0.166542
0 0.978392 0.535546 0.043122 0.132278
0 0.051254 0.155398 0.079195 0.156935
0 0.627260 0.655553 0.083099 0.138153
0 0.972379 0.441894 0.055242 0.129083
0 0.133984 0.764664 0.084792 0.151384
0 0.552654 0.607519 0.076937 0.140426
0 0.235483 0.250810 0.078341 0.180278
0 0.215126 0.446806 0.091331 0.142843
0 0.756243 0.146757 0.091117 0.143875
0 0.077911 0.924657 0.096740 0.150685
0 0.024487 0.549384 0.048974 0.153546
0 0.383853 0.084185 0.093440 0.156296
0 0.774478 0.946333 0.084747 0.102296
0 0.979062 0.812340 0.041875 0.149292
0 0.056749 0.069831 0.088951 0.130505
0 0.982844 0.067961 0.033885 0.127736
0 0.591656 0.034715 0.088427 0.069431
0 0.125012 0.300211 0.081695 0.158356
0 0.855214 0.775160 0.081896 0.167616
0 0.938342 0.032986 0.092086 0.064861
0 0.910900 0.412479 0.079049 0.159171
0 0.174882 0.305083 0.079841 0.223778
0 0.020174 0.949725 0.039667 0.095736
0 0.018993 0.747458 0.037924 0.157204
0 0.838250 0.394771 0.099214 0.132255
0 0.770215 0.585900 0.082940 0.123588
0 0.861650 0.022576 0.084779 0.045153
0 0.885065 0.946403 0.088141 0.103417
0 0.978563 0.663398 0.042432 0.142380
0 0.764473 0.790676 0.082685 0.149500
0 0.010514 0.291440 0.020143 0.144102
0 0.799729 0.784287 0.077135 0.145741
0 0.010716 0.155537 0.021432 0.147926
0 0.873339 0.230613 0.093964 0.183273
0 0.393608 0.037039 0.086487 0.067014
0 0.927145 0.900150 0.103815 0.162792
0 0.666374 0.975120 0.091784 0.046259
0 0.870632 0.414625 0.082138 0.151370
0 0.006285 0.056285 0.012570 0.108634
0 0.146863 0.018711 0.093747 0.037421
0 0.994190 0.191720 0.011620 0.131653
0 0.715536 0.534852 0.085385 0.150824
0 0.611508 0.267787 0.080724 0.163926
0 0.262824 0.020808 0.093680 0.039690
1 0.155620 0.898262 0.086151 0.154421
