1 0.266049 0.520185 0.087656 0.147380
0 0.629174 0.315861 0.077823 0.170815
0 0.139917 0.815356 0.077625 0.146917
0 0.366546 0.471167 0.074680 0.155852
0 0.237138 0.173264 0.083604 0.155028
0 0.071074 0.646493 0.087924 0.166005
0 0.099600 0.931243 0.088107 0.137514
0 0.448582 0.311359 0.080747 0.132468
0 0.653129 0.178072 0.084253 0.161875
0 0.501135 0.221454 0.077865 0.144278
0 0.378964 0.616688 0.086240 0.167088
0 0.074491 0.815083 0.079388 0.162176
0 0.132424 0.690456 0.088177 0.157532
0 0.544190 0.397032 0.089729 0.154343
0 0.816525 0.572197 0.086867 0.140699
0 0.251775 0.646826 0.106164 0.144801
0 0.705126 0.112694 0.082732 0.144389
0 0.320816 0.577384 0.085690 0.170352
0 0.914228 0.137815 0.079201 0.164852
0 0.034980 0.750428 0.069393 0.163838
0 0.372122 0.237301 0.089766 0.139398
0 0.258816 0.056488 0.077487 0.111931
0 0.851617 0.215681 0.080521 0.150222
0 0.952510 0.774694 0.090906 0.150907
0 0.299324 0.767593 0.097586 0.174019
0 0.915803 0.295581 0.088018 0.161477
0 0.315872 0.908125 0.086615 0.176676
0 0.799878 0.110507 0.085932 0.137847
0 0.370309 0.346843 0.109190 0.147269
0 0.027763 0.586025 0.055526 0.163551
0 0.366013 0.935806 0.074500 0.128389
0 0.699092 0.401442 0.101435 0.160819
0 0.667669 0.504065 0.079187 0.178009
0 0.970973 0.266032 0.058055 0.141028
0 0.425980 0.483329 0.068982 0.175074
0 0.350689 0.139512 0.090096 0.176292
0 0.024906 0.893863 0.049813 0.159903
0 0.862021 0.341382 0.093557 0.137616
0 0.898602 0.629255 0.090693 0.156509
0 0.780882 0.464056 0.110023 0.144370
0 0.201165 0.553037 0.078893 0.164991
0 0.417423 0.944701 0.067211 0.109431
0 0.755374 0.046306 0.074232 0.092611
0 0.708439 0.292123 0.104201 0.155940
0 0.791378 0.265727 0.096536 0.169889
0 0.295328 0.126644 0.077656 0.180009
0 0.789711 0.372352 0.092542 0.118241
0 0.477048 0.388104 0.094497 0.171681
0 0.310083 0.415588 0.076672 0.186917
0 0.252572 0.407745 0.079049 0.160519
0 0.553068 0.298752 0.099042 0.142042
0 0.962544 0.542157 0.074479 0.142241
0 0.738979 0.188278 0.100563 0.175417
0 0.864447 0.453197 0.095273 0.127745
0 0.468574 0.970602 0.083185 0.057926
0 0.966645 0.395549 0.066133 0.165014
0 0.931822 0.428039 0.091846 0.142755
0 0.005600 0.683373 0.011201 0.150245
0 0.271440 0.975315 0.097531 0.047194
0 0.994173 0.789451 0.011654 0.158134
0 0.959448 0.660516 0.079526 0.170477
0 0.988249 0.658028 0.023503 0.162611
0 0.132999 0.547095 0.089076 0.159106
0 0.198283 0.717507 0.089685 0.164894
0 0.181992 0.433153 0.085385 0.146537
0 0.380630 0.807711 0.089005 0.158477
0 0.433911 0.662951 0.083526 0.163449
0 0.600941 0.457123 0.089352 0.143569
0 0.490434 0.501507 0.082367 0.148088
0 0.221449 0.308817 0.087721 0.149060
0 0.504590 0.737549 0.079753 0.139773
0 0.239507 0.837843 0.082753 0.169824
0 0.577544 0.198773 0.089135 0.158056
0 0.737077 0.539926 0.089779 0.151870
0 0.294944 0.264794 0.084195 0.143486
0 0.435557 0.185634 0.075411 0.154157
