0 0.436206 0.982389 0.091984 0.035222
0 0.984352 0.179222 0.029214 0.140056
0 0.990729 0.061380 0.015813 0.122759
0 0.340693 0.961898 0.085594 0.072574
0 0.991672 0.753819 0.016625 0.161176
0 0.012404 0.222218 0.022766 0.183343
0 0.977055 0.405736 0.045016 0.174935
0 0.014143 0.822940 0.028047 0.159565
0 0.225104 0.955014 0.093552 0.089972
0 0.674964 0.054426 0.079375 0.108852
0 0.024734 0.064329 0.049469 0.123713
0 0.337807 0.057653 0.087083 0.114657
0 0.152539 0.071417 0.090745 0.142833
0 0.875516 0.302144 0.088646 0.171120
0 0.051799 0.302481 0.089745 0.146815
0 0.955003 0.269759 0.087349 0.161296
0 0.752143 0.071843 0.087724 0.143685
0 0.928461 0.125412 0.093589 0.158917
0 0.202859 0.358866 0.103292 0.186750
0 0.809969 0.215019 0.090948 0.160981
0 0.471674 0.065236 0.088005 0.130157
0 0.842940 0.076995 0.087964 0.150269
0 0.919500 0.438412 0.094271 0.163361
0 0.799784 0.926125 0.093901 0.144139
0 0.048740 0.455778 0.093135 0.172426
0 0.954901 0.720644 0.086208 0.179546
0 0.223393 0.137282 0.089016 0.164157
0 0.068617 0.146213 0.088620 0.165148
0 0.961711 0.893653 0.075776 0.181472
0 0.447466 0.351370 0.093818 0.152500
0 0.595255 0.091926 0.092208 0.165704
0 0.308526 0.495829 0.091823 0.154546
0 0.131146 0.489921 0.093687 0.166583
0 0.610578 0.246894 0.087917 0.146324
0 0.362826 0.348778 0.091078 0.158870
0 0.416815 0.192472 0.086984 0.148481
0 0.734201 0.591801 0.075516 0.140676
0 0.440602 0.503574 0.088453 0.163500
0 0.598404 0.565019 0.102005 0.195074
0 0.531193 0.649556 0.097750 0.181352
0 0.469651 0.879440 0.079167 0.150639
0 0.957062 0.561750 0.085875 0.147667
0 0.893896 0.822921 0.080448 0.155361
0 0.363747 0.590037 0.099901 0.161519
0 0.714690 0.908250 0.090557 0.155815
0 0.786154 0.484375 0.096328 0.171824
0 0.663753 0.646917 0.095589 0.162852
0 0.793000 0.654116 0.096844 0.163454
0 0.798969 0.798449 0.090594 0.144639
0 0.141206 0.642398 0.093151 0.163093
0 0.177086 0.791657 0.097734 0.177370
0 0.667211 0.791417 0.084151 0.154519
0 0.378094 0.740116 0.097823 0.166435
0 0.481927 0.748412 0.087656 0.145935
0 0.104258 0.898000 0.104526 0.165981
0 0.263352 0.856338 0.086484 0.161602
0 0.545104 0.916931 0.098073 0.164991
0 0.906021 0.950657 0.108354 0.096315
1 0.509701 0.188380 0.094214 0.162741
