0 0.888132 0.855294 0.092690 0.175106
0 0.498118 0.600706 0.079190 0.209532
0 0.239370 0.756222 0.104974 0.144056
0 0.178135 0.685012 0.085635 0.155514
0 0.236147 0.624442 0.083794 0.184977
0 0.396829 0.559780 0.082872 0.206264
0 0.476018 0.049773 0.084714 0.093472
0 0.192557 0.121965 0.091234 0.157097
0 0.295417 0.439799 0.110958 0.160384
0 0.539553 0.087426 0.092081 0.165500
0 0.763772 0.960778 0.089320 0.078444
0 0.663404 0.381266 0.094844 0.150764
1 0.346426 0.345333 0.096263 0.181509
0 0.041020 0.626836 0.080440 0.141218
0 0.010842 0.728021 0.021122 0.147801
0 0.479040 0.754620 0.096914 0.157741
0 0.551525 0.950956 0.084716 0.098088
0 0.961521 0.776944 0.076750 0.162074
0 0.311598 0.560391 0.093497 0.139264
0 0.935738 0.162438 0.098518 0.165088
0 0.622711 0.126944 0.087964 0.182407
0 0.008217 0.898250 0.016435 0.145361
0 0.015263 0.118725 0.029151 0.167949
0 0.986228 0.365988 0.027201 0.156486
0 0.990684 0.639125 0.018633 0.151028
0 0.546000 0.675924 0.081031 0.137671
0 0.562115 0.550694 0.080109 0.175324
0 0.635319 0.568701 0.092081 0.129486
0 0.618284 0.896183 0.089318 0.201347
0 0.673992 0.871546 0.075505 0.214611
0 0.750880 0.896919 0.118786 0.137671
0 0.483840 0.932949 0.078258 0.134102
0 0.904462 0.581477 0.077372 0.170454
0 0.740147 0.395208 0.082659 0.177750
0 0.302548 0.699542 0.083143 0.166722
0 0.594457 0.439380 0.098737 0.171352
0 0.539990 0.838977 0.065182 0.179759
0 0.373172 0.914206 0.095953 0.158921
0 0.703313 0.514255 0.097698 0.161593
0 0.035689 0.366734 0.071378 0.150042
0 0.296832 0.871074 0.083081 0.151204
0 0.465667 0.437326 0.102583 0.172477
0 0.653725 0.240523 0.094695 0.145907
0 0.800310 0.256745 0.103172 0.158787
0 0.109768 0.068646 0.088276 0.137292
0 0.073154 0.186079 0.086349 0.157324
0 0.280655 0.122995 0.098477 0.175796
0 0.124958 0.775792 0.086396 0.162139
0 0.412236 0.146986 0.093622 0.178111
0 0.266965 0.287271 0.084164 0.161606
0 0.150789 0.431602 0.101724 0.166519
0 0.139008 0.283574 0.090667 0.164111
0 0.379655 0.774481 0.093003 0.151111
0 0.805268 0.069877 0.084625 0.139755
0 0.914555 0.415620 0.090297 0.159130
0 0.664758 0.691319 0.090005 0.157130
0 0.072023 0.468549 0.082146 0.143681
0 0.810232 0.430468 0.086240 0.190444
0 0.727815 0.774359 0.095333 0.157301
0 0.553591 0.194979 0.089661 0.175181
0 0.845618 0.157590 0.102289 0.160292
0 0.685107 0.069324 0.081448 0.138648
0 0.441624 0.617787 0.079810 0.156611
0 0.220988 0.893236 0.085049 0.161222
0 0.840178 0.558509 0.090622 0.169315
0 0.954130 0.909806 0.091740 0.156111
0 0.804852 0.780514 0.077719 0.168815
0 0.061316 0.940035 0.093107 0.118894
0 0.139971 0.923678 0.086635 0.148412
