0 0.159070 0.512259 0.079109 0.138333
0 0.726391 0.561190 0.079875 0.130398
0 0.759854 0.139120 0.083667 0.152981
0 0.968862 0.860579 0.062276 0.136120
0 0.660297 0.413792 0.080094 0.138398
0 0.285896 0.625255 0.075552 0.133287
1 0.422797 0.094366 0.082198 0.138731
0 0.877849 0.278315 0.088385 0.141056
1 0.977612 0.129560 0.042932 0.146417
0 0.008294 0.111731 0.016589 0.130407
0 0.990589 0.339069 0.018792 0.131657
0 0.735826 0.424829 0.084411 0.147583
0 0.762195 0.033838 0.081099 0.064806
0 0.475396 0.262769 0.073938 0.128259
0 0.387878 0.023620 0.076661 0.044000
0 0.405497 0.873435 0.085307 0.142556
0 0.109396 0.795981 0.094500 0.174241
0 0.406906 0.735843 0.093240 0.170519
0 0.029995 0.737190 0.059354 0.170620
0 0.316451 0.831926 0.085266 0.153963
0 0.188133 0.772602 0.082464 0.158500
0 0.157768 0.645273 0.086141 0.145639
0 0.078891 0.487125 0.090146 0.157972
0 0.737146 0.279088 0.090562 0.158083
0 0.033417 0.237556 0.066833 0.170019
0 0.645854 0.974259 0.100490 0.043852
0 0.426393 0.546977 0.091464 0.162880
0 0.545661 0.974157 0.100417 0.039444
0 0.670503 0.204634 0.083484 0.154528
0 0.507938 0.547597 0.090792 0.155509
0 0.961456 0.559051 0.077089 0.146602
0 0.248044 0.015912 0.083214 0.031657
0 0.475833 0.155051 0.107458 0.127694
0 0.808867 0.774190 0.089089 0.147194
0 0.584846 0.296019 0.090474 0.161981
0 0.544802 0.686685 0.086167 0.163333
0 0.218586 0.595847 0.074943 0.152157
0 0.874612 0.117083 0.086078 0.160648
0 0.813648 0.217370 0.086182 0.176241
0 0.558401 0.904509 0.087406 0.150963
0 0.035922 0.392912 0.071844 0.155102
0 0.258815 0.743657 0.092891 0.168759
0 0.945031 0.059125 0.075062 0.114546
0 0.648865 0.537894 0.083354 0.150620
0 0.440354 0.384222 0.093125 0.151463
0 0.632432 0.888435 0.085562 0.156148
0 0.343372 0.687773 0.084911 0.170065
0 0.790253 0.902745 0.093016 0.156528
0 0.871581 0.866847 0.088203 0.165250
0 0.491190 0.055806 0.083328 0.109204
0 0.297852 0.069616 0.084318 0.138139
0 0.466513 0.665481 0.089599 0.163630
0 0.308099 0.946958 0.083948 0.099898
0 0.586073 0.587620 0.083750 0.155907
0 0.636797 0.744986 0.089573 0.148417
0 0.996068 0.238366 0.007865 0.097213
0 0.893818 0.012167 0.071896 0.024333
0 0.355445 0.132356 0.089370 0.185287
0 0.221807 0.887454 0.085604 0.144667
0 0.945036 0.938667 0.097271 0.122667
0 0.705760 0.072773 0.087115 0.145546
0 0.981380 0.017190 0.037240 0.034380
0 0.589716 0.443829 0.083005 0.145343
