0 0.183921 0.699046 0.105419 0.190380
0 0.507852 0.682160 0.113073 0.227718
0 0.451827 0.494750 0.092430 0.139722
0 0.053652 0.937380 0.084596 0.124083
0 0.122648 0.570215 0.091943 0.142310
0 0.610836 0.753690 0.086500 0.147750
0 0.936957 0.220676 0.084706 0.141685
0 0.305814 0.596769 0.081669 0.148528
0 0.879581 0.763241 0.091135 0.155148
0 0.692419 0.073611 0.081292 0.141259
0 0.610835 0.529525 0.078034 0.151801
0 0.897132 0.562435 0.088638 0.148546
0 0.577201 0.237699 0.084833 0.149796
0 0.830430 0.934697 0.090969 0.130375
0 0.987025 0.028745 0.025951 0.056917
0 0.047161 0.015569 0.094323 0.030722
0 0.555724 0.618264 0.071437 0.142426
0 0.758224 0.028171 0.080005 0.054991
0 0.560773 0.018625 0.095844 0.037250
0 0.179898 0.038245 0.095026 0.076491
0 0.823068 0.434262 0.077141 0.144412
0 0.661681 0.430400 0.080690 0.152949
0 0.169762 0.935843 0.101951 0.128315
0 0.736509 0.279243 0.082503 0.147708
0 0.377587 0.138028 0.091706 0.183407
0 0.742354 0.425968 0.088187 0.149750
0 0.728293 0.567132 0.093909 0.158727
0 0.435604 0.070303 0.095219 0.140560
0 0.138510 0.108954 0.074000 0.125370
0 0.800948 0.191921 0.078479 0.186694
0 0.812156 0.337134 0.090073 0.122361
0 0.647133 0.953315 0.102984 0.093370
0 0.544478 0.492505 0.085122 0.112935
0 0.139430 0.419519 0.100432 0.168713
0 0.984053 0.376819 0.031690 0.143324
0 0.331464 0.198493 0.092589 0.134403
0 0.980286 0.116315 0.039427 0.126444
0 0.263147 0.255236 0.086930 0.158176
0 0.442116 0.360569 0.098404 0.142148
0 0.873431 0.110319 0.070044 0.128852
0 0.314212 0.738861 0.086680 0.140102
0 0.101712 0.745998 0.081253 0.150310
0 0.422457 0.824049 0.096721 0.169208
0 0.247448 0.440058 0.085057 0.158208
0 0.336275 0.897681 0.084565 0.158398
0 0.555107 0.369389 0.096922 0.142667
0 0.041605 0.105926 0.083211 0.155704
0 0.102477 0.237495 0.098990 0.158056
