0 0.682724 0.130315 0.100677 0.165269
0 0.194384 0.076708 0.082102 0.152241
0 0.697533 0.210095 0.096201 0.162949
0 0.828986 0.057396 0.103492 0.114792
0 0.023574 0.865938 0.047148 0.160931
0 0.239798 0.614914 0.083742 0.167569
0 0.042760 0.627250 0.080896 0.178815
0 0.078965 0.573373 0.100581 0.159097
0 0.671318 0.034252 0.080510 0.065819
0 0.049173 0.921245 0.078815 0.155139
0 0.021014 0.737692 0.041622 0.114792
0 0.742604 0.044984 0.083844 0.089968
0 0.985784 0.341477 0.028089 0.170667
0 0.016573 0.507718 0.032375 0.140019
0 0.065085 0.034123 0.091805 0.067227
0 0.586671 0.031748 0.089164 0.063060
0 0.612363 0.954803 0.111497 0.086921
0 0.008525 0.629356 0.016633 0.163676
0 0.570945 0.869102 0.078870 0.169731
0 0.118809 0.916618 0.087555 0.163847
0 0.963043 0.202803 0.073914 0.140856
0 0.942250 0.312581 0.081620 0.145477
0 0.137733 0.033405 0.090471 0.065699
0 0.910768 0.024231 0.096609 0.048463
1 0.343885 0.483530 0.085542 0.141264
0 0.858777 0.206067 0.081992 0.150560
0 0.066910 0.126806 0.088727 0.148065
0 0.899866 0.113116 0.097013 0.163074
0 0.443471 0.165572 0.093161 0.145903
0 0.178977 0.859505 0.092271 0.183269
0 0.731699 0.316194 0.095169 0.157796
0 0.355779 0.183606 0.101807 0.149139
0 0.299586 0.731352 0.081323 0.149250
0 0.412336 0.268898 0.087443 0.152602
0 0.389047 0.572822 0.088240 0.149847
0 0.509458 0.913868 0.085448 0.162699
0 0.171039 0.254331 0.090073 0.159144
0 0.644632 0.876424 0.091586 0.145134
0 0.620448 0.749968 0.095583 0.148250
0 0.542439 0.972361 0.091378 0.049731
0 0.310247 0.068590 0.079083 0.136838
0 0.255326 0.114424 0.081385 0.181097
0 0.965129 0.071741 0.069742 0.141556
0 0.372792 0.724051 0.082896 0.172417
0 0.621904 0.091405 0.073583 0.138292
0 0.094247 0.232840 0.084276 0.127949
0 0.685208 0.403100 0.089286 0.167282
0 0.779633 0.228060 0.093885 0.142028
0 0.039871 0.424778 0.078878 0.163176
0 0.101108 0.791486 0.095992 0.154426
0 0.246701 0.808134 0.088849 0.169435
0 0.392949 0.405491 0.097336 0.157222
0 0.456255 0.052141 0.088474 0.104282
0 0.100348 0.477183 0.085711 0.129792
0 0.329464 0.293495 0.113510 0.149046
0 0.305404 0.407046 0.103328 0.151287
0 0.780049 0.107039 0.105693 0.142755
0 0.304312 0.592296 0.097651 0.173907
0 0.182242 0.657713 0.080474 0.162352
0 0.094964 0.344801 0.121005 0.148694
0 0.386049 0.071694 0.087641 0.143389
0 0.031743 0.258417 0.062508 0.177093
0 0.139991 0.135271 0.090523 0.176005
0 0.696512 0.961437 0.075779 0.073477
