0 0.138888 0.218356 0.083339 0.144880
0 0.405721 0.693602 0.082411 0.123833
1 0.702443 0.558079 0.114573 0.192009
0 0.962016 0.044843 0.075969 0.087278
0 0.399263 0.039653 0.086557 0.075565
0 0.963669 0.144069 0.071557 0.131454
0 0.221607 0.175671 0.094026 0.141935
0 0.192487 0.989806 0.079411 0.020389
0 0.389872 0.876032 0.103099 0.167806
0 0.017070 0.174051 0.034141 0.137046
0 0.923508 0.766097 0.094797 0.139528
0 0.975354 0.616102 0.047948 0.160667
0 0.341284 0.138051 0.090641 0.154787
0 0.557172 0.196120 0.099948 0.136870
0 0.567562 0.728190 0.085208 0.140269
0 0.798289 0.061810 0.101057 0.123306
0 0.091641 0.968218 0.100552 0.063565
0 0.029458 0.077838 0.058917 0.149787
0 0.345813 0.947704 0.073427 0.104093
0 0.639341 0.981120 0.086609 0.037759
0 0.193680 0.463139 0.082672 0.135278
0 0.080919 0.422593 0.084120 0.150722
0 0.304779 0.545935 0.093474 0.157926
0 0.161146 0.590532 0.090083 0.164435
0 0.763099 0.375472 0.088854 0.155741
0 0.583534 0.442231 0.084276 0.153093
0 0.090737 0.758981 0.089745 0.153278
0 0.498253 0.620588 0.087234 0.163361
0 0.255891 0.826250 0.083583 0.149278
0 0.681180 0.414407 0.091401 0.155111
0 0.282458 0.400944 0.096812 0.158111
0 0.575164 0.595963 0.091766 0.169556
0 0.387078 0.536148 0.086750 0.155815
0 0.176456 0.776606 0.084130 0.148824
0 0.859276 0.517481 0.093521 0.166870
0 0.916901 0.621134 0.088396 0.158769
0 0.876367 0.138741 0.087130 0.143759
0 0.826323 0.241116 0.084875 0.142639
0 0.920419 0.439648 0.078401 0.169352
0 0.937917 0.256185 0.089229 0.129889
0 0.969984 0.856292 0.058094 0.122861
0 0.028878 0.848269 0.057755 0.150296
0 0.710620 0.945111 0.084042 0.105907
0 0.101372 0.895699 0.091151 0.141250
0 0.606198 0.305856 0.090417 0.142472
0 0.029987 0.481648 0.059974 0.163111
0 0.330609 0.681231 0.084135 0.146130
0 0.869591 0.892662 0.077193 0.157046
0 0.241620 0.679083 0.088969 0.152519
0 0.528271 0.295338 0.087781 0.150231
0 0.279258 0.944366 0.083870 0.111269
0 0.377313 0.277153 0.084583 0.134731
0 0.547341 0.074898 0.090703 0.149796
0 0.469615 0.413926 0.090104 0.172333
0 0.702057 0.846880 0.092031 0.128611
0 0.214013 0.306963 0.093026 0.157204
0 0.618078 0.040472 0.091646 0.080944
0 0.966898 0.363514 0.065870 0.147528
0 0.790034 0.927560 0.089391 0.144880
0 0.706417 0.731106 0.086708 0.139194
0 0.293971 0.256435 0.091057 0.160889
0 0.452953 0.276986 0.082531 0.152750
0 0.466120 0.919000 0.078208 0.154833
0 0.474664 0.048810 0.082453 0.095713
0 0.438078 0.592671 0.081500 0.133750
0 0.022633 0.720343 0.044401 0.154074
0 0.680005 0.128574 0.082208 0.166611
0 0.945583 0.959361 0.092802 0.081278
0 0.776992 0.157222 0.109568 0.150315
0 0.524760 0.809194 0.095500 0.136796
0 0.141206 0.077847 0.083745 0.153639
0 0.439107 0.137181 0.096245 0.153861
0 0.627143 0.551056 0.086318 0.152815
0 0.373128 0.403167 0.098057 0.145889
0 0.621794 0.140269 0.083182 0.144241
0 0.058589 0.606681 0.099208 0.158824
0 0.429690 0.776250 0.096193 0.133463
0 0.534922 0.927310 0.108510 0.137509
0 0.219052 0.059491 0.088646 0.115481
0 0.866922 0.350116 0.083000 0.150565
0 0.059625 0.266537 0.085760 0.155704
