0 0.685430 0.755856 0.101052 0.139065
0 0.581809 0.492157 0.071820 0.162083
0 0.967536 0.747750 0.064927 0.152148
0 0.534930 0.240991 0.091651 0.148889
0 0.605470 0.771292 0.093846 0.156148
0 0.249305 0.579801 0.080833 0.155157
0 0.970400 0.617009 0.058935 0.161630
0 0.895616 0.297657 0.082529 0.158333
0 0.296482 0.443292 0.092766 0.162074
0 0.597565 0.328528 0.087286 0.180287
0 0.684616 0.303553 0.096758 0.155310
0 0.941031 0.131512 0.097219 0.173949
0 0.369007 0.817345 0.085529 0.151236
0 0.827102 0.495426 0.076818 0.130130
0 0.400551 0.617368 0.092044 0.143505
0 0.404866 0.893218 0.097482 0.151981
0 0.304031 0.848843 0.080792 0.153574
0 0.452415 0.709785 0.071539 0.126745
0 0.510217 0.494965 0.085445 0.151625
0 0.840133 0.356299 0.075297 0.143634
0 0.725177 0.394234 0.090714 0.144866
0 0.567448 0.851053 0.095271 0.147755
0 0.907178 0.526322 0.082065 0.147847
1 0.076125 0.449905 0.087177 0.168347
1 0.314793 0.627741 0.089326 0.152426
1 0.639572 0.560199 0.089711 0.155148
1 0.678651 0.647595 0.089120 0.141412
0 0.928129 0.837204 0.066758 0.130426
1 0.569346 0.675130 0.094156 0.148454
0 0.376439 0.050458 0.086930 0.099806
0 0.972320 0.898032 0.055359 0.167583
0 0.848620 0.942947 0.087880 0.111412
1 0.135178 0.235597 0.073112 0.170185
0 0.904004 0.033271 0.103263 0.066542
0 0.718789 0.037199 0.106901 0.074398
0 0.030452 0.170245 0.060195 0.155759
0 0.988195 0.281613 0.023333 0.159486
0 0.035820 0.947792 0.069651 0.102259
0 0.076241 0.253907 0.065482 0.172148
0 0.660340 0.076451 0.068862 0.145079
0 0.852918 0.809866 0.072961 0.151213
0 0.204866 0.184484 0.096555 0.164347
0 0.029195 0.342231 0.056755 0.156398
0 0.177651 0.068030 0.093479 0.133940
0 0.814298 0.624347 0.089904 0.168231
0 0.785548 0.769176 0.086779 0.176519
0 0.456952 0.296782 0.085779 0.130157
0 0.331797 0.357808 0.076396 0.156569
0 0.177908 0.419417 0.081961 0.153213
0 0.756199 0.618014 0.077185 0.156361
0 0.392077 0.351891 0.081878 0.170588
0 0.790755 0.232382 0.092781 0.157171
0 0.962150 0.365259 0.075701 0.135370
0 0.648191 0.433947 0.100680 0.147468
0 0.183833 0.688799 0.060417 0.177301
0 0.295042 0.735063 0.120141 0.133384
0 0.384828 0.183336 0.088208 0.155505
0 0.975969 0.486176 0.048062 0.142926
0 0.882383 0.687713 0.100104 0.162824
0 0.263267 0.308042 0.089581 0.154139
1 0.088776 0.777153 0.084740 0.170472
1 0.025798 0.759579 0.051466 0.165731
1 0.581271 0.145144 0.092021 0.142667
1 0.012022 0.885118 0.024044 0.105542
0 0.051823 0.881530 0.055401 0.103218
1 0.595724 0.047319 0.090240 0.085287
0 0.418928 0.491025 0.099445 0.124412
1 0.033350 0.525789 0.066701 0.143681
