0 0.031889 0.625375 0.063779 0.139065
0 0.094201 0.915243 0.080651 0.146014
0 0.313798 0.387606 0.090523 0.150241
0 0.793327 0.938208 0.074508 0.121602
0 0.024263 0.485241 0.048333 0.158259
0 0.232507 0.744120 0.085534 0.143935
0 0.160099 0.859190 0.084599 0.152213
0 0.121616 0.413236 0.091232 0.160417
0 0.507105 0.544463 0.081648 0.138657
0 0.043566 0.758759 0.086758 0.153694
0 0.428793 0.223683 0.086581 0.142912
0 0.815167 0.549495 0.072120 0.130972
0 0.799793 0.817692 0.087357 0.142560
0 0.417124 0.356100 0.083966 0.145708
0 0.482684 0.668625 0.102612 0.161491
0 0.317294 0.801137 0.082328 0.142171
0 0.670039 0.485505 0.091953 0.147491
0 0.285284 0.182866 0.077417 0.142722
0 0.490182 0.923775 0.103818 0.152449
0 0.031264 0.901500 0.062451 0.161157
0 0.751603 0.473919 0.080711 0.140958
0 0.832939 0.162069 0.081393 0.153759
0 0.407911 0.877322 0.078938 0.134477
0 0.481365 0.086074 0.091521 0.162963
0 0.219544 0.608162 0.089479 0.152296
0 0.044978 0.333787 0.088732 0.150787
0 0.239807 0.876954 0.085958 0.147361
0 0.783341 0.064095 0.085005 0.127569
0 0.903254 0.433095 0.087180 0.141986
0 0.933750 0.811336 0.090328 0.155958
0 0.965889 0.551222 0.068221 0.141546
0 0.766221 0.640437 0.081458 0.151181
0 0.830961 0.384227 0.079755 0.143333
0 0.947561 0.672729 0.084971 0.151236
0 0.186522 0.489093 0.079398 0.133000
0 0.252508 0.313125 0.091057 0.153991
0 0.403905 0.575419 0.088237 0.148079
0 0.890152 0.561718 0.090690 0.149713
0 0.188220 0.348924 0.074378 0.161181
0 0.327849 0.517245 0.081974 0.132463
0 0.903710 0.130049 0.087336 0.152394
0 0.464836 0.796042 0.086521 0.147731
0 0.567230 0.454407 0.092018 0.151500
0 0.686296 0.120951 0.077503 0.140449
0 0.857888 0.949868 0.087677 0.100264
0 0.665855 0.356736 0.084164 0.135630
0 0.232405 0.071185 0.101956 0.140954
0 0.637436 0.891023 0.094070 0.184750
0 0.351310 0.983981 0.079500 0.029861
0 0.550794 0.983481 0.079516 0.031454
0 0.074186 0.982975 0.084633 0.032847
0 0.575978 0.017722 0.099638 0.033981
0 0.181574 0.034514 0.075201 0.066194
0 0.659417 0.022310 0.085797 0.043694
0 0.983320 0.895188 0.033146 0.144069
0 0.278049 0.961796 0.085427 0.074546
0 0.316253 0.641933 0.089891 0.188449
0 0.861014 0.041282 0.084805 0.082565
0 0.878768 0.681218 0.072109 0.118935
0 0.136348 0.260810 0.080008 0.143676
0 0.473044 0.435625 0.095568 0.156806
1 0.212370 0.201380 0.095474 0.169306
