0 0.564591 0.117766 0.085547 0.140495
0 0.012202 0.348912 0.024060 0.150269
0 0.359148 0.214252 0.075479 0.133449
0 0.023417 0.581910 0.046365 0.129106
0 0.537702 0.488354 0.068492 0.161542
0 0.281988 0.505713 0.079320 0.161694
0 0.903268 0.309007 0.077427 0.185153
0 0.300229 0.351116 0.071833 0.192546
0 0.534867 0.042748 0.087349 0.085338
0 0.018892 0.098113 0.037784 0.176449
0 0.290897 0.959220 0.081680 0.078977
0 0.612986 0.051398 0.071529 0.102611
0 0.950917 0.252016 0.070510 0.184106
0 0.629366 0.547185 0.076690 0.161667
0 0.983576 0.027657 0.032849 0.054676
0 0.845243 0.159743 0.076477 0.145690
0 0.988751 0.122931 0.022497 0.138028
0 0.149999 0.954035 0.081341 0.090782
0 0.933715 0.899074 0.081440 0.144157
0 0.989431 0.257988 0.021138 0.146375
1 0.807660 0.874391 0.085529 0.148236
0 0.208230 0.290144 0.085664 0.171722
0 0.826953 0.676218 0.074161 0.178315
0 0.500525 0.805104 0.082018 0.155218
0 0.476901 0.456634 0.066349 0.162306
0 0.869182 0.417808 0.080734 0.154458
0 0.532991 0.978280 0.084826 0.041162
0 0.986521 0.585435 0.026901 0.154546
0 0.323969 0.787836 0.080224 0.166699
0 0.423206 0.016748 0.074281 0.033495
1 0.792603 0.388130 0.088044 0.152370
0 0.078374 0.984315 0.077378 0.029556
0 0.211105 0.016269 0.060982 0.032537
0 0.989565 0.942227 0.020505 0.115500
1 0.729742 0.866644 0.082411 0.146935
0 0.822314 0.972581 0.085544 0.053644
0 0.700111 0.108215 0.073008 0.167319
0 0.712681 0.967028 0.078706 0.064380
1 0.667108 0.282958 0.077013 0.145389
0 0.821375 0.300699 0.104813 0.152120
0 0.939128 0.512072 0.074422 0.172255
0 0.726690 0.724456 0.079021 0.169301
0 0.903930 0.047345 0.079927 0.094236
0 0.402734 0.149153 0.079370 0.183519
0 0.355012 0.953252 0.066570 0.091727
0 0.063629 0.402338 0.077997 0.198259
0 0.549120 0.671963 0.071875 0.150870
0 0.780909 0.754650 0.074859 0.168366
0 0.349658 0.398588 0.081596 0.155935
0 0.727574 0.351009 0.068841 0.143130
0 0.419063 0.462287 0.065474 0.164546
0 0.636406 0.157644 0.081734 0.160676
0 0.468529 0.109838 0.072229 0.153361
0 0.314582 0.596775 0.087195 0.159986
0 0.776074 0.174123 0.077576 0.158718
0 0.442400 0.249722 0.082352 0.152157
0 0.591512 0.928919 0.082492 0.138968
0 0.439344 0.614868 0.079406 0.155449
0 0.883444 0.601407 0.071352 0.149435
0 0.972396 0.370324 0.055208 0.139222
0 0.598746 0.399831 0.077471 0.153412
0 0.192947 0.563113 0.088763 0.157079
0 0.234591 0.420532 0.085083 0.184083
0 0.057056 0.054218 0.076607 0.108185
0 0.696014 0.627139 0.086148 0.170231
0 0.938741 0.751859 0.089404 0.154440
0 0.404951 0.906329 0.082734 0.172713
0 0.479079 0.936875 0.078560 0.124398
0 0.743081 0.477530 0.079167 0.132588
0 0.362043 0.503197 0.078747 0.138764
0 0.033556 0.458840 0.066779 0.156958
0 0.070665 0.730977 0.075169 0.130491
0 0.027895 0.825491 0.055789 0.171935
0 0.259022 0.668523 0.072737 0.126389
0 0.103238 0.859484 0.077435 0.140801
0 0.178391 0.120495 0.082458 0.154259
0 0.112517 0.358132 0.075070 0.183375
