0 0.252534 0.663766 0.091547 0.152088
0 0.166290 0.267685 0.087555 0.150769
0 0.145177 0.400896 0.087182 0.134690
0 0.842229 0.383442 0.092563 0.152412
0 0.954672 0.560157 0.090656 0.139935
0 0.789958 0.278854 0.079281 0.155125
0 0.357638 0.849382 0.088432 0.150255
0 0.925082 0.288345 0.081633 0.159801
0 0.144897 0.713773 0.089284 0.151815
0 0.042268 0.433178 0.084536 0.148986
0 0.452945 0.737352 0.087339 0.150000
0 0.374980 0.469586 0.089888 0.147199
0 0.509245 0.075313 0.090151 0.148394
0 0.006397 0.633194 0.012451 0.157611
0 0.546497 0.348745 0.086073 0.158250
0 0.322768 0.970868 0.088615 0.057329
0 0.981835 0.307806 0.035133 0.134917
0 0.448993 0.412410 0.085289 0.147282
0 0.758914 0.983657 0.099474 0.032685
0 0.292585 0.529065 0.081128 0.161861
0 0.030712 0.296155 0.061424 0.146403
0 0.798605 0.679116 0.081940 0.140407
0 0.906587 0.018155 0.089586 0.036310
0 0.080595 0.017037 0.095779 0.034074
1 0.429400 0.585495 0.094383 0.164519
0 0.993443 0.629123 0.013104 0.159032
0 0.974819 0.168113 0.050362 0.144477
0 0.187497 0.074618 0.078104 0.136079
0 0.211680 0.923120 0.082464 0.143778
0 0.717096 0.762944 0.095005 0.120917
0 0.962618 0.425894 0.074763 0.147139
0 0.298634 0.041669 0.085674 0.083338
0 0.381046 0.708201 0.077997 0.143949
0 0.511776 0.568222 0.079734 0.140444
0 0.971638 0.842924 0.056724 0.157486
0 0.158790 0.582907 0.093221 0.138287
0 0.563223 0.489928 0.090518 0.140144
0 0.860224 0.210903 0.088828 0.142907
0 0.701451 0.637655 0.090281 0.149282
0 0.215665 0.450572 0.083263 0.144690
0 0.067745 0.774616 0.087203 0.153852
0 0.763447 0.542856 0.084820 0.143917
0 0.720379 0.441287 0.103211 0.138648
0 0.764034 0.064553 0.088714 0.126829
0 0.329073 0.349479 0.083083 0.145023
0 0.492904 0.888477 0.096260 0.175037
0 0.753646 0.891845 0.092854 0.151903
0 0.864309 0.071981 0.089419 0.132333
0 0.406979 0.083701 0.082156 0.141208
0 0.104348 0.104863 0.098279 0.164755
0 0.103147 0.932792 0.080341 0.133046
0 0.843857 0.538199 0.084135 0.147481
0 0.441733 0.241581 0.092294 0.161421
0 0.829082 0.819507 0.085018 0.147468
0 0.722832 0.315259 0.078773 0.133833
