1 0.808619 0.890602 0.114066 0.149619
0 0.624504 0.214624 0.094487 0.126399
0 0.574645 0.049712 0.099529 0.099280
0 0.395974 0.170854 0.099171 0.138354
1 0.738046 0.392891 0.116385 0.123107
1 0.324585 0.961718 0.106817 0.076564
1 0.436333 0.356255 0.104317 0.134177
1 0.287623 0.476060 0.101034 0.150874
1 0.649134 0.628089 0.090127 0.175087
0 0.399811 0.704388 0.115077 0.123426
0 0.241370 0.590005 0.106096 0.125895
0 0.827955 0.047323 0.116250 0.093843
0 0.357913 0.043979 0.097662 0.087958
0 0.783619 0.616114 0.114923 0.167742
0 0.955363 0.105813 0.089275 0.115021
0 0.781192 0.305741 0.087176 0.122788
0 0.767807 0.174856 0.090166 0.122119
0 0.680480 0.272305 0.103013 0.131862
0 0.895922 0.174583 0.110108 0.123786
0 0.170424 0.175064 0.083387 0.122289
0 0.293478 0.077135 0.096493 0.116060
0 0.405633 0.474987 0.085640 0.136445
0 0.549483 0.161065 0.098812 0.135751
0 0.101846 0.415849 0.074495 0.157016
0 0.965459 0.321067 0.068156 0.160139
0 0.557324 0.390201 0.111763 0.128179
0 0.695812 0.088902 0.103484 0.147433
0 0.932668 0.354581 0.105258 0.155139
0 0.075338 0.900833 0.123245 0.120021
0 0.753723 0.776795 0.094977 0.140082
0 0.185872 0.270270 0.103395 0.111456
0 0.599770 0.793359 0.115305 0.147263
0 0.363906 0.882410 0.112566 0.141044
0 0.908845 0.655046 0.085042 0.165813
0 0.108594 0.029712 0.104880 0.059424
0 0.967294 0.032014 0.065413 0.064028
0 0.039929 0.078272 0.079857 0.134979
0 0.486165 0.254017 0.099452 0.120134
0 0.061200 0.793110 0.096551 0.137135
0 0.364437 0.585543 0.092492 0.143627
0 0.297525 0.181427 0.115467 0.137742
0 0.521833 0.318187 0.095293 0.138112
0 0.036759 0.283776 0.073519 0.127932
0 0.284273 0.263624 0.110714 0.111415
0 0.159552 0.634743 0.099344 0.114167
0 0.440889 0.595751 0.082959 0.136060
0 0.240448 0.724321 0.111173 0.113971
0 0.832905 0.737176 0.096975 0.136996
0 0.883708 0.467441 0.102963 0.130787
0 0.983715 0.477860 0.032569 0.119527
0 0.021998 0.196523 0.043997 0.129105
0 0.246406 0.821525 0.122758 0.107042
0 0.012741 0.748092 0.025482 0.136872
0 0.984857 0.676245 0.030285 0.159465
0 0.153154 0.990622 0.100729 0.018755
0 0.507949 0.642904 0.080791 0.145293
0 0.418696 0.978524 0.124907 0.042953
0 0.986914 0.840190 0.026173 0.157490
0 0.236987 0.991193 0.102600 0.017613
0 0.854136 0.612438 0.073295 0.149486
0 0.871997 0.396001 0.132481 0.118359
0 0.866132 0.285144 0.106617 0.122377
0 0.094053 0.223781 0.087010 0.138879
0 0.090747 0.138886 0.110760 0.112855
0 0.448987 0.023428 0.086408 0.046003
0 0.571979 0.532184 0.096057 0.171497
0 0.600831 0.489375 0.091725 0.159182
0 0.021283 0.389550 0.042566 0.145293
0 0.719545 0.710833 0.108843 0.137891
0 0.360600 0.396196 0.075444 0.175571
0 0.957608 0.549540 0.084784 0.115530
0 0.169755 0.418711 0.090212 0.155087
0 0.677083 0.446101 0.092114 0.145072
0 0.960166 0.621281 0.074452 0.146193
0 0.497033 0.535499 0.108542 0.123076
0 0.839533 0.490291 0.105988 0.133020
0 0.228677 0.924537 0.127955 0.099311
0 0.146406 0.831973 0.098816 0.114542
0 0.227905 0.023094 0.108117 0.045633
0 0.757853 0.500291 0.112550 0.130201
0 0.258989 0.373979 0.079938 0.158483
0 0.565249 0.654987 0.085845 0.135983
0 0.051362 0.490983 0.080039 0.185525
