0 0.309947 0.015281 0.079504 0.030562
0 0.767670 0.986203 0.083277 0.026688
1 0.351369 0.363336 0.070480 0.097922
1 0.091418 0.602094 0.067086 0.097604
0 0.107254 0.009268 0.069891 0.018536
0 0.991729 0.962789 0.014512 0.074422
0 0.019057 0.988826 0.038113 0.022349
0 0.985150 0.015888 0.029699 0.027807
0 0.096523 0.991849 0.075797 0.016302
0 0.986426 0.378185 0.027148 0.080839
0 0.652566 0.008146 0.073297 0.015708
0 0.042846 0.247234 0.073434 0.101385
0 0.519723 0.861682 0.066070 0.094812
0 0.019959 0.040633 0.039918 0.081266
0 0.237670 0.875924 0.075371 0.088651
0 0.042627 0.952003 0.061629 0.095995
0 0.944832 0.959349 0.071656 0.081302
0 0.656865 0.290586 0.071785 0.091224
0 0.581648 0.813401 0.075328 0.095802
0 0.138355 0.954977 0.075844 0.090047
0 0.629650 0.878094 0.073285 0.106375
0 0.680580 0.612865 0.072988 0.090521
0 0.643686 0.761331 0.074863 0.105297
0 0.337455 0.136865 0.075637 0.095344
0 0.929703 0.324964 0.070938 0.094625
0 0.643641 0.690260 0.093945 0.074031
0 0.985217 0.468320 0.029566 0.108589
0 0.573465 0.565448 0.086531 0.110854
0 0.498371 0.133260 0.085461 0.100521
0 0.013453 0.166643 0.026086 0.090672
0 0.206535 0.968768 0.070414 0.062464
0 0.342326 0.673823 0.102277 0.095500
0 0.975346 0.305164 0.048215 0.097755
0 0.941049 0.455951 0.077363 0.100401
0 0.945500 0.037143 0.066867 0.074286
0 0.075539 0.768917 0.068680 0.093958
0 0.927596 0.798586 0.081340 0.116266
0 0.768203 0.626831 0.080500 0.136745
0 0.796889 0.578396 0.083535 0.117125
0 0.044178 0.527464 0.088355 0.091198
0 0.476975 0.585846 0.074957 0.102484
0 0.183541 0.029883 0.076879 0.059766
0 0.675572 0.963685 0.066254 0.072630
0 0.025102 0.454255 0.050203 0.099542
0 0.687707 0.384914 0.069914 0.106734
0 0.024113 0.796693 0.046297 0.093208
0 0.142693 0.612323 0.062887 0.111021
0 0.354572 0.720060 0.087137 0.087755
0 0.013873 0.870878 0.027746 0.078339
0 0.430818 0.981656 0.078410 0.036688
0 0.056531 0.013096 0.063055 0.026193
1 0.460111 0.059219 0.067113 0.088458
0 0.097115 0.446987 0.073348 0.097880
0 0.177441 0.368948 0.070719 0.096188
0 0.304602 0.060669 0.070359 0.081339
0 0.526738 0.771263 0.064813 0.101984
0 0.546057 0.433016 0.076168 0.091365
0 0.257248 0.059654 0.070020 0.110130
0 0.935809 0.724948 0.070625 0.119219
0 0.738988 0.189557 0.070578 0.104708
0 0.981809 0.756305 0.036383 0.094047
0 0.073307 0.054518 0.076410 0.083255
0 0.764689 0.022883 0.071840 0.045464
0 0.720652 0.936818 0.073961 0.096531
0 0.259838 0.184398 0.073316 0.102568
0 0.515131 0.034289 0.069559 0.068578
0 0.260902 0.710292 0.079570 0.084958
0 0.166025 0.895503 0.061395 0.077203
0 0.339932 0.270076 0.070434 0.120568
0 0.795912 0.170177 0.072105 0.083031
0 0.252115 0.782818 0.070113 0.086729
0 0.890340 0.077305 0.069555 0.090005
0 0.166299 0.799362 0.069074 0.089682
0 0.458699 0.855630 0.070984 0.113458
0 0.877182 0.420521 0.069246 0.102823
0 0.144986 0.698615 0.085074 0.093167
0 0.760254 0.798497 0.074781 0.105464
0 0.647881 0.082487 0.072637 0.101203
0 0.786801 0.431177 0.076344 0.093635
0 0.031375 0.584846 0.057094 0.090516
0 0.293063 0.303096 0.069648 0.107682
0 0.381791 0.957771 0.092988 0.084458
0 0.863006 0.337036 0.071887 0.081823
0 0.407639 0.150776 0.070051 0.093052
0 0.611682 0.623893 0.080746 0.106547
0 0.851172 0.653516 0.069984 0.084208
0 0.927600 0.881432 0.071613 0.092208
0 0.636357 0.186922 0.075488 0.099365
0 0.759049 0.364263 0.077379 0.087505
0 0.286844 0.417086 0.072547 0.127547
0 0.391937 0.767312 0.068406 0.087573
0 0.393086 0.220216 0.074070 0.088495
0 0.671268 0.526862 0.079160 0.098807
0 0.069115 0.681539 0.077473 0.088016
0 0.722754 0.083951 0.068828 0.101026
0 0.436229 0.446130 0.076676 0.088375
0 0.470164 0.763406 0.073969 0.098010
0 0.104029 0.283385 0.071223 0.087708
0 0.830004 0.491013 0.076555 0.085807
0 0.541096 0.626042 0.068676 0.081125
0 0.564947 0.326763 0.066707 0.100818
0 0.929568 0.535891 0.078340 0.095563
0 0.703783 0.834440 0.067293 0.094401
0 0.517848 0.374263 0.065266 0.083172
0 0.493229 0.216896 0.073535 0.095302
0 0.254684 0.580182 0.070250 0.126875
0 0.591146 0.040641 0.072293 0.081281
0 0.578910 0.126622 0.072977 0.097661
0 0.916170 0.622867 0.073941 0.093370
0 0.631992 0.477216 0.075242 0.114609
0 0.571676 0.940326 0.058437 0.117349
0 0.198291 0.173341 0.066723 0.090724
0 0.286936 0.644716 0.081035 0.101464
0 0.059430 0.342346 0.082133 0.104536
0 0.410291 0.627768 0.073246 0.084786
0 0.770078 0.274560 0.081258 0.104974
0 0.328494 0.797174 0.075996 0.098057
0 0.400559 0.042286 0.067125 0.084573
0 0.102172 0.860987 0.069070 0.091224
0 0.793246 0.085766 0.077398 0.091083
0 0.117027 0.192898 0.078227 0.109536
0 0.704807 0.251206 0.068715 0.109557
0 0.418854 0.542745 0.074543 0.092917
0 0.804957 0.706143 0.073453 0.089141
0 0.613943 0.963000 0.063832 0.074000
0 0.861762 0.558221 0.066469 0.100922
0 0.166516 0.090698 0.073477 0.090375
0 0.394539 0.330719 0.065336 0.116833
0 0.831342 0.039789 0.072699 0.079578
0 0.440412 0.926312 0.065988 0.092594
0 0.453648 0.347289 0.067000 0.096130
0 0.516432 0.944148 0.071207 0.084589
0 0.626992 0.379258 0.079352 0.092099
0 0.320082 0.548510 0.078266 0.095063
0 0.568428 0.229768 0.074457 0.091661
0 0.728113 0.677185 0.076023 0.087661
0 0.342908 0.462219 0.064473 0.090615
0 0.242742 0.360641 0.072641 0.099833
0 0.488281 0.671560 0.081039 0.097693
0 0.512926 0.989891 0.072273 0.019031
0 0.203469 0.641552 0.082070 0.100208
1 0.970432 0.644076 0.059137 0.116141
