0 0.049661 0.098481 0.092849 0.166231
0 0.130961 0.272433 0.083203 0.186199
0 0.808404 0.855086 0.085437 0.156023
0 0.435993 0.045880 0.077096 0.090981
0 0.969003 0.052792 0.061995 0.104630
0 0.096309 0.047597 0.084466 0.094500
0 0.955025 0.454521 0.081586 0.132681
0 0.841474 0.388039 0.099068 0.143764
0 0.975018 0.302016 0.049766 0.153606
0 0.216678 0.355887 0.077378 0.140921
0 0.723156 0.870032 0.080490 0.153343
0 0.220996 0.843988 0.085331 0.138245
0 0.232772 0.247373 0.080945 0.155690
0 0.552288 0.187556 0.075159 0.131333
0 0.076766 0.213269 0.090005 0.156352
0 0.622783 0.431447 0.075534 0.146968
0 0.680262 0.941556 0.077732 0.115963
0 0.277199 0.394644 0.078888 0.149352
0 0.919643 0.342225 0.082490 0.160514
0 0.573504 0.513847 0.079273 0.159278
0 0.179964 0.143340 0.094854 0.139356
0 0.226376 0.717822 0.078289 0.132986
0 0.480971 0.937167 0.074839 0.124620
0 0.552283 0.947326 0.076758 0.105199
0 0.858374 0.931549 0.079487 0.136903
0 0.654743 0.796160 0.076393 0.158968
0 0.973983 0.773822 0.052034 0.135792
0 0.527268 0.845590 0.078906 0.138514
0 0.596882 0.867838 0.076909 0.140944
0 0.711290 0.571167 0.085513 0.139222
0 0.817312 0.275410 0.081349 0.152051
0 0.763496 0.434727 0.082685 0.160676
0 0.364743 0.206220 0.078508 0.158134
0 0.635557 0.135319 0.084724 0.165269
0 0.743302 0.282486 0.080000 0.153343
0 0.704714 0.173780 0.079484 0.152403
0 0.577310 0.728005 0.084964 0.158074
0 0.714320 0.715701 0.081760 0.152468
0 0.670013 0.305289 0.084307 0.151514
0 0.914439 0.552109 0.080961 0.158551
0 0.741647 0.043637 0.074930 0.086282
0 0.300740 0.141956 0.083776 0.148310
0 0.839225 0.515787 0.084956 0.147602
0 0.937520 0.886514 0.080128 0.133815
0 0.689743 0.435164 0.079826 0.151005
0 0.256831 0.919873 0.098240 0.153995
0 0.969147 0.164046 0.061706 0.137861
0 0.302236 0.278507 0.083076 0.151273
0 0.617327 0.966613 0.079216 0.066671
0 0.526320 0.051854 0.078099 0.101338
0 0.362875 0.965060 0.075964 0.069880
0 0.903477 0.986046 0.073349 0.025343
0 0.993919 0.906289 0.012036 0.155106
0 0.007314 0.091519 0.014586 0.169676
0 0.069073 0.986771 0.075328 0.024023
1 0.587970 0.311583 0.099607 0.174843
0 0.901866 0.023914 0.084982 0.047542
0 0.288443 0.969549 0.079859 0.060597
0 0.137047 0.964211 0.080990 0.071579
0 0.174501 0.303664 0.079237 0.214375
0 0.803706 0.969019 0.080646 0.060833
