0 0.238008 0.101921 0.080297 0.143676
0 0.705906 0.788370 0.088031 0.135537
0 0.858091 0.875088 0.079724 0.134083
0 0.071948 0.467986 0.078854 0.142306
0 0.965099 0.747866 0.069271 0.132009
0 0.198164 0.534727 0.080880 0.129139
0 0.336818 0.763685 0.095792 0.152222
0 0.688995 0.450370 0.077760 0.139352
0 0.530544 0.562491 0.075172 0.121611
0 0.749258 0.533579 0.079745 0.145417
0 0.637180 0.098051 0.074193 0.126324
0 0.643552 0.225741 0.080302 0.139481
0 0.562375 0.198694 0.078750 0.119963
0 0.539729 0.709079 0.067385 0.119750
0 0.307677 0.068074 0.072292 0.135204
0 0.395732 0.245736 0.076641 0.149306
0 0.086172 0.879315 0.081948 0.140204
0 0.080922 0.283069 0.076990 0.116046
0 0.338539 0.325282 0.082484 0.141528
0 0.702997 0.151602 0.077172 0.151481
0 0.165518 0.785583 0.088359 0.140907
0 0.188927 0.415699 0.073260 0.113917
0 0.802503 0.798750 0.069859 0.123593
0 0.758497 0.708565 0.069911 0.122444
0 0.484885 0.952005 0.076781 0.095991
0 0.780003 0.151486 0.076880 0.140269
0 0.939656 0.630884 0.079135 0.124102
0 0.397945 0.105741 0.080339 0.132463
0 0.454299 0.682088 0.076047 0.129454
0 0.304328 0.652722 0.075646 0.133759
0 0.834966 0.391093 0.083943 0.149278
0 0.386836 0.857245 0.078536 0.131676
0 0.838320 0.520787 0.080401 0.126111
0 0.289234 0.431824 0.073583 0.130537
0 0.567698 0.446713 0.076271 0.156759
0 0.567198 0.828907 0.082115 0.137019
0 0.100510 0.165769 0.083833 0.137278
0 0.049893 0.762792 0.079849 0.123213
0 0.050234 0.064444 0.080708 0.128889
0 0.914680 0.373306 0.070755 0.146704
0 0.381328 0.493236 0.067635 0.117176
0 0.023451 0.657153 0.046391 0.119065
0 0.607148 0.546403 0.064411 0.136861
0 0.487987 0.265032 0.073786 0.118306
0 0.205221 0.291815 0.081109 0.157815
0 0.168568 0.679921 0.069792 0.120806
0 0.813846 0.667468 0.066307 0.102917
0 0.925375 0.923644 0.067417 0.116843
0 0.414979 0.958750 0.078292 0.081741
0 0.498818 0.144417 0.079406 0.137556
0 0.792440 0.286102 0.073453 0.142019
0 0.765206 0.343944 0.079828 0.150000
0 0.124878 0.044486 0.081953 0.084676
0 0.675359 0.942343 0.077958 0.115315
0 0.326951 0.546384 0.065849 0.118824
0 0.472198 0.804324 0.070323 0.113815
0 0.025190 0.326662 0.050380 0.126380
0 0.616164 0.674227 0.073828 0.126120
0 0.434677 0.782120 0.075031 0.115889
0 0.606112 0.021912 0.085495 0.043824
0 0.800448 0.946722 0.079302 0.104833
0 0.212234 0.886532 0.073542 0.111009
0 0.019133 0.448750 0.038266 0.121278
0 0.421641 0.540569 0.068469 0.141435
0 0.697063 0.295120 0.068792 0.108222
0 0.130492 0.960782 0.064130 0.069843
0 0.881560 0.115134 0.087214 0.161806
0 0.203138 0.943306 0.073620 0.113389
0 0.976508 0.341537 0.046984 0.192000
0 0.758180 0.015583 0.080089 0.030500
0 0.965383 0.027620 0.068901 0.053889
0 0.195784 0.024157 0.074943 0.040907
0 0.827557 0.015884 0.076833 0.026176
0 0.648987 0.678523 0.061953 0.131343
0 0.252560 0.972343 0.065109 0.051722
0 0.991104 0.825412 0.017292 0.129139
0 0.424831 0.015810 0.065547 0.031028
0 0.738786 0.982861 0.071948 0.029204
0 0.010461 0.325407 0.020318 0.115296
0 0.009148 0.192287 0.017484 0.128352
0 0.520445 0.292157 0.070443 0.116574
0 0.680398 0.183236 0.106682 0.159620
0 0.987516 0.107139 0.023729 0.146463
1 0.498719 0.400898 0.086208 0.142444
