1 0.252262 0.274125 0.101289 0.173519
1 0.235089 0.435819 0.087448 0.157889
0 0.928424 0.976269 0.104813 0.047185
0 0.728467 0.964419 0.076628 0.070069
1 0.456453 0.244854 0.090120 0.147273
0 0.379719 0.547727 0.087583 0.137954
0 0.990109 0.350560 0.019781 0.145204
1 0.272965 0.565037 0.107805 0.156361
0 0.648079 0.028708 0.077466 0.055963
0 0.929197 0.137174 0.085034 0.144162
0 0.765345 0.205424 0.085242 0.168745
0 0.235665 0.828296 0.079602 0.171463
0 0.233327 0.656773 0.088576 0.169463
0 0.925582 0.281648 0.081232 0.151148
0 0.737203 0.446361 0.076943 0.135213
0 0.682250 0.117007 0.085161 0.145236
0 0.864525 0.462331 0.081049 0.132903
0 0.840988 0.255757 0.092341 0.130819
0 0.892798 0.880419 0.088690 0.178273
0 0.783172 0.066817 0.082865 0.132532
0 0.367906 0.733512 0.078427 0.149245
0 0.848861 0.122285 0.092898 0.166505
0 0.331620 0.628278 0.094307 0.168352
0 0.786161 0.519634 0.082115 0.172685
0 0.634392 0.270206 0.079846 0.183162
0 0.647605 0.520236 0.081846 0.155907
0 0.937961 0.522975 0.095344 0.142940
0 0.721417 0.856549 0.073620 0.137690
0 0.705126 0.307000 0.076508 0.194204
0 0.643413 0.888236 0.087971 0.143759
0 0.809505 0.702049 0.101682 0.146884
0 0.705846 0.740056 0.089573 0.150481
0 0.909262 0.039227 0.093341 0.078250
0 0.170018 0.723215 0.097240 0.117782
0 0.970210 0.838600 0.059279 0.168384
0 0.427979 0.077169 0.103479 0.125375
0 0.853684 0.365146 0.110576 0.121931
0 0.177275 0.505417 0.098638 0.172407
0 0.722846 0.046660 0.076781 0.093292
0 0.311758 0.275572 0.083396 0.176282
0 0.676346 0.671870 0.098208 0.186519
0 0.975376 0.217771 0.048815 0.169338
0 0.663599 0.954058 0.094818 0.091597
1 0.602923 0.420375 0.083195 0.160796
0 0.840602 0.920956 0.090427 0.158088
1 0.554901 0.624991 0.091464 0.167296
1 0.477242 0.654694 0.092411 0.145648
0 0.295960 0.384449 0.070716 0.124815
0 0.778221 0.882019 0.110130 0.184981
0 0.411034 0.622840 0.083562 0.171616
1 0.395005 0.166109 0.089854 0.124514
1 0.517302 0.079660 0.092406 0.149023
0 0.375673 0.299000 0.073784 0.142944
1 0.605268 0.075613 0.091568 0.149653
0 0.501086 0.195736 0.109875 0.148991
1 0.133449 0.943824 0.081919 0.110278
1 0.884538 0.618743 0.089102 0.170986
0 0.797970 0.960412 0.088185 0.078565
1 0.158615 0.600326 0.097255 0.154199
0 0.472622 0.017975 0.105464 0.035773
0 0.960988 0.440970 0.077112 0.183653
0 0.530081 0.497836 0.080266 0.148208
0 0.163082 0.828616 0.080799 0.137269
0 0.557096 0.917153 0.081531 0.144343
0 0.524844 0.783072 0.093729 0.153532
0 0.285258 0.744208 0.082797 0.142574
