0 0.680156 0.289815 0.073984 0.116807
0 0.326359 0.542549 0.082203 0.087797
0 0.651287 0.428328 0.082230 0.087063
0 0.741973 0.039438 0.067492 0.075917
0 0.126154 0.243271 0.082270 0.106302
0 0.043371 0.804758 0.076563 0.109182
0 0.598531 0.640023 0.067414 0.083109
0 0.072299 0.022148 0.061809 0.042641
0 0.305277 0.022081 0.065867 0.044161
0 0.731734 0.220432 0.086984 0.095531
0 0.854170 0.373091 0.067660 0.087307
0 0.743533 0.958497 0.069598 0.082432
0 0.211512 0.887948 0.058742 0.080490
0 0.505221 0.058487 0.081059 0.107839
0 0.209893 0.778896 0.067902 0.096917
0 0.983186 0.960182 0.031629 0.079635
0 0.465480 0.433034 0.059945 0.085839
0 0.928154 0.842768 0.065207 0.116224
0 0.283492 0.723773 0.070828 0.108328
0 0.635018 0.580331 0.069137 0.087359
0 0.519793 0.491628 0.071945 0.110401
0 0.145684 0.898896 0.060664 0.088594
0 0.393939 0.245760 0.071527 0.089323
0 0.071070 0.374930 0.084617 0.090839
0 0.432084 0.732880 0.069559 0.087427
0 0.582791 0.423159 0.070871 0.083880
0 0.230430 0.247161 0.066227 0.077885
0 0.027250 0.544909 0.054500 0.117370
0 0.407354 0.390922 0.067934 0.091188
0 0.028527 0.928193 0.057055 0.087417
0 0.711338 0.125008 0.084012 0.093453
0 0.819832 0.921891 0.075445 0.095969
0 0.055789 0.275182 0.070031 0.103958
0 0.528646 0.241622 0.060910 0.085984
0 0.318311 0.814229 0.069168 0.085771
0 0.731654 0.368198 0.066934 0.089469
0 0.768334 0.575089 0.069645 0.112021
0 0.807145 0.243023 0.065937 0.084922
0 0.212236 0.382685 0.061832 0.082422
1 0.408012 0.604945 0.064430 0.087818
0 0.991875 0.337000 0.016250 0.105625
0 0.424947 0.182688 0.083723 0.096625
0 0.929600 0.010044 0.076652 0.019161
0 0.991361 0.522276 0.015848 0.097229
0 0.409654 0.888706 0.060184 0.077203
0 0.902199 0.416779 0.074164 0.100807
0 0.477756 0.666339 0.070895 0.091708
0 0.864162 0.986714 0.075480 0.026573
0 0.395480 0.952372 0.096289 0.080495
0 0.908178 0.735964 0.064277 0.099385
0 0.163086 0.467844 0.071492 0.082583
0 0.506396 0.988010 0.096535 0.023427
0 0.208939 0.171159 0.086887 0.085901
0 0.016400 0.319823 0.032801 0.087302
0 0.117789 0.615927 0.068422 0.100604
0 0.358457 0.640602 0.071867 0.111953
0 0.470812 0.299401 0.068961 0.096417
0 0.800244 0.101005 0.073285 0.133552
0 0.936891 0.369128 0.055937 0.075620
0 0.952768 0.481190 0.074730 0.111599
0 0.603303 0.101453 0.075895 0.091073
0 0.456855 0.205073 0.066648 0.092990
0 0.082195 0.893938 0.068062 0.100885
0 0.228797 0.042841 0.068023 0.077547
0 0.611381 0.965612 0.063324 0.068776
0 0.559619 0.771555 0.067684 0.091391
0 0.743959 0.487581 0.075090 0.091411
0 0.571461 0.131799 0.078437 0.109193
0 0.348885 0.713870 0.070121 0.082052
0 0.348863 0.293289 0.084914 0.099661
0 0.531225 0.010805 0.072996 0.021609
0 0.524711 0.649729 0.064195 0.080010
0 0.312939 0.190182 0.073113 0.111833
0 0.174611 0.553260 0.088785 0.089594
0 0.685045 0.952016 0.076691 0.081375
0 0.856648 0.846286 0.074453 0.105427
0 0.145168 0.423234 0.073648 0.077219
0 0.179922 0.305562 0.070453 0.101281
0 0.798754 0.698534 0.083109 0.095526
0 0.283875 0.458583 0.063828 0.081927
0 0.049162 0.987276 0.068559 0.025448
0 0.409414 0.478997 0.071242 0.092974
0 0.882240 0.693193 0.072996 0.086979
0 0.626287 0.343909 0.088387 0.107016
0 0.241615 0.176901 0.067355 0.087281
0 0.096684 0.709513 0.072672 0.088401
0 0.020811 0.202719 0.041270 0.095385
0 0.661010 0.739581 0.066020 0.102151
0 0.462672 0.843776 0.071203 0.116729
0 0.224215 0.967625 0.066047 0.064750
0 0.389326 0.036630 0.092504 0.072583
0 0.270129 0.620299 0.091188 0.094568
0 0.800123 0.417206 0.081355 0.083286
0 0.216199 0.577417 0.069297 0.085000
0 0.023162 0.725971 0.046324 0.081932
0 0.785043 0.826182 0.069914 0.097792
0 0.523783 0.828070 0.055816 0.074901
0 0.966521 0.770247 0.066957 0.084495
0 0.322217 0.912490 0.078559 0.108094
0 0.149406 0.096130 0.060852 0.071875
0 0.386930 0.800557 0.062367 0.105229
0 0.730195 0.758521 0.083312 0.131313
0 0.483896 0.581609 0.078629 0.081771
0 0.900209 0.227604 0.078730 0.105573
0 0.062652 0.474701 0.067656 0.102359
0 0.125482 0.486844 0.059660 0.080635
0 0.984041 0.842401 0.031918 0.092198
0 0.698207 0.604135 0.069547 0.106010
0 0.598637 0.509758 0.079961 0.088724
0 0.682828 0.506466 0.063328 0.077807
0 0.897762 0.549260 0.078766 0.099813
0 0.967057 0.621932 0.065887 0.098594
0 0.076080 0.094401 0.079988 0.097083
0 0.257609 0.071466 0.070477 0.088474
0 0.152590 0.969164 0.065883 0.061672
0 0.632412 0.832029 0.071637 0.092724
0 0.139338 0.796323 0.072965 0.107396
0 0.933125 0.976482 0.073820 0.047036
0 0.170715 0.710823 0.058281 0.077469
0 0.959227 0.277602 0.081547 0.104703
0 0.596281 0.215919 0.085500 0.089089
0 0.882889 0.042419 0.073785 0.084839
0 0.968408 0.070961 0.063184 0.112453
0 0.546512 0.334380 0.083578 0.100156
0 0.581566 0.864776 0.061656 0.080771
0 0.513119 0.918461 0.083449 0.085318
0 0.170391 0.029924 0.065531 0.059849
0 0.654373 0.041612 0.077895 0.080682
0 0.829150 0.574307 0.061426 0.086844
0 0.351111 0.442513 0.071840 0.111401
0 0.268463 0.321161 0.071371 0.088635
0 0.092344 0.950919 0.062125 0.091151
0 0.229937 0.466552 0.062187 0.079312
0 0.457086 0.342943 0.072695 0.084427
0 0.295377 0.976883 0.078918 0.046234
0 0.368063 0.120612 0.081258 0.094859
0 0.224248 0.691911 0.056535 0.083344
0 0.857021 0.158354 0.074012 0.095344
0 0.057223 0.180719 0.062008 0.074552
0 0.787711 0.334487 0.065102 0.080516
0 0.696121 0.861885 0.060477 0.078031
