0 0.607892 0.412074 0.113596 0.186389
0 0.023366 0.022519 0.046247 0.043852
0 0.984488 0.386995 0.031023 0.169361
0 0.015514 0.946602 0.031029 0.106611
0 0.637977 0.019618 0.081953 0.037662
0 0.772047 0.036917 0.085021 0.072769
0 0.409757 0.116873 0.098091 0.126005
0 0.960815 0.054769 0.078370 0.109537
0 0.308504 0.963120 0.069930 0.072546
0 0.261234 0.127824 0.097453 0.153472
0 0.967961 0.530259 0.063656 0.176370
0 0.340663 0.067076 0.076977 0.134153
0 0.882793 0.573447 0.059701 0.104588
0 0.604016 0.215935 0.100807 0.157259
0 0.639221 0.097326 0.079687 0.124440
0 0.531842 0.596116 0.100982 0.161917
0 0.528922 0.325218 0.094859 0.171148
0 0.912014 0.833308 0.086878 0.168384
0 0.610980 0.569271 0.084419 0.139912
0 0.720124 0.360403 0.100846 0.161093
0 0.143349 0.916069 0.099854 0.165769
0 0.351336 0.896444 0.075964 0.136815
0 0.198422 0.536708 0.100536 0.157370
0 0.707385 0.933956 0.085823 0.131236
0 0.178099 0.105433 0.080786 0.155477
0 0.949228 0.686190 0.097232 0.164065
0 0.062736 0.410722 0.086477 0.151463
0 0.847979 0.362896 0.091104 0.177588
0 0.347772 0.400461 0.092633 0.152838
0 0.695663 0.573782 0.079565 0.142611
0 0.092979 0.085609 0.091479 0.166282
0 0.089607 0.271194 0.091297 0.160398
0 0.334561 0.757687 0.097586 0.163125
0 0.359096 0.246632 0.091125 0.170486
0 0.837599 0.687623 0.095193 0.167162
0 0.272461 0.653127 0.087385 0.174097
0 0.504587 0.131053 0.091414 0.162264
0 0.807124 0.837292 0.097773 0.172750
0 0.452632 0.672208 0.089768 0.147815
0 0.987493 0.140331 0.024779 0.155356
0 0.191187 0.011181 0.079479 0.022361
0 0.004517 0.289451 0.009008 0.149153
0 0.411003 0.044861 0.093073 0.088111
0 0.840207 0.145667 0.097987 0.166259
