0 0.943266 0.102389 0.086083 0.155333
0 0.711734 0.844264 0.092354 0.171454
0 0.858492 0.823769 0.090266 0.165296
0 0.929607 0.781139 0.082786 0.167833
0 0.270799 0.402477 0.089255 0.157065
0 0.731753 0.306296 0.086630 0.161519
0 0.060990 0.497551 0.101896 0.139639
0 0.096500 0.805620 0.091073 0.163019
0 0.530406 0.893944 0.083552 0.183815
0 0.815701 0.286065 0.090495 0.163259
0 0.749651 0.489199 0.085448 0.155546
0 0.664742 0.703273 0.094505 0.155713
0 0.249943 0.555222 0.089865 0.146111
0 0.408289 0.488014 0.088526 0.145176
0 0.625102 0.823731 0.090464 0.140667
0 0.400542 0.352120 0.085906 0.149593
0 0.344042 0.582593 0.090510 0.144093
0 0.867711 0.672704 0.087703 0.147685
0 0.179661 0.620773 0.083896 0.155639
0 0.105021 0.127153 0.084708 0.138509
0 0.105193 0.620856 0.079427 0.147435
0 0.155904 0.518542 0.084766 0.145565
0 0.302888 0.665245 0.092620 0.158120
0 0.681398 0.048616 0.082568 0.094324
0 0.728792 0.162204 0.092333 0.155241
0 0.776378 0.675824 0.085453 0.138796
0 0.727346 0.626111 0.084120 0.153741
0 0.557177 0.176333 0.085500 0.155204
0 0.566763 0.483440 0.078651 0.157713
0 0.471107 0.578588 0.075266 0.143194
0 0.035883 0.943074 0.070505 0.112574
0 0.940589 0.377583 0.084531 0.156944
0 0.802180 0.900968 0.089078 0.187824
0 0.623065 0.351148 0.096484 0.160648
0 0.624440 0.570148 0.085057 0.146500
0 0.868521 0.194241 0.082448 0.128944
0 0.357049 0.067769 0.089078 0.133704
0 0.942076 0.542495 0.087703 0.154639
0 0.312711 0.234093 0.088172 0.149037
0 0.825617 0.544880 0.098557 0.163593
0 0.048297 0.199116 0.086333 0.160491
0 0.864885 0.073019 0.087260 0.146037
0 0.196904 0.831602 0.087214 0.161389
0 0.406523 0.630847 0.084745 0.149583
0 0.194771 0.211542 0.088135 0.158343
0 0.625242 0.936852 0.080026 0.124611
0 0.785354 0.070579 0.085010 0.135565
0 0.573831 0.660185 0.077714 0.137981
0 0.879966 0.331269 0.080401 0.178519
0 0.649096 0.453824 0.098641 0.129444
0 0.957156 0.252287 0.085687 0.154241
0 0.238857 0.095759 0.077328 0.173204
0 0.242773 0.295958 0.078891 0.127472
0 0.980930 0.773421 0.037495 0.164213
0 0.525044 0.076306 0.097870 0.152611
0 0.976776 0.922889 0.044042 0.140889
0 0.489482 0.324745 0.095661 0.141991
0 0.980286 0.431384 0.038833 0.167954
0 0.599758 0.028079 0.082328 0.056157
0 0.041188 0.636944 0.074813 0.177944
0 0.245938 0.751204 0.085969 0.154074
0 0.979870 0.610963 0.038458 0.158074
0 0.474997 0.041370 0.100797 0.081426
0 0.333534 0.974347 0.088547 0.049083
0 0.070448 0.032139 0.117917 0.061759
0 0.269781 0.036727 0.077927 0.073454
0 0.976747 0.061403 0.046505 0.122806
0 0.406880 0.984894 0.078531 0.029472
0 0.479596 0.966958 0.082339 0.066083
0 0.007997 0.228769 0.015995 0.133056
0 0.396906 0.014125 0.083469 0.027083
0 0.994250 0.303542 0.011500 0.136176
0 0.171362 0.018440 0.080797 0.033843
0 0.536432 0.140111 0.097510 0.202722
0 0.142992 0.981606 0.087505 0.031157
1 0.537258 0.580417 0.087797 0.130704
0 0.008039 0.603005 0.016078 0.165528
