0 0.963555 0.606185 0.072852 0.106620
0 0.395199 0.456190 0.067844 0.107911
0 0.342635 0.111591 0.070988 0.092536
0 0.295961 0.490242 0.063859 0.097630
0 0.326859 0.981289 0.085781 0.037422
0 0.267633 0.576391 0.076016 0.106323
0 0.850775 0.209630 0.096293 0.113531
0 0.705541 0.788552 0.086059 0.093177
0 0.611090 0.249654 0.076414 0.100964
0 0.472324 0.951974 0.099391 0.094177
0 0.296516 0.298521 0.079508 0.102125
1 0.189938 0.359049 0.094625 0.091901
0 0.457564 0.888612 0.077965 0.085589
0 0.598820 0.941375 0.085336 0.082479
0 0.513447 0.654099 0.069746 0.096781
0 0.938348 0.446846 0.081266 0.123276
0 0.334643 0.445536 0.073629 0.123896
0 0.070352 0.332323 0.082094 0.110469
0 0.411178 0.978172 0.068590 0.042917
0 0.023359 0.807935 0.045086 0.128339
0 0.404002 0.808831 0.079816 0.083109
0 0.665619 0.381888 0.072777 0.094036
0 0.737623 0.886159 0.077848 0.108516
0 0.862646 0.678581 0.101020 0.102651
0 0.653377 0.970844 0.082457 0.058313
0 0.554564 0.839224 0.075066 0.091896
0 0.601049 0.774383 0.073160 0.121151
0 0.115922 0.151297 0.087938 0.122552
0 0.215645 0.048854 0.071031 0.093615
0 0.865602 0.795802 0.079063 0.106750
0 0.885381 0.882521 0.085184 0.106135
0 0.821984 0.755125 0.065586 0.105979
0 0.585566 0.968555 0.080813 0.062891
0 0.928805 0.058388 0.104742 0.116776
0 0.987502 0.497591 0.024996 0.100880
0 0.435732 0.164318 0.066387 0.091510
0 0.408727 0.616130 0.069609 0.094115
0 0.610285 0.180031 0.068008 0.109073
0 0.550459 0.754555 0.085676 0.088474
0 0.292260 0.167211 0.089980 0.110349
0 0.155303 0.789615 0.071559 0.091448
0 0.975754 0.954398 0.048492 0.091203
0 0.387500 0.355315 0.072586 0.111828
0 0.241055 0.487055 0.077289 0.122849
0 0.633463 0.611375 0.072793 0.102833
0 0.562381 0.690901 0.075746 0.073000
0 0.298305 0.966365 0.065492 0.067271
0 0.766457 0.325154 0.079195 0.092505
0 0.346506 0.754750 0.084020 0.115260
0 0.205844 0.863734 0.099922 0.101677
0 0.293482 0.088135 0.074598 0.092812
0 0.627121 0.389526 0.062422 0.082562
0 0.878785 0.963370 0.082141 0.073260
0 0.664363 0.741612 0.078852 0.131828
0 0.132604 0.533747 0.090707 0.113464
0 0.438637 0.490398 0.072625 0.124714
0 0.685807 0.346805 0.075246 0.093745
0 0.666535 0.047784 0.087008 0.095568
0 0.783273 0.815391 0.088234 0.115760
0 0.889174 0.373549 0.071176 0.110047
0 0.530100 0.046229 0.071504 0.091052
0 0.163822 0.456669 0.078363 0.089818
0 0.551730 0.458885 0.078070 0.093344
0 0.139301 0.900549 0.094836 0.106620
0 0.937629 0.980435 0.077609 0.038943
0 0.497932 0.094984 0.089934 0.114698
0 0.118578 0.415229 0.079453 0.092385
0 0.157221 0.248474 0.070473 0.089490
0 0.474092 0.040917 0.088121 0.081833
0 0.024152 0.714055 0.046320 0.088776
0 0.665805 0.560260 0.090133 0.094073
0 0.232959 0.697867 0.069988 0.092818
0 0.973123 0.145393 0.053754 0.105714
0 0.108908 0.966318 0.071043 0.067365
0 0.692711 0.914260 0.060844 0.089146
0 0.881596 0.122404 0.070379 0.101161
0 0.882793 0.161695 0.073094 0.099380
0 0.590227 0.079888 0.087578 0.116797
0 0.258182 0.230406 0.091402 0.111344
0 0.070113 0.649549 0.078523 0.089859
0 0.946584 0.929276 0.075645 0.095781
0 0.361262 0.024237 0.113492 0.047703
0 0.020305 0.986641 0.040609 0.026719
0 0.832508 0.062641 0.067117 0.118333
0 0.903521 0.765727 0.085379 0.089630
0 0.510891 0.989065 0.073828 0.020349
0 0.391322 0.056906 0.071691 0.093583
0 0.006959 0.097484 0.011621 0.114479
0 0.429730 0.792234 0.082063 0.085687
0 0.089947 0.423073 0.076488 0.090500
0 0.990381 0.354503 0.018168 0.116464
0 0.608600 0.130482 0.073246 0.090245
0 0.988492 0.221747 0.023016 0.068370
0 0.706623 0.011107 0.079004 0.022141
0 0.949814 0.207677 0.072504 0.087229
0 0.367594 0.112982 0.077047 0.105036
0 0.250203 0.677880 0.073164 0.099156
0 0.154619 0.326810 0.083199 0.086203
0 0.194525 0.248565 0.081355 0.093234
0 0.909668 0.840068 0.066875 0.075979
0 0.221055 0.293138 0.069141 0.102568
0 0.752654 0.515906 0.084395 0.131771
0 0.094002 0.041724 0.081566 0.083448
0 0.858400 0.298820 0.078926 0.098880
0 0.917662 0.623258 0.072355 0.093849
0 0.016988 0.025828 0.033977 0.051656
0 0.484699 0.817674 0.075781 0.100724
0 0.473207 0.637333 0.077250 0.106458
0 0.030248 0.896148 0.058879 0.095984
0 0.503363 0.539990 0.074422 0.093187
0 0.702496 0.259013 0.090977 0.129130
0 0.059459 0.961828 0.075754 0.076344
0 0.580133 0.581276 0.076102 0.092229
0 0.634840 0.478063 0.080602 0.115969
0 0.813369 0.939367 0.066980 0.093807
0 0.529723 0.499542 0.064852 0.089781
0 0.755303 0.042617 0.074660 0.085234
0 0.747875 0.378414 0.073023 0.087484
0 0.711846 0.637833 0.092934 0.112417
0 0.410885 0.874021 0.076738 0.097448
0 0.314385 0.851224 0.080340 0.107479
0 0.370006 0.578766 0.076160 0.122313
0 0.408627 0.679357 0.075832 0.118984
0 0.118553 0.778286 0.077441 0.098927
0 0.656518 0.880828 0.076160 0.106292
0 0.969850 0.780945 0.060301 0.120068
0 0.229180 0.762117 0.071945 0.096589
0 0.931400 0.524672 0.073777 0.098781
0 0.817436 0.396193 0.078035 0.102250
0 0.156539 0.630047 0.072609 0.090750
0 0.697143 0.116211 0.092801 0.113911
0 0.457389 0.313555 0.070230 0.120672
0 0.524920 0.326078 0.078441 0.115813
0 0.313303 0.632815 0.087660 0.118141
