0 0.386514 0.011187 0.064320 0.021144
0 0.898436 0.878926 0.073997 0.150741
0 0.995689 0.433292 0.008622 0.123769
0 0.240565 0.042465 0.073484 0.083718
0 0.004767 0.520032 0.009352 0.132954
0 0.005316 0.262456 0.010570 0.155060
0 0.634496 0.616711 0.073310 0.128468
0 0.735971 0.983127 0.085286 0.030866
0 0.006521 0.949618 0.012833 0.100764
0 0.454665 0.638484 0.073221 0.122875
0 0.012255 0.750650 0.024370 0.147264
0 0.555707 0.021146 0.074560 0.041903
0 0.575307 0.416292 0.072849 0.127852
0 0.785940 0.019167 0.083958 0.038222
0 0.151056 0.029412 0.073258 0.058444
0 0.984113 0.281067 0.031773 0.127505
0 0.811634 0.301245 0.060305 0.143315
0 0.460052 0.030056 0.082844 0.059269
0 0.274148 0.963639 0.070047 0.070620
0 0.790176 0.811167 0.064930 0.111389
0 0.634174 0.947988 0.073370 0.102792
0 0.349029 0.047403 0.063229 0.094176
0 0.960530 0.952056 0.076638 0.094806
0 0.519646 0.140963 0.060505 0.137806
0 0.020637 0.365005 0.040768 0.106250
0 0.537561 0.480481 0.059294 0.121231
0 0.296234 0.065667 0.064125 0.120417
0 0.974616 0.520338 0.050768 0.097926
0 0.640146 0.507359 0.072875 0.116032
0 0.942576 0.345549 0.061047 0.150190
0 0.712510 0.523604 0.068073 0.130329
0 0.203151 0.790046 0.073448 0.105120
0 0.637648 0.816845 0.061724 0.122171
0 0.333418 0.802697 0.076419 0.121051
0 0.908956 0.175109 0.078036 0.098542
0 0.552671 0.622204 0.072169 0.123509
0 0.286629 0.879887 0.075174 0.112569
0 0.903557 0.592072 0.071802 0.116847
0 0.060462 0.671796 0.079826 0.116102
0 0.517806 0.875062 0.068195 0.125810
0 0.321757 0.145012 0.064680 0.106310
0 0.340113 0.923356 0.061034 0.121352
0 0.581819 0.552384 0.063430 0.104741
0 0.684918 0.035618 0.066029 0.071171
0 0.263020 0.176079 0.071424 0.145574
0 0.403535 0.836169 0.065117 0.140486
0 0.455060 0.877606 0.063094 0.119222
0 0.692396 0.745692 0.079698 0.123199
0 0.818951 0.441627 0.067016 0.130579
0 0.093509 0.479539 0.076956 0.117097
0 0.179181 0.612963 0.081982 0.129750
0 0.194617 0.707359 0.077443 0.100384
0 0.577832 0.811491 0.071862 0.129676
0 0.415682 0.119998 0.068406 0.128060
0 0.788503 0.709139 0.072656 0.107787
0 0.030531 0.461475 0.060906 0.105088
0 0.178928 0.101683 0.072904 0.119384
0 0.423766 0.247502 0.071786 0.119958
0 0.891318 0.392241 0.069349 0.120870
0 0.690793 0.112567 0.074773 0.113282
0 0.768000 0.123813 0.077307 0.118745
0 0.360043 0.448870 0.068107 0.110741
0 0.497615 0.395889 0.072672 0.126574
0 0.190421 0.872137 0.069023 0.116486
0 0.324962 0.549303 0.076779 0.125708
0 0.967775 0.425257 0.060576 0.119606
0 0.108000 0.167560 0.068427 0.123343
0 0.730151 0.671873 0.062219 0.108144
0 0.655695 0.387556 0.064026 0.136963
0 0.591118 0.699132 0.065404 0.115273
0 0.471292 0.113678 0.052979 0.091514
0 0.106473 0.765988 0.059513 0.120708
0 0.595025 0.170509 0.077758 0.097667
0 0.143970 0.951968 0.066930 0.093833
0 0.711759 0.212167 0.073794 0.137972
0 0.623233 0.075683 0.070112 0.135162
0 0.795874 0.601204 0.079440 0.116296
0 0.906400 0.271447 0.073591 0.114616
0 0.072728 0.905171 0.070435 0.109222
0 0.410987 0.944831 0.066214 0.110338
0 0.853419 0.536419 0.068495 0.124727
0 0.226419 0.371789 0.066604 0.120375
0 0.286405 0.333924 0.064633 0.115681
0 0.514680 0.286280 0.061948 0.110829
0 0.295753 0.447553 0.063536 0.114116
0 0.311611 0.711530 0.071013 0.117662
0 0.449270 0.346873 0.067482 0.111245
0 0.266160 0.792507 0.063857 0.125153
0 0.753919 0.377231 0.074922 0.120167
0 0.052145 0.779660 0.061779 0.119514
0 0.851039 0.325866 0.057344 0.107546
0 0.130443 0.682343 0.065203 0.118565
0 0.044982 0.564102 0.075349 0.122074
0 0.555029 0.091477 0.063281 0.101815
0 0.903805 0.081542 0.067281 0.108556
0 0.224633 0.486197 0.076307 0.109597
0 0.166211 0.433396 0.061203 0.119801
0 0.067483 0.386796 0.061898 0.127481
0 0.841340 0.102507 0.063034 0.136856
0 0.647339 0.244373 0.060010 0.119171
0 0.770362 0.264528 0.067620 0.118583
0 0.123285 0.363315 0.067622 0.123870
0 0.910699 0.487389 0.071227 0.115102
