0 0.459763 0.031715 0.102125 0.063431
0 0.351533 0.970750 0.097523 0.056500
0 0.087398 0.099549 0.086052 0.131856
0 0.066789 0.444748 0.099469 0.138523
0 0.592426 0.033771 0.084951 0.064005
0 0.087896 0.019271 0.081453 0.035940
0 0.986048 0.659847 0.027904 0.126259
0 0.986355 0.858104 0.027289 0.158273
0 0.911645 0.123301 0.074727 0.137528
0 0.952194 0.234924 0.093633 0.151986
0 0.016546 0.217977 0.031471 0.160287
0 0.017254 0.738331 0.033357 0.150986
0 0.891286 0.516539 0.090146 0.169495
0 0.348618 0.030086 0.100232 0.060171
0 0.014165 0.506472 0.027086 0.146454
0 0.176380 0.965414 0.076302 0.067986
0 0.981770 0.478185 0.036461 0.139676
0 0.139073 0.163704 0.083630 0.157796
0 0.847544 0.090023 0.077411 0.136685
0 0.499986 0.532706 0.086940 0.140144
0 0.978168 0.115049 0.043148 0.159162
0 0.360499 0.612250 0.099221 0.161269
0 0.845051 0.451794 0.094716 0.147764
0 0.676227 0.459465 0.081479 0.136514
0 0.223461 0.812093 0.078417 0.163917
0 0.598927 0.824275 0.089932 0.140440
0 0.184012 0.257803 0.090857 0.163384
0 0.408288 0.380167 0.088951 0.154111
0 0.863878 0.267412 0.095969 0.146315
0 0.248508 0.549498 0.086193 0.156569
0 0.416727 0.159282 0.083349 0.154972
0 0.754005 0.940028 0.089901 0.119944
0 0.391046 0.748037 0.086440 0.133278
0 0.361409 0.222229 0.087802 0.162440
0 0.464855 0.660336 0.078591 0.155792
0 0.952388 0.561299 0.081120 0.154431
0 0.969194 0.349606 0.061612 0.146454
0 0.294742 0.669826 0.098953 0.134042
0 0.267087 0.917769 0.103430 0.158463
0 0.292960 0.787787 0.092117 0.144556
0 0.644042 0.069866 0.093021 0.137574
0 0.506336 0.782331 0.084385 0.124792
0 0.558426 0.949238 0.095195 0.097560
0 0.190996 0.066069 0.071831 0.132139
0 0.727362 0.277280 0.089568 0.142662
0 0.720309 0.848595 0.085836 0.162171
0 0.423027 0.522975 0.079221 0.149606
0 0.781969 0.149512 0.092318 0.156292
0 0.324440 0.476176 0.088875 0.142278
0 0.606526 0.441595 0.073328 0.158903
0 0.471480 0.344535 0.070508 0.159875
0 0.389783 0.863310 0.075331 0.153657
0 0.246302 0.370905 0.085411 0.144486
0 0.159268 0.748664 0.095833 0.182551
0 0.566849 0.704891 0.089635 0.155606
0 0.524449 0.402322 0.088737 0.176940
0 0.668551 0.190405 0.093070 0.150329
0 0.756521 0.437755 0.090479 0.154852
0 0.307392 0.108870 0.075893 0.139250
0 0.251014 0.179970 0.080102 0.151338
0 0.461120 0.902259 0.083010 0.164204
0 0.876174 0.906938 0.098427 0.141755
0 0.654029 0.683012 0.086958 0.157431
0 0.579798 0.204280 0.090049 0.168486
0 0.649483 0.894449 0.084977 0.167620
0 0.033595 0.930296 0.066893 0.137741
0 0.517939 0.089042 0.091049 0.173685
0 0.749922 0.578435 0.086786 0.135241
0 0.078355 0.711072 0.088461 0.149282
0 0.741138 0.708875 0.090172 0.140602
0 0.166453 0.527465 0.089693 0.152532
1 0.581277 0.568919 0.090924 0.146579
1 0.061906 0.302208 0.097531 0.153852
1 0.848102 0.786194 0.086729 0.152833
1 0.890617 0.680130 0.090708 0.163204
