0 0.696344 0.884069 0.092891 0.159167
0 0.105068 0.983102 0.088104 0.031741
0 0.729365 0.974894 0.108406 0.049361
0 0.909855 0.017333 0.087789 0.034250
0 0.014896 0.193218 0.029792 0.158898
0 0.282892 0.975060 0.088409 0.049880
0 0.012491 0.907715 0.024883 0.139042
0 0.307145 0.905086 0.102289 0.175912
0 0.020829 0.769123 0.041247 0.146634
0 0.982378 0.065998 0.035198 0.130949
0 0.903232 0.947134 0.081995 0.105111
0 0.609846 0.343933 0.079437 0.160042
0 0.520021 0.944271 0.089943 0.111208
0 0.602516 0.960306 0.085682 0.078139
0 0.215033 0.046657 0.084612 0.092065
0 0.963255 0.251301 0.067229 0.178213
0 0.442370 0.932208 0.064391 0.134676
0 0.259833 0.840336 0.082589 0.143968
0 0.219095 0.902523 0.081820 0.178574
0 0.095477 0.486556 0.097177 0.126704
0 0.027493 0.549785 0.054544 0.151181
0 0.432467 0.068991 0.094945 0.134241
0 0.728707 0.437380 0.094310 0.186056
0 0.369223 0.943644 0.084096 0.110343
0 0.938697 0.094532 0.083747 0.162056
0 0.949616 0.564176 0.092815 0.134065
0 0.979031 0.401150 0.041708 0.142088
0 0.648935 0.465056 0.081818 0.146065
0 0.784382 0.322954 0.080378 0.162009
0 0.969100 0.949681 0.061799 0.097833
0 0.602853 0.732157 0.080456 0.129750
0 0.161288 0.673155 0.081430 0.173319
0 0.126060 0.068794 0.084057 0.137588
0 0.837974 0.063218 0.090708 0.126435
0 0.095421 0.619597 0.079518 0.154056
0 0.040736 0.086280 0.081055 0.128847
0 0.908677 0.296366 0.080792 0.158787
0 0.862221 0.867042 0.085984 0.148324
0 0.009009 0.029780 0.017997 0.059505
0 0.911766 0.689035 0.082240 0.148495
0 0.622466 0.588218 0.080370 0.134926
0 0.056189 0.371887 0.076341 0.126810
0 0.498443 0.848847 0.085068 0.140843
0 0.610639 0.855042 0.079888 0.132454
0 0.218879 0.570375 0.087799 0.145380
0 0.540589 0.362715 0.081964 0.145245
0 0.915754 0.443819 0.079529 0.135972
0 0.247561 0.360157 0.082846 0.143963
0 0.821862 0.694481 0.082917 0.155824
0 0.863348 0.570796 0.078305 0.151213
0 0.184302 0.289988 0.082464 0.147014
0 0.740018 0.701917 0.082573 0.149889
0 0.178497 0.148856 0.083839 0.138148
0 0.314939 0.070597 0.088732 0.141194
0 0.785810 0.562044 0.077505 0.136431
0 0.141387 0.903229 0.090258 0.166449
0 0.890197 0.157880 0.077122 0.132972
0 0.954717 0.810312 0.089893 0.161773
0 0.188831 0.445139 0.072828 0.132019
0 0.572960 0.484579 0.077763 0.136991
0 0.048388 0.690488 0.067344 0.117523
0 0.665118 0.707609 0.070898 0.151782
0 0.060362 0.234025 0.085542 0.145495
0 0.223750 0.741164 0.076156 0.133208
0 0.834641 0.248993 0.084766 0.164134
0 0.993952 0.261403 0.011258 0.146259
0 0.843371 0.988502 0.076586 0.021171
