0 0.724906 0.947988 0.077740 0.102856
0 0.930406 0.808625 0.083047 0.151130
0 0.217180 0.355118 0.085495 0.150847
0 0.509587 0.058931 0.088544 0.117861
0 0.451352 0.879775 0.092411 0.146245
0 0.063247 0.486731 0.096026 0.153796
0 0.577578 0.940762 0.085297 0.117597
0 0.343137 0.226028 0.092898 0.145898
0 0.278540 0.726194 0.082023 0.149463
0 0.813497 0.169505 0.110469 0.154806
0 0.168639 0.098866 0.089930 0.162509
0 0.178809 0.838963 0.086753 0.138972
0 0.030543 0.943076 0.061086 0.113847
0 0.871003 0.393259 0.082594 0.135620
0 0.588691 0.262954 0.071654 0.115519
0 0.435641 0.739718 0.086531 0.142139
0 0.461408 0.270611 0.093810 0.144083
0 0.075618 0.036725 0.094258 0.073449
0 0.229971 0.511940 0.100146 0.162389
0 0.340025 0.768824 0.065773 0.118843
0 0.086970 0.843481 0.098044 0.163074
0 0.740109 0.701778 0.102318 0.178750
0 0.381085 0.663278 0.078034 0.134287
0 0.597095 0.129523 0.086409 0.144074
0 0.301264 0.987160 0.081060 0.024819
0 0.645965 0.264053 0.075227 0.178282
0 0.307068 0.012465 0.086505 0.024931
0 0.273835 0.131669 0.089945 0.152264
0 0.008061 0.531736 0.016122 0.147565
0 0.574578 0.774806 0.098057 0.168676
0 0.645672 0.639817 0.091729 0.156764
0 0.844142 0.814377 0.093018 0.166968
0 0.359229 0.520852 0.103167 0.137546
0 0.587634 0.541083 0.100799 0.147898
0 0.739329 0.701725 0.103138 0.179199
0 0.332021 0.889829 0.086984 0.133769
0 0.795621 0.940701 0.074706 0.116671
0 0.893177 0.510435 0.081755 0.156185
0 0.430034 0.419204 0.095010 0.154889
0 0.584992 0.398148 0.089245 0.152176
0 0.714163 0.195769 0.087128 0.168083
0 0.958533 0.654704 0.082633 0.149954
0 0.788566 0.326111 0.088659 0.138269
0 0.116603 0.394553 0.087518 0.139847
