0 0.194841 0.105718 0.077495 0.146639
0 0.559824 0.848708 0.100669 0.127639
0 0.305676 0.536944 0.092117 0.163241
0 0.447625 0.284220 0.090536 0.155097
0 0.344178 0.878565 0.083591 0.149843
0 0.382996 0.581157 0.090482 0.186250
0 0.555208 0.612836 0.089365 0.166097
0 0.225388 0.242863 0.082927 0.145829
0 0.697033 0.936616 0.078253 0.124852
0 0.190743 0.392171 0.089638 0.144843
0 0.443867 0.766338 0.094854 0.169241
0 0.200323 0.534546 0.096188 0.154093
0 0.252991 0.650759 0.093284 0.156204
0 0.537307 0.746634 0.082016 0.132194
0 0.519121 0.205546 0.087549 0.142778
0 0.465236 0.902889 0.074326 0.119370
0 0.396208 0.948681 0.082078 0.101509
0 0.354862 0.774396 0.102401 0.153014
0 0.260113 0.837778 0.092456 0.148148
0 0.016238 0.862090 0.031492 0.150060
0 0.912001 0.983819 0.077768 0.026667
0 0.031134 0.930738 0.062268 0.137060
0 0.022471 0.172044 0.043526 0.151356
0 0.154178 0.950229 0.099674 0.097875
0 0.292339 0.971019 0.088927 0.057648
0 0.022017 0.511970 0.043893 0.179968
0 0.020749 0.392271 0.039654 0.145671
0 0.018680 0.060664 0.037359 0.119875
0 0.225906 0.030771 0.088198 0.061542
0 0.075962 0.082500 0.109331 0.163398
0 0.034803 0.305315 0.069607 0.163269
0 0.032240 0.767634 0.063563 0.146417
0 0.313658 0.043273 0.101794 0.086546
0 0.074298 0.219106 0.105268 0.144694
0 0.843243 0.956148 0.100299 0.084639
0 0.060984 0.499984 0.079484 0.160773
0 0.028211 0.641405 0.054833 0.157199
0 0.330702 0.327586 0.084201 0.171523
0 0.649870 0.759160 0.073693 0.219449
0 0.085915 0.784451 0.082695 0.152718
0 0.095448 0.318225 0.108333 0.133292
0 0.605065 0.681718 0.085818 0.188741
0 0.156135 0.866729 0.093266 0.145560
0 0.471915 0.057382 0.094591 0.113366
0 0.376859 0.246456 0.094036 0.168477
0 0.099318 0.419023 0.113521 0.161574
0 0.362426 0.109356 0.102060 0.153083
0 0.524336 0.949609 0.080000 0.099171
0 0.164113 0.740449 0.096612 0.161750
0 0.277536 0.327354 0.087245 0.142718
0 0.265723 0.121949 0.094201 0.167806
0 0.125195 0.158257 0.094990 0.143421
0 0.105678 0.575468 0.090862 0.135509
0 0.538565 0.075873 0.085182 0.151745
0 0.306339 0.194789 0.079807 0.128810
0 0.396191 0.384028 0.084482 0.161111
0 0.528917 0.325310 0.095250 0.160565
0 0.151260 0.020414 0.089250 0.040829
0 0.116919 0.669377 0.106203 0.153060
0 0.477492 0.568424 0.095469 0.151569
1 0.461688 0.414528 0.090151 0.151139
0 0.434445 0.155194 0.093740 0.136500
0 0.584499 0.946627 0.091867 0.105153
0 0.634585 0.902852 0.080628 0.129648
0 0.458398 0.974375 0.084594 0.045324
1 0.529577 0.476931 0.084586 0.155444
0 0.090210 0.912343 0.081982 0.146546
