0 0.350027 0.363250 0.093966 0.146602
0 0.836389 0.412062 0.090008 0.158384
0 0.494902 0.450634 0.107622 0.147722
0 0.976655 0.160553 0.045497 0.153468
0 0.255014 0.724887 0.088831 0.174736
0 0.230072 0.410164 0.101461 0.171931
0 0.861178 0.051273 0.101414 0.102546
0 0.660680 0.076458 0.102396 0.152917
0 0.164824 0.953431 0.087221 0.093139
0 0.786307 0.946593 0.090568 0.100824
0 0.362961 0.927095 0.089927 0.145153
0 0.951008 0.029632 0.091604 0.059264
0 0.639961 0.960808 0.077620 0.075116
0 0.986743 0.689715 0.025997 0.160440
0 0.562898 0.032164 0.091990 0.064079
0 0.056837 0.962451 0.100107 0.069560
0 0.009844 0.930701 0.018375 0.136301
0 0.009891 0.234211 0.019302 0.143690
0 0.111828 0.673667 0.086693 0.156796
1 0.303367 0.963234 0.089318 0.073532
0 0.816835 0.251944 0.087029 0.156194
0 0.473725 0.065984 0.098346 0.131968
0 0.048402 0.736461 0.094841 0.184153
0 0.615905 0.297808 0.103940 0.172579
0 0.949790 0.850572 0.093773 0.176755
0 0.904266 0.236634 0.100698 0.165241
0 0.854738 0.871653 0.099122 0.169787
0 0.489977 0.331433 0.090047 0.141273
0 0.561582 0.380428 0.090904 0.164560
0 0.538488 0.971933 0.094794 0.050116
0 0.062224 0.881977 0.094615 0.146111
0 0.461318 0.837887 0.088859 0.167069
0 0.983792 0.293220 0.032417 0.155894
0 0.478221 0.672475 0.091448 0.170884
0 0.588464 0.856910 0.096182 0.160579
0 0.047104 0.389361 0.091411 0.166185
1 0.391923 0.682975 0.075898 0.158560
1 0.432858 0.564810 0.090711 0.153926
1 0.307272 0.841289 0.096669 0.159940
1 0.320182 0.657674 0.098458 0.199856
1 0.894521 0.739745 0.099667 0.174472
0 0.103284 0.553877 0.096062 0.166255
0 0.098865 0.295225 0.094370 0.163653
0 0.564496 0.208604 0.097378 0.165829
0 0.036577 0.519653 0.073154 0.162000
0 0.133969 0.426975 0.108172 0.164153
0 0.910995 0.110463 0.099901 0.154370
0 0.443693 0.221676 0.101615 0.151574
0 0.853648 0.616058 0.094161 0.165532
0 0.913589 0.459579 0.097339 0.167722
0 0.404979 0.434542 0.099849 0.183620
0 0.185586 0.774912 0.086094 0.147352
