0 0.855375 0.366682 0.079516 0.107906
0 0.658064 0.069138 0.072418 0.094391
0 0.120963 0.876089 0.066090 0.090198
0 0.408912 0.769859 0.063762 0.082500
0 0.474857 0.273201 0.057590 0.079339
0 0.671684 0.245083 0.081211 0.110469
0 0.778367 0.719367 0.073414 0.094557
0 0.482080 0.799273 0.070941 0.089766
0 0.731992 0.953820 0.068234 0.087286
0 0.794268 0.912065 0.072410 0.100682
0 0.692469 0.510695 0.063773 0.095578
0 0.887959 0.270216 0.073441 0.097807
0 0.189213 0.648693 0.067918 0.081927
0 0.442953 0.394596 0.053258 0.078109
0 0.910393 0.745214 0.057199 0.102073
0 0.279342 0.739070 0.067855 0.098943
0 0.581090 0.602505 0.074977 0.094583
0 0.236100 0.917128 0.072918 0.077464
0 0.517846 0.033734 0.065840 0.067125
0 0.967822 0.721130 0.058918 0.095062
0 0.955664 0.891253 0.086844 0.111755
0 0.927654 0.092930 0.081762 0.106057
0 0.731869 0.589346 0.064254 0.084984
0 0.191096 0.846190 0.069746 0.111266
0 0.917951 0.416039 0.072613 0.097547
0 0.319580 0.548240 0.077652 0.085073
0 0.323730 0.058427 0.071820 0.101427
0 0.260316 0.637581 0.072836 0.109786
0 0.090014 0.181320 0.077434 0.078120
0 0.518266 0.705315 0.075687 0.096964
0 0.670797 0.626659 0.067055 0.113568
0 0.603617 0.444531 0.078680 0.105760
0 0.118734 0.258268 0.073500 0.091818
0 0.824256 0.567198 0.076949 0.118448
0 0.958998 0.525945 0.067262 0.087672
0 0.578777 0.510365 0.077758 0.087469
0 0.275039 0.462529 0.067375 0.095745
0 0.560033 0.855760 0.077777 0.114760
0 0.043770 0.938383 0.076594 0.090359
0 0.055541 0.566128 0.066020 0.090214
0 0.566432 0.227958 0.079496 0.099104
0 0.850854 0.711714 0.065988 0.091219
0 0.790916 0.451781 0.075520 0.095198
0 0.247229 0.302503 0.072168 0.094391
0 0.310898 0.154133 0.077969 0.096161
0 0.289896 0.957992 0.058746 0.080734
0 0.033533 0.842833 0.067027 0.107229
0 0.137215 0.095987 0.069414 0.102911
0 0.203752 0.091654 0.064473 0.084672
0 0.171289 0.344104 0.067602 0.109219
0 0.885879 0.625232 0.063867 0.087120
0 0.623016 0.017714 0.087336 0.035427
0 0.995781 0.541531 0.008437 0.087115
0 0.925670 0.987557 0.065676 0.024885
0 0.992967 0.027203 0.013715 0.054406
0 0.995959 0.686552 0.008082 0.088885
0 0.156127 0.991044 0.067254 0.017578
0 0.017996 0.012029 0.035461 0.023630
0 0.116937 0.987174 0.071453 0.025099
0 0.085410 0.040216 0.077359 0.080432
0 0.993156 0.331362 0.013687 0.106672
0 0.329754 0.366302 0.064984 0.093969
0 0.359066 0.385266 0.080117 0.099750
0 0.964064 0.118883 0.067504 0.083328
0 0.778312 0.986995 0.072469 0.026010
0 0.147215 0.009714 0.070563 0.019052
0 0.008607 0.691919 0.016973 0.094974
0 0.967834 0.196299 0.064332 0.110172
0 0.958779 0.974526 0.068051 0.050948
0 0.054240 0.039419 0.067676 0.077474
0 0.393061 0.298805 0.086699 0.095807
0 0.984262 0.595310 0.031477 0.086870
0 0.738891 0.066708 0.071125 0.107281
0 0.725092 0.490422 0.061301 0.103281
0 0.199398 0.565904 0.073570 0.083568
0 0.838055 0.052997 0.072391 0.088151
0 0.158389 0.562063 0.080746 0.088875
0 0.344545 0.910583 0.077934 0.096823
0 0.027143 0.223661 0.054285 0.095646
0 0.337775 0.650471 0.077348 0.098745
0 0.681135 0.766417 0.075082 0.108687
0 0.806123 0.035997 0.069277 0.071901
0 0.777742 0.357747 0.073195 0.094411
0 0.150748 0.723549 0.070816 0.097589
0 0.709357 0.201919 0.082980 0.091859
0 0.382111 0.456591 0.072605 0.095974
0 0.396773 0.116992 0.077664 0.090984
0 0.393045 0.668482 0.087105 0.122349
0 0.115496 0.737513 0.062289 0.081734
0 0.628418 0.934326 0.069289 0.099286
0 0.259598 0.032247 0.066859 0.064464
0 0.816662 0.161643 0.084887 0.090193
0 0.489445 0.542307 0.071859 0.087292
