0 0.725465 0.564456 0.103078 0.150505
0 0.518291 0.334104 0.111527 0.144802
0 0.429953 0.609367 0.121281 0.154380
0 0.333492 0.654703 0.104352 0.140219
0 0.132449 0.394094 0.111555 0.132156
0 0.099160 0.147266 0.111117 0.143250
0 0.197084 0.137979 0.100699 0.163990
0 0.006863 0.401221 0.013727 0.122161
0 0.032564 0.884448 0.064918 0.124708
0 0.756576 0.484841 0.095988 0.127245
0 0.923879 0.452102 0.105492 0.142276
0 0.968541 0.039523 0.062918 0.078568
0 0.537949 0.462833 0.118859 0.138490
0 0.874490 0.046049 0.109535 0.091411
0 0.038914 0.212357 0.077828 0.136589
0 0.028297 0.083193 0.056594 0.151406
0 0.194109 0.573438 0.101164 0.133531
0 0.060424 0.512435 0.114723 0.141651
0 0.199016 0.281229 0.121617 0.140000
0 0.692078 0.212604 0.095961 0.136521
0 0.765141 0.034435 0.111047 0.068870
0 0.306779 0.024620 0.100051 0.049240
0 0.025281 0.803229 0.050336 0.123885
0 0.979635 0.709005 0.040551 0.139635
0 0.571906 0.045711 0.115695 0.089891
0 0.604047 0.981773 0.098375 0.036453
0 0.099818 0.977982 0.106582 0.043828
0 0.973506 0.919440 0.052754 0.125568
0 0.589502 0.331125 0.101605 0.154812
0 0.807146 0.285117 0.108465 0.151422
0 0.279795 0.373305 0.113441 0.140370
0 0.321580 0.922849 0.094840 0.142187
0 0.993738 0.386161 0.012523 0.128979
0 0.889258 0.754492 0.100703 0.142766
0 0.964176 0.979969 0.070945 0.039979
0 0.021463 0.680341 0.042699 0.131828
0 0.146799 0.043656 0.129793 0.086865
0 0.434406 0.206039 0.105555 0.144432
0 0.423184 0.053456 0.099859 0.106911
0 0.048621 0.340107 0.097242 0.138901
0 0.539262 0.582779 0.111039 0.126391
0 0.614572 0.779198 0.114012 0.148635
0 0.509809 0.797677 0.113367 0.149615
0 0.116654 0.658448 0.102262 0.143292
0 0.662295 0.426789 0.102480 0.135859
0 0.845752 0.944943 0.110770 0.109469
0 0.562076 0.913078 0.121535 0.147094
0 0.628895 0.122992 0.110352 0.149536
0 0.816920 0.595117 0.111973 0.153068
0 0.191602 0.823133 0.115633 0.154505
0 0.376678 0.307208 0.110770 0.143854
0 0.418951 0.948917 0.119715 0.101906
0 0.285518 0.530508 0.101285 0.138193
0 0.698312 0.914154 0.107531 0.135651
0 0.204283 0.699971 0.098090 0.141328
0 0.815207 0.804635 0.111125 0.148417
0 0.931248 0.630133 0.105895 0.150984
1 0.587209 0.662745 0.102113 0.127385
