0 0.788167 0.073188 0.106052 0.146375
1 0.767454 0.327245 0.074586 0.132759
0 0.127410 0.353833 0.168987 0.152704
0 0.005668 0.576174 0.011128 0.145199
0 0.006594 0.928461 0.013187 0.137440
0 0.541540 0.022509 0.100388 0.045019
0 0.006701 0.757037 0.013401 0.156315
0 0.011023 0.230012 0.021990 0.147866
1 0.272365 0.422042 0.081927 0.145102
0 0.978357 0.401764 0.042750 0.159861
0 0.288229 0.528123 0.106781 0.124356
0 0.304409 0.953153 0.080516 0.091944
0 0.025594 0.366252 0.051188 0.141718
0 0.525544 0.100028 0.092047 0.144472
0 0.235505 0.303560 0.099453 0.173148
0 0.307268 0.645586 0.105823 0.169514
0 0.750970 0.471556 0.085076 0.152324
0 0.433372 0.949648 0.083349 0.099361
0 0.456422 0.567956 0.074099 0.163366
0 0.091702 0.053366 0.085617 0.105148
0 0.065867 0.947891 0.082729 0.103125
0 0.235915 0.157681 0.081560 0.147574
0 0.426569 0.832220 0.085820 0.156875
0 0.591242 0.524150 0.082172 0.150968
0 0.661267 0.936715 0.086294 0.126384
0 0.613805 0.115931 0.094552 0.168630
0 0.905030 0.262060 0.094966 0.154444
0 0.922010 0.404856 0.099104 0.160583
0 0.344294 0.855093 0.082151 0.149926
0 0.374828 0.077889 0.085849 0.145704
0 0.664311 0.424424 0.084216 0.143069
0 0.124854 0.477766 0.086464 0.134653
0 0.865889 0.127731 0.096174 0.175287
0 0.531678 0.420646 0.086549 0.143634
0 0.960565 0.528718 0.078583 0.147241
0 0.046612 0.571856 0.085177 0.158167
0 0.131807 0.628454 0.083318 0.148602
0 0.861223 0.603083 0.087997 0.140657
0 0.242508 0.688030 0.080063 0.141375
0 0.664616 0.254187 0.096669 0.154708
0 0.079719 0.181653 0.076297 0.130157
0 0.082398 0.361843 0.080276 0.161528
0 0.190991 0.553630 0.082898 0.151861
0 0.168521 0.336440 0.085516 0.150028
0 0.255901 0.812266 0.091401 0.146755
0 0.514227 0.655285 0.084010 0.152171
0 0.728970 0.154877 0.089492 0.154310
0 0.472421 0.357852 0.092888 0.158444
0 0.720340 0.764190 0.089602 0.166926
0 0.123081 0.856634 0.093875 0.160630
0 0.671628 0.560354 0.081813 0.144134
0 0.844246 0.475081 0.089977 0.150875
0 0.768855 0.605803 0.091648 0.150208
0 0.552108 0.247701 0.083888 0.147384
0 0.161665 0.176558 0.088237 0.162458
0 0.384409 0.584479 0.092333 0.155218
0 0.326583 0.319155 0.086698 0.146856
0 0.176512 0.755431 0.092242 0.172435
