0 0.081187 0.971042 0.098010 0.053056
0 0.475253 0.235785 0.081880 0.188690
0 0.212777 0.415646 0.066924 0.170931
0 0.104083 0.792690 0.072932 0.189972
0 0.397448 0.100012 0.084688 0.159356
0 0.576473 0.634215 0.086919 0.166606
0 0.284949 0.440743 0.079930 0.147755
0 0.042298 0.776391 0.072258 0.173347
0 0.888380 0.278701 0.073432 0.193106
0 0.508456 0.569870 0.072312 0.118963
0 0.669746 0.094822 0.077065 0.171403
1 0.821337 0.300123 0.097430 0.212958
0 0.164665 0.376176 0.056081 0.234194
0 0.899176 0.100688 0.082393 0.201227
0 0.619089 0.968463 0.088193 0.061546
0 0.280049 0.187005 0.082234 0.146120
0 0.294053 0.307606 0.107034 0.139176
0 0.629362 0.867935 0.085443 0.163176
0 0.545694 0.978498 0.079799 0.041616
0 0.062268 0.915498 0.079286 0.132662
0 0.199626 0.545803 0.068930 0.146440
0 0.963616 0.094831 0.072523 0.171227
0 0.957025 0.232539 0.085753 0.157468
0 0.117220 0.463431 0.071180 0.201463
0 0.530990 0.733373 0.085958 0.166616
0 0.073850 0.356225 0.081185 0.173199
0 0.141672 0.575808 0.063438 0.181653
0 0.162930 0.740333 0.077932 0.202139
0 0.366094 0.018030 0.089271 0.034949
