0 0.495812 0.432628 0.070758 0.102901
0 0.514779 0.798651 0.073676 0.108969
0 0.888355 0.587062 0.077922 0.096562
1 0.499494 0.559898 0.087988 0.118370
0 0.176150 0.941708 0.079059 0.116187
0 0.159865 0.842180 0.072754 0.106349
0 0.704832 0.492773 0.074148 0.098328
0 0.819947 0.854536 0.076918 0.103604
0 0.434900 0.706326 0.080840 0.116151
0 0.860240 0.678049 0.071777 0.112474
0 0.856445 0.777029 0.072828 0.102411
0 0.620293 0.770490 0.091375 0.110833
0 0.108295 0.925109 0.074199 0.087719
0 0.573195 0.035055 0.074781 0.069443
0 0.357672 0.410703 0.078477 0.104677
0 0.326486 0.009258 0.077410 0.018516
0 0.994396 0.362477 0.011090 0.084828
0 0.472779 0.987997 0.078238 0.023651
0 0.009014 0.078036 0.017918 0.080385
0 0.337748 0.267005 0.073176 0.121865
0 0.569449 0.477294 0.072641 0.092099
0 0.747027 0.835513 0.073055 0.093776
0 0.991930 0.849839 0.014453 0.096146
0 0.920920 0.892076 0.091316 0.092432
0 0.491559 0.169255 0.077766 0.100042
0 0.909150 0.825784 0.074355 0.094182
0 0.593646 0.678193 0.068965 0.117635
0 0.029131 0.786414 0.058262 0.085859
0 0.627934 0.018997 0.070328 0.037995
0 0.963703 0.977891 0.071789 0.044219
0 0.301201 0.880914 0.073910 0.099672
0 0.023160 0.027102 0.045445 0.053453
0 0.809732 0.516625 0.078418 0.091229
0 0.032396 0.914044 0.064793 0.105516
0 0.802514 0.966586 0.089980 0.066828
0 0.935041 0.115763 0.073168 0.099901
0 0.103736 0.621927 0.077598 0.114167
0 0.068344 0.039552 0.078016 0.077219
0 0.978346 0.675172 0.040926 0.093760
0 0.575121 0.406542 0.083375 0.106156
0 0.646842 0.965951 0.081285 0.068099
0 0.035066 0.727477 0.070133 0.100620
0 0.921883 0.664539 0.072539 0.096703
0 0.924586 0.751292 0.076820 0.097740
0 0.141271 0.667198 0.073340 0.094885
0 0.879037 0.089862 0.073824 0.107505
0 0.320801 0.672685 0.071453 0.097370
0 0.725994 0.402549 0.083574 0.103359
0 0.197721 0.298885 0.073105 0.102521
0 0.664600 0.816680 0.071746 0.088151
0 0.422783 0.181315 0.076379 0.104620
0 0.596334 0.565331 0.082441 0.104068
0 0.600775 0.330359 0.083543 0.104094
0 0.982527 0.437966 0.034937 0.092349
0 0.235416 0.942076 0.082840 0.115849
0 0.407225 0.026805 0.065223 0.053609
0 0.985254 0.928141 0.028430 0.085906
0 0.609355 0.096971 0.079125 0.093609
0 0.060703 0.973940 0.072219 0.052120
0 0.545844 0.613581 0.077352 0.099036
0 0.717354 0.118932 0.074332 0.097521
0 0.062059 0.133664 0.074992 0.101797
0 0.978219 0.763940 0.043562 0.101901
0 0.380242 0.974086 0.079023 0.051828
0 0.718326 0.315557 0.093512 0.104198
0 0.505371 0.957674 0.085570 0.084651
0 0.052764 0.553852 0.084910 0.097682
0 0.578111 0.969846 0.076777 0.060307
0 0.140697 0.247589 0.078293 0.092396
0 0.243148 0.445349 0.074805 0.107333
0 0.434172 0.381984 0.074359 0.101833
0 0.720475 0.965763 0.079652 0.068474
0 0.017398 0.153018 0.034797 0.099557
0 0.935373 0.208607 0.092301 0.103411
0 0.361756 0.531047 0.081465 0.104167
0 0.425041 0.951318 0.086348 0.097365
0 0.098328 0.196456 0.066187 0.087849
0 0.291346 0.458393 0.078738 0.097630
0 0.633559 0.507956 0.078414 0.089443
0 0.357197 0.639331 0.073199 0.098161
0 0.749906 0.578919 0.084617 0.102307
0 0.265104 0.609573 0.075012 0.094323
0 0.458270 0.297695 0.066500 0.100193
0 0.409203 0.789617 0.086656 0.099099
0 0.746686 0.242859 0.076301 0.095958
0 0.394613 0.301648 0.064219 0.115984
0 0.643629 0.426943 0.080398 0.109948
0 0.369744 0.063529 0.072301 0.098089
0 0.809129 0.623279 0.077320 0.109682
0 0.443635 0.887086 0.077879 0.103703
0 0.980684 0.260846 0.038633 0.123766
0 0.283316 0.348862 0.074227 0.102818
0 0.543502 0.254523 0.077238 0.088672
0 0.378783 0.864828 0.074004 0.095375
0 0.020832 0.442172 0.040969 0.103417
0 0.070057 0.285255 0.078129 0.111104
0 0.672391 0.239203 0.071953 0.090938
0 0.202045 0.704898 0.081543 0.112339
0 0.534367 0.703667 0.074266 0.099354
0 0.445869 0.487443 0.077629 0.101250
0 0.764959 0.057867 0.075473 0.115734
0 0.643029 0.658120 0.082301 0.108125
0 0.735477 0.667638 0.077320 0.099318
0 0.817402 0.083807 0.073539 0.123750
0 0.229260 0.162469 0.075684 0.106906
0 0.781305 0.443232 0.074477 0.087839
0 0.561646 0.162979 0.076488 0.093865
0 0.095689 0.822672 0.066840 0.111344
0 0.024117 0.288461 0.046086 0.117828
0 0.716096 0.752159 0.080473 0.104005
0 0.333383 0.800562 0.075750 0.098427
0 0.882668 0.437682 0.079844 0.108802
0 0.794021 0.315214 0.078051 0.110521
0 0.691254 0.900753 0.082953 0.111318
0 0.044811 0.848573 0.070996 0.100990
0 0.907543 0.960370 0.087031 0.079260
0 0.883115 0.298211 0.078535 0.107464
0 0.288891 0.539229 0.081086 0.094583
0 0.522195 0.895786 0.066398 0.086990
0 0.215937 0.803878 0.079484 0.111901
0 0.956244 0.339240 0.077613 0.103198
0 0.589172 0.895414 0.081438 0.104526
0 0.819607 0.195289 0.075934 0.095505
0 0.307076 0.960914 0.087191 0.078172
0 0.178211 0.562010 0.081344 0.116313
0 0.951033 0.530221 0.080746 0.103526
0 0.506154 0.061466 0.077457 0.099839
0 0.268590 0.705198 0.074359 0.109656
0 0.201646 0.044346 0.076066 0.088693
