0 0.708270 0.705424 0.064406 0.089495
0 0.862000 0.434500 0.071953 0.098302
0 0.555377 0.915401 0.074238 0.093417
0 0.869627 0.690971 0.068090 0.116339
0 0.120381 0.662021 0.065574 0.087927
0 0.319006 0.031086 0.075066 0.062172
0 0.768658 0.663273 0.065395 0.094797
0 0.003711 0.811305 0.006687 0.075630
0 0.765945 0.736878 0.068633 0.092755
0 0.008744 0.245781 0.017051 0.085260
0 0.154783 0.971846 0.070387 0.055193
0 0.995609 0.142193 0.008141 0.084823
0 0.325408 0.967966 0.070316 0.064068
0 0.024180 0.986388 0.048359 0.027224
0 0.696174 0.984310 0.070707 0.031380
0 0.387965 0.984000 0.065695 0.031938
0 0.729869 0.334013 0.073270 0.087245
0 0.478791 0.987586 0.071121 0.023234
0 0.258740 0.015693 0.069598 0.030885
0 0.611115 0.962992 0.067645 0.073401
0 0.381768 0.011849 0.071871 0.023698
0 0.014293 0.428255 0.026773 0.086677
0 0.015525 0.589026 0.031051 0.090885
0 0.017279 0.919029 0.034559 0.097109
0 0.929467 0.238396 0.063270 0.086927
0 0.981045 0.245112 0.037668 0.101807
0 0.205793 0.033591 0.073875 0.067182
0 0.535621 0.976081 0.061742 0.047839
0 0.824117 0.600727 0.066492 0.091505
0 0.830729 0.029167 0.071441 0.058333
0 0.772215 0.030331 0.064039 0.058995
0 0.210316 0.698393 0.074797 0.101495
0 0.970242 0.923003 0.059516 0.108297
0 0.133391 0.038680 0.073063 0.077359
0 0.448273 0.514055 0.060742 0.076766
0 0.868699 0.076065 0.065437 0.107349
0 0.217561 0.970602 0.069035 0.057224
0 0.033375 0.198677 0.066750 0.091427
0 0.669650 0.576245 0.062020 0.081646
0 0.625002 0.515875 0.068285 0.118062
0 0.906900 0.392763 0.069434 0.094359
0 0.823736 0.703219 0.065871 0.106479
0 0.051463 0.948698 0.064629 0.085313
0 0.805471 0.888044 0.069520 0.085130
0 0.630350 0.125875 0.065152 0.078031
0 0.429590 0.207484 0.061016 0.091063
0 0.919572 0.941279 0.062184 0.088536
0 0.108242 0.214927 0.066445 0.087969
0 0.592980 0.063336 0.063023 0.094120
0 0.512348 0.027036 0.075328 0.053198
0 0.647021 0.055143 0.072168 0.093745
0 0.083746 0.158393 0.069047 0.085109
0 0.282898 0.948815 0.074883 0.097891
0 0.092971 0.756089 0.067605 0.097042
0 0.174654 0.203503 0.073113 0.097984
0 0.837076 0.366177 0.069105 0.092417
0 0.601820 0.375841 0.064391 0.085214
0 0.924809 0.583995 0.070328 0.085094
0 0.571422 0.449161 0.063187 0.082687
0 0.379514 0.923112 0.070871 0.093234
0 0.978494 0.763763 0.043012 0.093453
0 0.153195 0.728773 0.063984 0.086266
0 0.540156 0.379836 0.064945 0.095318
0 0.235473 0.154143 0.075320 0.091766
0 0.755217 0.498859 0.073371 0.090052
0 0.891443 0.139435 0.086418 0.119922
0 0.814186 0.822854 0.064910 0.087354
0 0.383664 0.280333 0.073344 0.109573
0 0.253143 0.231141 0.069035 0.085031
0 0.600932 0.780516 0.065332 0.094208
0 0.685340 0.495284 0.064414 0.085307
0 0.057762 0.385971 0.066195 0.086370
0 0.522666 0.515456 0.078277 0.090328
0 0.436863 0.042971 0.073063 0.085943
0 0.041473 0.770573 0.082164 0.107021
0 0.086072 0.063284 0.074566 0.098328
0 0.535990 0.085299 0.062801 0.085224
0 0.684873 0.892612 0.068910 0.106755
0 0.088256 0.567286 0.074309 0.093844
0 0.122049 0.326930 0.060332 0.087005
0 0.667221 0.431396 0.078238 0.097708
0 0.459656 0.122414 0.073258 0.090276
0 0.387709 0.095344 0.070090 0.084927
0 0.242977 0.367169 0.064820 0.097339
0 0.612986 0.269878 0.066441 0.087901
0 0.152105 0.810773 0.068477 0.084203
0 0.583783 0.569917 0.068316 0.090979
0 0.034088 0.300318 0.065645 0.097312
0 0.577859 0.173049 0.071992 0.095495
0 0.914998 0.801969 0.080223 0.082573
0 0.328961 0.496906 0.075961 0.092667
0 0.027125 0.047068 0.054250 0.094135
0 0.054275 0.860589 0.072996 0.088927
0 0.199187 0.475034 0.071969 0.089047
0 0.664332 0.763807 0.069250 0.087042
0 0.582918 0.677859 0.078086 0.104042
0 0.621350 0.894065 0.068996 0.091130
0 0.334893 0.687208 0.067668 0.089146
0 0.374646 0.171266 0.075449 0.097500
0 0.449420 0.912719 0.074059 0.092365
0 0.809711 0.190984 0.073063 0.091510
0 0.743607 0.581549 0.076176 0.088766
0 0.420475 0.838708 0.068105 0.096510
0 0.261314 0.528615 0.070566 0.091833
0 0.969111 0.646003 0.061527 0.089964
0 0.271725 0.856896 0.071527 0.090792
0 0.343771 0.369375 0.072113 0.087104
0 0.463463 0.439617 0.074973 0.092401
0 0.847852 0.951138 0.074031 0.097599
0 0.073203 0.472422 0.073453 0.098500
0 0.714871 0.051052 0.070883 0.092396
0 0.529943 0.741451 0.078605 0.094161
0 0.296896 0.100349 0.075730 0.100365
0 0.295527 0.426732 0.075242 0.082120
0 0.358732 0.802669 0.072020 0.100630
0 0.946975 0.159620 0.074129 0.093010
0 0.496764 0.195505 0.072441 0.090458
0 0.659437 0.189391 0.059641 0.083823
0 0.506416 0.610995 0.073223 0.092646
0 0.410453 0.375914 0.071734 0.102661
0 0.478121 0.344190 0.076156 0.098495
0 0.205576 0.081003 0.076582 0.091630
0 0.651637 0.655367 0.071445 0.094005
0 0.336771 0.597052 0.071723 0.095615
0 0.930184 0.720924 0.078648 0.099057
0 0.135088 0.120617 0.069152 0.095214
0 0.721637 0.171659 0.072289 0.090005
0 0.418160 0.695667 0.072562 0.101521
0 0.813445 0.103685 0.079641 0.095797
0 0.757764 0.403557 0.073129 0.097594
0 0.204568 0.861029 0.066957 0.105724
0 0.179740 0.379091 0.073145 0.105328
0 0.323262 0.277609 0.073797 0.098458
0 0.128389 0.893099 0.077121 0.091719
0 0.742014 0.850688 0.073090 0.095469
0 0.768213 0.952612 0.073324 0.088589
1 0.141428 0.519982 0.084238 0.118859
0 0.901561 0.876388 0.076699 0.081755
0 0.961643 0.042458 0.071730 0.084917
