0 0.264152 0.009495 0.068154 0.018380
0 0.040797 0.980028 0.081594 0.039167
0 0.020684 0.013688 0.041263 0.026560
1 0.256723 0.456039 0.090367 0.164292
0 0.988682 0.267662 0.022635 0.142157
1 0.908879 0.753169 0.095169 0.165356
0 0.149423 0.028366 0.080477 0.056102
0 0.665207 0.969713 0.083398 0.060574
0 0.062397 0.898412 0.077872 0.146019
0 0.392573 0.941588 0.074760 0.115731
0 0.020224 0.854586 0.040203 0.150282
0 0.072867 0.047713 0.080849 0.094556
0 0.416311 0.583470 0.090680 0.132940
0 0.322104 0.947005 0.082443 0.104722
0 0.649326 0.058787 0.084703 0.116685
0 0.920555 0.453366 0.085099 0.165500
0 0.948884 0.056368 0.072560 0.111662
0 0.975262 0.774005 0.049393 0.152037
0 0.111789 0.953514 0.076297 0.092241
0 0.608000 0.236498 0.082276 0.158375
0 0.768005 0.864521 0.075578 0.168838
0 0.130314 0.840384 0.075487 0.134796
0 0.418887 0.706771 0.082201 0.139699
0 0.708253 0.921750 0.087833 0.130157
0 0.616421 0.781951 0.079721 0.160625
0 0.668082 0.185273 0.084549 0.160778
0 0.276872 0.318405 0.093141 0.165171
0 0.967967 0.939000 0.064065 0.119463
0 0.742105 0.185137 0.082482 0.159958
0 0.344191 0.701333 0.079815 0.152454
0 0.308609 0.545458 0.083260 0.153963
0 0.388945 0.822900 0.089474 0.138477
0 0.085841 0.260662 0.083562 0.136611
0 0.188932 0.499588 0.081813 0.158556
0 0.496062 0.936187 0.087677 0.127625
0 0.540620 0.744009 0.090313 0.164815
0 0.370855 0.490146 0.082888 0.161431
0 0.035332 0.322187 0.070664 0.142949
0 0.912022 0.223542 0.078372 0.148907
0 0.664615 0.689639 0.079141 0.133500
0 0.137375 0.695183 0.084005 0.162995
0 0.871372 0.937500 0.082208 0.125000
0 0.838581 0.244896 0.081937 0.164625
0 0.868680 0.532965 0.087224 0.149468
0 0.318479 0.232424 0.088531 0.154440
0 0.207283 0.623674 0.090779 0.141681
0 0.694318 0.311257 0.078401 0.133144
0 0.926008 0.882150 0.081740 0.129894
0 0.368098 0.345741 0.086732 0.147037
0 0.965298 0.167616 0.069404 0.144796
0 0.690667 0.808384 0.085948 0.141417
0 0.121345 0.109653 0.075518 0.140074
0 0.743224 0.714090 0.079885 0.151125
0 0.206318 0.316634 0.073401 0.148176
0 0.633613 0.368588 0.074143 0.132343
0 0.053952 0.759604 0.086857 0.143727
0 0.486180 0.334333 0.082896 0.147491
0 0.744001 0.409123 0.091326 0.142838
0 0.573116 0.880384 0.089747 0.148324
0 0.613922 0.582201 0.083990 0.163264
0 0.251815 0.161500 0.085500 0.159426
0 0.541125 0.256725 0.068531 0.132329
0 0.192122 0.096132 0.082318 0.155060
0 0.771354 0.294083 0.080740 0.139194
0 0.430189 0.417479 0.078336 0.146764
0 0.886155 0.352405 0.085971 0.145060
0 0.853012 0.663146 0.087716 0.142403
0 0.942923 0.608208 0.086841 0.150491
0 0.281038 0.651944 0.071357 0.126481
0 0.827824 0.795005 0.087221 0.153861
0 0.970820 0.482991 0.058359 0.131417
0 0.201514 0.760250 0.085664 0.150907
0 0.675056 0.472569 0.089529 0.161667
