0 0.595598 0.957056 0.083826 0.084769
0 0.094501 0.559644 0.081430 0.149685
0 0.140940 0.249688 0.087568 0.163069
0 0.382460 0.762813 0.078419 0.148986
0 0.381560 0.240880 0.083859 0.145602
0 0.303510 0.740722 0.088026 0.170120
0 0.316040 0.553681 0.087424 0.167852
0 0.366079 0.373567 0.088128 0.145838
0 0.423234 0.596431 0.074323 0.130667
0 0.027902 0.535021 0.055805 0.176727
0 0.359064 0.049442 0.062898 0.098884
0 0.329212 0.891310 0.081284 0.185787
0 0.393447 0.909301 0.071836 0.167370
0 0.519599 0.928067 0.081797 0.143218
0 0.114421 0.374690 0.053263 0.110306
0 0.466827 0.052238 0.072987 0.104477
0 0.052790 0.386150 0.071331 0.168606
0 0.039161 0.763174 0.075818 0.155625
0 0.561217 0.459097 0.062628 0.177009
0 0.449536 0.880303 0.057740 0.193162
0 0.494901 0.792463 0.078750 0.154167
0 0.391940 0.497641 0.089385 0.156236
0 0.480370 0.649104 0.093839 0.152468
0 0.443043 0.330771 0.083898 0.160208
0 0.018079 0.355192 0.036159 0.175495
0 0.500247 0.521704 0.079885 0.152491
0 0.470827 0.443914 0.088029 0.175431
0 0.007949 0.238164 0.015898 0.132384
0 0.503185 0.187447 0.078417 0.184921
0 0.148728 0.845896 0.077763 0.142931
0 0.005914 0.679937 0.010849 0.137097
0 0.537563 0.282572 0.094573 0.177097
0 0.556549 0.687037 0.086370 0.140861
0 0.646113 0.866579 0.092898 0.165407
1 0.612010 0.747134 0.107661 0.178120
0 0.439647 0.188921 0.083794 0.165500
0 0.568560 0.842081 0.094844 0.188421
