1 0.922527 0.191307 0.072687 0.096958
1 0.106055 0.449484 0.076852 0.101229
1 0.705338 0.095461 0.079277 0.095495
1 0.694518 0.203906 0.084184 0.098167
1 0.187234 0.276393 0.075000 0.077453
0 0.553787 0.705326 0.071418 0.093766
1 0.942652 0.926060 0.077805 0.091839
1 0.716834 0.462539 0.078035 0.099182
1 0.333689 0.419810 0.079910 0.086224
0 0.201744 0.232466 0.081512 0.084964
1 0.312729 0.530823 0.076371 0.095698
1 0.927893 0.538109 0.077699 0.120469
1 0.589572 0.228216 0.073676 0.083422
1 0.519285 0.961870 0.068156 0.075167
1 0.767756 0.860495 0.080613 0.100740
1 0.245703 0.430190 0.107828 0.114141
1 0.914316 0.869589 0.075328 0.088958
1 0.381199 0.815401 0.079484 0.106958
1 0.384658 0.119974 0.067371 0.088188
0 0.494320 0.362344 0.085484 0.111354
1 0.769508 0.274078 0.069578 0.084365
1 0.512053 0.551497 0.073488 0.096339
0 0.987840 0.360479 0.024320 0.092771
0 0.594988 0.978190 0.103000 0.043276
0 0.513318 0.319685 0.092926 0.093776
1 0.414520 0.955109 0.090023 0.088062
0 0.048021 0.147677 0.079270 0.109427
1 0.158092 0.669904 0.081035 0.120984
0 0.056797 0.619875 0.075703 0.104312
0 0.111898 0.510740 0.075445 0.108365
0 0.642000 0.012216 0.073617 0.022714
0 0.303607 0.021419 0.074809 0.041672
0 0.394877 0.970688 0.072660 0.049771
0 0.397611 0.270844 0.066902 0.091375
0 0.844762 0.985073 0.071867 0.029854
1 0.660775 0.683685 0.067590 0.099026
0 0.022926 0.463401 0.044914 0.106260
1 0.169340 0.078195 0.076359 0.099536
1 0.747754 0.670193 0.066383 0.078229
0 0.021004 0.572349 0.042008 0.079302
0 0.257742 0.093594 0.071242 0.096229
0 0.829330 0.466240 0.082832 0.106823
0 0.703770 0.031438 0.080961 0.061271
0 0.211393 0.140740 0.076363 0.099281
0 0.843508 0.186596 0.085750 0.107380
0 0.566145 0.914172 0.079492 0.108198
0 0.977875 0.511573 0.043055 0.099010
0 0.237619 0.677182 0.093762 0.116500
0 0.090758 0.734109 0.065070 0.089687
0 0.837697 0.043167 0.078762 0.086333
0 0.579951 0.282633 0.076801 0.094443
0 0.965584 0.422435 0.068832 0.105870
0 0.542668 0.806354 0.075016 0.102594
0 0.538568 0.079341 0.068309 0.086651
0 0.240506 0.854302 0.081387 0.101615
0 0.168672 0.958354 0.080719 0.083198
0 0.968523 0.860542 0.062375 0.092031
0 0.481602 0.032885 0.075992 0.064635
0 0.879854 0.943656 0.073715 0.089750
0 0.819242 0.535727 0.065797 0.094526
0 0.951268 0.333828 0.073348 0.089833
0 0.060432 0.529591 0.078340 0.103443
0 0.106279 0.601352 0.070230 0.092911
0 0.289182 0.801500 0.082996 0.101302
0 0.887584 0.626919 0.080746 0.120224
0 0.037971 0.422352 0.074848 0.095932
0 0.295473 0.327326 0.075492 0.093807
0 0.975586 0.209878 0.047977 0.105422
0 0.751145 0.944708 0.062703 0.081187
0 0.938092 0.046057 0.081434 0.090437
1 0.544986 0.626924 0.068895 0.091016
0 0.306934 0.481034 0.075703 0.089193
0 0.693957 0.623469 0.087016 0.104083
0 0.015963 0.234026 0.029566 0.093865
1 0.424105 0.248461 0.091328 0.111255
0 0.112623 0.990224 0.070277 0.019552
0 0.920053 0.974214 0.109754 0.050604
1 0.607895 0.672924 0.074984 0.116693
0 0.256758 0.018479 0.068969 0.036365
0 0.800004 0.336083 0.087203 0.096812
0 0.133566 0.271896 0.076289 0.124792
0 0.016314 0.858359 0.032629 0.106958
0 0.618719 0.837367 0.104914 0.108818
0 0.680393 0.113315 0.068074 0.096182
0 0.506840 0.763883 0.081281 0.096505
0 0.416252 0.024992 0.076293 0.049026
0 0.384143 0.050789 0.072559 0.093286
0 0.924115 0.133810 0.074895 0.088641
0 0.096754 0.110336 0.092414 0.102109
1 0.158580 0.553510 0.065230 0.093448
0 0.215695 0.065263 0.069484 0.091474
0 0.296248 0.970943 0.094699 0.057927
1 0.022082 0.673469 0.043602 0.113573
0 0.680592 0.401417 0.070629 0.089979
0 0.043789 0.977016 0.066398 0.043792
0 0.017180 0.348177 0.034359 0.111458
1 0.034316 0.048779 0.068633 0.097286
0 0.700867 0.333044 0.073625 0.093193
0 0.032871 0.599870 0.064805 0.087594
0 0.983973 0.019974 0.032055 0.039948
0 0.012502 0.965542 0.025004 0.068917
0 0.649523 0.416807 0.071172 0.088615
0 0.778898 0.976958 0.085758 0.042344
0 0.179941 0.019664 0.080367 0.038370
0 0.904391 0.743831 0.075539 0.099516
0 0.060760 0.236885 0.076645 0.089594
0 0.583365 0.488607 0.071676 0.092234
0 0.971172 0.790932 0.056273 0.096240
0 0.615914 0.075729 0.075711 0.101031
0 0.832439 0.721156 0.073887 0.096479
0 0.972811 0.594273 0.052199 0.085828
0 0.810670 0.126104 0.075426 0.102104
0 0.911234 0.448026 0.074625 0.095729
0 0.406410 0.550539 0.071180 0.091203
0 0.954398 0.686164 0.088727 0.103328
0 0.769629 0.062622 0.072437 0.097870
0 0.447137 0.450060 0.070102 0.101474
0 0.092771 0.357096 0.084191 0.094901
0 0.312193 0.665477 0.073535 0.088641
0 0.364268 0.718898 0.073316 0.100297
0 0.185271 0.370331 0.073855 0.093797
0 0.648568 0.492458 0.075980 0.098542
0 0.491172 0.853086 0.067922 0.088474
0 0.214719 0.589784 0.081000 0.096672
0 0.445322 0.798953 0.075035 0.088802
0 0.248670 0.521891 0.071332 0.094542
0 0.866965 0.383565 0.088641 0.107224
0 0.369959 0.358828 0.070965 0.096615
0 0.459459 0.166432 0.070340 0.088198
0 0.513117 0.458469 0.082453 0.102073
0 0.371521 0.184766 0.066707 0.083979
0 0.169691 0.464193 0.070617 0.100677
0 0.539383 0.163909 0.087516 0.106380
0 0.743662 0.148404 0.078777 0.097661
0 0.773580 0.525133 0.068301 0.095870
0 0.627936 0.168956 0.080121 0.098068
0 0.179955 0.879214 0.068418 0.096510
0 0.389625 0.440185 0.066398 0.102411
0 0.439033 0.086964 0.077020 0.102448
0 0.317293 0.902935 0.074242 0.087411
0 0.229824 0.939607 0.077570 0.092984
0 0.123084 0.904784 0.070395 0.098464
0 0.455229 0.600990 0.073316 0.096542
0 0.755455 0.401279 0.072480 0.093964
0 0.147219 0.781172 0.082000 0.119833
0 0.313311 0.159424 0.072316 0.112901
0 0.855729 0.274930 0.080184 0.099984
0 0.816986 0.629169 0.080645 0.106339
0 0.508096 0.237766 0.066801 0.094052
0 0.649406 0.277406 0.079984 0.098906
0 0.583521 0.401112 0.067426 0.086432
0 0.654602 0.910143 0.081836 0.099193
0 0.632670 0.356521 0.068621 0.092271
0 0.040535 0.741815 0.071422 0.096422
0 0.257273 0.201888 0.070383 0.088599
0 0.481646 0.675987 0.084191 0.094932
0 0.682088 0.761263 0.079324 0.100214
0 0.062926 0.877763 0.078836 0.121620
0 0.747512 0.771505 0.074852 0.106385
0 0.352918 0.595763 0.081570 0.101734
0 0.379980 0.893831 0.068234 0.094839
0 0.808299 0.925023 0.082887 0.086807
0 0.431891 0.667094 0.073742 0.092844
0 0.718334 0.882268 0.073285 0.096641
1 0.969451 0.087961 0.061098 0.093141
0 0.840305 0.819224 0.073211 0.115708
0 0.085396 0.024411 0.090590 0.046583
0 0.541555 0.026432 0.089273 0.051750
0 0.322148 0.314143 0.072500 0.100391
0 0.698168 0.979240 0.079523 0.040354
