0 0.798865 0.298741 0.081016 0.140676
0 0.705444 0.868889 0.092258 0.136778
0 0.198691 0.820961 0.081586 0.141755
0 0.499094 0.837396 0.082219 0.137292
0 0.531065 0.230722 0.089005 0.141278
0 0.949057 0.843951 0.082578 0.137894
0 0.083738 0.514583 0.078076 0.150676
0 0.173174 0.067616 0.086099 0.135157
0 0.910741 0.508264 0.077612 0.152019
0 0.509095 0.343556 0.086128 0.128889
0 0.169727 0.667144 0.082271 0.146704
0 0.040042 0.901889 0.080000 0.154296
0 0.210021 0.543421 0.085151 0.147296
0 0.250788 0.649597 0.084206 0.130620
0 0.157512 0.923537 0.092622 0.149500
0 0.222654 0.175972 0.086677 0.135898
0 0.053608 0.316803 0.087680 0.152505
0 0.609169 0.102262 0.083474 0.149338
0 0.518417 0.473671 0.090755 0.143398
0 0.610522 0.486053 0.081133 0.155394
0 0.789616 0.516630 0.095138 0.155852
0 0.806990 0.917678 0.087146 0.159106
0 0.670760 0.611745 0.086229 0.139324
0 0.896103 0.069674 0.087227 0.138903
0 0.387977 0.779076 0.088016 0.156310
0 0.372417 0.187222 0.086271 0.141009
0 0.037570 0.157106 0.074786 0.138296
0 0.475092 0.117600 0.083143 0.145449
0 0.954837 0.360618 0.083888 0.139199
0 0.951130 0.222417 0.089875 0.144648
0 0.563908 0.597236 0.084930 0.132694
0 0.940732 0.702632 0.084589 0.147644
0 0.716500 0.258743 0.086828 0.144181
0 0.633807 0.231153 0.092182 0.143833
0 0.366940 0.324370 0.079938 0.135796
0 0.261405 0.291227 0.086279 0.144028
0 0.426187 0.412373 0.085422 0.149940
0 0.350491 0.494220 0.092982 0.172579
0 0.867874 0.624826 0.084862 0.143569
0 0.845654 0.189507 0.086057 0.142005
0 0.688023 0.470382 0.081865 0.151449
0 0.168001 0.357630 0.091430 0.130148
0 0.262305 0.774618 0.096391 0.143662
0 0.283751 0.984278 0.085201 0.028824
0 0.990181 0.547884 0.019638 0.141685
0 0.419990 0.016324 0.086609 0.030241
0 0.629068 0.979519 0.093599 0.036935
0 0.112453 0.014762 0.081578 0.028829
0 0.013217 0.260141 0.026435 0.151208
0 0.987298 0.099894 0.025076 0.147806
0 0.962579 0.026162 0.074471 0.052324
0 0.536635 0.965062 0.113104 0.068949
0 0.014799 0.755169 0.029531 0.166338
0 0.717016 0.967069 0.093568 0.065861
0 0.897193 0.963079 0.075094 0.072824
0 0.565443 0.041678 0.085661 0.083227
0 0.828355 0.678854 0.082086 0.131162
0 0.124176 0.190572 0.086331 0.122412
0 0.119542 0.331757 0.077880 0.166792
0 0.031529 0.046606 0.063057 0.092620
0 0.502150 0.701831 0.106227 0.139403
0 0.966243 0.952644 0.067513 0.094713
0 0.388357 0.982803 0.094995 0.033088
0 0.680227 0.744889 0.103615 0.141769
0 0.750874 0.401824 0.096034 0.139611
0 0.879250 0.869539 0.078198 0.122042
0 0.078842 0.769556 0.092701 0.145111
0 0.154728 0.471449 0.094581 0.149167
0 0.081539 0.658049 0.086490 0.140273
0 0.688251 0.098065 0.080674 0.159972
0 0.992559 0.418859 0.014883 0.127125
0 0.627094 0.823264 0.084521 0.147093
0 0.357793 0.060877 0.085716 0.121384
0 0.267967 0.420639 0.100044 0.141685
0 0.392400 0.648625 0.067633 0.111472
0 0.967721 0.650711 0.064479 0.135023
0 0.991296 0.760391 0.017409 0.145912
0 0.811198 0.020729 0.088427 0.040384
0 0.087457 0.979257 0.098492 0.040708
0 0.996070 0.256954 0.007859 0.118148
