0 0.701625 0.969596 0.100687 0.060807
0 0.056846 0.199336 0.112012 0.136818
0 0.185721 0.497266 0.101207 0.128708
0 0.971871 0.748260 0.056258 0.145719
0 0.032232 0.555979 0.064027 0.120792
0 0.192289 0.030568 0.105875 0.060844
0 0.380348 0.599336 0.121609 0.131172
0 0.038650 0.031253 0.077301 0.061505
0 0.916225 0.771013 0.089309 0.121234
0 0.030848 0.804432 0.061695 0.139719
0 0.786295 0.118956 0.101652 0.131578
0 0.797123 0.461974 0.100676 0.147969
0 0.731750 0.739766 0.099344 0.141042
0 0.528836 0.934432 0.104023 0.130687
0 0.570338 0.309047 0.106316 0.132719
0 0.403459 0.848951 0.097848 0.145057
0 0.962885 0.477307 0.074113 0.138854
0 0.396352 0.482927 0.104062 0.138781
0 0.933490 0.097594 0.105543 0.129990
0 0.948596 0.345227 0.099910 0.129245
0 0.335623 0.742633 0.092215 0.132516
1 0.895289 0.660016 0.104758 0.126490
0 0.975287 0.973745 0.049137 0.052344
0 0.350225 0.263305 0.100996 0.131359
0 0.039658 0.289763 0.079316 0.134391
0 0.992770 0.551495 0.014461 0.134250
0 0.633734 0.789750 0.100469 0.145573
0 0.841109 0.008951 0.104047 0.017901
0 0.060104 0.983021 0.092129 0.033958
1 0.116033 0.644682 0.098738 0.130292
0 0.330268 0.007919 0.109809 0.015839
0 0.533777 0.801784 0.105477 0.145276
0 0.885822 0.444302 0.100176 0.139594
0 0.457512 0.267534 0.110031 0.139411
0 0.211533 0.130578 0.112246 0.149365
0 0.328631 0.931529 0.094434 0.125755
0 0.890074 0.209622 0.110656 0.125203
0 0.670326 0.565786 0.093020 0.119417
0 0.244262 0.596404 0.089633 0.128151
0 0.626826 0.926409 0.100246 0.133630
0 0.940660 0.899070 0.114844 0.148651
0 0.492543 0.462174 0.103703 0.144870
0 0.699525 0.452419 0.106395 0.143193
0 0.275145 0.771102 0.091102 0.146016
0 0.098850 0.436549 0.098270 0.125141
0 0.384143 0.079003 0.104559 0.135724
0 0.827018 0.741495 0.094660 0.127083
0 0.073031 0.887091 0.087250 0.122068
0 0.615566 0.655526 0.107750 0.134125
0 0.039551 0.678813 0.079102 0.128781
0 0.111234 0.769622 0.096094 0.132911
0 0.090922 0.081893 0.096070 0.132557
0 0.794395 0.856109 0.096367 0.122750
0 0.801398 0.587872 0.107836 0.132672
0 0.576354 0.531773 0.095605 0.123068
0 0.248754 0.389875 0.111508 0.144510
0 0.169533 0.265818 0.114176 0.141271
0 0.196217 0.712435 0.102223 0.127911
0 0.679359 0.145552 0.114258 0.144719
0 0.806055 0.957411 0.110328 0.085177
0 0.747740 0.027068 0.095730 0.054135
0 0.018135 0.409729 0.036184 0.127333
0 0.142619 0.944294 0.106410 0.111411
0 0.235908 0.967461 0.098629 0.065078
0 0.456039 0.958990 0.108258 0.082021
