0 0.298359 0.242477 0.088333 0.153509
0 0.593562 0.708005 0.096229 0.146528
0 0.559490 0.457634 0.091135 0.144324
0 0.521896 0.777162 0.085677 0.161009
0 0.393469 0.452407 0.091479 0.143352
0 0.759313 0.402796 0.094719 0.152167
0 0.735763 0.821458 0.088026 0.159324
0 0.879253 0.599347 0.094547 0.157935
0 0.133008 0.511421 0.095453 0.131009
0 0.701161 0.317065 0.088833 0.168778
0 0.361240 0.725361 0.097021 0.148593
0 0.617003 0.235477 0.089911 0.150935
0 0.387885 0.593500 0.090229 0.161315
0 0.291839 0.903880 0.088469 0.144278
0 0.669310 0.765407 0.088120 0.146222
0 0.152005 0.606801 0.093969 0.156157
0 0.546370 0.610259 0.080615 0.147019
0 0.705628 0.541639 0.082901 0.137000
0 0.679187 0.635718 0.087031 0.161824
0 0.271289 0.331065 0.093339 0.165167
0 0.706224 0.941037 0.096937 0.117926
0 0.954224 0.464231 0.090188 0.162037
0 0.048271 0.507579 0.085573 0.158194
0 0.633297 0.515412 0.081552 0.153231
0 0.626167 0.375491 0.097917 0.159241
0 0.818628 0.872472 0.089318 0.143944
0 0.327995 0.119315 0.088948 0.139889
0 0.485786 0.259509 0.105500 0.136722
0 0.804867 0.505991 0.084995 0.136667
0 0.832260 0.215796 0.092969 0.165667
0 0.549914 0.172454 0.089974 0.162352
0 0.601339 0.070375 0.091833 0.140750
0 0.958445 0.310361 0.080859 0.159852
0 0.428703 0.898917 0.091260 0.126667
0 0.155023 0.398880 0.094557 0.138944
0 0.036380 0.268856 0.072760 0.153343
0 0.709771 0.178093 0.094625 0.140167
0 0.167555 0.088481 0.091339 0.158870
0 0.050492 0.699944 0.093141 0.157130
0 0.204010 0.377454 0.083396 0.162167
0 0.140052 0.917468 0.103146 0.121176
0 0.970143 0.690454 0.057922 0.152074
0 0.201552 0.832458 0.091094 0.140787
0 0.222378 0.182917 0.081943 0.132611
1 0.790555 0.637968 0.073464 0.146472
0 0.897672 0.401718 0.089958 0.163306
0 0.344138 0.888648 0.095411 0.153981
0 0.915299 0.048759 0.090786 0.094759
0 0.247661 0.068282 0.086552 0.136417
0 0.442578 0.767449 0.088260 0.169380
0 0.265839 0.473472 0.091063 0.158667
0 0.477076 0.452273 0.089224 0.156972
0 0.396562 0.220398 0.098594 0.166944
0 0.463586 0.023778 0.090995 0.044889
0 0.965190 0.094102 0.065484 0.143685
0 0.444846 0.958903 0.092599 0.082194
0 0.117182 0.016759 0.076583 0.029574
0 0.964232 0.940481 0.070880 0.118000
0 0.993042 0.472579 0.013917 0.119602
0 0.357766 0.975199 0.082115 0.049602
0 0.992927 0.326319 0.014146 0.145250
0 0.031404 0.014148 0.062807 0.028296
0 0.007682 0.879815 0.015365 0.121685
0 0.631047 0.969310 0.082656 0.061380
0 0.710536 0.081931 0.089687 0.149231
0 0.102091 0.717500 0.083068 0.152370
0 0.123836 0.204398 0.086026 0.121611
0 0.972362 0.822995 0.052422 0.149806
0 0.149333 0.274116 0.089948 0.160361
0 0.197979 0.758491 0.082635 0.132574
0 0.051169 0.848907 0.089734 0.143648
0 0.035906 0.092065 0.071760 0.141778
0 0.782586 0.961394 0.099276 0.073194
0 0.594029 0.885324 0.089057 0.153481
0 0.561826 0.960194 0.091703 0.075204
0 0.330320 0.033074 0.083672 0.059259
0 0.868339 0.773306 0.087583 0.140204
