0 0.191187 0.037931 0.095385 0.075861
0 0.041676 0.032155 0.079940 0.063532
0 0.930551 0.964331 0.096732 0.069819
0 0.036540 0.798769 0.073081 0.145741
0 0.344474 0.907438 0.079365 0.134866
0 0.805064 0.487495 0.082690 0.169963
0 0.827813 0.406252 0.074672 0.127653
0 0.587576 0.491093 0.064391 0.134259
0 0.247311 0.275688 0.090945 0.144551
0 0.340540 0.626102 0.079607 0.123231
0 0.968858 0.481426 0.062284 0.127676
0 0.508708 0.893623 0.079641 0.125699
0 0.685525 0.623377 0.078779 0.131421
0 0.633108 0.081354 0.077997 0.138505
0 0.957895 0.875572 0.083690 0.160162
0 0.082112 0.891201 0.069641 0.123403
0 0.537822 0.428005 0.075263 0.136074
0 0.154793 0.480785 0.085570 0.137606
0 0.061859 0.440806 0.082198 0.124667
0 0.524402 0.624567 0.075836 0.145940
0 0.451242 0.812780 0.086354 0.138792
0 0.475211 0.262562 0.090391 0.135255
0 0.257573 0.573863 0.083385 0.154745
0 0.588115 0.596655 0.068568 0.127847
0 0.208010 0.137093 0.079026 0.136593
0 0.104087 0.637609 0.071685 0.123866
0 0.219978 0.701502 0.082253 0.152495
0 0.913888 0.255370 0.078052 0.136843
0 0.939579 0.111285 0.083247 0.138588
0 0.896766 0.383095 0.074115 0.123116
0 0.750174 0.706350 0.101906 0.159079
0 0.748020 0.077373 0.081555 0.126856
0 0.205177 0.881958 0.095974 0.134037
0 0.116076 0.169884 0.082312 0.140769
0 0.681901 0.249884 0.071495 0.132435
0 0.888103 0.704748 0.076654 0.139958
0 0.334361 0.193231 0.077737 0.156944
0 0.055840 0.319028 0.074128 0.126685
0 0.907803 0.570794 0.083320 0.148218
0 0.627245 0.327981 0.098135 0.137120
0 0.625779 0.679211 0.061682 0.115866
0 0.420423 0.153007 0.071456 0.115634
0 0.685168 0.154132 0.077951 0.129801
0 0.102047 0.258778 0.081734 0.140824
0 0.947016 0.679398 0.074422 0.145639
0 0.576000 0.956838 0.074750 0.084250
0 0.467837 0.511630 0.089367 0.168630
0 0.341668 0.315350 0.078430 0.129949
0 0.841305 0.280167 0.079651 0.135861
0 0.795296 0.827623 0.074247 0.160847
0 0.285919 0.396843 0.076203 0.126889
0 0.009779 0.647139 0.019557 0.113630
0 0.013397 0.762155 0.026794 0.141644
0 0.993875 0.652706 0.011922 0.132245
0 0.398134 0.979083 0.067362 0.038074
0 0.268009 0.014012 0.081690 0.027616
0 0.991521 0.071801 0.016870 0.137296
0 0.351350 0.969201 0.073315 0.058319
0 0.786516 0.193931 0.089036 0.172259
0 0.506107 0.028942 0.081318 0.057884
