0 0.874684 0.065505 0.086008 0.131009
0 0.491993 0.385144 0.084341 0.135259
0 0.687267 0.063729 0.105591 0.123968
0 0.962727 0.444780 0.074547 0.133579
0 0.065564 0.064053 0.098581 0.127755
0 0.104029 0.168815 0.088141 0.182926
0 0.574513 0.897991 0.093672 0.170333
0 0.640245 0.154944 0.089099 0.161685
0 0.636671 0.449657 0.099357 0.173778
0 0.241982 0.464491 0.086568 0.171898
0 0.323991 0.442310 0.099034 0.157769
0 0.935211 0.036002 0.089885 0.070597
0 0.106118 0.831738 0.099180 0.132532
0 0.848402 0.792262 0.091695 0.153653
0 0.555656 0.441498 0.082786 0.150301
0 0.039266 0.955215 0.073146 0.083690
0 0.131945 0.708181 0.100734 0.151472
0 0.624704 0.960662 0.098284 0.078185
1 0.584967 0.242127 0.087997 0.160255
0 0.369296 0.940160 0.099529 0.117125
0 0.414380 0.332213 0.106417 0.163074
1 0.715509 0.175546 0.086685 0.159028
0 0.803491 0.042477 0.089388 0.084954
0 0.429629 0.629083 0.105273 0.173148
0 0.347340 0.820155 0.088898 0.202282
0 0.464104 0.493903 0.118594 0.162000
0 0.286406 0.338824 0.096703 0.171278
0 0.976760 0.819370 0.045641 0.156694
0 0.203083 0.327435 0.096073 0.158315
0 0.459633 0.738572 0.103896 0.162884
0 0.118956 0.950012 0.098339 0.099245
0 0.775379 0.723437 0.099867 0.175218
0 0.589496 0.555424 0.085602 0.149458
0 0.706909 0.784250 0.093885 0.164296
0 0.033483 0.860037 0.066398 0.144972
0 0.928281 0.774299 0.091229 0.178542
0 0.105194 0.375539 0.091076 0.154051
0 0.654009 0.663537 0.093690 0.145093
0 0.844395 0.648572 0.093138 0.161255
0 0.217934 0.712356 0.093987 0.174278
0 0.794596 0.145394 0.122776 0.184630
0 0.146531 0.574926 0.097615 0.150694
0 0.168064 0.441030 0.087612 0.165514
0 0.723853 0.347750 0.089992 0.165787
0 0.378500 0.545211 0.087427 0.187005
0 0.749181 0.567144 0.092930 0.181194
0 0.966378 0.312773 0.066099 0.187296
0 0.191743 0.856759 0.096107 0.161639
0 0.637176 0.841391 0.091180 0.191338
0 0.981621 0.056498 0.036305 0.112458
0 0.522133 0.603245 0.094109 0.167463
0 0.038267 0.177310 0.075643 0.167009
0 0.285059 0.776743 0.090669 0.165384
0 0.983859 0.937829 0.032281 0.123444
0 0.971608 0.690595 0.056326 0.146106
0 0.961736 0.566817 0.075841 0.155532
0 0.259055 0.897313 0.128036 0.127042
0 0.517503 0.289201 0.105542 0.174884
1 0.305298 0.567308 0.094122 0.147153
0 0.044135 0.319998 0.087521 0.155218
0 0.664263 0.295336 0.094130 0.186282
0 0.424812 0.853711 0.100792 0.160440
0 0.164118 0.225144 0.094159 0.173454
0 0.090583 0.510498 0.098234 0.152977
0 0.548793 0.747262 0.092164 0.163356
0 0.954702 0.142697 0.088023 0.154264
