1 0.518176 0.217074 0.084211 0.142611
0 0.269111 0.911366 0.081232 0.149463
0 0.988764 0.662160 0.022471 0.139208
0 0.703215 0.576292 0.073128 0.133778
0 0.279086 0.250194 0.086031 0.137935
0 0.358130 0.704664 0.089578 0.149199
0 0.769658 0.012125 0.077565 0.024250
0 0.555939 0.907900 0.098659 0.129810
0 0.553276 0.322361 0.084646 0.144667
0 0.243315 0.427507 0.084474 0.135764
0 0.004611 0.316130 0.009221 0.131120
0 0.103424 0.475741 0.090635 0.156185
0 0.946301 0.570556 0.080013 0.136509
0 0.703051 0.835778 0.082924 0.134824
0 0.876227 0.524310 0.079813 0.150722
0 0.770322 0.553956 0.078789 0.144069
0 0.741608 0.359236 0.086372 0.149750
0 0.041257 0.774002 0.081773 0.140773
0 0.791465 0.720877 0.084341 0.150560
0 0.771915 0.083072 0.091310 0.136949
0 0.123508 0.824917 0.093286 0.130824
0 0.986538 0.522602 0.026836 0.150352
0 0.609658 0.420757 0.084039 0.170606
0 0.767585 0.225058 0.079221 0.143921
0 0.563198 0.783940 0.086677 0.150620
0 0.652728 0.327949 0.096841 0.165278
0 0.268743 0.546650 0.087315 0.121921
0 0.840533 0.629095 0.092831 0.148134
0 0.131990 0.988731 0.078385 0.021704
0 0.261703 0.664516 0.086036 0.141060
0 0.399658 0.489162 0.079112 0.127065
0 0.949639 0.756009 0.083018 0.166426
0 0.182384 0.657160 0.069117 0.144079
0 0.370410 0.387009 0.075456 0.122185
0 0.602186 0.646005 0.084831 0.113731
0 0.636663 0.772222 0.078706 0.143648
0 0.057956 0.657792 0.090937 0.119222
0 0.190424 0.937428 0.085125 0.124208
0 0.744042 0.925623 0.079672 0.148755
0 0.810720 0.453398 0.078346 0.161278
0 0.041896 0.546292 0.075099 0.128352
0 0.807547 0.905773 0.076510 0.167843
0 0.185534 0.370035 0.083406 0.142097
0 0.009831 0.191681 0.019661 0.130537
0 0.707728 0.472988 0.102555 0.117764
0 0.546819 0.982049 0.089346 0.034440
0 0.027072 0.074183 0.053987 0.135468
0 0.387441 0.621859 0.083471 0.156773
0 0.506771 0.076755 0.074271 0.152556
0 0.066176 0.355373 0.080039 0.142579
0 0.698464 0.032565 0.077875 0.064046
0 0.915543 0.950271 0.080982 0.099329
0 0.139940 0.574329 0.071573 0.114759
0 0.553732 0.551690 0.088958 0.136954
0 0.694747 0.237648 0.080635 0.147963
0 0.449197 0.678366 0.077419 0.157287
0 0.127837 0.038958 0.079742 0.076741
0 0.006193 0.673556 0.012365 0.137806
0 0.369361 0.024111 0.075805 0.047787
0 0.350408 0.307155 0.100081 0.130736
0 0.282276 0.981236 0.092630 0.036213
0 0.714777 0.703319 0.081523 0.143444
0 0.442647 0.040845 0.077148 0.080727
0 0.201982 0.043713 0.078979 0.087315
0 0.439190 0.201539 0.074948 0.137968
0 0.519025 0.676074 0.072794 0.138056
0 0.301030 0.790509 0.099018 0.145593
0 0.635444 0.969127 0.078180 0.061005
0 0.872267 0.854218 0.086951 0.160287
0 0.015730 0.934086 0.031461 0.129505
0 0.325654 0.502623 0.073984 0.133403
0 0.978042 0.872822 0.043661 0.147634
0 0.355104 0.174590 0.085063 0.151394
