0 0.963090 0.935836 0.073819 0.128328
0 0.307006 0.797567 0.081049 0.108066
0 0.719506 0.870954 0.102824 0.122577
0 0.168378 0.563027 0.098947 0.112001
0 0.311590 0.047230 0.129460 0.093688
0 0.919099 0.701638 0.101524 0.116476
0 0.767230 0.305869 0.116535 0.113179
0 0.031074 0.346091 0.061563 0.103436
0 0.859668 0.527485 0.110316 0.128200
0 0.379566 0.753498 0.093661 0.092191
0 0.139589 0.712155 0.096925 0.108899
0 0.472787 0.345877 0.105081 0.122155
0 0.474309 0.720802 0.095247 0.118025
0 0.230376 0.724108 0.100714 0.116466
0 0.933046 0.578434 0.092697 0.101939
0 0.080633 0.092178 0.111235 0.137876
0 0.791761 0.191623 0.107002 0.123205
0 0.926879 0.325172 0.107006 0.122557
0 0.429705 0.044326 0.104317 0.088652
0 0.441775 0.504979 0.106914 0.125165
0 0.802915 0.872603 0.122164 0.126728
0 0.578289 0.188799 0.093337 0.112464
0 0.256547 0.300725 0.088002 0.112850
0 0.623511 0.321242 0.115648 0.129347
0 0.119365 0.389156 0.105166 0.109465
0 0.250129 0.179408 0.093731 0.120123
0 0.606103 0.877873 0.109892 0.127886
0 0.726076 0.065568 0.098997 0.126034
0 0.528054 0.472649 0.107357 0.143292
0 0.671250 0.148187 0.085270 0.125211
0 0.297232 0.476024 0.103792 0.123539
0 0.315853 0.367377 0.086890 0.107593
0 0.826277 0.095851 0.099113 0.124985
0 0.411346 0.407240 0.096860 0.120324
0 0.599711 0.077752 0.105648 0.128200
0 0.745050 0.399516 0.094174 0.129733
0 0.064066 0.485478 0.099591 0.117428
0 0.321310 0.140913 0.107928 0.119573
0 0.932733 0.458627 0.093260 0.129393
0 0.850534 0.410108 0.091979 0.117726
0 0.490457 0.119558 0.101046 0.121790
0 0.201607 0.441875 0.092342 0.122464
0 0.415521 0.870563 0.130579 0.127742
0 0.101408 0.780502 0.099491 0.109769
0 0.625164 0.676211 0.108183 0.093040
0 0.545637 0.026798 0.106651 0.053596
0 0.950071 0.205018 0.099286 0.106384
0 0.619487 0.403071 0.135231 0.088539
1 0.623432 0.492654 0.107643 0.146379
0 0.970696 0.836304 0.058607 0.106209
0 0.707303 0.484879 0.101759 0.167094
0 0.970120 0.023966 0.059761 0.047870
0 0.620490 0.754236 0.103781 0.086497
0 0.117000 0.957775 0.114518 0.084450
0 0.037396 0.681186 0.074537 0.111919
0 0.855079 0.958351 0.095822 0.083297
0 0.021678 0.150646 0.043356 0.121435
0 0.799236 0.023899 0.108627 0.047521
0 0.258468 0.899020 0.120764 0.140756
0 0.982330 0.568621 0.035340 0.115874
0 0.336246 0.680167 0.093519 0.099244
0 0.030278 0.774030 0.059931 0.111476
0 0.452060 0.982258 0.104915 0.035484
0 0.563418 0.968315 0.106559 0.062618
0 0.659809 0.985360 0.108368 0.028817
0 0.042558 0.573994 0.084823 0.099985
0 0.047676 0.904823 0.095351 0.154172
0 0.533553 0.788760 0.090918 0.114949
0 0.934703 0.950090 0.110424 0.098812
