0 0.720934 0.981365 0.069461 0.037271
0 0.982770 0.760133 0.033219 0.092172
0 0.395947 0.021031 0.084520 0.042063
0 0.345787 0.046003 0.089691 0.092005
0 0.367291 0.972076 0.073043 0.055557
0 0.546928 0.074990 0.067754 0.113562
1 0.413627 0.927091 0.076684 0.105047
0 0.460072 0.977099 0.060824 0.045167
0 0.549598 0.367008 0.063414 0.125057
0 0.985607 0.569286 0.028449 0.094354
0 0.455037 0.638961 0.066785 0.084641
1 0.927738 0.712458 0.064648 0.084469
1 0.497422 0.378945 0.065328 0.099672
1 0.798465 0.731091 0.078430 0.099984
0 0.478791 0.048065 0.088316 0.096130
1 0.653512 0.921971 0.072156 0.109214
0 0.515088 0.462852 0.084902 0.098214
1 0.414859 0.385964 0.067070 0.111146
0 0.555367 0.715997 0.058437 0.102547
0 0.557205 0.608487 0.071605 0.117630
0 0.403896 0.282849 0.072082 0.117479
0 0.497025 0.659526 0.082559 0.117094
0 0.327871 0.187659 0.064609 0.112130
0 0.519717 0.562125 0.069535 0.110323
0 0.898039 0.790693 0.067187 0.119385
0 0.526078 0.238560 0.072133 0.091964
0 0.619199 0.717232 0.074164 0.094464
0 0.986971 0.641440 0.024066 0.089359
0 0.661996 0.976122 0.074648 0.046089
1 0.465570 0.729354 0.058867 0.100708
0 0.604283 0.635018 0.065504 0.097234
0 0.496051 0.830487 0.068422 0.103880
0 0.863891 0.830404 0.062617 0.091495
0 0.700918 0.834357 0.068492 0.099974
0 0.379906 0.833560 0.069086 0.122536
0 0.456883 0.294951 0.060867 0.112016
0 0.507105 0.936607 0.069266 0.102193
0 0.950182 0.552794 0.083207 0.100547
0 0.517256 0.745487 0.056254 0.078620
0 0.593664 0.925568 0.064484 0.111000
0 0.763900 0.790070 0.085113 0.083682
0 0.418086 0.714815 0.066773 0.130964
0 0.429523 0.539755 0.054961 0.129063
0 0.764264 0.681505 0.081566 0.091750
0 0.654250 0.781992 0.057141 0.135401
0 0.335820 0.928120 0.081141 0.107000
0 0.777773 0.961846 0.064844 0.073776
0 0.882029 0.622167 0.085840 0.101844
0 0.561414 0.499583 0.072102 0.107031
0 0.951918 0.794102 0.069000 0.128047
0 0.602361 0.991234 0.072238 0.017531
1 0.946959 0.636318 0.075684 0.085875
0 0.710926 0.730359 0.078156 0.099531
1 0.777223 0.867286 0.088641 0.099990
1 0.710658 0.925565 0.074371 0.100609
0 0.544293 0.159852 0.072258 0.112672
1 0.974516 0.701990 0.050969 0.088396
1 0.471287 0.538242 0.058918 0.117734
1 0.360799 0.248331 0.066871 0.123828
1 0.588529 0.797445 0.073871 0.091714
1 0.864447 0.702711 0.078551 0.097245
1 0.434945 0.823458 0.068266 0.116656
0 0.417447 0.990826 0.055668 0.018349
1 0.460197 0.412422 0.080176 0.121604
0 0.337963 0.094680 0.088465 0.103453
