1 0.249969 0.577060 0.092724 0.112519
0 0.017768 0.876947 0.035536 0.130690
0 0.010242 0.084845 0.020484 0.142449
0 0.985007 0.940176 0.029987 0.117157
1 0.358052 0.371685 0.077323 0.131546
0 0.625449 0.963646 0.086643 0.072708
0 0.931747 0.951928 0.076458 0.096144
0 0.485949 0.029039 0.085846 0.058079
0 0.615777 0.768549 0.087633 0.126162
0 0.983260 0.177528 0.033479 0.124685
0 0.428689 0.927854 0.075352 0.128190
0 0.107563 0.938398 0.078026 0.120444
0 0.874840 0.052866 0.079867 0.105731
0 0.857527 0.920340 0.079065 0.138931
0 0.576842 0.663197 0.071951 0.123514
0 0.117725 0.621319 0.083008 0.157315
0 0.213967 0.676183 0.082565 0.139190
1 0.081189 0.493215 0.074138 0.133153
0 0.328814 0.526549 0.070930 0.148662
0 0.659478 0.659829 0.081919 0.131324
0 0.861861 0.332021 0.075831 0.137495
0 0.315255 0.088572 0.071536 0.138181
0 0.955023 0.066755 0.073531 0.127444
0 0.391714 0.222806 0.084214 0.141981
0 0.990500 0.748525 0.019000 0.142894
0 0.179152 0.527007 0.070169 0.128616
0 0.601398 0.091512 0.093974 0.161079
1 0.262059 0.457319 0.076029 0.133407
0 0.307056 0.239340 0.076060 0.137866
0 0.958081 0.298546 0.074609 0.134065
0 0.046212 0.776773 0.075737 0.136611
1 0.300232 0.678882 0.086979 0.144134
1 0.696342 0.910882 0.081951 0.152569
0 0.696070 0.911618 0.081635 0.151551
1 0.634339 0.245657 0.088948 0.153407
1 0.595077 0.886095 0.090966 0.133106
1 0.034919 0.965113 0.069380 0.069468
1 0.712022 0.157792 0.080883 0.138194
1 0.403103 0.045699 0.077763 0.091398
