0 0.513505 0.862944 0.088479 0.142759
0 0.398187 0.471727 0.080500 0.133509
0 0.290135 0.073954 0.077396 0.130389
0 0.835578 0.764921 0.074042 0.116509
0 0.966799 0.143111 0.066401 0.143796
0 0.971685 0.316213 0.056411 0.129296
0 0.080779 0.642032 0.079714 0.138769
0 0.283672 0.497523 0.083708 0.130454
0 0.611628 0.235338 0.068880 0.115065
0 0.754375 0.358403 0.079781 0.127213
0 0.505437 0.123912 0.083542 0.144861
0 0.117901 0.151255 0.072510 0.133694
0 0.590315 0.935431 0.077495 0.129139
0 0.235883 0.178713 0.077224 0.136963
0 0.565625 0.750699 0.079708 0.130065
0 0.399526 0.065569 0.069469 0.126954
0 0.913883 0.818023 0.077839 0.140491
0 0.869674 0.206176 0.091443 0.142981
0 0.048115 0.194875 0.077354 0.126880
0 0.649799 0.795083 0.071568 0.122870
0 0.267104 0.804463 0.086615 0.147130
0 0.890536 0.640421 0.087229 0.144565
0 0.798917 0.637708 0.064729 0.108750
0 0.177021 0.871403 0.076917 0.144861
0 0.214729 0.680884 0.074688 0.160528
0 0.932536 0.054481 0.087542 0.108500
0 0.027039 0.732208 0.054078 0.136843
0 0.281034 0.340014 0.064401 0.131139
0 0.341411 0.682454 0.075698 0.136981
0 0.106555 0.915106 0.071516 0.128157
0 0.848469 0.894560 0.079875 0.137120
0 0.811307 0.943083 0.074521 0.113407
0 0.323849 0.866181 0.072281 0.128731
0 0.049091 0.841431 0.073630 0.121898
0 0.142898 0.754708 0.081422 0.137565
0 0.433458 0.926940 0.087365 0.140102
0 0.395919 0.854907 0.084703 0.131389
0 0.229104 0.028218 0.079333 0.056435
0 0.952133 0.575069 0.079141 0.118972
0 0.246391 0.586000 0.082865 0.104315
0 0.046372 0.072028 0.074807 0.125148
0 0.825005 0.141801 0.084531 0.139231
0 0.160042 0.679477 0.081844 0.132861
0 0.940023 0.500833 0.092505 0.111852
0 0.465922 0.027375 0.081281 0.054750
0 0.981260 0.838296 0.037438 0.132500
0 0.818034 0.042213 0.085172 0.080000
0 0.016195 0.907889 0.032203 0.129704
0 0.017695 0.597944 0.035391 0.136963
0 0.020750 0.106810 0.041125 0.129139
0 0.880042 0.972500 0.077292 0.055000
0 0.747115 0.230782 0.069115 0.123028
0 0.741326 0.017329 0.084714 0.034657
0 0.991070 0.540356 0.017495 0.149954
0 0.064786 0.972403 0.082948 0.054250
0 0.006268 0.364245 0.012536 0.143861
0 0.521302 0.980213 0.073323 0.038926
0 0.995016 0.233417 0.009969 0.133630
0 0.088685 0.487847 0.086464 0.145713
0 0.628792 0.549546 0.074792 0.138981
0 0.753734 0.485421 0.076771 0.125472
0 0.045323 0.326009 0.079667 0.134685
0 0.767234 0.817167 0.080542 0.146000
0 0.555917 0.333023 0.083042 0.150343
0 0.368010 0.584894 0.086771 0.120843
0 0.965982 0.947060 0.068036 0.105880
0 0.558904 0.062398 0.082026 0.124796
0 0.554138 0.476213 0.081536 0.138574
0 0.735641 0.612597 0.071260 0.135843
0 0.438044 0.230694 0.081276 0.136704
0 0.220117 0.941838 0.076047 0.115083
0 0.187378 0.087579 0.080391 0.127398
0 0.346846 0.372593 0.072224 0.125907
0 0.709555 0.862097 0.070807 0.130157
0 0.224484 0.405250 0.075823 0.129333
0 0.140034 0.434528 0.081641 0.160926
0 0.849096 0.405736 0.071703 0.119750
0 0.907620 0.293287 0.079729 0.135685
0 0.464987 0.350139 0.073297 0.131037
0 0.569549 0.609773 0.081464 0.136176
0 0.947734 0.696042 0.087792 0.128306
0 0.642484 0.385606 0.082125 0.141935
0 0.671044 0.673583 0.082661 0.128352
0 0.922628 0.403764 0.089047 0.135472
0 0.149224 0.288194 0.085667 0.141944
0 0.347195 0.194097 0.076964 0.145435
1 0.420862 0.727417 0.090495 0.159630
0 0.645362 0.103398 0.078464 0.128204
