0 0.018798 0.793410 0.037576 0.131394
0 0.691460 0.028359 0.115497 0.056440
0 0.937883 0.795544 0.098807 0.168718
0 0.020492 0.024803 0.040854 0.049606
0 0.259751 0.305373 0.080346 0.132458
0 0.490832 0.564447 0.082648 0.160356
0 0.493478 0.502144 0.082789 0.143694
0 0.322676 0.519025 0.083357 0.137292
0 0.994246 0.448532 0.011508 0.122778
0 0.657911 0.105014 0.079365 0.137148
0 0.992615 0.922505 0.014771 0.146046
0 0.834763 0.029039 0.083240 0.053431
0 0.018977 0.122831 0.037953 0.161875
0 0.006087 0.382394 0.011982 0.179815
0 0.014237 0.206970 0.028474 0.128894
0 0.058096 0.966461 0.084917 0.066644
0 0.016510 0.945838 0.033021 0.106259
0 0.402204 0.030539 0.074461 0.060329
0 0.523355 0.966206 0.089940 0.067579
0 0.421382 0.929847 0.083820 0.129861
0 0.687388 0.540884 0.101990 0.138907
0 0.203602 0.046586 0.076115 0.092218
0 0.572902 0.405995 0.075638 0.133685
0 0.777892 0.860556 0.087445 0.135861
0 0.046526 0.656843 0.084969 0.149806
0 0.390947 0.636373 0.085169 0.131616
0 0.976865 0.476722 0.046271 0.148491
0 0.458509 0.938382 0.082060 0.123236
0 0.263035 0.608956 0.084622 0.132218
0 0.589630 0.327669 0.071896 0.139708
0 0.869814 0.966373 0.085893 0.066606
0 0.975775 0.036111 0.048065 0.072222
0 0.029232 0.734171 0.058464 0.133583
0 0.019596 0.571243 0.039193 0.133060
0 0.931939 0.338025 0.092070 0.163829
0 0.404694 0.856414 0.066898 0.126208
0 0.287647 0.034148 0.086440 0.068296
0 0.203870 0.770685 0.080932 0.174037
0 0.501365 0.764174 0.076750 0.145264
0 0.406908 0.125664 0.074096 0.126356
0 0.791668 0.922942 0.080883 0.146338
0 0.575918 0.631491 0.089628 0.189704
0 0.736999 0.337870 0.074206 0.143009
0 0.303645 0.593319 0.083201 0.138065
0 0.838332 0.308468 0.100372 0.183111
0 0.698732 0.363484 0.080005 0.129810
0 0.556874 0.540014 0.083201 0.139870
0 0.114884 0.918407 0.094357 0.163185
0 0.783733 0.423986 0.076919 0.140269
0 0.488991 0.696576 0.079669 0.129810
0 0.103546 0.821699 0.079326 0.125157
0 0.154096 0.078944 0.104802 0.148491
0 0.754479 0.459324 0.071161 0.123537
0 0.142577 0.242340 0.084747 0.183079
0 0.068548 0.226250 0.085440 0.159704
0 0.428401 0.358512 0.078531 0.130634
0 0.039310 0.445310 0.078620 0.156352
0 0.559577 0.058618 0.096961 0.117236
0 0.924039 0.908287 0.073458 0.146019
0 0.304320 0.426907 0.096646 0.157509
0 0.436315 0.235965 0.100609 0.144542
0 0.962645 0.610250 0.074711 0.156648
0 0.081482 0.345373 0.088901 0.159644
0 0.279622 0.953019 0.080818 0.092944
0 0.379477 0.342667 0.070828 0.128944
0 0.655120 0.273190 0.088870 0.186093
0 0.460293 0.050352 0.073169 0.100398
0 0.862473 0.645215 0.092497 0.173764
0 0.717992 0.935324 0.078490 0.128648
0 0.160678 0.608581 0.092018 0.148245
0 0.516956 0.285727 0.091052 0.144546
0 0.844014 0.111058 0.083440 0.146560
0 0.324911 0.280014 0.078490 0.142972
0 0.268566 0.713023 0.081435 0.145481
0 0.351745 0.949127 0.079802 0.101745
0 0.972741 0.234079 0.053997 0.142704
0 0.183118 0.897134 0.071701 0.134611
0 0.599832 0.939681 0.077060 0.120639
0 0.257733 0.189803 0.075258 0.142745
0 0.549910 0.171822 0.079112 0.143662
0 0.544845 0.880736 0.075414 0.128694
0 0.248892 0.880086 0.079966 0.134755
0 0.393889 0.471806 0.080320 0.133556
0 0.659879 0.891505 0.076862 0.132019
0 0.327721 0.820856 0.072589 0.133963
0 0.863552 0.842074 0.085063 0.133250
0 0.651276 0.651037 0.081630 0.140639
0 0.634395 0.416646 0.072393 0.129218
0 0.215704 0.506993 0.089211 0.160477
0 0.319655 0.119380 0.088529 0.149898
0 0.807751 0.547796 0.079122 0.136704
0 0.709897 0.737595 0.077805 0.150921
0 0.757853 0.637171 0.084799 0.141194
0 0.091626 0.527632 0.078992 0.132292
0 0.404086 0.716975 0.092995 0.182264
0 0.066008 0.056759 0.083812 0.112574
0 0.641083 0.775382 0.087052 0.138912
0 0.922154 0.071257 0.085125 0.138597
