0 0.926064 0.908176 0.082268 0.141213
0 0.989867 0.822574 0.020266 0.149685
0 0.013165 0.840278 0.026331 0.123935
1 0.313883 0.403463 0.079312 0.138759
0 0.878118 0.964542 0.086716 0.070333
0 0.733094 0.035815 0.094078 0.068722
0 0.973758 0.947625 0.052484 0.104083
0 0.316668 0.047882 0.091633 0.093662
0 0.978026 0.046986 0.043182 0.089546
0 0.674266 0.318625 0.084073 0.129667
0 0.402306 0.050220 0.087685 0.096412
0 0.724658 0.115255 0.113664 0.124361
0 0.182161 0.736002 0.085760 0.147190
0 0.250017 0.948053 0.089466 0.103894
0 0.210615 0.633461 0.095839 0.127394
0 0.222854 0.364310 0.087839 0.143620
0 0.289167 0.273769 0.088484 0.133481
0 0.326793 0.613706 0.088617 0.159014
0 0.184430 0.254095 0.093703 0.168356
0 0.868671 0.809940 0.083404 0.144296
0 0.325514 0.161935 0.092003 0.144574
0 0.915910 0.433347 0.094971 0.132139
0 0.378695 0.443558 0.096896 0.161532
0 0.327717 0.770188 0.083523 0.140644
0 0.613609 0.749562 0.094828 0.143986
0 0.386721 0.902646 0.080474 0.147764
0 0.711313 0.235222 0.083995 0.138991
0 0.412418 0.161667 0.088352 0.142546
0 0.050379 0.762368 0.088659 0.149810
0 0.907504 0.063162 0.084727 0.125065
0 0.772767 0.545028 0.088674 0.158741
0 0.614590 0.520391 0.091680 0.158847
0 0.415160 0.566118 0.099617 0.164579
0 0.525665 0.380595 0.087315 0.148903
0 0.313086 0.983681 0.087687 0.032509
0 0.913999 0.305729 0.090201 0.135310
0 0.814507 0.401965 0.087076 0.124069
0 0.787365 0.281331 0.089464 0.148773
0 0.908199 0.567579 0.097586 0.156778
0 0.525865 0.772032 0.098979 0.171657
0 0.455547 0.844720 0.081755 0.141782
0 0.599582 0.336551 0.078076 0.152991
0 0.134971 0.777775 0.076047 0.133134
0 0.911251 0.709722 0.091164 0.139481
0 0.878828 0.193287 0.089484 0.149667
0 0.414930 0.714403 0.086505 0.151352
0 0.482671 0.663118 0.085393 0.186894
0 0.672560 0.438345 0.087693 0.128069
0 0.220807 0.506458 0.094396 0.154694
0 0.177146 0.888757 0.088531 0.133856
0 0.384758 0.290542 0.081667 0.142861
0 0.113478 0.332958 0.086383 0.163463
0 0.250344 0.797431 0.083000 0.148963
0 0.142296 0.567116 0.089143 0.170241
0 0.035203 0.462644 0.070406 0.165148
0 0.567125 0.628942 0.092078 0.153662
0 0.064828 0.620032 0.086276 0.149694
0 0.830969 0.671185 0.089750 0.171213
0 0.006039 0.941542 0.012078 0.116917
0 0.006184 0.726889 0.011852 0.156315
