0 0.439633 0.518333 0.083167 0.150759
0 0.867583 0.115810 0.084641 0.146250
0 0.458538 0.207750 0.075398 0.135861
0 0.585542 0.272590 0.083922 0.146505
0 0.310792 0.364336 0.091813 0.151069
0 0.327426 0.015137 0.090180 0.029829
0 0.009595 0.331157 0.018747 0.155417
0 0.988189 0.226562 0.022846 0.147292
0 0.987737 0.092169 0.024177 0.144319
0 0.405639 0.972287 0.087794 0.052741
0 0.156564 0.969525 0.093904 0.058727
0 0.787788 0.020352 0.085643 0.040148
0 0.877253 0.972535 0.093734 0.054329
0 0.702279 0.959065 0.085635 0.080611
0 0.817217 0.600421 0.085430 0.157972
0 0.251844 0.046227 0.073766 0.091426
0 0.158259 0.798370 0.086211 0.180222
0 0.273701 0.725442 0.078464 0.150347
0 0.858018 0.243313 0.076625 0.119958
0 0.801561 0.507755 0.090107 0.137250
0 0.418576 0.045593 0.081844 0.090963
0 0.119724 0.866155 0.079359 0.140523
0 0.977888 0.521106 0.044224 0.144676
0 0.695579 0.436477 0.075398 0.134398
0 0.711484 0.050738 0.082760 0.099968
0 0.071792 0.157308 0.079562 0.127560
0 0.688988 0.349144 0.087419 0.135417
0 0.701590 0.866049 0.081560 0.140412
0 0.759493 0.864238 0.085362 0.142921
0 0.925008 0.437896 0.088323 0.156625
0 0.352124 0.926271 0.086529 0.146468
0 0.594430 0.823046 0.079557 0.142704
0 0.491949 0.085123 0.084721 0.141023
0 0.115650 0.105998 0.084982 0.142292
0 0.638874 0.924069 0.077758 0.144380
0 0.069303 0.914465 0.093758 0.145829
0 0.911842 0.259891 0.084372 0.176940
0 0.859780 0.879331 0.073180 0.136616
0 0.567031 0.946417 0.079474 0.106824
0 0.182350 0.062914 0.080685 0.125829
0 0.960500 0.610741 0.079000 0.151935
0 0.394339 0.851648 0.077505 0.132454
0 0.875341 0.458567 0.083313 0.145986
0 0.482340 0.942574 0.080049 0.114852
0 0.565611 0.574736 0.088914 0.179713
0 0.591217 0.087139 0.083685 0.156824
0 0.291513 0.504109 0.078479 0.151171
0 0.492185 0.621470 0.095156 0.151958
0 0.068247 0.268560 0.088917 0.159426
0 0.361845 0.560544 0.076737 0.158051
0 0.292520 0.234019 0.082247 0.127157
0 0.938793 0.069815 0.082185 0.139630
0 0.523158 0.722940 0.080299 0.130565
0 0.810254 0.763912 0.081195 0.145833
0 0.029415 0.548183 0.058831 0.151931
0 0.220095 0.908421 0.084716 0.146269
0 0.908434 0.756502 0.082044 0.153597
0 0.521439 0.844472 0.079737 0.123602
0 0.029749 0.075995 0.059497 0.138935
0 0.774660 0.107639 0.086747 0.142611
0 0.302335 0.112111 0.094909 0.135519
0 0.939587 0.913174 0.082305 0.135190
0 0.224530 0.287644 0.075138 0.141556
0 0.470320 0.390560 0.084010 0.147222
0 0.635370 0.509079 0.085812 0.155556
0 0.665967 0.141880 0.080336 0.149556
0 0.080224 0.746287 0.085245 0.141926
0 0.088380 0.592947 0.097521 0.172079
0 0.547467 0.388752 0.079857 0.145755
0 0.528562 0.169162 0.078292 0.136398
0 0.181495 0.405257 0.090990 0.128542
0 0.067065 0.425697 0.078688 0.136449
0 0.973553 0.751000 0.052893 0.137287
0 0.392526 0.391220 0.078328 0.149773
0 0.222100 0.619417 0.084102 0.142370
0 0.753421 0.246069 0.087456 0.150704
0 0.390234 0.157282 0.079536 0.147176
0 0.006587 0.175947 0.012956 0.138681
0 0.449378 0.758345 0.086380 0.151968
0 0.166436 0.529699 0.083143 0.142741
0 0.225496 0.765127 0.075461 0.152495
0 0.150219 0.289535 0.080880 0.152690
0 0.126285 0.024016 0.087112 0.048032
0 0.993432 0.396306 0.013130 0.145389
0 0.018923 0.680201 0.037846 0.167856
0 0.055469 0.576366 0.107167 0.181157
