0 0.490940 0.818273 0.124312 0.136343
1 0.587594 0.550697 0.095844 0.155671
0 0.017763 0.416616 0.035526 0.169093
0 0.020148 0.063039 0.040167 0.125745
0 0.884096 0.042852 0.103005 0.085704
0 0.701288 0.045435 0.087362 0.090870
0 0.545167 0.618333 0.107953 0.167472
0 0.737052 0.534488 0.115797 0.139208
0 0.038051 0.950988 0.075883 0.096875
0 0.729335 0.432502 0.105091 0.137375
0 0.033971 0.834678 0.067943 0.171319
0 0.521208 0.716421 0.117547 0.146676
0 0.976654 0.146569 0.046693 0.166343
0 0.948064 0.858639 0.103872 0.171269
0 0.123055 0.545611 0.099068 0.136463
0 0.666943 0.930081 0.098536 0.138292
0 0.799163 0.632921 0.095633 0.152722
0 0.033449 0.178174 0.066898 0.156560
0 0.463358 0.923502 0.091810 0.152995
0 0.041152 0.322509 0.082305 0.162435
0 0.429198 0.065956 0.092089 0.131912
0 0.188655 0.877347 0.089695 0.169343
0 0.684145 0.651565 0.098091 0.146537
0 0.637986 0.173655 0.086195 0.154588
0 0.974236 0.510370 0.051529 0.148528
0 0.590956 0.398248 0.085734 0.195449
0 0.921878 0.634086 0.095406 0.148162
0 0.399496 0.740396 0.082977 0.178449
0 0.340728 0.363329 0.083596 0.179204
0 0.342947 0.696181 0.080398 0.159167
0 0.456146 0.168833 0.094953 0.176574
0 0.938986 0.248287 0.101034 0.154444
0 0.518617 0.247044 0.098370 0.174912
0 0.190866 0.442083 0.098961 0.181176
0 0.159991 0.706433 0.093487 0.169625
0 0.094635 0.396616 0.087240 0.154796
0 0.873272 0.466556 0.084227 0.153241
0 0.831070 0.373215 0.084557 0.145384
0 0.271141 0.736618 0.086146 0.164801
0 0.962130 0.384083 0.075656 0.146815
0 0.961586 0.716662 0.076724 0.144574
0 0.394257 0.881924 0.087143 0.146634
0 0.271122 0.449118 0.094188 0.167171
0 0.510578 0.397866 0.087281 0.167157
0 0.420538 0.375236 0.087846 0.167917
0 0.395951 0.564137 0.090385 0.166644
0 0.309160 0.875766 0.085174 0.155681
0 0.883569 0.151530 0.091628 0.150986
0 0.006681 0.647375 0.013362 0.159407
0 0.019329 0.548924 0.038659 0.135792
0 0.661232 0.794201 0.091625 0.174792
0 0.322507 0.024488 0.097154 0.048977
0 0.952150 0.964134 0.095362 0.071361
0 0.008025 0.262773 0.016049 0.156352
0 0.529581 0.031458 0.091823 0.062343
