0 0.012283 0.507854 0.024206 0.168616
0 0.006706 0.136380 0.013411 0.167778
0 0.982822 0.246257 0.034357 0.140319
0 0.980048 0.108396 0.039701 0.139894
0 0.858462 0.888831 0.106914 0.138940
0 0.365999 0.959981 0.083565 0.078019
0 0.814951 0.957037 0.086109 0.084361
0 0.031767 0.800245 0.062977 0.132241
0 0.279089 0.958544 0.089443 0.081588
0 0.974060 0.677007 0.051880 0.156884
0 0.318324 0.875831 0.097138 0.136403
0 0.133531 0.911451 0.094375 0.133847
0 0.377829 0.737530 0.098794 0.163708
0 0.454704 0.721012 0.085320 0.151532
0 0.624220 0.351132 0.098555 0.153477
0 0.678746 0.951400 0.094826 0.097199
0 0.026538 0.658218 0.052747 0.159407
0 0.028012 0.929201 0.055482 0.141088
0 0.563210 0.255479 0.094424 0.139005
0 0.513323 0.760801 0.093682 0.145111
0 0.581794 0.906072 0.082719 0.142542
0 0.993296 0.475296 0.013320 0.158157
0 0.523495 0.379704 0.086401 0.163750
0 0.563618 0.569715 0.075544 0.130718
0 0.232702 0.877613 0.090445 0.155236
0 0.922896 0.548197 0.091583 0.140625
0 0.350064 0.624475 0.089815 0.142153
0 0.660982 0.221894 0.087188 0.150296
0 0.844289 0.347595 0.086531 0.147236
0 0.727742 0.701868 0.091620 0.149995
0 0.640598 0.580231 0.089258 0.161370
0 0.576121 0.437338 0.090539 0.143880
0 0.947733 0.053009 0.080633 0.104722
0 0.936620 0.187028 0.075255 0.161093
0 0.648740 0.838273 0.081120 0.142731
0 0.431905 0.592157 0.084305 0.146843
0 0.647208 0.076951 0.085214 0.151236
0 0.412729 0.829391 0.074807 0.131819
0 0.474401 0.885782 0.102318 0.182713
0 0.891007 0.435748 0.093211 0.147838
0 0.291104 0.732326 0.086198 0.149671
0 0.712568 0.345926 0.086255 0.150491
0 0.910057 0.675475 0.091552 0.144745
0 0.844806 0.601266 0.078107 0.144032
0 0.855576 0.757014 0.087542 0.140194
0 0.502844 0.621428 0.072250 0.130403
