0 0.092895 0.508146 0.072539 0.124801
0 0.443109 0.305269 0.088734 0.159157
0 0.898132 0.361421 0.102419 0.140046
0 0.891995 0.242891 0.092984 0.128986
0 0.329281 0.351750 0.072604 0.134963
0 0.482064 0.382275 0.089294 0.154282
0 0.140522 0.350273 0.073674 0.131870
0 0.522064 0.282049 0.078497 0.129394
0 0.206044 0.541588 0.097667 0.123417
0 0.231698 0.150759 0.079859 0.166000
0 0.368036 0.268155 0.083578 0.165014
0 0.393951 0.422086 0.085135 0.142755
0 0.042530 0.306324 0.084263 0.140981
0 0.541354 0.056891 0.095063 0.106995
0 0.228661 0.428796 0.092604 0.143176
0 0.942858 0.474738 0.078701 0.155653
0 0.982281 0.498903 0.035156 0.172759
0 0.047040 0.593873 0.094081 0.127995
0 0.327195 0.097653 0.102734 0.124509
0 0.443410 0.074275 0.133258 0.117569
0 0.364603 0.040785 0.088122 0.080449
0 0.410794 0.177025 0.106000 0.139551
0 0.553858 0.162697 0.072643 0.146718
0 0.267563 0.460722 0.077943 0.130593
0 0.047133 0.435859 0.074266 0.133088
1 0.196113 0.276211 0.073867 0.180532
0 0.365197 0.409396 0.084826 0.167384
0 0.457799 0.233252 0.096120 0.206032
0 0.345872 0.064343 0.108099 0.123898
0 0.018837 0.520035 0.034836 0.119421
0 0.969824 0.356789 0.060352 0.167634
0 0.006358 0.857792 0.012716 0.170157
0 0.966818 0.288218 0.062479 0.127583
0 0.293462 0.027093 0.069549 0.054009
0 0.012617 0.717711 0.025036 0.147486
0 0.094703 0.386025 0.091344 0.178606
0 0.486329 0.189903 0.077128 0.159370
0 0.041921 0.838433 0.077477 0.167616
0 0.262423 0.301762 0.077352 0.140042
0 0.596409 0.089646 0.074234 0.162810
0 0.082667 0.775942 0.082104 0.121681
0 0.295868 0.201100 0.086492 0.142597
0 0.160486 0.484257 0.063753 0.140181
0 0.065930 0.681312 0.089578 0.121032
