0 0.877637 0.239891 0.074477 0.136014
0 0.436004 0.943262 0.082654 0.110912
0 0.085126 0.963049 0.078169 0.073903
0 0.038016 0.454148 0.073443 0.118611
0 0.353318 0.476373 0.075630 0.139384
0 0.514440 0.491144 0.075641 0.144667
0 0.958178 0.141704 0.081799 0.152306
0 0.284652 0.308414 0.078013 0.137440
0 0.136846 0.832155 0.078380 0.145764
0 0.122919 0.469479 0.069339 0.160227
0 0.899203 0.064336 0.074109 0.128671
0 0.547169 0.111366 0.068036 0.148861
0 0.630854 0.709002 0.073547 0.129847
0 0.492932 0.088919 0.072292 0.128634
0 0.368214 0.602139 0.071516 0.132083
0 0.683423 0.134870 0.082232 0.156287
0 0.530637 0.817829 0.060362 0.138333
0 0.353203 0.708072 0.059818 0.112903
0 0.276316 0.771609 0.072096 0.146486
0 0.730025 0.498991 0.069477 0.112481
0 0.234371 0.540917 0.072242 0.112130
0 0.716659 0.349556 0.079656 0.145398
0 0.152940 0.214352 0.071432 0.136380
0 0.330451 0.389898 0.074927 0.141704
0 0.540967 0.374664 0.073372 0.131116
0 0.753418 0.607021 0.078680 0.142255
0 0.843370 0.596549 0.075396 0.143662
0 0.397570 0.236845 0.085193 0.147301
0 0.319887 0.122451 0.075430 0.127625
0 0.711922 0.703535 0.078328 0.136468
0 0.144385 0.699164 0.066557 0.146171
0 0.109820 0.101780 0.076536 0.119116
0 0.225370 0.340715 0.069604 0.145542
0 0.837299 0.468255 0.081448 0.135713
0 0.409669 0.100007 0.071286 0.130005
0 0.325421 0.786625 0.068685 0.123519
0 0.160909 0.351458 0.074432 0.162722
0 0.808228 0.897505 0.071487 0.145296
0 0.040247 0.732625 0.074172 0.158269
0 0.196872 0.614727 0.082990 0.143315
0 0.041922 0.541667 0.080458 0.116074
0 0.948848 0.527813 0.085049 0.135051
0 0.645512 0.436933 0.070430 0.126912
0 0.619589 0.263266 0.077177 0.165301
0 0.028717 0.110736 0.056977 0.146648
0 0.290906 0.208417 0.070917 0.112565
0 0.573193 0.453567 0.076729 0.159634
0 0.473900 0.855234 0.069565 0.150542
0 0.215855 0.901949 0.075815 0.141833
0 0.208035 0.730775 0.080341 0.133292
0 0.011850 0.310880 0.022294 0.129898
0 0.095992 0.034523 0.077333 0.069046
0 0.986298 0.363102 0.025810 0.164361
0 0.983850 0.241523 0.031779 0.153139
0 0.976163 0.622255 0.047674 0.220981
0 0.502717 0.017345 0.075695 0.033644
0 0.495592 0.967986 0.073898 0.064028
0 0.563133 0.876937 0.072953 0.176273
0 0.048251 0.616921 0.087065 0.124648
0 0.229844 0.977627 0.076615 0.043579
0 0.008582 0.652938 0.017164 0.139514
0 0.016949 0.404463 0.033362 0.118481
0 0.265682 0.654194 0.076479 0.128574
0 0.867691 0.786824 0.081409 0.201120
0 0.733604 0.023539 0.084672 0.047079
