1 0.489744 0.222641 0.125949 0.174354
0 0.008928 0.515536 0.017723 0.136615
0 0.990168 0.195682 0.019273 0.149406
0 0.398848 0.012206 0.110570 0.024411
0 0.256311 0.981716 0.108902 0.036380
0 0.723918 0.022714 0.115641 0.045229
0 0.952945 0.977271 0.093187 0.045458
0 0.980182 0.475513 0.039324 0.156036
0 0.560920 0.966854 0.097684 0.065729
0 0.861535 0.966948 0.115937 0.065969
0 0.952990 0.035406 0.093785 0.070729
0 0.972031 0.902602 0.055695 0.148172
0 0.445080 0.955336 0.135879 0.088245
0 0.914975 0.544008 0.128730 0.130620
0 0.471336 0.873063 0.125297 0.119167
0 0.647172 0.935482 0.111734 0.129036
0 0.875477 0.431747 0.103656 0.132005
0 0.156945 0.050581 0.101445 0.100036
0 0.951258 0.385135 0.097484 0.134094
0 0.875486 0.763310 0.110543 0.123078
0 0.956127 0.265807 0.087520 0.142635
0 0.810902 0.900513 0.102523 0.132484
0 0.745219 0.800404 0.121625 0.147943
0 0.905625 0.870794 0.104813 0.140766
0 0.936561 0.662630 0.104301 0.133531
0 0.563084 0.777831 0.110777 0.145672
0 0.614824 0.355448 0.097789 0.145094
0 0.311209 0.921724 0.102137 0.149198
0 0.366879 0.488484 0.121789 0.124104
0 0.745756 0.310258 0.116473 0.133755
0 0.658254 0.616880 0.106195 0.137052
0 0.539631 0.330201 0.102918 0.143047
0 0.082197 0.110753 0.106949 0.167589
0 0.384908 0.259188 0.114395 0.149042
0 0.325096 0.165516 0.120035 0.154917
0 0.585346 0.523594 0.100848 0.130958
0 0.108297 0.945242 0.110289 0.108839
0 0.409289 0.640471 0.110914 0.136328
0 0.458490 0.754510 0.112621 0.144604
0 0.864525 0.105320 0.120582 0.158432
0 0.486959 0.529661 0.105324 0.146490
0 0.037258 0.215612 0.074516 0.144130
0 0.560449 0.638664 0.106000 0.135161
0 0.110221 0.569750 0.112902 0.139271
0 0.730748 0.116117 0.108309 0.138922
0 0.110215 0.695352 0.099141 0.128245
0 0.036336 0.662630 0.072672 0.134646
0 0.205018 0.353383 0.111637 0.125432
0 0.177398 0.863187 0.115203 0.156240
0 0.615289 0.054948 0.100914 0.109531
0 0.689404 0.436964 0.096145 0.136875
0 0.073449 0.434836 0.111836 0.140859
0 0.239137 0.241169 0.108383 0.140943
0 0.411057 0.087495 0.093754 0.141063
0 0.218129 0.666445 0.111273 0.143349
0 0.297549 0.585299 0.109004 0.145620
0 0.107057 0.282266 0.109902 0.142896
0 0.248287 0.462862 0.115426 0.141203
0 0.047740 0.834367 0.095480 0.155964
0 0.274934 0.789625 0.112352 0.150844
0 0.382330 0.381771 0.116418 0.124896
