0 0.709003 0.743896 0.079578 0.143394
0 0.557904 0.911521 0.088271 0.138449
0 0.271490 0.593241 0.090052 0.140750
0 0.977219 0.067435 0.045552 0.134537
0 0.326100 0.297563 0.082169 0.156366
0 0.730066 0.208058 0.082383 0.155347
0 0.653366 0.200225 0.078768 0.144190
0 0.782062 0.282060 0.087536 0.154176
0 0.365229 0.517745 0.096141 0.142417
0 0.862767 0.371190 0.080586 0.134806
0 0.417328 0.254130 0.083667 0.136056
0 0.554671 0.238785 0.094768 0.167171
0 0.839510 0.567407 0.086880 0.134528
0 0.381012 0.065664 0.088185 0.130718
0 0.815044 0.437336 0.078422 0.164755
0 0.321052 0.900574 0.088182 0.153870
0 0.506176 0.338259 0.080023 0.162824
0 0.562017 0.024100 0.068622 0.048199
0 0.407263 0.620521 0.088344 0.137329
0 0.308854 0.430854 0.084646 0.137079
0 0.516932 0.740729 0.059000 0.145542
0 0.800926 0.923123 0.080695 0.151866
0 0.254197 0.262414 0.078133 0.162653
0 0.813776 0.148160 0.077620 0.159458
0 0.566814 0.641199 0.083664 0.150213
0 0.590806 0.791324 0.091352 0.147454
1 0.455438 0.144831 0.104219 0.126245
0 0.986190 0.520310 0.027047 0.117981
0 0.245352 0.011000 0.084844 0.021917
0 0.049672 0.981789 0.099344 0.035347
0 0.092409 0.840771 0.085474 0.134282
0 0.290405 0.972030 0.086117 0.055940
0 0.923711 0.037113 0.079375 0.074144
0 0.018991 0.226891 0.037773 0.140542
0 0.656182 0.980238 0.102245 0.039523
0 0.759223 0.075032 0.107388 0.140380
0 0.990148 0.384708 0.019703 0.137991
0 0.157357 0.165595 0.097135 0.113588
0 0.276340 0.810067 0.088206 0.121847
0 0.979503 0.646998 0.040552 0.152847
0 0.232555 0.697662 0.069437 0.122065
0 0.368716 0.815014 0.075099 0.125769
0 0.439785 0.387363 0.079951 0.135338
0 0.715917 0.044998 0.082859 0.089995
0 0.085348 0.712590 0.087518 0.135356
0 0.300408 0.713840 0.071487 0.104699
0 0.027991 0.490021 0.055982 0.137356
0 0.114354 0.451245 0.083396 0.125731
0 0.163104 0.723623 0.076833 0.148255
0 0.037457 0.921616 0.074914 0.132704
0 0.963004 0.185336 0.073773 0.113949
0 0.208928 0.065509 0.080997 0.127769
0 0.696642 0.888530 0.091440 0.147819
0 0.490876 0.606144 0.079315 0.124972
0 0.755701 0.617981 0.091198 0.144361
0 0.861607 0.808403 0.089380 0.136676
0 0.634810 0.040146 0.082437 0.080292
0 0.463061 0.048111 0.088049 0.096222
0 0.873874 0.112127 0.081669 0.171782
0 0.602703 0.139623 0.076349 0.161477
0 0.054962 0.592079 0.087924 0.151000
0 0.885451 0.932560 0.093391 0.133556
0 0.103534 0.258363 0.091552 0.149662
0 0.123628 0.073736 0.094682 0.143315
0 0.963945 0.303743 0.072109 0.140625
0 0.639944 0.681981 0.083951 0.136250
0 0.429387 0.756868 0.079643 0.141051
0 0.041850 0.337970 0.082612 0.136986
0 0.940186 0.575970 0.088456 0.143625
0 0.904990 0.720988 0.078333 0.146894
0 0.492240 0.481877 0.092375 0.131560
0 0.183663 0.287926 0.083591 0.156602
