0 0.246646 0.205894 0.089104 0.170843
0 0.700643 0.550000 0.075401 0.155333
0 0.473271 0.434648 0.102760 0.139056
0 0.311648 0.136292 0.092589 0.173657
0 0.026654 0.340120 0.051911 0.172000
0 0.022529 0.184824 0.045057 0.151796
0 0.018776 0.513685 0.036833 0.162630
0 0.196578 0.947921 0.086229 0.097954
0 0.939570 0.052264 0.087120 0.104528
0 0.985857 0.452819 0.028286 0.150102
0 0.555362 0.549079 0.098995 0.159676
0 0.658302 0.448894 0.085396 0.128935
0 0.989448 0.246769 0.021104 0.150315
1 0.574737 0.440782 0.085536 0.143806
0 0.753086 0.959065 0.083995 0.078852
0 0.991323 0.043852 0.017354 0.087704
0 0.162966 0.165130 0.084693 0.143741
0 0.064596 0.470875 0.087870 0.169787
0 0.744719 0.065301 0.082427 0.130602
0 0.462797 0.565245 0.097948 0.159620
0 0.882341 0.201440 0.077724 0.197176
0 0.513859 0.631852 0.087479 0.152278
0 0.277409 0.937324 0.090120 0.124204
0 0.268901 0.822384 0.089542 0.134398
0 0.056146 0.774792 0.079146 0.133806
0 0.957378 0.186907 0.083036 0.172778
0 0.333349 0.277097 0.087958 0.137657
0 0.337604 0.544801 0.084479 0.132620
0 0.691076 0.317389 0.092984 0.156167
0 0.718263 0.179000 0.078057 0.137278
0 0.132331 0.602852 0.083995 0.145870
0 0.555487 0.163880 0.083578 0.151778
0 0.356526 0.409514 0.098688 0.156065
0 0.878760 0.673505 0.087000 0.149713
0 0.252456 0.524144 0.090453 0.151806
0 0.316125 0.743995 0.087625 0.157120
0 0.744510 0.777579 0.090167 0.152361
0 0.144453 0.735514 0.093594 0.144194
0 0.646055 0.222083 0.086318 0.156130
0 0.857060 0.458157 0.080047 0.138519
0 0.794646 0.649782 0.093115 0.147713
0 0.831758 0.090032 0.093839 0.156417
0 0.662380 0.782801 0.085010 0.150250
0 0.493854 0.082912 0.097521 0.157343
0 0.219227 0.412616 0.092516 0.156491
0 0.581812 0.692292 0.077406 0.158269
0 0.137674 0.443495 0.088755 0.166454
0 0.774076 0.537417 0.090953 0.153667
0 0.738289 0.422824 0.090630 0.153296
0 0.829250 0.910931 0.092250 0.165213
0 0.408776 0.910231 0.083740 0.145444
0 0.908667 0.351514 0.086792 0.148398
