1 0.397021 0.205801 0.082146 0.150657
0 0.337323 0.071861 0.089208 0.134981
0 0.822177 0.799375 0.084312 0.147157
0 0.514180 0.749875 0.090578 0.143769
0 0.423966 0.645588 0.076943 0.134287
0 0.302807 0.514185 0.080833 0.135704
0 0.498727 0.871741 0.083349 0.144056
0 0.515305 0.536301 0.091891 0.147565
0 0.461458 0.274870 0.075302 0.147648
0 0.585302 0.335435 0.081052 0.126259
0 0.208563 0.515338 0.077562 0.127676
0 0.597466 0.560648 0.081036 0.143000
0 0.279799 0.640023 0.085193 0.143046
0 0.611044 0.877259 0.083568 0.139741
0 0.360508 0.808347 0.079672 0.142991
0 0.944492 0.304759 0.088818 0.147426
0 0.226552 0.116806 0.081906 0.140315
0 0.527995 0.408088 0.078510 0.134861
0 0.433398 0.777264 0.083245 0.152361
0 0.779927 0.552704 0.074250 0.146981
0 0.634727 0.768963 0.089161 0.155648
0 0.525117 0.172958 0.083474 0.132898
0 0.896299 0.776042 0.078641 0.132861
0 0.734289 0.217894 0.079068 0.151657
0 0.697003 0.643162 0.084974 0.134843
0 0.426242 0.074106 0.080599 0.147231
0 0.666990 0.533051 0.083760 0.126491
0 0.892826 0.097741 0.085943 0.149093
0 0.958052 0.436917 0.078385 0.143704
0 0.053229 0.369157 0.096917 0.149241
0 0.293719 0.769333 0.077042 0.132907
0 0.965883 0.681370 0.068234 0.135556
0 0.657237 0.198421 0.088672 0.124380
0 0.562701 0.947593 0.081005 0.103759
0 0.857995 0.494519 0.083562 0.113630
0 0.265753 0.914375 0.080828 0.145472
0 0.186055 0.945921 0.073849 0.105231
0 0.678404 0.106102 0.082870 0.119407
0 0.571695 0.679051 0.085776 0.131213
0 0.324424 0.194037 0.082359 0.131759
0 0.218305 0.825417 0.081589 0.133407
0 0.027844 0.699657 0.055688 0.114667
0 0.963898 0.801588 0.072203 0.128472
0 0.771031 0.885319 0.085594 0.141657
0 0.565370 0.117486 0.086990 0.143565
0 0.330784 0.914866 0.072453 0.155546
0 0.354099 0.601639 0.081833 0.139333
0 0.031070 0.154514 0.062036 0.140324
0 0.106573 0.287694 0.089563 0.135444
0 0.087424 0.684745 0.081286 0.148065
0 0.865141 0.662356 0.093052 0.139843
0 0.116062 0.462875 0.081354 0.139639
0 0.831484 0.188194 0.077427 0.139759
0 0.772539 0.677083 0.073620 0.123241
0 0.046458 0.601208 0.084031 0.136065
0 0.203690 0.638306 0.075078 0.126630
0 0.890661 0.876329 0.075917 0.131102
0 0.159292 0.141435 0.073156 0.129167
0 0.495917 0.059458 0.081729 0.116583
0 0.961680 0.908653 0.075786 0.137565
0 0.183049 0.722019 0.083880 0.146648
0 0.092047 0.091986 0.081000 0.131194
0 0.687221 0.435597 0.085974 0.149157
0 0.291609 0.387769 0.086865 0.140296
0 0.310055 0.315949 0.084318 0.135250
0 0.741104 0.357255 0.077500 0.134417
0 0.453753 0.408745 0.083339 0.145806
0 0.953323 0.174454 0.075479 0.135389
0 0.411458 0.961713 0.080917 0.073852
0 0.763128 0.424338 0.083745 0.129324
0 0.040438 0.480250 0.080875 0.143611
0 0.687411 0.739144 0.080531 0.141491
0 0.889216 0.580079 0.089807 0.127731
0 0.800378 0.306472 0.086828 0.152944
0 0.093453 0.212648 0.083323 0.137259
0 0.250133 0.242338 0.071943 0.135898
0 0.637492 0.256384 0.083359 0.127417
0 0.441169 0.485866 0.076693 0.131176
0 0.354568 0.686380 0.076906 0.130222
0 0.981060 0.566153 0.037703 0.132583
0 0.043086 0.911292 0.077880 0.145509
0 0.838701 0.032204 0.071922 0.062981
0 0.648169 0.417630 0.075339 0.140407
0 0.874914 0.388181 0.074047 0.142917
0 0.118297 0.822208 0.085417 0.135120
0 0.227911 0.295333 0.082625 0.141833
0 0.146154 0.039667 0.105286 0.077759
0 0.259073 0.024495 0.084708 0.048991
0 0.788036 0.956403 0.081656 0.087194
0 0.094677 0.955065 0.098365 0.089870
0 0.841841 0.368477 0.071901 0.153157
0 0.037107 0.036106 0.074214 0.069287
0 0.695768 0.029926 0.083193 0.059852
0 0.109565 0.898949 0.087547 0.124509
0 0.889352 0.970148 0.095578 0.059704
0 0.554906 0.019306 0.090938 0.038611
0 0.640539 0.042556 0.077255 0.085111
0 0.024346 0.784935 0.048693 0.133944
0 0.484885 0.983782 0.082823 0.031731
0 0.014708 0.267120 0.029417 0.146963
0 0.991154 0.144343 0.016505 0.133611
0 0.995245 0.037407 0.009510 0.074815
0 0.702966 0.861903 0.073995 0.134620
0 0.994190 0.391958 0.011339 0.115861
0 0.015656 0.527477 0.031052 0.111917
0 0.018292 0.968366 0.036583 0.062528
0 0.340904 0.032134 0.082057 0.055602
