0 0.866142 0.089593 0.083721 0.138565
0 0.587030 0.309206 0.085284 0.170588
0 0.328293 0.857375 0.084779 0.150787
0 0.027340 0.048104 0.054680 0.094884
0 0.901763 0.411919 0.080130 0.134468
0 0.371253 0.941833 0.067078 0.114398
0 0.705622 0.126949 0.103786 0.149120
0 0.026085 0.542725 0.052169 0.154671
0 0.060549 0.434449 0.084083 0.133528
0 0.685839 0.037303 0.096740 0.074606
0 0.377333 0.672829 0.087448 0.148935
0 0.413331 0.784074 0.079995 0.155370
0 0.933997 0.309319 0.090073 0.140630
0 0.625974 0.182669 0.080141 0.146440
0 0.277758 0.951442 0.073750 0.097069
0 0.026013 0.856164 0.052026 0.166375
0 0.015517 0.364417 0.030128 0.147083
0 0.773840 0.400407 0.082393 0.134815
0 0.566743 0.468069 0.089721 0.165630
0 0.220798 0.961111 0.082440 0.073222
0 0.410487 0.514282 0.077526 0.159991
0 0.129853 0.922236 0.102164 0.144852
0 0.300164 0.728134 0.080859 0.137435
0 0.638645 0.496215 0.091763 0.152116
0 0.036090 0.169785 0.072180 0.141671
0 0.252207 0.508178 0.073237 0.135995
0 0.698049 0.389634 0.078057 0.143657
0 0.457220 0.617706 0.070305 0.129153
0 0.126996 0.386521 0.080497 0.156671
0 0.429301 0.925618 0.067159 0.146949
0 0.085697 0.826546 0.076935 0.143065
0 0.881848 0.214808 0.090992 0.129125
0 0.260814 0.624727 0.085003 0.138019
0 0.527806 0.569525 0.087591 0.117181
0 0.796772 0.127259 0.084258 0.159731
0 0.985085 0.554231 0.029831 0.151852
0 0.639043 0.346227 0.080273 0.178259
0 0.055861 0.659211 0.096190 0.145088
0 0.040906 0.738641 0.080828 0.137153
0 0.092292 0.546963 0.082646 0.129870
0 0.766087 0.043035 0.085648 0.086069
0 0.744725 0.213245 0.086461 0.151083
0 0.846672 0.331356 0.086677 0.156435
0 0.525389 0.369935 0.077263 0.138435
0 0.485568 0.765375 0.075781 0.138463
0 0.532717 0.669991 0.097258 0.132259
0 0.969186 0.430176 0.060940 0.153176
0 0.054831 0.301023 0.079422 0.132046
0 0.167736 0.746750 0.102445 0.125981
0 0.192943 0.444604 0.067896 0.120523
0 0.131654 0.647514 0.079135 0.141231
0 0.790440 0.271576 0.095729 0.155847
0 0.251176 0.837331 0.077758 0.151042
0 0.042783 0.944951 0.079065 0.106412
0 0.160643 0.543581 0.099411 0.154162
0 0.176581 0.869414 0.092036 0.147773
0 0.491837 0.907954 0.078195 0.148546
0 0.484135 0.484164 0.077260 0.147199
1 0.329436 0.521463 0.084466 0.153380
