0 0.187935 0.169454 0.086745 0.249833
0 0.738552 0.503523 0.094479 0.134491
0 0.419953 0.270843 0.075344 0.168333
0 0.735773 0.744551 0.078932 0.137972
0 0.109565 0.071523 0.084266 0.128676
0 0.086159 0.375630 0.085995 0.140722
0 0.325193 0.418653 0.088167 0.135250
0 0.161479 0.419111 0.093198 0.139500
0 0.872151 0.443324 0.094323 0.150944
0 0.171096 0.581199 0.080776 0.149769
0 0.253417 0.539282 0.084875 0.160787
0 0.016232 0.726662 0.032464 0.127157
0 0.522813 0.324079 0.075771 0.154380
1 0.440036 0.616384 0.079146 0.147583
0 0.697125 0.959787 0.093219 0.080426
0 0.766453 0.949144 0.075333 0.101713
0 0.223068 0.033204 0.073344 0.063037
0 0.954409 0.066537 0.091161 0.133074
0 0.931440 0.640245 0.082839 0.168787
0 0.676813 0.704560 0.079323 0.137991
0 0.017982 0.938722 0.035964 0.117519
0 0.834909 0.679199 0.079828 0.144361
0 0.316406 0.580509 0.068667 0.132722
0 0.560732 0.531981 0.074578 0.109722
0 0.700164 0.537792 0.077401 0.148731
0 0.549000 0.135852 0.086458 0.123889
0 0.286120 0.023056 0.080208 0.046111
0 0.529755 0.970681 0.092219 0.058639
0 0.447055 0.966926 0.089807 0.066148
0 0.055417 0.970907 0.093865 0.058185
0 0.014448 0.802884 0.028896 0.134954
0 0.008581 0.252972 0.017161 0.114648
0 0.971633 0.975278 0.049693 0.049444
0 0.182721 0.335231 0.089839 0.193833
0 0.975643 0.498634 0.047828 0.131917
0 0.215789 0.931977 0.080141 0.134509
0 0.051372 0.265912 0.084891 0.140213
0 0.138836 0.862588 0.085484 0.132806
0 0.927125 0.314792 0.083896 0.129731
0 0.835411 0.862583 0.081542 0.148204
0 0.101971 0.183491 0.093964 0.141407
0 0.197120 0.111412 0.082344 0.138250
0 0.470190 0.487546 0.080224 0.119037
0 0.802276 0.305051 0.082875 0.141676
0 0.097641 0.521042 0.095833 0.165861
0 0.407919 0.454769 0.081297 0.142167
0 0.297750 0.151111 0.077500 0.134333
0 0.293578 0.923676 0.080656 0.139426
0 0.804393 0.183134 0.090443 0.138880
0 0.659404 0.863986 0.082130 0.160361
0 0.386898 0.766764 0.074516 0.120657
0 0.621784 0.952458 0.081297 0.095083
0 0.426130 0.083444 0.079906 0.145352
0 0.603016 0.816630 0.080115 0.137000
0 0.645448 0.443435 0.063156 0.132352
0 0.882617 0.207287 0.087016 0.149259
0 0.538404 0.870810 0.083339 0.155528
0 0.655643 0.261241 0.076401 0.130093
0 0.783154 0.442727 0.071745 0.131083
0 0.583378 0.429139 0.079464 0.133870
0 0.478966 0.231315 0.081214 0.148204
0 0.351542 0.046972 0.078854 0.090481
0 0.904805 0.823727 0.080620 0.137954
0 0.796576 0.745750 0.074193 0.148093
0 0.727492 0.822431 0.088901 0.145009
0 0.382281 0.931231 0.088260 0.137537
0 0.110578 0.766352 0.086448 0.139296
0 0.684435 0.353986 0.089536 0.164898
0 0.053458 0.641315 0.084062 0.146759
0 0.446497 0.840769 0.080714 0.142759
0 0.267979 0.348778 0.076427 0.140815
0 0.945292 0.494977 0.086323 0.148139
0 0.032042 0.563690 0.064083 0.149269
0 0.241081 0.401514 0.080401 0.146046
0 0.941661 0.214454 0.083573 0.125833
0 0.692096 0.055130 0.082151 0.109648
0 0.168698 0.229694 0.088333 0.141352
0 0.528419 0.573741 0.077641 0.140796
0 0.892010 0.119454 0.080438 0.123574
0 0.753763 0.335542 0.072901 0.124213
0 0.562638 0.198963 0.090943 0.144130
0 0.025951 0.138315 0.051901 0.155315
0 0.198219 0.287815 0.084708 0.145778
0 0.053128 0.053366 0.087797 0.106731
0 0.977146 0.609792 0.045063 0.132917
0 0.677633 0.148769 0.082609 0.138296
0 0.378503 0.637898 0.078120 0.151167
0 0.844000 0.032227 0.086344 0.064454
0 0.651276 0.642829 0.086844 0.131380
0 0.480685 0.802032 0.078161 0.151361
0 0.866008 0.636468 0.077880 0.178324
0 0.960219 0.894944 0.079042 0.146167
0 0.764326 0.141602 0.077474 0.138444
0 0.492370 0.062884 0.084094 0.125769
0 0.069141 0.809593 0.075354 0.149148
0 0.231625 0.680421 0.092615 0.143509
0 0.767680 0.878917 0.078224 0.135111
0 0.531245 0.455361 0.080844 0.136630
0 0.761026 0.050829 0.082969 0.096287
0 0.348802 0.537750 0.087833 0.156037
0 0.606818 0.069037 0.099167 0.137630
0 0.104555 0.651315 0.075109 0.127167
0 0.355716 0.310532 0.080599 0.146491
0 0.336260 0.254231 0.078562 0.134648
0 0.221917 0.874625 0.084781 0.157694
