0 0.288818 0.608056 0.094167 0.137296
0 0.164589 0.337597 0.075885 0.127657
0 0.796792 0.615847 0.073510 0.135287
0 0.288427 0.487472 0.073448 0.114704
0 0.382232 0.815495 0.087984 0.136954
0 0.117982 0.807093 0.078109 0.131963
0 0.055602 0.483449 0.077245 0.140009
0 0.188591 0.061477 0.063891 0.119102
0 0.320125 0.722991 0.074885 0.124019
0 0.481128 0.798569 0.070036 0.116769
0 0.622365 0.237449 0.086698 0.116694
0 0.523177 0.910537 0.079583 0.121019
0 0.047956 0.634606 0.088109 0.159509
0 0.309771 0.116718 0.071677 0.145009
0 0.564471 0.042310 0.074984 0.084620
0 0.364794 0.047296 0.070651 0.094593
0 0.409294 0.466407 0.085891 0.154944
0 0.258594 0.370486 0.080625 0.140917
0 0.445141 0.329046 0.078146 0.117759
0 0.898081 0.303718 0.076943 0.138102
0 0.147685 0.507199 0.080255 0.158157
0 0.893357 0.824880 0.072714 0.148981
0 0.959677 0.751694 0.074146 0.126500
0 0.291995 0.887838 0.081437 0.150972
0 0.443188 0.663005 0.078583 0.137361
0 0.731055 0.809722 0.079443 0.140593
0 0.101130 0.218657 0.074313 0.137500
0 0.121560 0.084403 0.075359 0.140009
0 0.587823 0.141889 0.077052 0.128148
0 0.664055 0.126074 0.073432 0.135556
0 0.671492 0.335343 0.071182 0.132685
0 0.804951 0.775843 0.074547 0.146648
0 0.753677 0.286565 0.079375 0.134444
0 0.422724 0.119986 0.080583 0.139269
0 0.040924 0.310051 0.080641 0.154120
0 0.719901 0.635856 0.083719 0.140009
0 0.905703 0.633444 0.077604 0.151574
0 0.818552 0.209653 0.076375 0.141176
0 0.147260 0.933694 0.082396 0.128426
0 0.481714 0.533523 0.088854 0.153620
0 0.496477 0.057907 0.068818 0.114870
0 0.891333 0.166898 0.077135 0.137537
0 0.037641 0.945347 0.070312 0.105269
0 0.945932 0.538935 0.085021 0.131315
0 0.599471 0.357162 0.074130 0.135435
0 0.702977 0.515903 0.086172 0.113565
0 0.180031 0.466375 0.073969 0.128324
0 0.193646 0.649111 0.073979 0.143019
0 0.870354 0.320153 0.080490 0.157898
0 0.006510 0.174204 0.013021 0.140963
0 0.814219 0.040819 0.066604 0.081639
0 0.385414 0.224181 0.072505 0.127898
0 0.991583 0.919065 0.016542 0.114278
0 0.990005 0.803894 0.019990 0.125176
1 0.371148 0.601060 0.080672 0.141306
0 0.926273 0.021815 0.071182 0.041963
0 0.265807 0.015708 0.078500 0.030380
0 0.720904 0.049000 0.084109 0.097759
0 0.349435 0.231208 0.080620 0.133546
0 0.363044 0.941296 0.080141 0.117407
0 0.989201 0.316116 0.021599 0.143898
0 0.213380 0.704301 0.059240 0.137472
0 0.856193 0.056218 0.078354 0.109546
0 0.186680 0.271116 0.079568 0.133343
0 0.830513 0.937523 0.072286 0.124713
0 0.021117 0.851532 0.042234 0.117472
0 0.112346 0.717597 0.080964 0.130176
0 0.241125 0.135208 0.075604 0.159065
0 0.726750 0.407227 0.081229 0.122083
0 0.787302 0.935440 0.071927 0.128602
0 0.580742 0.786681 0.070391 0.131472
0 0.980414 0.640069 0.038818 0.114991
0 0.566398 0.879324 0.079151 0.132352
0 0.522133 0.347968 0.077661 0.150472
0 0.733516 0.165625 0.070000 0.118880
0 0.826130 0.367750 0.079052 0.144111
0 0.489281 0.398319 0.073563 0.127343
0 0.966984 0.451606 0.066031 0.137565
0 0.650857 0.783176 0.075568 0.145167
0 0.677917 0.901718 0.081448 0.148398
0 0.234310 0.813190 0.073172 0.127824
