0 0.627648 0.551468 0.092401 0.166231
0 0.032539 0.206644 0.064953 0.160991
0 0.039635 0.612106 0.079271 0.183528
0 0.814589 0.310097 0.114052 0.138398
0 0.305969 0.854977 0.084271 0.155806
0 0.349070 0.042741 0.063495 0.081426
0 0.193333 0.953403 0.087073 0.091157
0 0.387820 0.849352 0.085661 0.147870
0 0.426406 0.431532 0.084458 0.184343
0 0.081031 0.852741 0.082698 0.158907
0 0.610638 0.136060 0.094797 0.187102
0 0.540266 0.698273 0.082229 0.160769
0 0.229099 0.410898 0.090198 0.164315
0 0.970518 0.504759 0.058682 0.155537
0 0.495284 0.413106 0.085995 0.175583
0 0.206128 0.061634 0.083755 0.117046
0 0.029818 0.794269 0.059385 0.162481
0 0.580638 0.845861 0.091484 0.155204
0 0.303714 0.639824 0.090740 0.155630
0 0.268060 0.743801 0.095495 0.143287
0 0.677456 0.763181 0.084484 0.174602
0 0.115974 0.218481 0.083937 0.147778
0 0.135227 0.037718 0.082703 0.075435
0 0.428654 0.728440 0.092266 0.150676
0 0.190031 0.179796 0.089781 0.149648
0 0.615479 0.707819 0.080604 0.160213
0 0.959919 0.239741 0.080161 0.152926
0 0.371529 0.659444 0.073880 0.149648
0 0.527396 0.096282 0.103875 0.148028
0 0.614727 0.954431 0.093641 0.089546
0 0.694888 0.469310 0.086932 0.160602
0 0.572414 0.041500 0.081411 0.082074
0 0.911456 0.319597 0.086505 0.138731
0 0.210656 0.591472 0.092521 0.158074
0 0.855945 0.036718 0.088984 0.069546
0 0.856911 0.463120 0.092896 0.212370
0 0.031560 0.464690 0.062880 0.160120
0 0.094005 0.962944 0.085927 0.071870
0 0.806318 0.077287 0.109125 0.147019
0 0.297781 0.113190 0.088438 0.147935
0 0.941195 0.815370 0.083078 0.124574
0 0.718807 0.646403 0.080979 0.137787
0 0.354242 0.378106 0.080776 0.151306
0 0.948435 0.692301 0.085828 0.156139
0 0.066620 0.089819 0.096438 0.170546
1 0.437474 0.592889 0.093823 0.163167
0 0.831680 0.982644 0.080516 0.030769
0 0.269646 0.946361 0.080594 0.104389
1 0.478924 0.769949 0.088797 0.164472
0 0.966969 0.100694 0.066062 0.149722
0 0.778513 0.424421 0.090995 0.152694
0 0.622042 0.409727 0.085521 0.137787
0 0.536951 0.525829 0.090120 0.168287
0 0.156469 0.707912 0.088594 0.167009
0 0.752018 0.762861 0.088297 0.157981
0 0.596573 0.294866 0.082229 0.149009
0 0.910154 0.438273 0.089172 0.139713
0 0.987667 0.323884 0.023708 0.151546
0 0.014336 0.072361 0.028318 0.144093
0 0.099286 0.629653 0.087031 0.160787
0 0.830284 0.194940 0.103245 0.160861
0 0.962698 0.925125 0.074604 0.149750
0 0.984781 0.780241 0.030438 0.155963
0 0.986115 0.661773 0.026823 0.142657
0 0.414292 0.031616 0.082208 0.063046
0 0.418654 0.263162 0.082182 0.160454
0 0.262391 0.019389 0.090969 0.034093
0 0.506526 0.022046 0.078458 0.040241
0 0.535943 0.235560 0.095823 0.177343
0 0.434625 0.941722 0.084031 0.111185
0 0.312253 0.505333 0.091464 0.138611
0 0.345570 0.221356 0.087880 0.181454
0 0.765633 0.561144 0.089245 0.156065
0 0.505271 0.886704 0.079771 0.139815
