0 0.007775 0.165875 0.015549 0.137306
0 0.979940 0.015789 0.040120 0.030338
0 0.013582 0.040993 0.027164 0.081588
0 0.008819 0.570090 0.017638 0.132681
0 0.726759 0.976287 0.072383 0.045944
0 0.195721 0.320822 0.088526 0.144532
0 0.594811 0.026539 0.078633 0.053051
0 0.022005 0.421053 0.043776 0.159366
0 0.652710 0.972856 0.083138 0.054269
0 0.014565 0.911639 0.029094 0.137648
0 0.909896 0.972111 0.067036 0.055019
0 0.500668 0.090257 0.087747 0.140579
0 0.125306 0.968822 0.080154 0.061745
0 0.472986 0.358375 0.067706 0.130926
0 0.167844 0.458477 0.089016 0.167519
0 0.205059 0.045359 0.067591 0.090245
0 0.900930 0.693377 0.073406 0.133912
0 0.506578 0.178167 0.072557 0.146426
0 0.825681 0.352428 0.080674 0.157060
0 0.108296 0.338206 0.091039 0.157329
0 0.561053 0.648896 0.084159 0.128153
0 0.609826 0.648801 0.080380 0.135796
0 0.020169 0.766748 0.040339 0.139273
0 0.898053 0.543808 0.067820 0.132440
0 0.037773 0.278451 0.075135 0.135579
0 0.785979 0.291588 0.072677 0.157065
0 0.049973 0.160641 0.066503 0.116606
0 0.511879 0.350190 0.082013 0.133148
0 0.662632 0.083072 0.078513 0.119551
0 0.840832 0.952076 0.075497 0.094551
0 0.417859 0.423067 0.064068 0.145245
0 0.284620 0.400725 0.081969 0.130514
0 0.828902 0.102079 0.085180 0.122731
0 0.688225 0.190051 0.083185 0.130889
0 0.946542 0.140861 0.092943 0.119583
0 0.826398 0.842764 0.083885 0.127500
0 0.358251 0.088308 0.087789 0.131782
0 0.904493 0.300144 0.077883 0.114019
0 0.364758 0.988273 0.074797 0.020769
0 0.139801 0.010838 0.067945 0.020139
0 0.995049 0.834493 0.009833 0.136903
0 0.269133 0.984227 0.074297 0.028639
0 0.159910 0.889016 0.076836 0.124347
0 0.906839 0.445035 0.084849 0.133440
0 0.805363 0.490361 0.085758 0.124833
0 0.263673 0.083683 0.076982 0.130995
0 0.109958 0.088611 0.081224 0.139130
0 0.077411 0.469803 0.077755 0.134375
0 0.455983 0.919444 0.079680 0.141898
0 0.222270 0.576537 0.072029 0.138981
0 0.971013 0.934176 0.057974 0.131648
0 0.476546 0.503058 0.090242 0.130245
0 0.177947 0.723794 0.076258 0.138319
0 0.408225 0.612683 0.079919 0.122319
0 0.262309 0.758444 0.076195 0.133463
0 0.345242 0.698289 0.075281 0.141764
0 0.931634 0.870808 0.079951 0.134005
0 0.913350 0.058799 0.079044 0.117597
0 0.081061 0.612000 0.082414 0.129778
0 0.235716 0.885755 0.075078 0.135194
0 0.580826 0.515734 0.077448 0.134690
0 0.735672 0.844111 0.086479 0.154380
0 0.694635 0.698065 0.080615 0.141343
0 0.478279 0.750516 0.079651 0.145069
0 0.792566 0.649926 0.084023 0.139231
0 0.696616 0.551083 0.079669 0.139444
0 0.558487 0.873359 0.085422 0.143912
0 0.565220 0.227606 0.074096 0.130157
0 0.081714 0.748660 0.079797 0.130134
0 0.647165 0.825907 0.082185 0.142750
0 0.363576 0.253037 0.079495 0.124407
0 0.940180 0.659484 0.077745 0.145597
