0 0.815464 0.843815 0.119792 0.221759
0 0.416487 0.893148 0.124755 0.205148
0 0.991010 0.784347 0.017979 0.162083
0 0.972784 0.026023 0.052328 0.042343
0 0.499638 0.962574 0.131182 0.074778
0 0.916953 0.068495 0.128750 0.119565
0 0.984065 0.372764 0.031870 0.187620
0 0.720828 0.981884 0.110281 0.030583
0 0.572326 0.723431 0.120703 0.226324
0 0.937333 0.198963 0.108188 0.199278
0 0.984362 0.137671 0.030984 0.191417
0 0.620221 0.940444 0.122432 0.119111
0 0.361732 0.020787 0.101047 0.036278
0 0.328122 0.140380 0.125172 0.240278
0 0.448203 0.718366 0.110687 0.206065
0 0.102891 0.661690 0.110531 0.198991
0 0.596794 0.171676 0.108318 0.195130
0 0.266911 0.022870 0.096125 0.043370
0 0.082594 0.044477 0.113063 0.088954
0 0.028284 0.529931 0.053151 0.230565
0 0.460909 0.031097 0.088641 0.062120
0 0.034974 0.729394 0.067469 0.211880
0 0.322964 0.525981 0.111750 0.207389
1 0.597911 0.841139 0.108437 0.197037
0 0.897016 0.747574 0.100427 0.180481
0 0.406505 0.124153 0.097281 0.184269
0 0.040570 0.314245 0.081141 0.238157
0 0.307945 0.318917 0.119255 0.217648
0 0.106602 0.185060 0.095370 0.235546
0 0.268940 0.838079 0.111349 0.206898
0 0.242188 0.670384 0.105677 0.194898
0 0.577049 0.445944 0.107057 0.215204
0 0.031820 0.927421 0.063214 0.137398
0 0.179388 0.924667 0.100484 0.150667
0 0.091310 0.466824 0.107411 0.222352
0 0.642943 0.624778 0.105958 0.225704
0 0.190971 0.075417 0.096557 0.146870
0 0.714286 0.886954 0.110604 0.183722
0 0.909547 0.562468 0.115969 0.216380
0 0.717195 0.119810 0.120755 0.219065
0 0.395664 0.363032 0.116182 0.206417
0 0.793792 0.273315 0.123104 0.213278
0 0.814367 0.464542 0.117401 0.214435
0 0.914716 0.370935 0.123328 0.196463
0 0.819185 0.650981 0.102547 0.177296
0 0.515870 0.097634 0.107687 0.195269
0 0.432333 0.522185 0.114313 0.204796
0 0.169724 0.314630 0.119542 0.205463
0 0.512672 0.601028 0.108781 0.201852
