0 0.777344 0.330625 0.083938 0.083740
0 0.597461 0.075568 0.084828 0.087948
0 0.832021 0.515547 0.067176 0.101854
0 0.239643 0.584680 0.072613 0.089880
0 0.176193 0.738794 0.070801 0.093182
0 0.348684 0.881271 0.067984 0.113500
0 0.296184 0.849125 0.062625 0.078562
0 0.809865 0.104310 0.074152 0.092578
0 0.347729 0.563206 0.079441 0.102328
0 0.978465 0.728117 0.042852 0.090641
0 0.312482 0.775414 0.088332 0.081297
0 0.858350 0.740437 0.072762 0.091802
0 0.878668 0.479919 0.078008 0.090068
0 0.389408 0.796487 0.073246 0.113182
0 0.697416 0.198102 0.065480 0.090526
0 0.116943 0.552815 0.063660 0.108370
0 0.857883 0.309794 0.070695 0.107661
0 0.661113 0.312154 0.068664 0.107484
0 0.777797 0.506792 0.069328 0.084302
0 0.726068 0.470711 0.077207 0.085068
0 0.962926 0.514276 0.073813 0.092948
0 0.022570 0.384802 0.044836 0.085875
0 0.835523 0.429187 0.067258 0.097667
0 0.111756 0.273388 0.067574 0.091339
0 0.623791 0.435034 0.074504 0.091641
0 0.255775 0.222477 0.064660 0.080870
0 0.927035 0.425589 0.065422 0.087229
0 0.709516 0.970240 0.076805 0.059521
0 0.164018 0.793229 0.066684 0.083156
0 0.657789 0.797872 0.078766 0.087047
0 0.559211 0.461875 0.065367 0.097021
0 0.349279 0.294352 0.073543 0.094401
0 0.078441 0.085979 0.068281 0.089323
0 0.945146 0.106052 0.076621 0.093687
0 0.734295 0.714065 0.064926 0.093141
0 0.790473 0.672784 0.071648 0.080828
0 0.902990 0.180161 0.079645 0.088167
0 0.120906 0.071844 0.067172 0.086031
0 0.054268 0.232484 0.072105 0.087667
0 0.164832 0.481224 0.075570 0.087396
0 0.804975 0.187656 0.077363 0.086094
0 0.026969 0.723125 0.053750 0.097271
0 0.647787 0.205854 0.076527 0.090427
0 0.383768 0.466331 0.063832 0.087245
0 0.527783 0.318766 0.074254 0.092854
0 0.569871 0.156130 0.079172 0.098167
0 0.212912 0.171201 0.064957 0.089078
0 0.402834 0.308885 0.067598 0.092510
0 0.282672 0.294818 0.073047 0.104510
0 0.722861 0.283451 0.066254 0.092078
0 0.527496 0.204318 0.068773 0.093240
0 0.887355 0.098404 0.071219 0.096057
0 0.481344 0.904224 0.067398 0.093094
0 0.344439 0.035299 0.072012 0.070599
0 0.430859 0.770331 0.066180 0.102547
0 0.515219 0.407875 0.074992 0.091865
0 0.670639 0.502482 0.070777 0.082432
0 0.369789 0.213091 0.078492 0.094620
0 0.736980 0.809013 0.076117 0.091859
0 0.076857 0.364654 0.073691 0.093016
0 0.168215 0.234937 0.070039 0.103104
0 0.386770 0.639982 0.068500 0.082120
0 0.033373 0.035372 0.065598 0.070745
0 0.435068 0.867612 0.076582 0.098359
0 0.676389 0.894729 0.066645 0.088865
0 0.413174 0.943130 0.063801 0.081396
0 0.113701 0.181612 0.079020 0.107016
0 0.590021 0.671026 0.072863 0.095312
0 0.913055 0.681391 0.071078 0.092500
0 0.878709 0.590643 0.080871 0.095589
0 0.104676 0.834635 0.078578 0.100604
0 0.269742 0.700130 0.066391 0.094260
0 0.215314 0.659031 0.066277 0.083896
0 0.242834 0.892779 0.066949 0.083776
0 0.754367 0.596292 0.072828 0.098844
0 0.470363 0.202737 0.063500 0.073641
0 0.536557 0.053669 0.068371 0.096922
0 0.062568 0.513018 0.066895 0.086599
0 0.554049 0.949391 0.073848 0.097135
0 0.135838 0.956078 0.074293 0.087844
0 0.456750 0.447297 0.068883 0.094479
0 0.436434 0.136859 0.068508 0.087854
0 0.583795 0.804758 0.069543 0.092214
0 0.470953 0.064505 0.073945 0.098885
0 0.187072 0.091893 0.069262 0.093276
0 0.735357 0.118893 0.074145 0.098953
0 0.111199 0.729281 0.073055 0.096656
0 0.672637 0.720102 0.065344 0.087047
0 0.589914 0.360388 0.063578 0.085234
0 0.520723 0.837375 0.065625 0.082583
0 0.742057 0.904641 0.077043 0.096667
0 0.641586 0.118604 0.070922 0.091406
0 0.608932 0.018466 0.079348 0.036714
0 0.980904 0.569146 0.037629 0.085104
0 0.875828 0.800956 0.089820 0.087724
0 0.895490 0.879583 0.076098 0.077031
0 0.792398 0.026568 0.070031 0.053135
0 0.699338 0.021685 0.075895 0.043130
0 0.983320 0.342891 0.033242 0.087635
0 0.300863 0.611232 0.071734 0.092474
0 0.018309 0.185245 0.036398 0.107760
0 0.452955 0.977919 0.067449 0.044161
0 0.214244 0.500318 0.083488 0.101875
0 0.165023 0.024794 0.068445 0.049370
0 0.461525 0.279086 0.065871 0.083724
0 0.899775 0.971589 0.067480 0.056823
0 0.578277 0.589245 0.089102 0.084312
0 0.357283 0.715146 0.079988 0.079958
0 0.384521 0.981109 0.081395 0.037760
0 0.969807 0.425112 0.060387 0.093193
0 0.141951 0.392219 0.073465 0.108656
0 0.020420 0.304674 0.040684 0.084068
0 0.495234 0.781919 0.076594 0.095943
0 0.793693 0.268107 0.080715 0.083359
0 0.225145 0.265513 0.069773 0.097901
0 0.191016 0.403260 0.083750 0.093125
0 0.511207 0.517245 0.076906 0.105823
0 0.713002 0.402586 0.068957 0.086464
0 0.977465 0.896039 0.045070 0.081203
0 0.205133 0.964781 0.075641 0.070438
0 0.329543 0.682750 0.066000 0.091146
0 0.769178 0.410844 0.081121 0.086823
0 0.030338 0.595779 0.060676 0.123182
0 0.908406 0.016216 0.071891 0.031922
0 0.980443 0.810979 0.039113 0.086031
0 0.073195 0.991687 0.069633 0.016458
0 0.959266 0.986979 0.061711 0.025594
1 0.284271 0.527966 0.094355 0.113214
0 0.843271 0.015060 0.072012 0.030120
0 0.473502 0.318026 0.070895 0.078990
0 0.239510 0.987620 0.072746 0.024760
0 0.009256 0.789240 0.018324 0.087896
0 0.951793 0.614823 0.068570 0.082240
0 0.989887 0.637698 0.020227 0.085927
0 0.024014 0.466984 0.047957 0.088062
0 0.996217 0.254359 0.007566 0.085115
0 0.009201 0.876763 0.018113 0.092307
0 0.627531 0.984573 0.070289 0.030479
