0 0.017737 0.246470 0.035318 0.158931
0 0.248118 0.675588 0.094195 0.155565
0 0.684428 0.670664 0.089690 0.153440
0 0.112611 0.685308 0.100378 0.148273
0 0.230496 0.425900 0.094831 0.165894
0 0.572674 0.749866 0.095854 0.169315
0 0.252064 0.280123 0.088930 0.160190
0 0.498632 0.742035 0.080372 0.160069
0 0.214424 0.871470 0.097156 0.153958
0 0.950225 0.453405 0.098852 0.143477
0 0.625685 0.608294 0.083323 0.174106
0 0.152090 0.145720 0.083638 0.164764
0 0.036928 0.694595 0.073857 0.157208
0 0.940163 0.687431 0.100247 0.139065
0 0.260719 0.794373 0.117625 0.149773
0 0.971445 0.860296 0.057109 0.154287
0 0.435630 0.675894 0.097708 0.186481
0 0.864809 0.679030 0.072727 0.156505
0 0.186074 0.953748 0.097695 0.092505
0 0.225931 0.048995 0.097628 0.096574
0 0.952884 0.204657 0.091602 0.137213
0 0.494529 0.584856 0.110089 0.192194
0 0.326966 0.246970 0.110510 0.158542
0 0.368702 0.684917 0.081279 0.186343
0 0.980846 0.637701 0.038307 0.172125
0 0.156555 0.036519 0.082646 0.071880
0 0.876729 0.029433 0.094901 0.058866
0 0.098785 0.312794 0.098419 0.195634
0 0.029184 0.380472 0.057612 0.136620
0 0.098741 0.581556 0.116326 0.134102
0 0.972251 0.143836 0.055497 0.162301
0 0.990674 0.761169 0.018651 0.140597
0 0.315038 0.648660 0.079716 0.177523
0 0.328749 0.504979 0.088487 0.147838
0 0.406466 0.538653 0.105089 0.167796
0 0.015682 0.633944 0.031307 0.155796
0 0.063509 0.310218 0.118992 0.163361
1 0.557112 0.624854 0.094672 0.170338
0 0.968509 0.020532 0.062982 0.041065
0 0.731721 0.765248 0.089036 0.151319
0 0.222424 0.155928 0.096141 0.152227
0 0.920023 0.793336 0.096536 0.160532
0 0.649301 0.754095 0.086273 0.165718
0 0.810823 0.729363 0.086563 0.149514
0 0.932288 0.566296 0.087107 0.128667
0 0.481143 0.448938 0.104604 0.137468
0 0.106841 0.812201 0.104068 0.129579
0 0.065598 0.201942 0.085909 0.136088
0 0.265694 0.557012 0.086690 0.131292
0 0.958018 0.942817 0.083437 0.113644
0 0.951456 0.326333 0.092896 0.139917
0 0.095434 0.469486 0.093190 0.146750
0 0.942751 0.074431 0.085935 0.145259
0 0.112230 0.934352 0.088997 0.131296
0 0.183909 0.290167 0.079813 0.164361
