0 0.803223 0.353622 0.071383 0.107453
0 0.935479 0.849068 0.062871 0.089583
0 0.958937 0.810398 0.068055 0.083922
0 0.175824 0.090237 0.067797 0.078682
0 0.091111 0.896034 0.074949 0.095984
0 0.102066 0.798880 0.080586 0.102469
0 0.071264 0.359068 0.052004 0.092000
0 0.227309 0.042833 0.070922 0.083812
0 0.315016 0.408534 0.066156 0.087964
0 0.130574 0.729492 0.057586 0.115161
0 0.862703 0.618844 0.061203 0.092990
0 0.548311 0.607156 0.068676 0.084656
0 0.826277 0.199552 0.057172 0.081000
0 0.433455 0.021622 0.061824 0.039964
0 0.420633 0.577880 0.075172 0.085083
0 0.975381 0.041997 0.049238 0.081328
0 0.118098 0.312742 0.062781 0.079620
0 0.204574 0.318432 0.054750 0.085344
0 0.065484 0.265427 0.071727 0.087958
0 0.860564 0.838495 0.069215 0.103625
0 0.494533 0.319979 0.074621 0.083344
0 0.496564 0.072570 0.061980 0.087995
0 0.513697 0.237219 0.048754 0.080656
0 0.558195 0.346255 0.062594 0.083312
0 0.273500 0.561393 0.066469 0.075828
0 0.665750 0.474755 0.065719 0.086875
0 0.936500 0.568477 0.076156 0.079391
0 0.037521 0.071419 0.067277 0.077693
0 0.962273 0.377214 0.069484 0.085958
0 0.921963 0.739284 0.074035 0.087120
0 0.722365 0.202784 0.072434 0.094484
0 0.862213 0.949086 0.071785 0.085203
0 0.152117 0.028779 0.052695 0.055870
0 0.522699 0.395372 0.067992 0.083089
0 0.576334 0.084359 0.075145 0.100979
0 0.436357 0.777979 0.069113 0.094635
0 0.894486 0.495724 0.074121 0.086375
0 0.517545 0.854331 0.058676 0.079453
0 0.911439 0.330664 0.070832 0.085547
0 0.791770 0.954466 0.071758 0.085224
0 0.391920 0.460872 0.079887 0.097234
0 0.392648 0.217914 0.065937 0.078255
0 0.209070 0.721107 0.082031 0.107151
0 0.182551 0.958109 0.074555 0.083781
0 0.878648 0.098958 0.085898 0.113740
0 0.029736 0.989451 0.059340 0.020516
0 0.614084 0.263362 0.066113 0.080609
0 0.103920 0.007292 0.066082 0.014583
0 0.151371 0.617315 0.054773 0.081130
0 0.666020 0.562490 0.084406 0.091271
0 0.328709 0.484260 0.059676 0.081615
0 0.612127 0.581016 0.073902 0.097792
0 0.553680 0.990018 0.059602 0.019516
0 0.736498 0.114318 0.060285 0.086208
0 0.982822 0.191914 0.032848 0.077693
0 0.017275 0.211115 0.034551 0.107604
0 0.111607 0.351753 0.061785 0.151203
0 0.993889 0.895771 0.012215 0.090583
0 0.795395 0.794536 0.071047 0.094208
0 0.995777 0.527797 0.008305 0.087115
0 0.464432 0.905734 0.064371 0.082010
0 0.543932 0.369234 0.077004 0.099729
0 0.994459 0.127961 0.010863 0.072880
0 0.727553 0.392693 0.072145 0.107354
0 0.759342 0.851531 0.079418 0.097479
0 0.793658 0.887195 0.055848 0.070911
0 0.782002 0.738375 0.057113 0.110062
0 0.990719 0.854378 0.017313 0.093203
0 0.778912 0.435219 0.067996 0.085844
0 0.050309 0.486703 0.076180 0.078438
0 0.437703 0.089094 0.067750 0.079823
0 0.012326 0.025187 0.024520 0.050375
0 0.081168 0.460596 0.066000 0.088609
0 0.009896 0.737529 0.019145 0.104224
0 0.366084 0.983786 0.050848 0.032427
0 0.248930 0.153724 0.072070 0.077229
0 0.743547 0.620049 0.065969 0.080391
0 0.102668 0.386974 0.066586 0.080229
0 0.231404 0.800966 0.064449 0.097016
0 0.184771 0.839161 0.068520 0.103969
0 0.100768 0.106708 0.072637 0.076625
0 0.035371 0.184784 0.067133 0.101411
0 0.790533 0.593375 0.061855 0.077896
0 0.164834 0.482451 0.082590 0.099901
0 0.271512 0.465888 0.062602 0.114849
0 0.354348 0.914021 0.068336 0.097188
0 0.585764 0.953422 0.058855 0.081167
0 0.149541 0.858857 0.066387 0.086161
0 0.777748 0.135846 0.073652 0.073995
0 0.237102 0.199753 0.063687 0.093766
0 0.966357 0.283539 0.065051 0.120589
0 0.826006 0.476219 0.059316 0.081969
0 0.385936 0.314323 0.066957 0.105479
0 0.577096 0.197849 0.064004 0.097510
0 0.442639 0.892411 0.065879 0.097656
0 0.886656 0.023818 0.069992 0.047635
0 0.429262 0.676456 0.072359 0.116193
0 0.736820 0.332174 0.068297 0.083922
0 0.496363 0.461016 0.065922 0.074562
0 0.519770 0.941414 0.068430 0.096349
0 0.678613 0.638060 0.072680 0.074224
0 0.250012 0.271068 0.056641 0.089844
0 0.287775 0.654341 0.064441 0.098057
