0 0.011444 0.630794 0.022888 0.160301
0 0.655345 0.972773 0.084648 0.051935
0 0.187344 0.019308 0.082198 0.037644
0 0.985139 0.355521 0.029497 0.142634
0 0.098279 0.949350 0.064969 0.099505
0 0.919440 0.024683 0.088802 0.049282
0 0.039108 0.946924 0.075674 0.104486
0 0.487212 0.942808 0.082065 0.111625
0 0.076598 0.053639 0.087018 0.105065
0 0.354242 0.752188 0.074359 0.151829
0 0.708430 0.128829 0.067823 0.119324
0 0.108253 0.658912 0.095130 0.134120
0 0.340428 0.456794 0.094966 0.139495
0 0.935681 0.349100 0.084622 0.139912
0 0.667815 0.054843 0.075505 0.108796
0 0.549560 0.228887 0.078042 0.138097
0 0.374604 0.270465 0.079828 0.143273
0 0.029487 0.498319 0.058974 0.143324
0 0.414057 0.489671 0.070406 0.140407
0 0.925500 0.228333 0.097427 0.130546
0 0.963410 0.928704 0.073180 0.139852
0 0.245889 0.974361 0.081534 0.048491
0 0.291772 0.813977 0.075784 0.142519
0 0.619927 0.135623 0.063406 0.134458
0 0.428533 0.711021 0.078721 0.137023
0 0.868126 0.935780 0.082576 0.126356
0 0.095882 0.539472 0.088956 0.136620
0 0.439853 0.068600 0.077023 0.135190
0 0.134673 0.780389 0.082549 0.141343
0 0.034892 0.370833 0.069784 0.135407
0 0.521099 0.663556 0.073469 0.139620
0 0.282633 0.526456 0.078896 0.133681
0 0.191973 0.422194 0.083872 0.148880
0 0.731729 0.258796 0.079094 0.144074
0 0.218341 0.144294 0.085615 0.149958
0 0.829746 0.734308 0.077117 0.152338
0 0.117352 0.369803 0.079708 0.146403
1 0.329225 0.152252 0.085945 0.152042
0 0.569079 0.489569 0.075273 0.143861
0 0.964760 0.798007 0.070208 0.127375
0 0.785151 0.186708 0.082380 0.150833
0 0.833286 0.069775 0.077755 0.139551
0 0.504921 0.429933 0.078445 0.141634
0 0.751564 0.728537 0.084971 0.147315
0 0.820557 0.363917 0.085307 0.144630
1 0.199276 0.573146 0.077167 0.152449
0 0.398195 0.012961 0.080047 0.025921
0 0.231251 0.894891 0.078977 0.144273
0 0.922426 0.103336 0.094721 0.139106
0 0.005866 0.025847 0.011732 0.051694
0 0.578798 0.981595 0.085211 0.034782
0 0.487329 0.011690 0.077966 0.023380
0 0.419659 0.982451 0.079125 0.032736
1 0.648003 0.509743 0.075328 0.140606
1 0.522951 0.096218 0.082203 0.155537
1 0.306367 0.944644 0.072438 0.109083
1 0.588460 0.725391 0.085180 0.168514
1 0.901853 0.740144 0.075466 0.141861
1 0.157771 0.922887 0.083781 0.151005
