0 0.940378 0.149845 0.078443 0.140588
0 0.398141 0.018315 0.084099 0.036630
0 0.694070 0.677951 0.080984 0.134458
0 0.743539 0.058035 0.071927 0.115162
0 0.615000 0.049134 0.070198 0.098269
0 0.620290 0.895076 0.075310 0.130171
0 0.935911 0.339560 0.085938 0.130704
0 0.784016 0.064391 0.080344 0.128782
0 0.651569 0.975000 0.075419 0.049222
0 0.017161 0.546340 0.033641 0.152394
0 0.606374 0.607648 0.084742 0.158546
0 0.921286 0.412162 0.090828 0.145741
0 0.090099 0.945403 0.079844 0.103954
0 0.028454 0.715743 0.056232 0.162449
0 0.487103 0.963912 0.077612 0.072176
0 0.429786 0.841588 0.079448 0.148120
0 0.273030 0.749241 0.077534 0.151389
0 0.178913 0.402123 0.081654 0.155977
0 0.723328 0.865301 0.073302 0.169926
0 0.488203 0.749426 0.070885 0.112870
0 0.025661 0.314241 0.051271 0.115731
0 0.098721 0.658940 0.079339 0.112222
0 0.519042 0.855951 0.082708 0.145653
0 0.078132 0.771102 0.070326 0.147935
0 0.148358 0.739803 0.072701 0.122884
0 0.680630 0.059887 0.067302 0.119773
0 0.210279 0.530225 0.081828 0.136579
0 0.149188 0.863002 0.081370 0.139921
0 0.854230 0.292951 0.086992 0.143792
0 0.972867 0.059465 0.053589 0.117866
0 0.716605 0.159662 0.087810 0.118454
0 0.034422 0.185516 0.068844 0.167079
0 0.553934 0.061414 0.077122 0.122829
0 0.085384 0.083727 0.086602 0.153593
0 0.734736 0.308310 0.077039 0.142111
0 0.866975 0.160132 0.074247 0.126199
0 0.812042 0.943502 0.079375 0.109644
0 0.178762 0.634644 0.077435 0.122824
0 0.856107 0.695234 0.080224 0.131032
0 0.856263 0.053942 0.076089 0.107208
0 0.615850 0.770387 0.084716 0.129282
0 0.941038 0.683266 0.080628 0.130208
0 0.834906 0.553331 0.078875 0.135986
0 0.110447 0.338762 0.081951 0.147625
0 0.064706 0.482674 0.089703 0.122986
0 0.842690 0.826502 0.081266 0.149116
0 0.061757 0.416019 0.077701 0.110583
0 0.299909 0.937711 0.089151 0.124579
0 0.841613 0.822822 0.080076 0.139755
1 0.646828 0.342877 0.067219 0.132597
