0 0.389431 0.597523 0.097367 0.157870
0 0.034122 0.833192 0.068245 0.150588
0 0.571227 0.215826 0.086734 0.150532
0 0.636747 0.234623 0.085531 0.151634
0 0.620535 0.509093 0.078971 0.162046
0 0.836323 0.943343 0.086094 0.109370
0 0.155223 0.686067 0.087831 0.175829
0 0.674990 0.766998 0.088839 0.143532
0 0.664598 0.922574 0.086310 0.154852
0 0.458395 0.557044 0.091643 0.169671
0 0.800914 0.286336 0.098771 0.158819
0 0.596397 0.938292 0.083487 0.121370
0 0.838944 0.472532 0.098596 0.151185
0 0.254854 0.927681 0.096630 0.144639
0 0.830214 0.152641 0.081266 0.160958
0 0.669905 0.333106 0.097544 0.143574
0 0.290708 0.555301 0.086927 0.146898
0 0.743346 0.465153 0.089099 0.189481
0 0.557340 0.337898 0.085565 0.144981
0 0.492872 0.193745 0.091026 0.158833
0 0.548827 0.093465 0.080737 0.143338
0 0.945716 0.365394 0.087745 0.140648
0 0.748250 0.740984 0.086479 0.157569
0 0.532990 0.625762 0.084932 0.142810
0 0.729589 0.880734 0.098672 0.166579
0 0.754892 0.599905 0.091237 0.154329
0 0.610995 0.628502 0.086844 0.131875
0 0.955755 0.681991 0.088490 0.161639
0 0.522643 0.930933 0.088859 0.138134
0 0.921904 0.788218 0.085911 0.138546
0 0.509212 0.747933 0.090753 0.151199
0 0.440139 0.733998 0.074586 0.166153
0 0.873257 0.607030 0.095227 0.155134
0 0.797478 0.826313 0.089008 0.158875
0 0.868228 0.848789 0.081836 0.149069
0 0.618853 0.090704 0.084867 0.158417
0 0.181866 0.806833 0.099602 0.149472
0 0.945073 0.550296 0.095995 0.154019
0 0.871937 0.357655 0.088214 0.151236
0 0.480625 0.850345 0.086052 0.132847
0 0.338276 0.803090 0.076312 0.154208
0 0.041733 0.146130 0.082076 0.161648
0 0.584750 0.021458 0.101193 0.042917
0 0.138104 0.028817 0.091156 0.057634
0 0.011156 0.929704 0.020755 0.138889
0 0.267302 0.701678 0.091547 0.136866
0 0.969687 0.972171 0.060526 0.053435
0 0.019533 0.321831 0.038680 0.155671
0 0.249090 0.044058 0.116633 0.088116
0 0.167129 0.269609 0.092919 0.172903
0 0.055392 0.267606 0.087477 0.170213
0 0.448622 0.955153 0.088865 0.089176
0 0.056911 0.407368 0.101990 0.160190
0 0.433592 0.135225 0.083352 0.191958
0 0.187357 0.119192 0.097687 0.169384
0 0.340342 0.899965 0.082992 0.150782
0 0.029730 0.514965 0.058273 0.154921
0 0.486620 0.456736 0.095297 0.151241
0 0.900983 0.144338 0.085362 0.145500
0 0.417314 0.293579 0.084352 0.163157
0 0.974013 0.131343 0.051974 0.150500
0 0.767992 0.146824 0.076786 0.191667
0 0.561365 0.500130 0.081370 0.175028
0 0.482258 0.340167 0.084964 0.145065
0 0.237927 0.489285 0.083990 0.169542
0 0.127656 0.136664 0.087141 0.152051
0 0.045036 0.630780 0.086938 0.163384
0 0.809990 0.044009 0.087182 0.087537
0 0.175831 0.519132 0.084953 0.150032
0 0.408227 0.890060 0.084771 0.163009
0 0.197823 0.354824 0.101542 0.172944
0 0.023081 0.702840 0.044797 0.141014
0 0.904363 0.258766 0.117091 0.140569
0 0.098676 0.669046 0.066076 0.173574
0 0.669358 0.471303 0.076773 0.164958
0 0.716391 0.229694 0.094568 0.169611
0 0.982637 0.601884 0.033711 0.162602
