0 0.720033 0.216748 0.092081 0.175319
0 0.554749 0.469664 0.087477 0.180236
0 0.069941 0.340340 0.092081 0.147495
0 0.019035 0.748475 0.038070 0.125569
0 0.776798 0.860157 0.118951 0.182417
0 0.611879 0.643368 0.121872 0.168421
0 0.482352 0.427708 0.088333 0.174269
0 0.930534 0.461539 0.081979 0.137903
0 0.967665 0.745762 0.064409 0.156597
0 0.362148 0.826280 0.076391 0.133310
0 0.916469 0.257861 0.090021 0.176574
0 0.407799 0.766306 0.077844 0.163324
0 0.511563 0.539988 0.082359 0.154486
0 0.168113 0.032134 0.079352 0.064269
0 0.109104 0.110146 0.093563 0.157616
0 0.867704 0.781944 0.087794 0.149509
0 0.402487 0.038745 0.073750 0.077491
0 0.971216 0.189074 0.057568 0.144528
0 0.659145 0.179243 0.079393 0.176856
0 0.452051 0.598644 0.078779 0.174204
0 0.725016 0.326799 0.098339 0.149060
0 0.522164 0.069431 0.095656 0.138861
0 0.694715 0.935993 0.078909 0.128014
0 0.746677 0.124938 0.093661 0.132032
0 0.587065 0.167588 0.080234 0.170361
0 0.912201 0.578521 0.092786 0.153819
0 0.013727 0.056312 0.024432 0.105208
0 0.923035 0.520176 0.089477 0.217333
0 0.868540 0.053875 0.110737 0.105454
0 0.865074 0.858898 0.110232 0.136676
0 0.044352 0.436262 0.088703 0.149699
0 0.417504 0.901361 0.088503 0.144954
0 0.641289 0.407634 0.088458 0.141139
0 0.592130 0.796039 0.077161 0.166542
0 0.251116 0.144185 0.075810 0.208713
0 0.026150 0.284991 0.051898 0.162176
0 0.257816 0.956009 0.078326 0.087130
0 0.081562 0.240810 0.097776 0.153787
0 0.027008 0.151410 0.053109 0.162560
0 0.364413 0.336315 0.096544 0.171056
0 0.988236 0.891440 0.022039 0.167889
0 0.859855 0.495072 0.072529 0.141690
0 0.584507 0.350475 0.086935 0.157255
0 0.158509 0.260435 0.080982 0.144935
0 0.651650 0.054222 0.101247 0.108444
0 0.028401 0.531074 0.054672 0.155194
0 0.419678 0.244646 0.092836 0.159505
0 0.025652 0.640539 0.049878 0.136227
0 0.059745 0.066498 0.097885 0.132995
0 0.966785 0.631775 0.066430 0.149968
0 0.307270 0.908604 0.078883 0.140856
0 0.972961 0.499470 0.054078 0.162421
0 0.422331 0.387819 0.091151 0.169713
0 0.493548 0.204062 0.089544 0.163764
0 0.631836 0.875549 0.091115 0.157421
0 0.716828 0.536762 0.072536 0.195218
0 0.824706 0.126796 0.094625 0.146481
0 0.280424 0.787653 0.072078 0.155028
0 0.312905 0.121944 0.081388 0.174472
0 0.857549 0.253426 0.090172 0.148981
0 0.910764 0.694764 0.085727 0.129407
0 0.181797 0.837836 0.066266 0.188819
0 0.881841 0.381433 0.089453 0.143208
0 0.460525 0.099470 0.086138 0.165032
0 0.532201 0.781046 0.077771 0.165333
0 0.133591 0.927924 0.090885 0.140764
0 0.554971 0.915613 0.096187 0.157764
0 0.464996 0.760229 0.080148 0.157088
0 0.372477 0.175856 0.064911 0.167944
0 0.389415 0.626815 0.085268 0.167259
0 0.644036 0.738977 0.091193 0.152454
0 0.031232 0.844023 0.061354 0.159935
0 0.120539 0.640535 0.083604 0.168097
0 0.807230 0.403586 0.088268 0.157051
0 0.096758 0.783637 0.083547 0.146069
0 0.549520 0.236806 0.080070 0.157917
0 0.184159 0.122139 0.090870 0.158806
