0 0.991799 0.823060 0.015219 0.161111
0 0.696862 0.021299 0.081026 0.041875
0 0.992661 0.945688 0.014677 0.108625
0 0.011116 0.934914 0.020664 0.130171
0 0.540008 0.964245 0.083620 0.069500
0 0.628914 0.023405 0.078786 0.046810
0 0.425745 0.025340 0.078547 0.050681
0 0.783335 0.031650 0.077846 0.063301
0 0.133960 0.033248 0.089039 0.066477
0 0.975622 0.028940 0.048672 0.057880
0 0.906831 0.964667 0.078813 0.069444
0 0.202169 0.762866 0.091604 0.142315
0 0.360379 0.030600 0.074836 0.059995
0 0.978598 0.694741 0.041523 0.160963
0 0.098530 0.917312 0.088122 0.165375
0 0.149500 0.825769 0.079802 0.175472
0 0.560419 0.924766 0.105964 0.145782
0 0.703160 0.962472 0.080919 0.070898
0 0.242749 0.069884 0.088065 0.139769
0 0.246888 0.944491 0.090708 0.111019
0 0.561514 0.038921 0.074440 0.077843
0 0.980914 0.245565 0.037974 0.137787
0 0.278296 0.391447 0.080018 0.166884
0 0.916124 0.047560 0.076477 0.095120
0 0.927306 0.270764 0.077253 0.162935
0 0.637939 0.168817 0.097576 0.151912
0 0.046023 0.886968 0.090990 0.179741
0 0.641462 0.945222 0.092596 0.106009
0 0.625005 0.278484 0.087234 0.143671
0 0.217285 0.279623 0.090622 0.164968
0 0.494970 0.044507 0.076414 0.085421
0 0.278055 0.751155 0.082724 0.153856
0 0.352396 0.879331 0.073438 0.158282
0 0.167596 0.537449 0.092479 0.153954
0 0.218064 0.860155 0.088987 0.139810
0 0.410738 0.182456 0.067305 0.174625
0 0.291408 0.862162 0.072987 0.145528
0 0.320286 0.086507 0.095104 0.137218
0 0.160681 0.675102 0.087659 0.136676
0 0.213992 0.428306 0.084328 0.145806
0 0.845033 0.072569 0.090820 0.145139
0 0.969023 0.379292 0.061953 0.150889
0 0.408367 0.932787 0.078167 0.132861
0 0.197979 0.127722 0.077875 0.142250
0 0.094628 0.759271 0.085724 0.156468
0 0.316368 0.310711 0.101289 0.157005
0 0.623298 0.848947 0.090940 0.142014
0 0.959749 0.907734 0.079367 0.174375
0 0.238582 0.651414 0.091086 0.144106
0 0.266165 0.197134 0.084279 0.145444
0 0.478828 0.920648 0.077120 0.156676
0 0.544061 0.119678 0.074112 0.128412
0 0.797628 0.134481 0.079344 0.165620
0 0.962344 0.123479 0.075312 0.157597
0 0.472152 0.142595 0.077826 0.140347
0 0.739270 0.088961 0.080560 0.174375
0 0.344176 0.183593 0.083320 0.143500
0 0.543057 0.793387 0.081693 0.140810
0 0.601483 0.738708 0.086253 0.145370
0 0.159421 0.947398 0.102336 0.103731
0 0.256993 0.528664 0.096617 0.138690
0 0.180292 0.042329 0.069401 0.080324
0 0.893355 0.151542 0.078008 0.138250
0 0.820655 0.987887 0.085284 0.023162
0 0.674943 0.104683 0.078818 0.169264
0 0.353923 0.974192 0.085086 0.047366
0 0.556816 0.079806 0.073310 0.159296
1 0.554042 0.249889 0.071792 0.149620
0 0.290647 0.029234 0.089982 0.056606
