0 0.476799 0.036519 0.079891 0.073037
0 0.116966 0.966343 0.070443 0.067315
0 0.364596 0.037241 0.080516 0.074481
0 0.647208 0.025560 0.073573 0.051120
0 0.391883 0.987162 0.083005 0.024806
0 0.097096 0.011097 0.077672 0.022194
0 0.738461 0.015412 0.078318 0.030824
0 0.661130 0.835736 0.075125 0.117435
0 0.519797 0.288426 0.070760 0.122259
0 0.776477 0.742648 0.084214 0.141185
0 0.874362 0.226176 0.079359 0.130167
0 0.560859 0.056782 0.072198 0.113565
0 0.855875 0.086796 0.088250 0.126500
0 0.370901 0.351310 0.080073 0.135898
0 0.488607 0.850995 0.078234 0.134898
0 0.727094 0.619690 0.072333 0.121602
0 0.292391 0.389125 0.079813 0.146694
0 0.294932 0.801792 0.072417 0.141046
0 0.792234 0.938222 0.084615 0.123556
0 0.342172 0.935102 0.082469 0.125463
0 0.441607 0.633880 0.079401 0.147815
0 0.329469 0.621792 0.073167 0.150935
0 0.415357 0.828736 0.074016 0.136731
0 0.782023 0.141106 0.082214 0.142491
0 0.647125 0.583921 0.082469 0.133750
0 0.042523 0.281361 0.080745 0.137963
0 0.829427 0.441616 0.083510 0.131565
0 0.846654 0.841417 0.082568 0.144056
0 0.858193 0.692801 0.084906 0.139602
0 0.611990 0.366875 0.082979 0.149139
0 0.386182 0.529273 0.083021 0.149676
0 0.514508 0.161574 0.082693 0.129500
0 0.192938 0.863236 0.092052 0.138676
0 0.675896 0.708912 0.091646 0.134176
0 0.426174 0.253347 0.079505 0.141861
0 0.645432 0.946977 0.073594 0.104824
0 0.731669 0.334963 0.088901 0.144611
0 0.603680 0.202194 0.082786 0.134481
0 0.267672 0.131537 0.076302 0.128315
0 0.384346 0.711787 0.075505 0.142167
0 0.109875 0.199833 0.081417 0.140389
0 0.431768 0.115241 0.080797 0.136926
0 0.807187 0.293194 0.090604 0.166796
0 0.334724 0.225736 0.080125 0.152657
0 0.816992 0.014917 0.078953 0.029833
0 0.026497 0.150227 0.052995 0.135491
1 0.566948 0.673079 0.080104 0.164917
0 0.794456 0.558097 0.077016 0.119398
0 0.889961 0.545144 0.080870 0.142898
0 0.679885 0.465685 0.076531 0.136685
0 0.480331 0.386037 0.071807 0.123463
0 0.269310 0.525718 0.079807 0.144194
0 0.559776 0.925685 0.082583 0.137222
0 0.181060 0.428426 0.084641 0.145944
0 0.589604 0.811625 0.075896 0.129194
0 0.946914 0.669361 0.077828 0.132130
0 0.259008 0.662375 0.091911 0.157935
0 0.145427 0.664977 0.085354 0.135398
0 0.496594 0.718995 0.073219 0.131861
0 0.490313 0.517806 0.078698 0.138722
0 0.967055 0.287046 0.065891 0.138019
0 0.712083 0.904375 0.076813 0.135639
0 0.953081 0.428144 0.091339 0.155694
0 0.229500 0.784236 0.078542 0.147102
0 0.110648 0.354972 0.081505 0.136370
0 0.104945 0.485083 0.074734 0.123204
0 0.863641 0.957347 0.077021 0.082454
0 0.165076 0.095324 0.078599 0.145630
0 0.920904 0.827532 0.070776 0.120231
0 0.104833 0.854662 0.076021 0.131120
0 0.885987 0.354171 0.079661 0.135620
0 0.934872 0.168843 0.071922 0.142796
0 0.227898 0.044028 0.072766 0.083648
0 0.490359 0.958995 0.074594 0.082009
0 0.181896 0.954843 0.071156 0.088426
0 0.197617 0.252389 0.079203 0.130426
0 0.645188 0.100185 0.082052 0.112389
0 0.752232 0.454597 0.070359 0.130472
0 0.565029 0.477208 0.085161 0.145361
0 0.956268 0.046144 0.083380 0.091250
0 0.031737 0.583792 0.063474 0.127361
0 0.026487 0.435986 0.052974 0.143583
0 0.192510 0.552366 0.078802 0.133306
0 0.341208 0.844444 0.080073 0.136111
0 0.034672 0.042505 0.068594 0.084306
0 0.700776 0.187944 0.080229 0.128981
0 0.977956 0.569407 0.042943 0.151907
0 0.980099 0.885176 0.039302 0.138778
0 0.074435 0.730412 0.074953 0.138194
0 0.942745 0.973296 0.090417 0.053407
0 0.045922 0.952796 0.074115 0.094407
0 0.984469 0.164208 0.030948 0.148528
0 0.034760 0.913606 0.069521 0.140139
0 0.019922 0.752060 0.038573 0.138287
0 0.288128 0.017926 0.073151 0.034111
