0 0.100686 0.025322 0.097232 0.050644
0 0.530479 0.950012 0.099010 0.099912
0 0.452915 0.036787 0.111888 0.071898
1 0.185057 0.726785 0.092609 0.152301
0 0.016293 0.838030 0.032003 0.181884
0 0.451788 0.942597 0.095779 0.113944
0 0.573436 0.032176 0.090716 0.063954
0 0.034453 0.039391 0.067385 0.078782
0 0.058823 0.895507 0.108490 0.157523
0 0.257527 0.893023 0.087784 0.168444
0 0.184685 0.871079 0.097630 0.170824
0 0.326921 0.062208 0.105836 0.114491
0 0.923031 0.605019 0.117995 0.164704
0 0.444499 0.120917 0.074268 0.123611
0 0.464836 0.835097 0.110687 0.154519
0 0.123632 0.803544 0.082201 0.166273
0 0.380904 0.573259 0.105109 0.169000
0 0.330665 0.830273 0.088482 0.172287
0 0.055794 0.751222 0.097745 0.169389
0 0.217121 0.616688 0.092331 0.155134
0 0.371783 0.141863 0.090987 0.163171
0 0.942307 0.037329 0.091391 0.074657
0 0.345272 0.683019 0.093065 0.155639
0 0.375658 0.452840 0.082471 0.138505
0 0.269043 0.731275 0.086456 0.158449
0 0.438204 0.369572 0.095898 0.143060
0 0.299366 0.457079 0.090805 0.135102
0 0.980141 0.599088 0.038208 0.162657
0 0.428249 0.735271 0.100857 0.150977
0 0.449466 0.242803 0.097292 0.144505
0 0.297633 0.593889 0.091026 0.154620
0 0.283553 0.303505 0.098216 0.153935
0 0.516957 0.079674 0.094237 0.156940
0 0.168392 0.058319 0.084070 0.116491
0 0.532392 0.214611 0.089945 0.147870
0 0.444863 0.613106 0.089143 0.150926
0 0.288262 0.170051 0.091003 0.149435
0 0.500802 0.533454 0.092453 0.160454
0 0.554704 0.883847 0.097372 0.170185
0 0.972806 0.739757 0.054336 0.154227
0 0.538651 0.659280 0.095536 0.159319
0 0.244637 0.066917 0.090763 0.133833
0 0.859137 0.054692 0.093987 0.108856
0 0.617883 0.942468 0.091547 0.111685
0 0.961118 0.894977 0.077763 0.174222
0 0.766578 0.816838 0.091682 0.188120
0 0.956943 0.485146 0.086115 0.163116
0 0.964443 0.340512 0.070984 0.164727
0 0.673022 0.407324 0.089904 0.149222
0 0.580794 0.466479 0.094776 0.154829
0 0.914172 0.177914 0.078766 0.144468
0 0.829745 0.402581 0.083250 0.146292
0 0.736570 0.319738 0.104922 0.159375
0 0.810708 0.566160 0.099120 0.167745
0 0.612970 0.315030 0.089044 0.156079
0 0.662225 0.120986 0.092060 0.154722
0 0.756798 0.459674 0.088003 0.146153
0 0.884419 0.308069 0.093193 0.154083
0 0.908332 0.711201 0.102310 0.182079
0 0.879418 0.502961 0.087424 0.156005
0 0.718954 0.935363 0.097805 0.129273
0 0.848374 0.805271 0.097242 0.170616
0 0.749277 0.181713 0.094784 0.149972
0 0.818384 0.928227 0.100482 0.143546
1 0.343331 0.339819 0.091484 0.162935
0 0.390163 0.889954 0.087398 0.168556
