0 0.553000 0.183088 0.093234 0.159843
0 0.610560 0.827887 0.091427 0.158764
0 0.235279 0.561236 0.092464 0.154102
1 0.740056 0.561988 0.106174 0.210801
0 0.024818 0.077981 0.049635 0.152963
0 0.722982 0.022986 0.096010 0.044296
0 0.123353 0.239097 0.101680 0.150241
0 0.946074 0.027493 0.082706 0.054042
0 0.598521 0.042285 0.089464 0.083060
0 0.970936 0.600118 0.058128 0.162671
0 0.196134 0.665694 0.108565 0.146157
0 0.479409 0.116762 0.095932 0.152773
0 0.780839 0.401694 0.077396 0.157009
0 0.571738 0.949144 0.084935 0.100556
0 0.354842 0.269035 0.084878 0.179421
0 0.848448 0.130368 0.082344 0.163847
0 0.174044 0.928266 0.098458 0.142894
0 0.297152 0.215718 0.079914 0.159796
0 0.030169 0.736340 0.060339 0.136199
0 0.486526 0.584979 0.081099 0.131801
0 0.407348 0.156648 0.083326 0.142491
0 0.290677 0.377662 0.083714 0.159620
0 0.408719 0.632074 0.079104 0.155111
0 0.796306 0.254951 0.079779 0.137495
0 0.839180 0.860653 0.076844 0.150241
0 0.228406 0.306382 0.079604 0.146088
0 0.738495 0.938354 0.086995 0.122245
0 0.890439 0.637685 0.076263 0.143667
0 0.701578 0.119734 0.086844 0.137014
0 0.930621 0.509306 0.081128 0.146065
0 0.587049 0.617558 0.096776 0.149384
0 0.856401 0.350394 0.086901 0.145074
0 0.690536 0.797294 0.084573 0.156338
0 0.964177 0.324220 0.071385 0.131894
0 0.059720 0.606176 0.080706 0.145972
0 0.235268 0.805977 0.082943 0.147898
0 0.775199 0.782887 0.087794 0.140921
0 0.417020 0.492442 0.086336 0.140356
0 0.511815 0.889056 0.086375 0.135889
0 0.493563 0.442206 0.089234 0.151532
0 0.584557 0.469569 0.100698 0.164370
0 0.921406 0.184153 0.088177 0.158704
0 0.467849 0.240470 0.078839 0.129495
0 0.432973 0.912771 0.089534 0.159356
0 0.521467 0.013817 0.086930 0.027449
0 0.820129 0.029493 0.087669 0.057708
