0 0.007309 0.962472 0.014617 0.075056
0 0.823841 0.014949 0.080193 0.028139
0 0.327099 0.676637 0.098615 0.147782
0 0.986025 0.956958 0.027951 0.084759
0 0.561306 0.970028 0.077904 0.058435
0 0.860277 0.966944 0.102523 0.065991
0 0.895017 0.041319 0.077940 0.082000
0 0.986411 0.821153 0.027177 0.143185
0 0.980139 0.528095 0.039721 0.136782
0 0.616154 0.987600 0.079203 0.021542
0 0.020682 0.768023 0.041365 0.176278
0 0.314139 0.163407 0.103409 0.180620
0 0.714595 0.040701 0.083409 0.079995
0 0.565621 0.270319 0.067352 0.127352
0 0.545078 0.584944 0.099583 0.175111
0 0.893047 0.432674 0.083385 0.138782
0 0.866529 0.615396 0.085734 0.140903
0 0.104224 0.052829 0.077917 0.105407
0 0.664706 0.236715 0.073823 0.126792
0 0.186246 0.050720 0.083576 0.100597
0 0.560783 0.088625 0.106273 0.163870
0 0.819099 0.379935 0.078245 0.141648
0 0.227493 0.925653 0.086393 0.147787
0 0.410116 0.636604 0.083232 0.167884
0 0.733107 0.229986 0.079938 0.139213
0 0.683867 0.799315 0.075865 0.146398
0 0.503772 0.244192 0.081299 0.155292
0 0.489401 0.937949 0.086505 0.124102
0 0.546589 0.767549 0.089990 0.161329
0 0.932822 0.126322 0.078456 0.134847
0 0.377250 0.241447 0.076708 0.133995
0 0.338072 0.824873 0.078742 0.139431
0 0.117008 0.149734 0.078615 0.144838
0 0.027275 0.075065 0.054445 0.141917
0 0.430022 0.064398 0.077810 0.128333
0 0.409336 0.792363 0.074646 0.132606
0 0.765531 0.780329 0.072505 0.125361
0 0.855258 0.760796 0.084240 0.142528
0 0.253047 0.241324 0.082417 0.152685
0 0.188448 0.308097 0.078870 0.132704
0 0.684198 0.117796 0.073953 0.120111
0 0.067115 0.495178 0.092844 0.166375
0 0.761061 0.460181 0.087362 0.155787
0 0.115023 0.362537 0.088531 0.155528
0 0.819306 0.602829 0.081060 0.139991
0 0.907572 0.305782 0.105357 0.141046
