0 0.594010 0.303981 0.076521 0.133194
1 0.405749 0.469123 0.081544 0.144819
0 0.232376 0.638771 0.091299 0.154949
0 0.747221 0.651185 0.090026 0.143435
0 0.159263 0.578079 0.085234 0.163500
0 0.419833 0.746368 0.086573 0.153356
0 0.217771 0.082123 0.087844 0.137662
0 0.950633 0.375433 0.087380 0.148255
0 0.859314 0.642785 0.085914 0.157069
0 0.951652 0.071287 0.088695 0.140611
0 0.525848 0.816012 0.088826 0.155310
0 0.391456 0.328593 0.082880 0.153648
0 0.956736 0.893155 0.086529 0.153394
0 0.956029 0.730171 0.087943 0.146315
0 0.606632 0.622095 0.090227 0.152088
0 0.527514 0.249273 0.085023 0.156917
0 0.329081 0.463007 0.083943 0.150005
0 0.133268 0.715944 0.094005 0.158259
0 0.130749 0.297951 0.083857 0.151866
0 0.151457 0.432500 0.084357 0.142231
0 0.397060 0.075178 0.087219 0.149097
0 0.664457 0.850725 0.094659 0.158810
0 0.961202 0.514870 0.077596 0.156667
0 0.828996 0.245972 0.086820 0.152324
0 0.224484 0.285137 0.081130 0.147366
0 0.487508 0.707127 0.081135 0.133366
0 0.410137 0.596681 0.077565 0.130787
0 0.647272 0.228109 0.090888 0.144977
0 0.255358 0.498609 0.081586 0.147338
0 0.063617 0.368426 0.086016 0.151481
0 0.297965 0.256384 0.086232 0.152204
0 0.724829 0.521433 0.096956 0.145060
0 0.586966 0.434961 0.088354 0.151745
0 0.685655 0.722206 0.080117 0.141644
0 0.140650 0.147171 0.096570 0.167630
0 0.436318 0.876606 0.088193 0.136667
0 0.514775 0.472389 0.083320 0.134778
0 0.884617 0.143248 0.086651 0.149634
0 0.296746 0.112604 0.077883 0.143523
0 0.799124 0.817187 0.073701 0.131579
0 0.215113 0.761808 0.086794 0.135190
0 0.921063 0.595949 0.081495 0.155056
0 0.033465 0.138370 0.066930 0.152481
0 0.184993 0.867021 0.098508 0.160579
0 0.502802 0.589373 0.100161 0.138116
0 0.701835 0.078470 0.083013 0.145931
0 0.264997 0.862979 0.084141 0.149894
0 0.839607 0.477514 0.091885 0.163472
0 0.665540 0.962333 0.092503 0.072722
0 0.146663 0.952861 0.099023 0.094278
0 0.023018 0.451632 0.045437 0.146329
0 0.019839 0.281616 0.039677 0.148963
0 0.324228 0.042653 0.090023 0.085306
0 0.448411 0.967306 0.078047 0.065389
0 0.588277 0.038238 0.068867 0.076477
0 0.754104 0.975132 0.091339 0.049736
0 0.012655 0.905396 0.024779 0.151764
0 0.459556 0.019789 0.088919 0.039579
