0 0.520022 0.735083 0.094336 0.142935
0 0.816335 0.912079 0.098419 0.149167
0 0.040100 0.795646 0.077461 0.122542
0 0.729320 0.189449 0.086234 0.168130
0 0.630038 0.083336 0.094534 0.155523
0 0.194363 0.950215 0.078049 0.095894
0 0.277629 0.907262 0.079945 0.150875
0 0.978017 0.515847 0.043935 0.142509
0 0.137475 0.679984 0.089409 0.153319
0 0.827790 0.452565 0.093003 0.157917
0 0.053990 0.658521 0.093432 0.152718
0 0.326872 0.301799 0.082797 0.154968
0 0.666353 0.172637 0.079378 0.150912
0 0.535310 0.257100 0.071646 0.119616
0 0.048803 0.311507 0.093924 0.162773
0 0.579174 0.493025 0.082109 0.139866
0 0.348359 0.834697 0.087104 0.143597
0 0.773776 0.391361 0.094016 0.163093
0 0.764055 0.074394 0.087948 0.142046
0 0.426385 0.788296 0.082687 0.156389
0 0.488654 0.351616 0.090141 0.164324
0 0.448073 0.954093 0.081828 0.091815
0 0.744717 0.527137 0.084523 0.157301
0 0.528160 0.614139 0.087727 0.131176
0 0.895319 0.951736 0.098935 0.096528
0 0.685870 0.609836 0.087927 0.152588
0 0.118779 0.402382 0.080047 0.138366
0 0.430965 0.202722 0.095471 0.162722
0 0.975702 0.929187 0.048596 0.138144
0 0.372770 0.634660 0.081628 0.166403
0 0.042049 0.064424 0.084099 0.128847
0 0.939376 0.413111 0.084018 0.159454
0 0.131057 0.278623 0.081891 0.114319
0 0.865270 0.070234 0.094211 0.138949
0 0.610517 0.602514 0.077107 0.135713
0 0.967654 0.659528 0.064693 0.136787
0 0.120505 0.533988 0.095427 0.152431
0 0.495186 0.146141 0.086081 0.149449
0 0.192497 0.558454 0.092542 0.154685
0 0.136508 0.160363 0.097896 0.151819
0 0.256076 0.441674 0.095656 0.152931
0 0.588783 0.371333 0.080393 0.129870
0 0.925056 0.148046 0.107893 0.151481
1 0.506901 0.502067 0.080729 0.142449
0 0.308148 0.858312 0.098906 0.170264
0 0.042944 0.925579 0.085497 0.143750
0 0.211249 0.736546 0.100513 0.190824
0 0.610538 0.981500 0.101643 0.036824
0 0.008546 0.411384 0.016529 0.137056
0 0.719882 0.982340 0.083190 0.031236
0 0.260087 0.033806 0.093122 0.067611
0 0.945785 0.030639 0.076404 0.061278
0 0.451712 0.032201 0.086216 0.062782
0 0.705820 0.038417 0.087740 0.072981
0 0.015815 0.577713 0.030661 0.121583
0 0.985755 0.772292 0.028401 0.144787
0 0.175018 0.858775 0.093917 0.146264
0 0.275717 0.251211 0.095513 0.172421
0 0.163810 0.038887 0.087219 0.077773
0 0.981656 0.383211 0.035557 0.158523
0 0.329703 0.958345 0.090635 0.083310
0 0.373202 0.054002 0.094451 0.106273
0 0.567232 0.128345 0.074865 0.141801
0 0.972419 0.090627 0.054766 0.149634
0 0.600223 0.238926 0.078060 0.147694
0 0.802378 0.581039 0.090844 0.133699
0 0.454852 0.647495 0.079271 0.147509
0 0.671246 0.463396 0.092898 0.161819
0 0.243883 0.143535 0.094854 0.154782
0 0.864586 0.316718 0.100052 0.145065
0 0.898378 0.700245 0.086984 0.144815
0 0.035508 0.451051 0.071016 0.128000
0 0.309012 0.708854 0.076935 0.164875
0 0.427017 0.493625 0.089732 0.148611
0 0.040499 0.203123 0.078576 0.149634
0 0.544352 0.940880 0.091068 0.112398
0 0.933171 0.578222 0.097018 0.155907
0 0.869960 0.818500 0.081398 0.145380
0 0.505283 0.862262 0.088112 0.127884
0 0.638546 0.709595 0.082992 0.138884
0 0.731831 0.713465 0.101323 0.140708
0 0.345837 0.164405 0.078195 0.145264
0 0.719152 0.340694 0.099029 0.153648
0 0.812961 0.177106 0.088661 0.154852
0 0.944848 0.282074 0.087555 0.139296
0 0.292409 0.568405 0.088578 0.149264
0 0.782216 0.804118 0.095510 0.131736
0 0.944285 0.856567 0.094331 0.152819
0 0.402698 0.353106 0.089286 0.166259
