0 0.070736 0.315156 0.109027 0.121708
0 0.052725 0.767229 0.105449 0.136333
0 0.524043 0.064164 0.107391 0.128328
0 0.239539 0.019714 0.110539 0.039427
0 0.353703 0.145216 0.108727 0.135359
0 0.166605 0.623354 0.107484 0.148490
0 0.408916 0.691844 0.113613 0.169719
0 0.621189 0.144081 0.115043 0.148922
0 0.242723 0.702315 0.112117 0.144443
0 0.154785 0.981159 0.104789 0.037682
0 0.991354 0.332732 0.017293 0.134224
0 0.013297 0.468990 0.026336 0.142042
0 0.991889 0.124065 0.016223 0.144307
0 0.651971 0.929937 0.119762 0.140125
0 0.426381 0.072503 0.098324 0.127474
0 0.555887 0.537745 0.097305 0.143365
0 0.643766 0.791013 0.098789 0.121995
0 0.953832 0.162794 0.092336 0.132141
0 0.679217 0.480029 0.112059 0.125234
0 0.085932 0.889328 0.111301 0.144073
0 0.877594 0.967487 0.108953 0.065026
0 0.167613 0.463341 0.103758 0.136849
0 0.805211 0.787570 0.106031 0.142016
0 0.646252 0.558732 0.104074 0.132578
0 0.783201 0.052065 0.118066 0.103766
0 0.885094 0.864302 0.101039 0.160719
0 0.406418 0.842419 0.105812 0.141891
0 0.463152 0.879995 0.110336 0.139042
0 0.799422 0.540750 0.103344 0.136302
0 0.616187 0.296578 0.103414 0.158927
0 0.958006 0.260354 0.083973 0.127479
0 0.738428 0.593490 0.108285 0.135448
0 0.640018 0.041141 0.111715 0.082281
0 0.332580 0.046974 0.108645 0.093948
0 0.205924 0.166398 0.101652 0.132932
0 0.483998 0.652174 0.097449 0.122297
0 0.070941 0.434263 0.103242 0.129943
0 0.868822 0.244547 0.116715 0.156927
0 0.241396 0.544911 0.098910 0.141146
0 0.950035 0.825305 0.099930 0.155901
0 0.186182 0.883911 0.102105 0.149708
0 0.408736 0.237318 0.114574 0.136479
0 0.548740 0.953661 0.107582 0.092677
0 0.901822 0.620289 0.111441 0.133599
0 0.904760 0.058945 0.125629 0.117891
0 0.311992 0.488677 0.098664 0.137000
0 0.214924 0.326888 0.122270 0.154568
0 0.289242 0.811036 0.105617 0.128177
0 0.101717 0.150461 0.114715 0.117641
0 0.521010 0.319784 0.111949 0.155026
0 0.730174 0.705052 0.116434 0.140302
0 0.342719 0.936505 0.116906 0.126990
1 0.445010 0.401755 0.102176 0.139729
0 0.406551 0.536510 0.107359 0.132073
0 0.039705 0.055911 0.079410 0.111677
0 0.624900 0.658690 0.116035 0.141224
0 0.916121 0.464758 0.105242 0.144266
0 0.033266 0.210167 0.066531 0.119365
0 0.071133 0.645523 0.102453 0.132182
