0 0.219102 0.356995 0.087839 0.143102
1 0.466398 0.559699 0.083693 0.129546
0 0.289372 0.222815 0.082203 0.158463
0 0.402815 0.399208 0.085099 0.150602
0 0.704227 0.227106 0.087151 0.149269
0 0.456068 0.289995 0.084302 0.155472
0 0.206846 0.216759 0.086307 0.148630
0 0.610628 0.448949 0.077234 0.174454
0 0.260323 0.938458 0.084917 0.123083
0 0.045344 0.133366 0.090688 0.162287
0 0.376755 0.921495 0.090448 0.154972
0 0.754029 0.337944 0.077974 0.146000
0 0.770896 0.471347 0.086448 0.131546
0 0.506151 0.678569 0.077729 0.138528
0 0.516430 0.195269 0.080484 0.155296
0 0.855029 0.132282 0.085484 0.171954
0 0.483674 0.850481 0.087807 0.154611
0 0.766727 0.693944 0.078724 0.146370
0 0.615992 0.775449 0.083828 0.147731
0 0.547292 0.486713 0.083917 0.152111
0 0.011156 0.466185 0.022313 0.161333
0 0.119229 0.596120 0.090656 0.151759
0 0.935464 0.163583 0.087615 0.165315
0 0.374372 0.572347 0.089099 0.146750
0 0.831195 0.358815 0.084255 0.153167
0 0.842052 0.823000 0.095729 0.152648
0 0.684958 0.416019 0.083167 0.142833
0 0.318937 0.792699 0.100083 0.117213
0 0.869919 0.553032 0.088047 0.155528
0 0.737263 0.135903 0.083349 0.182546
0 0.585419 0.631634 0.090474 0.154861
0 0.055964 0.282278 0.093396 0.152333
0 0.722573 0.578306 0.080146 0.144630
0 0.502307 0.062074 0.092083 0.124148
0 0.673565 0.891787 0.079630 0.172333
0 0.558469 0.980921 0.092021 0.033972
0 0.126320 0.292065 0.082578 0.145944
0 0.305104 0.053810 0.084333 0.107620
0 0.177396 0.823296 0.083448 0.135778
0 0.314003 0.455074 0.083578 0.140315
0 0.672367 0.599852 0.077734 0.157889
0 0.830128 0.686144 0.084943 0.149343
0 0.058003 0.438903 0.079609 0.164602
0 0.911982 0.361468 0.084849 0.164843
0 0.914792 0.905968 0.081823 0.145380
0 0.228818 0.632394 0.094271 0.138287
0 0.602870 0.937065 0.083281 0.120019
0 0.027206 0.921565 0.054411 0.132370
0 0.148224 0.431884 0.085937 0.152009
0 0.053927 0.681005 0.090885 0.154269
0 0.613471 0.039551 0.077734 0.078806
0 0.204563 0.043352 0.097542 0.086704
0 0.964234 0.527856 0.071531 0.168417
0 0.985479 0.227019 0.029042 0.163593
0 0.840271 0.957579 0.091812 0.084843
0 0.090393 0.035120 0.076568 0.070241
0 0.749729 0.945486 0.085990 0.109028
0 0.018461 0.795625 0.036922 0.134750
0 0.697794 0.055181 0.090714 0.110361
0 0.971201 0.964514 0.056349 0.070972
0 0.979841 0.846074 0.039651 0.149648
0 0.987992 0.400597 0.024016 0.143991
