0 0.989430 0.287419 0.019193 0.161264
0 0.631081 0.447016 0.084818 0.169801
0 0.843340 0.465352 0.087966 0.156806
0 0.508090 0.546419 0.096003 0.149042
0 0.983857 0.949792 0.032286 0.100037
0 0.701932 0.424067 0.097422 0.155514
0 0.936133 0.770028 0.103474 0.149685
0 0.894767 0.375035 0.085492 0.161366
0 0.459466 0.295236 0.091052 0.172769
0 0.574599 0.500208 0.085698 0.159046
0 0.453927 0.149153 0.111870 0.127537
0 0.146120 0.688900 0.092047 0.171486
0 0.652591 0.208794 0.105161 0.144995
0 0.305734 0.058340 0.093474 0.116681
0 0.013569 0.522977 0.026685 0.165343
0 0.897148 0.518831 0.087135 0.151486
0 0.712161 0.608678 0.100672 0.138551
0 0.637896 0.573414 0.094693 0.140625
0 0.906520 0.949657 0.091602 0.099917
0 0.097858 0.647097 0.102201 0.143685
0 0.041848 0.618405 0.083695 0.124366
0 0.227518 0.319951 0.089672 0.147403
0 0.512824 0.218414 0.092914 0.150032
0 0.944000 0.294525 0.096948 0.163171
0 0.782501 0.913102 0.098654 0.158824
0 0.968267 0.457896 0.063466 0.141412
0 0.841441 0.608178 0.084508 0.161588
0 0.244559 0.072296 0.085497 0.143889
0 0.194568 0.165544 0.088875 0.156468
0 0.341060 0.160525 0.107677 0.134968
0 0.176104 0.957877 0.090469 0.083495
0 0.713781 0.291613 0.086250 0.152051
0 0.161128 0.298741 0.080094 0.143565
0 0.263893 0.205410 0.088911 0.158755
0 0.340471 0.278551 0.099979 0.154630
0 0.646389 0.904468 0.088352 0.139204
0 0.781510 0.604458 0.061901 0.183380
0 0.974777 0.853771 0.050445 0.144662
0 0.792734 0.258856 0.095979 0.155222
0 0.222073 0.861472 0.113505 0.114972
0 0.211738 0.437519 0.094633 0.137685
0 0.051431 0.505780 0.080284 0.152681
0 0.285484 0.394113 0.087932 0.145856
0 0.214660 0.683606 0.086320 0.155083
0 0.213693 0.558664 0.092167 0.153449
0 0.479147 0.645551 0.095753 0.144120
0 0.646764 0.770181 0.084076 0.152528
0 0.882583 0.867706 0.097250 0.127903
0 0.090655 0.829530 0.104513 0.118227
0 0.075492 0.371472 0.098333 0.153269
0 0.792473 0.804306 0.092305 0.134259
0 0.401432 0.335308 0.079474 0.143477
0 0.043255 0.918891 0.086510 0.128764
0 0.618385 0.690676 0.080167 0.142870
0 0.136297 0.527889 0.090516 0.137120
0 0.849104 0.744671 0.092281 0.145426
0 0.356339 0.489817 0.081240 0.179866
0 0.428414 0.549648 0.069750 0.141694
0 0.292612 0.580579 0.092781 0.154194
0 0.714816 0.719130 0.085487 0.150981
0 0.714207 0.515972 0.098930 0.109204
0 0.973007 0.701616 0.053987 0.133343
0 0.979796 0.587817 0.040409 0.160931
0 0.837707 0.953116 0.078237 0.093769
0 0.924674 0.588965 0.089229 0.174727
0 0.910773 0.688398 0.093755 0.118398
0 0.636939 0.301590 0.086643 0.149440
