1 0.419409 0.533199 0.102516 0.138278
1 0.888246 0.099287 0.088466 0.153852
1 0.337721 0.734433 0.104214 0.157134
1 0.573982 0.226458 0.092885 0.157074
0 0.522346 0.909083 0.083802 0.165639
0 0.678568 0.909361 0.091219 0.153907
0 0.837789 0.801428 0.073849 0.131245
0 0.954768 0.141512 0.089740 0.136884
0 0.776738 0.116748 0.086253 0.143949
0 0.485848 0.645104 0.082852 0.143542
0 0.404708 0.663347 0.083589 0.151870
0 0.085331 0.591755 0.092302 0.138796
0 0.935207 0.461444 0.092305 0.150333
0 0.933980 0.948213 0.082935 0.102963
0 0.271478 0.098097 0.075935 0.179963
0 0.922721 0.361437 0.105594 0.142856
0 0.387682 0.376650 0.083589 0.139394
0 0.914712 0.246259 0.096523 0.126231
0 0.523272 0.042407 0.087445 0.084630
0 0.590035 0.838505 0.087482 0.143120
0 0.613417 0.562012 0.086031 0.148384
0 0.299319 0.481074 0.093122 0.146343
0 0.759036 0.955356 0.078380 0.089287
0 0.326887 0.870285 0.093299 0.131569
0 0.291772 0.963431 0.084654 0.073139
0 0.219259 0.864185 0.097914 0.141306
0 0.208530 0.965062 0.083836 0.069875
0 0.962272 0.036727 0.075456 0.073454
0 0.978118 0.494025 0.043763 0.147449
0 0.266423 0.598451 0.087164 0.150810
0 0.019464 0.654394 0.038927 0.120815
0 0.014150 0.530833 0.028299 0.125481
0 0.007096 0.780833 0.014193 0.141611
0 0.038120 0.985345 0.075641 0.029310
0 0.975632 0.978079 0.046747 0.042167
0 0.005990 0.318606 0.011979 0.140620
0 0.837471 0.210340 0.073911 0.143495
0 0.421171 0.173106 0.091820 0.147620
0 0.204133 0.113465 0.081646 0.167218
0 0.738714 0.256546 0.093495 0.132759
0 0.108158 0.935613 0.077977 0.127338
0 0.268642 0.332671 0.086836 0.152787
0 0.838220 0.939060 0.081065 0.119731
0 0.902885 0.863516 0.085141 0.150551
0 0.764104 0.809549 0.079958 0.164514
0 0.131832 0.711111 0.083914 0.149037
0 0.036371 0.886586 0.071617 0.172190
0 0.333928 0.064671 0.080846 0.126852
0 0.027767 0.220315 0.055534 0.148130
0 0.693103 0.748174 0.091831 0.156042
0 0.171294 0.811081 0.084328 0.149579
0 0.843853 0.582736 0.090070 0.160407
