0 0.757779 0.349780 0.079974 0.142736
1 0.498102 0.143785 0.103536 0.163579
0 0.684833 0.982780 0.082422 0.033144
0 0.621727 0.122546 0.154604 0.159417
0 0.013738 0.065345 0.027138 0.125708
0 0.993970 0.867840 0.012029 0.148356
0 0.333773 0.970803 0.079359 0.056903
0 0.816909 0.025775 0.091771 0.051551
0 0.018975 0.851630 0.037591 0.138787
0 0.842365 0.821752 0.098516 0.154653
0 0.318094 0.749187 0.083734 0.136921
0 0.256576 0.655796 0.084443 0.142981
0 0.985009 0.458081 0.029966 0.152912
0 0.018602 0.514451 0.037167 0.143495
0 0.088708 0.635356 0.083995 0.144583
0 0.670214 0.927894 0.075599 0.118287
0 0.042445 0.038935 0.083505 0.077870
0 0.736036 0.940933 0.083135 0.116375
0 0.345712 0.642486 0.093789 0.140130
0 0.064408 0.113363 0.100273 0.161644
0 0.564010 0.242250 0.086438 0.171000
0 0.213385 0.573377 0.087906 0.166301
0 0.505435 0.044236 0.084813 0.087231
0 0.585117 0.105192 0.082818 0.138986
0 0.494966 0.278625 0.089073 0.145463
0 0.162988 0.678243 0.088180 0.150329
0 0.093051 0.263877 0.088888 0.158634
0 0.112121 0.755194 0.079497 0.139435
0 0.461204 0.382150 0.086789 0.143884
0 0.031042 0.214537 0.062083 0.169704
0 0.103118 0.439903 0.089128 0.154472
0 0.272486 0.524949 0.074919 0.154880
0 0.800750 0.949257 0.078047 0.101486
0 0.534227 0.399062 0.079698 0.152634
0 0.438711 0.079479 0.083906 0.147356
0 0.025414 0.673625 0.050818 0.134713
0 0.412034 0.553081 0.094604 0.163727
0 0.630957 0.280169 0.085732 0.152319
0 0.425279 0.669120 0.085661 0.137889
0 0.698858 0.835688 0.091128 0.145514
0 0.341974 0.523016 0.084984 0.147060
0 0.292323 0.858104 0.104792 0.135856
0 0.052514 0.801262 0.082815 0.163162
0 0.603855 0.396685 0.084164 0.144917
0 0.088160 0.925699 0.094174 0.141611
0 0.028573 0.947069 0.057146 0.105380
0 0.740708 0.492368 0.098766 0.149301
0 0.694539 0.046470 0.093104 0.092468
0 0.256339 0.948829 0.079281 0.101194
0 0.395754 0.422741 0.093362 0.156343
0 0.870741 0.222333 0.086898 0.148306
0 0.868697 0.929356 0.080482 0.137824
0 0.139310 0.554086 0.086411 0.148866
0 0.774591 0.217840 0.109385 0.170606
0 0.922406 0.044405 0.092016 0.088449
0 0.696590 0.291313 0.080013 0.163727
0 0.767284 0.621868 0.094552 0.153255
0 0.582371 0.506481 0.085065 0.138120
0 0.970898 0.758604 0.058203 0.155449
0 0.757954 0.752840 0.087872 0.147542
0 0.045984 0.351900 0.091964 0.162801
0 0.666954 0.435556 0.076852 0.165157
0 0.777025 0.867537 0.084602 0.135120
0 0.819053 0.304269 0.078216 0.142611
0 0.827635 0.726616 0.084297 0.150574
0 0.955651 0.914551 0.088604 0.145981
0 0.954982 0.258882 0.090026 0.134699
0 0.929658 0.149491 0.098211 0.148333
0 0.658143 0.143199 0.087771 0.161278
0 0.934546 0.479542 0.089737 0.147685
0 0.904983 0.697620 0.087794 0.142667
0 0.960431 0.370428 0.078956 0.139199
0 0.913556 0.820144 0.084315 0.138269
0 0.888007 0.349947 0.087544 0.150097
0 0.737677 0.126014 0.089901 0.158148
