0 0.013887 0.178331 0.027695 0.129797
0 0.014721 0.285786 0.029348 0.128385
0 0.153752 0.986151 0.094691 0.027698
0 0.013166 0.069602 0.026184 0.132307
0 0.384055 0.022385 0.101680 0.044771
0 0.623771 0.983430 0.096957 0.033141
0 0.579256 0.400953 0.096918 0.139885
0 0.322830 0.980682 0.099387 0.038635
0 0.981934 0.333581 0.036133 0.128786
0 0.315482 0.030128 0.106863 0.059870
0 0.794256 0.981831 0.097879 0.036339
0 0.020406 0.396719 0.040664 0.136000
0 0.967066 0.215685 0.065867 0.133807
0 0.820953 0.437982 0.104469 0.147464
0 0.098268 0.508573 0.112746 0.128771
0 0.900422 0.963302 0.105039 0.073396
0 0.174838 0.374268 0.098184 0.124203
0 0.679982 0.961573 0.107238 0.075594
0 0.574094 0.563003 0.098672 0.133693
0 0.932656 0.194505 0.105523 0.125750
0 0.508795 0.843721 0.091879 0.117755
0 0.882641 0.360328 0.101906 0.126906
0 0.136615 0.055560 0.111160 0.111120
0 0.456533 0.255510 0.096574 0.129104
0 0.849674 0.041883 0.106613 0.082995
0 0.239014 0.453635 0.095949 0.139292
0 0.539225 0.147628 0.098520 0.156370
0 0.317111 0.551953 0.105941 0.145406
0 0.790238 0.801180 0.098422 0.121839
0 0.934146 0.906763 0.110465 0.135099
0 0.490934 0.956732 0.098953 0.085995
0 0.955953 0.522375 0.088094 0.133771
0 0.618424 0.138810 0.089668 0.123839
0 0.966963 0.745247 0.065840 0.140078
0 0.116012 0.436773 0.116453 0.133286
0 0.950260 0.408445 0.099480 0.124266
0 0.887260 0.834164 0.118090 0.123453
0 0.679371 0.848047 0.109703 0.132510
0 0.558631 0.928893 0.107465 0.138599
0 0.219926 0.569513 0.098578 0.143036
0 0.684055 0.223589 0.102445 0.144323
0 0.637521 0.361016 0.098105 0.129187
0 0.394928 0.233336 0.101941 0.151286
0 0.233371 0.954008 0.107109 0.090557
0 0.506703 0.664003 0.092109 0.124547
0 0.061027 0.916260 0.106727 0.141156
0 0.735361 0.595831 0.101762 0.135422
0 0.425049 0.729630 0.110332 0.157740
0 0.463096 0.133508 0.104441 0.143661
0 0.784018 0.307698 0.102395 0.129885
0 0.769643 0.487633 0.100129 0.125505
0 0.395045 0.942828 0.101324 0.113000
0 0.946285 0.071544 0.105086 0.134432
0 0.485479 0.505391 0.100879 0.145969
0 0.838426 0.688828 0.104156 0.138521
0 0.206291 0.898706 0.104754 0.124578
0 0.646012 0.558977 0.099789 0.142266
0 0.930838 0.637484 0.103027 0.133469
0 0.324559 0.709839 0.101477 0.147656
0 0.042838 0.592693 0.085676 0.144552
0 0.148174 0.644862 0.107996 0.145234
0 0.596295 0.707521 0.104059 0.136854
0 0.221711 0.062437 0.110133 0.124750
0 0.273643 0.209490 0.116465 0.157583
0 0.169418 0.241190 0.117367 0.152380
0 0.653600 0.465643 0.113637 0.122391
0 0.239486 0.765057 0.095527 0.143208
0 0.154576 0.796229 0.100738 0.125417
0 0.007564 0.670737 0.015129 0.134234
0 0.725459 0.020979 0.114973 0.041927
1 0.388188 0.450766 0.124453 0.199333
