0 0.096413 0.984100 0.079794 0.028227
0 0.010901 0.375539 0.021802 0.138153
0 0.030859 0.012775 0.060839 0.025551
0 0.364036 0.431468 0.079052 0.140824
1 0.742173 0.934134 0.078919 0.129009
1 0.774464 0.368359 0.080979 0.141616
0 0.976314 0.965553 0.047018 0.068894
0 0.984807 0.526238 0.030380 0.150625
1 0.914359 0.153840 0.078458 0.128644
1 0.048902 0.270912 0.081341 0.152287
1 0.098960 0.635380 0.080581 0.153741
1 0.239090 0.848100 0.074914 0.140366
1 0.251660 0.366988 0.080581 0.146940
0 0.580853 0.030657 0.076966 0.061315
1 0.196789 0.699421 0.074990 0.133657
1 0.567348 0.629965 0.075034 0.140727
1 0.267478 0.216632 0.085513 0.154579
1 0.947802 0.719481 0.080422 0.142750
0 0.024915 0.906368 0.049659 0.151671
0 0.145553 0.034854 0.069633 0.069014
0 0.247397 0.960023 0.080711 0.078926
0 0.465579 0.276303 0.089221 0.121356
0 0.503876 0.040722 0.077914 0.081444
0 0.423883 0.942102 0.085500 0.113852
0 0.061777 0.761435 0.081893 0.120546
0 0.537281 0.955521 0.085240 0.088958
0 0.951659 0.258037 0.096479 0.133046
0 0.407408 0.777498 0.082810 0.143616
0 0.121354 0.907910 0.093120 0.134847
0 0.037293 0.084553 0.074586 0.114866
0 0.827057 0.853813 0.090568 0.143921
0 0.027661 0.565688 0.055135 0.129458
0 0.490418 0.642030 0.083305 0.136884
0 0.614517 0.948590 0.074643 0.101199
0 0.625992 0.131731 0.083474 0.152093
0 0.973840 0.092887 0.052320 0.143310
0 0.649974 0.708250 0.076927 0.140926
0 0.832361 0.711056 0.076206 0.133685
0 0.669245 0.848199 0.078818 0.134074
0 0.613510 0.418123 0.083552 0.145755
0 0.141681 0.795252 0.067977 0.116292
0 0.867135 0.055588 0.089042 0.110694
0 0.524760 0.384632 0.083729 0.145486
0 0.283083 0.051868 0.085995 0.102782
0 0.502214 0.163581 0.084182 0.134245
0 0.057184 0.453991 0.086247 0.131204
0 0.905152 0.942264 0.075544 0.115102
0 0.175660 0.552565 0.092565 0.129037
0 0.314954 0.741090 0.078388 0.140227
0 0.692727 0.419972 0.078464 0.151056
0 0.705409 0.580139 0.082552 0.143546
0 0.456155 0.523620 0.076680 0.130685
0 0.301635 0.477873 0.077099 0.130597
0 0.964027 0.866935 0.071659 0.135185
0 0.785603 0.087012 0.079779 0.136208
0 0.351060 0.602428 0.087708 0.147431
0 0.382527 0.292435 0.077148 0.134880
0 0.363116 0.136813 0.089180 0.144681
0 0.714544 0.278931 0.080333 0.140509
1 0.788191 0.590639 0.081674 0.152741
0 0.190642 0.248382 0.081513 0.160764
0 0.901241 0.617007 0.082904 0.136542
