0 0.958612 0.383824 0.081005 0.143389
0 0.153898 0.047065 0.075547 0.092426
0 0.269224 0.578889 0.067042 0.195352
0 0.796245 0.792750 0.068438 0.192667
0 0.019102 0.173602 0.037089 0.160444
0 0.305161 0.208338 0.077260 0.145009
0 0.462880 0.911926 0.066479 0.164537
0 0.709565 0.227685 0.080568 0.153519
0 0.450867 0.377495 0.077870 0.121898
0 0.497044 0.635644 0.072807 0.153769
0 0.511943 0.813208 0.081198 0.143176
0 0.493159 0.463681 0.070932 0.126620
0 0.619443 0.528685 0.078312 0.159222
0 0.558951 0.405944 0.074068 0.129722
0 0.418063 0.252866 0.078073 0.135194
0 0.330339 0.590190 0.085854 0.174176
0 0.663813 0.327556 0.073938 0.154333
0 0.639143 0.647759 0.077016 0.138019
0 0.582724 0.906634 0.074490 0.186528
0 0.437487 0.672917 0.062557 0.172037
0 0.120510 0.571884 0.075583 0.157639
0 0.235216 0.237773 0.074328 0.155898
0 0.820680 0.233472 0.082672 0.158296
0 0.568885 0.604866 0.064062 0.148620
0 0.678565 0.499074 0.076328 0.181389
0 0.513909 0.316856 0.067349 0.119491
0 0.530841 0.938431 0.085245 0.123139
0 0.651083 0.949306 0.082542 0.101389
0 0.246589 0.415389 0.075292 0.158648
0 0.824385 0.957648 0.109823 0.084704
0 0.775766 0.334759 0.095365 0.138444
0 0.604263 0.264028 0.073661 0.147593
0 0.743081 0.474569 0.075568 0.177565
0 0.187904 0.557894 0.078682 0.132509
0 0.035333 0.538750 0.070667 0.146037
0 0.808794 0.439907 0.076839 0.130796
0 0.583042 0.083773 0.086229 0.144787
0 0.159297 0.196046 0.085271 0.146685
0 0.197779 0.955782 0.078828 0.088435
0 0.356581 0.121389 0.082984 0.144315
0 0.382091 0.685972 0.068661 0.153759
0 0.789945 0.078787 0.081630 0.150074
0 0.725711 0.920880 0.079536 0.140370
0 0.083211 0.110458 0.079380 0.148991
0 0.710831 0.062171 0.081120 0.124250
0 0.480729 0.175630 0.071979 0.137944
0 0.034143 0.274889 0.068286 0.128130
0 0.213914 0.088968 0.083391 0.141954
0 0.051703 0.382556 0.089719 0.146852
0 0.428365 0.117537 0.076427 0.161130
0 0.732383 0.793056 0.070901 0.180704
0 0.284208 0.063898 0.081521 0.124741
0 0.175706 0.432449 0.074391 0.131917
0 0.823331 0.860431 0.093599 0.134602
0 0.110018 0.427231 0.067161 0.147611
0 0.067180 0.651458 0.068370 0.132861
0 0.352750 0.705343 0.099531 0.153704
0 0.494755 0.986278 0.083646 0.027204
0 0.907461 0.278023 0.107953 0.182769
0 0.934198 0.018481 0.076833 0.036963
0 0.088409 0.017523 0.085318 0.033861
0 0.501474 0.057148 0.082365 0.114296
0 0.748953 0.620847 0.083635 0.136046
0 0.210591 0.821681 0.075432 0.157491
0 0.251432 0.708861 0.079969 0.138000
0 0.667219 0.841023 0.078490 0.147046
0 0.691117 0.686889 0.076026 0.163778
0 0.398411 0.817255 0.083281 0.130898
0 0.061680 0.882014 0.088891 0.161880
0 0.356734 0.021954 0.083937 0.043907
0 0.016266 0.782046 0.032531 0.170222
0 0.420375 0.977194 0.083479 0.045611
0 0.892630 0.106949 0.089281 0.195972
0 0.654198 0.037343 0.069479 0.074685
0 0.326898 0.749301 0.075203 0.140213
1 0.547318 0.204199 0.078552 0.146620
