0 0.298197 0.466211 0.069987 0.156995
0 0.585957 0.894340 0.090065 0.142671
0 0.465961 0.669086 0.079411 0.124403
0 0.420922 0.427558 0.082505 0.171847
0 0.672033 0.779229 0.092346 0.147727
0 0.841719 0.127030 0.107292 0.145903
0 0.017850 0.039757 0.035701 0.079005
0 0.364331 0.277806 0.086109 0.137981
0 0.967698 0.043442 0.064224 0.085968
0 0.257699 0.309278 0.078820 0.177444
0 0.732482 0.025912 0.078359 0.051444
0 0.499456 0.360493 0.079729 0.152431
0 0.068850 0.813803 0.084529 0.160773
0 0.714896 0.904894 0.083885 0.163759
0 0.354102 0.862023 0.076781 0.143556
0 0.849103 0.265688 0.083919 0.143829
0 0.065629 0.184407 0.080727 0.131009
0 0.720914 0.358104 0.084141 0.143366
0 0.440344 0.824685 0.082141 0.145898
0 0.045332 0.427921 0.079492 0.140833
0 0.792202 0.553106 0.086695 0.155667
0 0.492008 0.533947 0.095635 0.166005
0 0.260022 0.071238 0.093122 0.142477
0 0.054009 0.947611 0.099919 0.104778
0 0.785660 0.799303 0.095883 0.181486
0 0.221135 0.514373 0.083370 0.149690
0 0.838180 0.669250 0.082922 0.149861
0 0.086344 0.542382 0.082875 0.132653
0 0.579913 0.385845 0.087159 0.151968
0 0.090174 0.328465 0.076938 0.157292
0 0.606952 0.037211 0.089435 0.073829
0 0.112306 0.672611 0.088638 0.150028
0 0.428456 0.947525 0.095573 0.104949
0 0.151065 0.965236 0.088250 0.068204
0 0.909301 0.963542 0.095299 0.072204
0 0.609559 0.630822 0.097909 0.156486
0 0.142776 0.387984 0.094703 0.174773
0 0.565990 0.139102 0.101578 0.164185
0 0.165984 0.164646 0.070880 0.121699
0 0.360490 0.540199 0.082260 0.123139
0 0.936355 0.225963 0.093336 0.173417
0 0.809083 0.045521 0.087984 0.090282
0 0.272486 0.763630 0.077492 0.172880
0 0.214625 0.671676 0.081740 0.163352
0 0.092184 0.065782 0.079612 0.131565
0 0.206548 0.881491 0.089258 0.157343
0 0.264155 0.957708 0.085924 0.083852
0 0.044095 0.667190 0.081940 0.151843
0 0.925251 0.678671 0.081471 0.142583
0 0.907253 0.530062 0.110474 0.173014
0 0.397751 0.723725 0.066107 0.140551
0 0.846585 0.404206 0.098945 0.139384
0 0.373467 0.067458 0.071331 0.134722
0 0.714272 0.138162 0.093789 0.152861
0 0.450408 0.093310 0.091565 0.134750
0 0.467272 0.225387 0.083362 0.151116
0 0.417448 0.021634 0.079391 0.043269
0 0.130533 0.014896 0.082820 0.028681
0 0.203918 0.018007 0.069492 0.034597
0 0.887053 0.031002 0.093378 0.061431
0 0.239328 0.206523 0.094943 0.140417
0 0.993464 0.568674 0.012969 0.148088
