1 0.963629 0.495282 0.072742 0.146546
1 0.784643 0.202035 0.080589 0.134005
0 0.121020 0.982125 0.080159 0.034981
1 0.013826 0.927986 0.027531 0.134574
0 0.978865 0.241539 0.042182 0.144106
0 0.809103 0.975938 0.079299 0.047977
1 0.422684 0.901329 0.077872 0.137472
1 0.235699 0.660102 0.079273 0.133685
1 0.459682 0.168789 0.079854 0.144542
1 0.611508 0.606157 0.078484 0.143111
0 0.194484 0.966731 0.081078 0.066537
0 0.475553 0.028713 0.077372 0.057426
1 0.538651 0.645329 0.078818 0.148343
1 0.462105 0.477632 0.083617 0.139755
0 0.579152 0.036657 0.080576 0.073083
1 0.484016 0.754780 0.091224 0.156699
0 0.775634 0.646169 0.071857 0.132782
0 0.967009 0.956157 0.065924 0.087491
0 0.144592 0.499981 0.100013 0.119009
0 0.538957 0.879421 0.065482 0.170750
0 0.619681 0.219255 0.076930 0.138694
0 0.062634 0.940516 0.078706 0.118662
0 0.911247 0.062194 0.083339 0.124389
0 0.442958 0.310970 0.082073 0.143347
0 0.332383 0.233428 0.074573 0.135144
0 0.213967 0.356819 0.079456 0.191852
0 0.647081 0.524597 0.081812 0.161954
0 0.608216 0.924741 0.077323 0.141630
0 0.908082 0.785021 0.076388 0.135014
0 0.412329 0.070627 0.077419 0.137069
0 0.043331 0.771838 0.086063 0.159046
0 0.328305 0.415731 0.072042 0.180648
0 0.522779 0.095840 0.079911 0.149940
0 0.388074 0.470211 0.072612 0.157486
0 0.727906 0.453687 0.089198 0.140875
0 0.142345 0.370556 0.079409 0.158657
0 0.678460 0.335826 0.083185 0.138986
0 0.749372 0.917852 0.086797 0.147074
0 0.312647 0.600125 0.081638 0.146537
0 0.153301 0.602743 0.083076 0.139940
0 0.261013 0.408463 0.071130 0.125519
0 0.028413 0.307301 0.056826 0.141620
0 0.642904 0.727234 0.079432 0.129838
0 0.962654 0.108299 0.074693 0.151236
0 0.970628 0.741639 0.058589 0.148194
0 0.164271 0.732889 0.078516 0.130269
0 0.271469 0.927708 0.084125 0.144583
0 0.529316 0.240669 0.081414 0.142440
0 0.968914 0.358852 0.062172 0.127472
0 0.779589 0.792361 0.081141 0.139389
0 0.809750 0.484310 0.078792 0.144435
0 0.462328 0.614421 0.083464 0.141120
0 0.832507 0.713558 0.071372 0.129912
0 0.076706 0.423106 0.084255 0.156463
0 0.703736 0.204586 0.082357 0.147273
0 0.798664 0.070060 0.082604 0.133796
0 0.234786 0.521324 0.084365 0.132046
0 0.235405 0.796637 0.083898 0.138986
0 0.927858 0.612738 0.084018 0.152431
0 0.551031 0.506139 0.085297 0.142111
0 0.083194 0.666738 0.077919 0.142245
0 0.757764 0.325336 0.078846 0.131171
0 0.856979 0.148451 0.074422 0.130829
