0 0.007329 0.756104 0.014659 0.131032
0 0.009021 0.067748 0.016865 0.129310
0 0.377980 0.285345 0.071513 0.150606
0 0.384115 0.830484 0.075151 0.139708
0 0.166803 0.840271 0.079664 0.142079
0 0.756758 0.685049 0.077552 0.136977
0 0.321789 0.893525 0.072849 0.129616
0 0.642568 0.273306 0.087458 0.115731
0 0.244077 0.539465 0.074049 0.128597
0 0.608238 0.027056 0.087701 0.053731
0 0.985895 0.241412 0.028211 0.141500
0 0.296733 0.260160 0.076534 0.140912
0 0.038805 0.365623 0.075849 0.146079
0 0.069680 0.859079 0.083057 0.134343
0 0.905652 0.682419 0.085034 0.145116
0 0.459853 0.353704 0.062539 0.156111
0 0.681905 0.032380 0.076659 0.064759
0 0.272749 0.959081 0.080482 0.080616
0 0.597329 0.372789 0.074331 0.147597
0 0.345876 0.638824 0.067003 0.124704
0 0.216091 0.130891 0.094651 0.115681
0 0.448389 0.158310 0.078867 0.161435
0 0.301303 0.721845 0.076247 0.155431
0 0.981605 0.460477 0.036789 0.134028
0 0.677674 0.791486 0.080005 0.137009
0 0.975898 0.694532 0.048203 0.149694
0 0.921348 0.942907 0.083242 0.113713
0 0.576379 0.123058 0.089206 0.127829
0 0.451072 0.522113 0.080279 0.147625
0 0.794555 0.311648 0.084531 0.138426
0 0.668990 0.932188 0.077536 0.135625
0 0.189408 0.607266 0.073440 0.131708
0 0.240858 0.867461 0.075258 0.136106
0 0.557091 0.248296 0.082339 0.133204
0 0.047508 0.742215 0.076385 0.149532
0 0.105525 0.606653 0.080529 0.128435
0 0.515095 0.655863 0.070982 0.128921
0 0.480669 0.955387 0.065578 0.089005
0 0.869685 0.306912 0.074542 0.138194
0 0.952052 0.606606 0.082083 0.118611
0 0.154749 0.498669 0.085164 0.125977
0 0.728796 0.341956 0.077763 0.129912
0 0.537918 0.056539 0.074622 0.110986
0 0.665246 0.159845 0.074471 0.121671
0 0.137673 0.375264 0.081372 0.135843
0 0.928324 0.511174 0.083206 0.132134
0 0.743600 0.040898 0.079612 0.081796
0 0.090055 0.040690 0.081734 0.081380
0 0.509835 0.816398 0.080742 0.148019
0 0.433307 0.752822 0.067932 0.136634
0 0.239652 0.347539 0.072258 0.119042
0 0.567236 0.734201 0.068820 0.160912
0 0.053031 0.506898 0.072656 0.143269
0 0.217057 0.429174 0.091943 0.123023
0 0.114827 0.729542 0.077492 0.127611
0 0.651408 0.494535 0.096247 0.112171
0 0.598044 0.905961 0.071443 0.157940
0 0.175306 0.291171 0.078117 0.147028
0 0.532779 0.360912 0.074516 0.139019
0 0.344060 0.171185 0.077943 0.132213
