0 0.198342 0.465161 0.084801 0.112615
0 0.214723 0.295940 0.082500 0.106505
0 0.144229 0.010089 0.077129 0.020177
0 0.259449 0.374706 0.081109 0.103786
0 0.012984 0.639880 0.024867 0.094875
0 0.006855 0.497784 0.012750 0.099120
0 0.510439 0.969438 0.122270 0.061125
0 0.027957 0.805688 0.055914 0.112271
0 0.649400 0.583344 0.074004 0.095510
0 0.284713 0.015818 0.075355 0.031635
0 0.978006 0.876646 0.043988 0.093219
0 0.075445 0.983083 0.076633 0.033833
0 0.850664 0.865635 0.103922 0.099260
0 0.009570 0.084271 0.019141 0.119813
0 0.915094 0.022099 0.088664 0.044198
0 0.724293 0.780799 0.087133 0.098151
0 0.984836 0.272518 0.030328 0.100547
0 0.042787 0.485917 0.070785 0.095760
0 0.701182 0.027724 0.067660 0.054510
0 0.176437 0.353432 0.072430 0.085156
0 0.183533 0.973232 0.087637 0.053536
0 0.763857 0.034776 0.092551 0.069552
0 0.418963 0.082008 0.079863 0.098214
0 0.680629 0.883182 0.073500 0.138417
0 0.761256 0.542372 0.086621 0.112203
0 0.909996 0.086510 0.075789 0.108250
0 0.090023 0.222576 0.073484 0.095911
0 0.724814 0.127297 0.080934 0.100958
0 0.695887 0.712143 0.080078 0.090745
0 0.267074 0.878534 0.065828 0.122568
0 0.948957 0.790641 0.079484 0.110469
0 0.643734 0.668570 0.071297 0.091672
0 0.371447 0.145695 0.081262 0.095286
0 0.817146 0.562466 0.080949 0.090797
0 0.109342 0.066867 0.070027 0.113818
0 0.529736 0.175594 0.076730 0.117604
0 0.281541 0.460326 0.086387 0.097526
0 0.320299 0.901148 0.071098 0.104578
0 0.164699 0.869891 0.075844 0.097469
0 0.616326 0.319695 0.076410 0.106349
0 0.594262 0.199784 0.076375 0.102359
0 0.585891 0.396247 0.064250 0.086339
0 0.534574 0.452641 0.080766 0.103885
0 0.361500 0.960224 0.077820 0.079552
0 0.249418 0.523982 0.086273 0.097057
0 0.481779 0.306305 0.071473 0.117693
0 0.394734 0.589646 0.073898 0.093260
0 0.028342 0.235536 0.054941 0.091448
0 0.810143 0.357852 0.081848 0.110141
0 0.037715 0.173625 0.075430 0.076469
0 0.726795 0.213982 0.080121 0.096047
0 0.170949 0.049052 0.076094 0.092125
0 0.974270 0.510885 0.051461 0.111271
0 0.572705 0.922719 0.067410 0.094979
0 0.936492 0.679924 0.084227 0.106453
0 0.774721 0.421042 0.079371 0.109635
0 0.270711 0.599737 0.080977 0.101630
0 0.873910 0.149904 0.089063 0.100807
0 0.080012 0.918411 0.069734 0.105687
0 0.475211 0.181185 0.074633 0.116359
0 0.962199 0.112552 0.072391 0.099406
0 0.098682 0.354307 0.081973 0.109573
0 0.213924 0.819299 0.073379 0.111297
0 0.485729 0.049195 0.081043 0.097734
0 0.424285 0.218659 0.078445 0.107182
0 0.789146 0.722435 0.074027 0.103057
0 0.336506 0.515271 0.077988 0.091229
0 0.847902 0.050083 0.085641 0.095625
0 0.300994 0.165206 0.079598 0.107276
0 0.249344 0.674250 0.097625 0.103000
0 0.393781 0.023674 0.071773 0.047349
0 0.399064 0.390367 0.075910 0.101161
0 0.027998 0.967049 0.052574 0.065901
0 0.968330 0.189383 0.063340 0.096505
0 0.344285 0.050526 0.079320 0.095969
0 0.049285 0.095919 0.071266 0.094370
0 0.027516 0.423880 0.055031 0.097604
0 0.733227 0.970065 0.077914 0.059870
0 0.897684 0.740060 0.064969 0.080766
0 0.611588 0.034651 0.078629 0.069302
0 0.610047 0.968776 0.079492 0.062448
0 0.057801 0.716120 0.074008 0.103198
0 0.948631 0.596857 0.092973 0.100661
0 0.412564 0.467664 0.069504 0.086630
0 0.526533 0.366656 0.084645 0.108156
0 0.048469 0.299385 0.075695 0.093208
0 0.017479 0.716812 0.034957 0.103552
0 0.034732 0.357214 0.069465 0.110115
0 0.736096 0.491763 0.085754 0.089214
0 0.729402 0.867810 0.080312 0.102286
0 0.027756 0.896937 0.055160 0.093177
0 0.110779 0.635841 0.068738 0.099620
0 0.145080 0.414216 0.075941 0.107286
0 0.705939 0.630224 0.074988 0.099365
1 0.459121 0.401294 0.070914 0.103745
0 0.864555 0.671081 0.075250 0.116589
0 0.221771 0.108154 0.079371 0.105016
0 0.551535 0.293284 0.074914 0.106453
0 0.557053 0.058573 0.074230 0.108229
0 0.808393 0.643344 0.076090 0.093969
0 0.456414 0.557635 0.078578 0.089281
0 0.780920 0.090620 0.080277 0.110010
0 0.332215 0.630055 0.075875 0.107589
0 0.692586 0.318693 0.081289 0.109250
0 0.928646 0.943628 0.068793 0.112745
0 0.670131 0.964247 0.068496 0.071505
0 0.656186 0.390893 0.078527 0.102089
0 0.633053 0.912263 0.072184 0.099130
0 0.205551 0.196563 0.082016 0.108062
0 0.107375 0.780714 0.087875 0.110052
0 0.882219 0.809159 0.081391 0.103182
0 0.470053 0.481422 0.077004 0.095240
0 0.093523 0.453773 0.076539 0.115589
0 0.916094 0.331901 0.122438 0.151573
0 0.254967 0.766440 0.074035 0.108797
0 0.710105 0.421682 0.070570 0.100604
0 0.863229 0.945091 0.078973 0.104943
0 0.973770 0.957185 0.052461 0.085630
0 0.229631 0.950169 0.078934 0.097266
0 0.600861 0.110589 0.079059 0.099510
0 0.643385 0.234523 0.072285 0.095901
0 0.302752 0.709221 0.068996 0.104609
0 0.418145 0.308612 0.078187 0.099880
0 0.319816 0.803461 0.075406 0.112203
