0 0.405758 0.827440 0.085307 0.148537
0 0.850732 0.511887 0.075078 0.129958
0 0.148091 0.481356 0.093901 0.144722
0 0.914349 0.447222 0.082359 0.146306
0 0.337391 0.354778 0.090161 0.156769
0 0.152766 0.338183 0.089167 0.148245
0 0.647898 0.804076 0.089792 0.145051
0 0.428350 0.341646 0.089133 0.139106
0 0.241939 0.425583 0.089721 0.145139
0 0.825559 0.756762 0.083518 0.135903
0 0.257914 0.864861 0.080177 0.127667
0 0.958430 0.737752 0.083141 0.130690
0 0.160620 0.195755 0.089464 0.142880
0 0.040547 0.708921 0.081094 0.158361
0 0.004391 0.788956 0.008781 0.144153
0 0.089663 0.901340 0.083826 0.133366
0 0.856005 0.639479 0.087260 0.128273
0 0.313510 0.768287 0.091792 0.157083
0 0.584654 0.726838 0.083573 0.159130
0 0.298452 0.233637 0.086055 0.155894
0 0.024578 0.910574 0.049026 0.142565
0 0.767260 0.864137 0.093193 0.135023
0 0.211242 0.970894 0.081958 0.056491
0 0.711648 0.622958 0.083615 0.154009
0 0.320757 0.094269 0.088174 0.137435
0 0.419620 0.947433 0.079969 0.104301
0 0.780505 0.482704 0.074026 0.132898
0 0.226303 0.296713 0.092982 0.161102
0 0.418251 0.679072 0.072180 0.126606
0 0.972703 0.290398 0.054198 0.141509
0 0.974448 0.610278 0.051104 0.138731
0 0.514470 0.674127 0.101174 0.144051
0 0.179908 0.837949 0.080352 0.180685
0 0.928654 0.077748 0.093807 0.155495
0 0.849030 0.136637 0.088648 0.136042
0 0.263319 0.960394 0.084096 0.077231
0 0.788466 0.959317 0.082844 0.080523
1 0.357570 0.573516 0.088661 0.151690
0 0.876625 0.037859 0.066865 0.074125
0 0.963725 0.145324 0.072336 0.175241
0 0.149995 0.051146 0.087672 0.101338
0 0.736374 0.751340 0.099544 0.170431
0 0.808167 0.055919 0.082354 0.111301
0 0.272733 0.662549 0.087477 0.127440
0 0.498652 0.540155 0.086518 0.146699
0 0.097658 0.592229 0.089846 0.148792
0 0.289811 0.533451 0.079018 0.142014
0 0.453283 0.477021 0.069669 0.131375
0 0.105900 0.782792 0.087742 0.157731
0 0.684217 0.943431 0.085294 0.111833
0 0.830533 0.254056 0.091930 0.133500
0 0.825743 0.380655 0.086716 0.132884
0 0.658857 0.681468 0.079724 0.129194
0 0.379355 0.474604 0.084081 0.133792
0 0.694324 0.470938 0.067982 0.151394
