1 0.354185 0.642282 0.090141 0.165750
0 0.015589 0.563315 0.031177 0.133296
1 0.689763 0.515907 0.081964 0.146907
0 0.212388 0.115560 0.084839 0.143509
1 0.396878 0.316944 0.088401 0.159833
0 0.551776 0.237319 0.078312 0.144361
0 0.806005 0.870593 0.085573 0.145019
0 0.500604 0.111375 0.092688 0.188657
0 0.745812 0.321593 0.096646 0.145759
0 0.646430 0.045208 0.082276 0.090417
0 0.777982 0.927009 0.082203 0.145981
0 0.726919 0.603208 0.078464 0.129065
0 0.919125 0.029921 0.072469 0.058602
0 0.250268 0.959306 0.082161 0.081389
0 0.896529 0.745167 0.087286 0.149574
0 0.277724 0.185264 0.086563 0.150694
0 0.791203 0.467870 0.071094 0.141815
0 0.321508 0.381449 0.094797 0.141769
0 0.448477 0.876935 0.080172 0.156426
0 0.593258 0.087264 0.086755 0.165991
0 0.661708 0.693310 0.091354 0.157898
0 0.977141 0.166421 0.042042 0.153917
0 0.142724 0.054861 0.070469 0.105074
0 0.021159 0.875394 0.040068 0.156120
0 0.496349 0.871708 0.083958 0.165991
0 0.052352 0.294866 0.082891 0.142231
0 0.728565 0.406593 0.094151 0.144426
0 0.289445 0.069778 0.090505 0.135259
0 0.944148 0.682875 0.083755 0.141472
0 0.371724 0.030310 0.093365 0.060620
0 0.233310 0.030889 0.093609 0.061778
0 0.633062 0.931574 0.085437 0.136852
0 0.700849 0.167444 0.078521 0.161407
0 0.966680 0.057921 0.066641 0.111991
0 0.157497 0.283444 0.082557 0.152833
0 0.042958 0.018037 0.085917 0.034778
0 0.963154 0.792519 0.073693 0.156019
0 0.989859 0.279968 0.020271 0.125102
0 0.011966 0.274444 0.023932 0.156463
0 0.364849 0.941593 0.094875 0.114481
0 0.986437 0.900833 0.025062 0.154111
0 0.008130 0.422977 0.016260 0.151694
0 0.995250 0.529458 0.009500 0.128880
0 0.007602 0.067495 0.015203 0.132009
0 0.995437 0.382269 0.008937 0.106981
0 0.869706 0.547444 0.089141 0.190685
0 0.631823 0.797000 0.096646 0.158426
0 0.352422 0.803944 0.082594 0.159778
0 0.583036 0.376838 0.087573 0.152287
0 0.502555 0.381005 0.086599 0.144824
0 0.478602 0.512926 0.087099 0.159704
0 0.421768 0.760546 0.082474 0.160685
0 0.817068 0.620671 0.085448 0.168843
0 0.530490 0.586444 0.079990 0.177907
0 0.431310 0.177463 0.089234 0.148426
0 0.264440 0.602880 0.081016 0.161185
0 0.726701 0.828667 0.091651 0.168944
0 0.894633 0.943977 0.078641 0.110546
0 0.072172 0.889532 0.075375 0.152639
0 0.629036 0.194509 0.091094 0.195630
0 0.857331 0.491255 0.079568 0.138139
0 0.612917 0.509204 0.088875 0.159463
0 0.250253 0.421866 0.078214 0.138750
0 0.575195 0.642616 0.080568 0.157787
0 0.478935 0.732241 0.084724 0.144278
0 0.894208 0.599856 0.087802 0.157528
0 0.336914 0.264491 0.082193 0.141722
0 0.563078 0.917713 0.079542 0.164574
0 0.481487 0.261185 0.084516 0.142278
0 0.931117 0.217903 0.086214 0.186398
0 0.770250 0.197329 0.083771 0.144120
0 0.244667 0.249819 0.084958 0.155083
0 0.867049 0.180407 0.085339 0.149167
0 0.099458 0.388898 0.094240 0.152889
0 0.191750 0.796569 0.081375 0.154046
0 0.146083 0.446042 0.078729 0.145639
0 0.356482 0.129162 0.086370 0.155528
0 0.180245 0.705343 0.091750 0.141259
0 0.033151 0.732097 0.066302 0.158713
0 0.408958 0.542662 0.092469 0.165324
0 0.123979 0.874676 0.080010 0.153852
0 0.099784 0.742653 0.095214 0.175343
0 0.750141 0.670389 0.082010 0.161037
0 0.189354 0.514523 0.077865 0.144787
0 0.136581 0.607773 0.082266 0.142139
0 0.815159 0.275792 0.091880 0.149843
0 0.080924 0.217565 0.097734 0.162685
0 0.320628 0.515093 0.092297 0.155111
0 0.725562 0.070486 0.084854 0.138528
0 0.291956 0.878106 0.092891 0.144676
0 0.841734 0.364690 0.096312 0.145602
0 0.094943 0.072347 0.081344 0.142991
0 0.962057 0.459898 0.074510 0.149722
0 0.827159 0.057898 0.088609 0.115278
0 0.054404 0.632634 0.091026 0.161102
0 0.679935 0.934755 0.081516 0.128639
0 0.538703 0.053407 0.080167 0.105185
