0 0.005582 0.693785 0.010852 0.133431
0 0.244460 0.525512 0.085107 0.132023
0 0.094121 0.629292 0.089294 0.155194
0 0.263646 0.968336 0.089740 0.062106
0 0.985009 0.799074 0.029768 0.150519
0 0.410616 0.654301 0.088044 0.169111
0 0.975115 0.075134 0.049323 0.128694
0 0.978616 0.345225 0.042768 0.143736
0 0.566018 0.904905 0.077896 0.167514
0 0.858775 0.249056 0.086753 0.139130
0 0.601514 0.431667 0.086930 0.151120
0 0.971273 0.206417 0.057380 0.141537
0 0.168124 0.857250 0.080227 0.129472
0 0.910555 0.143896 0.085229 0.146245
0 0.959383 0.684940 0.081234 0.148315
0 0.838504 0.960998 0.089497 0.076884
0 0.075469 0.883530 0.086771 0.130588
0 0.427522 0.144692 0.086977 0.168069
0 0.561703 0.735296 0.087177 0.143306
0 0.377296 0.848669 0.089138 0.156866
0 0.041375 0.485269 0.080661 0.151111
0 0.096898 0.086794 0.089865 0.155921
0 0.631204 0.061345 0.076169 0.122690
0 0.723401 0.206144 0.080161 0.133278
0 0.417380 0.512065 0.095568 0.144556
0 0.154120 0.724463 0.081453 0.144546
0 0.033652 0.805727 0.067305 0.147176
0 0.497260 0.388053 0.103250 0.154690
0 0.327764 0.458819 0.084232 0.154657
0 0.935686 0.973556 0.111185 0.052204
0 0.490415 0.607326 0.081029 0.143588
0 0.789374 0.469734 0.094810 0.165486
0 0.171698 0.334738 0.080422 0.147819
0 0.084379 0.970468 0.103997 0.058537
0 0.453018 0.279583 0.087714 0.139907
0 0.785467 0.288398 0.076070 0.125296
0 0.641576 0.720528 0.076016 0.158194
0 0.830779 0.849100 0.078172 0.143032
0 0.115540 0.230100 0.084555 0.141088
0 0.058148 0.329116 0.087354 0.158278
0 0.275629 0.191206 0.085112 0.144560
0 0.630671 0.572192 0.082023 0.144125
0 0.940352 0.535275 0.082094 0.143199
0 0.478326 0.062178 0.085958 0.124319
0 0.490339 0.885079 0.085807 0.143000
0 0.354057 0.182264 0.079005 0.164259
0 0.643957 0.183076 0.082544 0.130505
0 0.158492 0.013060 0.079833 0.025750
0 0.281508 0.745660 0.081078 0.151690
0 0.732146 0.605840 0.083927 0.147995
0 0.401273 0.956671 0.097495 0.085519
0 0.625132 0.952382 0.087315 0.094625
0 0.728785 0.789785 0.079477 0.137245
0 0.251846 0.650914 0.083630 0.127069
0 0.450570 0.766002 0.089516 0.145032
0 0.183815 0.091093 0.085562 0.142380
0 0.714316 0.056146 0.079617 0.110977
0 0.835801 0.089218 0.083195 0.149676
0 0.180294 0.958699 0.078724 0.081796
0 0.550712 0.146766 0.085221 0.152597
0 0.956531 0.888315 0.086078 0.143389
0 0.275626 0.340868 0.091914 0.159616
0 0.850411 0.643326 0.088245 0.149190
0 0.112841 0.434792 0.081026 0.153370
0 0.656724 0.316222 0.086172 0.145611
0 0.991365 0.472053 0.017198 0.149634
0 0.721788 0.927905 0.087049 0.142014
