0 0.249480 0.760237 0.070180 0.077526
0 0.092338 0.776773 0.073582 0.090880
0 0.110297 0.608786 0.071602 0.099135
0 0.575645 0.455258 0.073820 0.092099
0 0.895758 0.208852 0.072375 0.087026
0 0.171443 0.648734 0.071863 0.094854
0 0.321188 0.438924 0.070937 0.086818
0 0.655510 0.828995 0.070277 0.086052
0 0.181312 0.470026 0.075359 0.080250
0 0.666002 0.912492 0.070098 0.081672
0 0.358412 0.887979 0.067027 0.089865
0 0.574797 0.964138 0.072938 0.070255
0 0.267605 0.369802 0.061570 0.079677
0 0.138029 0.354792 0.063809 0.089510
0 0.614738 0.666242 0.076750 0.089755
0 0.493555 0.477096 0.070945 0.083318
0 0.917023 0.464078 0.069836 0.087073
0 0.057113 0.843466 0.070844 0.083380
0 0.709484 0.052982 0.063258 0.083651
0 0.105746 0.695935 0.080891 0.084599
0 0.224744 0.693711 0.072809 0.079984
0 0.845113 0.666013 0.070617 0.079703
0 0.229715 0.428398 0.065586 0.080286
0 0.093473 0.261477 0.065430 0.080651
0 0.186346 0.541534 0.077316 0.074901
0 0.360477 0.515995 0.067813 0.088083
0 0.028875 0.526776 0.057750 0.097625
0 0.542010 0.405289 0.081254 0.108589
0 0.197391 0.368302 0.061828 0.082354
0 0.140629 0.220177 0.077875 0.095604
0 0.979457 0.889854 0.041055 0.091156
0 0.038408 0.923734 0.071121 0.089490
0 0.801771 0.599589 0.074449 0.094687
0 0.541465 0.630643 0.073844 0.078234
0 0.746600 0.646323 0.058223 0.080281
0 0.653227 0.028922 0.072578 0.056625
0 0.294195 0.892201 0.062320 0.083484
0 0.240818 0.607802 0.064465 0.097896
0 0.977434 0.968122 0.045133 0.063755
0 0.982568 0.791680 0.034863 0.097516
0 0.298961 0.168034 0.073258 0.105339
0 0.373699 0.300656 0.082969 0.087802
0 0.026338 0.152922 0.052223 0.092135
0 0.475529 0.031565 0.076730 0.062255
0 0.829842 0.981089 0.072480 0.037823
0 0.024242 0.022656 0.046594 0.044010
0 0.649943 0.979138 0.060496 0.041724
0 0.909453 0.979836 0.064750 0.039036
0 0.019279 0.082135 0.038559 0.083125
0 0.400494 0.733740 0.068051 0.086292
0 0.376066 0.984039 0.066586 0.031922
0 0.724229 0.133599 0.065348 0.081240
0 0.313969 0.012500 0.069195 0.025000
0 0.871141 0.012349 0.070977 0.024698
0 0.250734 0.010224 0.068484 0.020448
0 0.953801 0.370604 0.076195 0.085656
0 0.006514 0.337732 0.012543 0.093286
0 0.716162 0.093089 0.061199 0.164594
0 0.977100 0.438505 0.045801 0.093292
0 0.570326 0.278115 0.071871 0.090375
0 0.966943 0.055620 0.066113 0.102875
0 0.718156 0.520104 0.068305 0.093208
0 0.591436 0.187872 0.072926 0.092297
0 0.872154 0.809289 0.069105 0.096109
0 0.233893 0.941479 0.070027 0.091812
0 0.421820 0.469305 0.072289 0.095234
0 0.728686 0.780445 0.070051 0.090068
0 0.224119 0.144398 0.079387 0.098422
0 0.171543 0.848190 0.069414 0.093005
0 0.913805 0.641534 0.068555 0.092193
0 0.502641 0.109865 0.074938 0.099771
0 0.797152 0.928531 0.077578 0.082000
0 0.477199 0.959701 0.070758 0.080599
0 0.655404 0.737122 0.080207 0.094641
0 0.747135 0.359044 0.072238 0.087724
0 0.688227 0.190758 0.072125 0.090443
0 0.753383 0.222812 0.074711 0.095677
0 0.797059 0.307573 0.066195 0.092792
0 0.114486 0.906885 0.067348 0.091896
0 0.969736 0.292310 0.060527 0.088464
0 0.237330 0.055469 0.078340 0.086323
0 0.215727 0.272690 0.069625 0.095141
0 0.940514 0.556737 0.067473 0.086880
0 0.574664 0.856385 0.072180 0.088260
0 0.772145 0.440247 0.070094 0.089036
0 0.786906 0.119615 0.072141 0.099917
0 0.502475 0.343987 0.071371 0.082516
0 0.520920 0.550534 0.073965 0.085203
0 0.385596 0.080331 0.077121 0.101318
0 0.645551 0.320068 0.066211 0.082521
0 0.369238 0.177318 0.070359 0.098656
0 0.250807 0.837591 0.068387 0.080984
0 0.413539 0.820659 0.071469 0.089505
0 0.516391 0.897430 0.071672 0.094849
0 0.422408 0.914091 0.066699 0.084797
0 0.337480 0.784706 0.063484 0.084203
0 0.477307 0.263760 0.081434 0.085844
0 0.843365 0.057654 0.070801 0.086026
0 0.319311 0.958549 0.068645 0.082901
0 0.820451 0.857977 0.073527 0.091182
0 0.730324 0.871141 0.074203 0.090135
0 0.292586 0.266784 0.072648 0.093120
0 0.059717 0.194977 0.077840 0.101109
0 0.651998 0.517021 0.066605 0.092521
0 0.976895 0.205070 0.046211 0.091036
0 0.618607 0.580310 0.077418 0.091943
0 0.169953 0.959245 0.070945 0.081510
