1 0.026094 0.660595 0.052188 0.139931
0 0.940117 0.045650 0.072276 0.090218
0 0.991507 0.194509 0.016852 0.153694
0 0.164846 0.135289 0.080484 0.124255
0 0.524345 0.143653 0.079893 0.126407
0 0.980385 0.427100 0.039229 0.147560
1 0.375212 0.396375 0.087758 0.149213
0 0.970159 0.506606 0.059682 0.137759
0 0.006469 0.527799 0.012937 0.132662
0 0.009997 0.766734 0.019995 0.129977
0 0.008516 0.956310 0.017031 0.087130
0 0.849230 0.458889 0.088466 0.129241
0 0.198350 0.099794 0.077096 0.120162
0 0.324982 0.025546 0.087661 0.051093
0 0.532368 0.066801 0.078945 0.120361
0 0.773922 0.971382 0.091224 0.057236
0 0.040826 0.017130 0.081651 0.033676
0 0.976690 0.304405 0.046583 0.129699
0 0.189855 0.634366 0.074820 0.125491
0 0.865904 0.515394 0.085359 0.173315
0 0.185323 0.743366 0.073984 0.131796
0 0.014043 0.414537 0.028086 0.135722
0 0.090911 0.570745 0.075005 0.122963
0 0.814007 0.962134 0.076773 0.075731
0 0.985335 0.892322 0.029331 0.144755
0 0.625181 0.699764 0.082695 0.139130
0 0.723280 0.051444 0.105555 0.101907
1 0.385736 0.580993 0.095174 0.174153
0 0.028382 0.089863 0.056737 0.137764
0 0.485451 0.361556 0.106224 0.172556
0 0.052305 0.881924 0.062000 0.136847
0 0.885488 0.887167 0.073341 0.140287
0 0.738719 0.205456 0.077635 0.124310
0 0.980695 0.764484 0.038609 0.153940
0 0.522017 0.807208 0.078232 0.135130
0 0.116370 0.505153 0.070495 0.127806
0 0.145671 0.042907 0.100721 0.085815
0 0.974736 0.050442 0.050419 0.100884
0 0.575992 0.111516 0.093792 0.174560
0 0.818395 0.868220 0.085341 0.152912
0 0.978639 0.626319 0.042721 0.146898
0 0.758862 0.386609 0.086313 0.127310
0 0.473966 0.745410 0.089802 0.150199
0 0.142914 0.195924 0.089750 0.168847
0 0.214969 0.203741 0.079740 0.129796
0 0.260152 0.779424 0.085617 0.136449
0 0.262187 0.042687 0.083276 0.084245
0 0.420936 0.181188 0.085669 0.151449
0 0.147275 0.889282 0.082013 0.153370
0 0.547635 0.351285 0.078984 0.141005
0 0.363904 0.081718 0.085927 0.155713
0 0.621905 0.055715 0.080216 0.111431
0 0.685013 0.125245 0.084505 0.162815
0 0.179449 0.454005 0.085169 0.150519
0 0.587613 0.798771 0.084846 0.156245
0 0.767910 0.662176 0.082378 0.136241
0 0.712452 0.258250 0.083549 0.147731
0 0.689715 0.816053 0.088867 0.157218
0 0.784905 0.314931 0.088060 0.130796
0 0.073147 0.459931 0.080930 0.131769
0 0.476138 0.619012 0.086224 0.147292
0 0.218729 0.433692 0.091724 0.150134
0 0.148766 0.615000 0.087339 0.139935
0 0.944885 0.534081 0.093417 0.166708
0 0.398879 0.720481 0.082388 0.156648
0 0.894820 0.061262 0.088833 0.120616
0 0.824051 0.218012 0.097826 0.162264
0 0.532902 0.228192 0.096888 0.131931
0 0.299526 0.485912 0.082427 0.139194
0 0.838493 0.792933 0.080414 0.131301
0 0.111836 0.907032 0.079406 0.143500
0 0.346326 0.922139 0.089927 0.144870
0 0.800516 0.546903 0.078344 0.143528
0 0.963997 0.151792 0.070964 0.131130
0 0.938204 0.260539 0.098977 0.128736
0 0.755397 0.887019 0.073862 0.144472
0 0.659092 0.746403 0.089372 0.158343
0 0.248065 0.954623 0.090490 0.090755
0 0.532415 0.949049 0.089310 0.101903
0 0.432367 0.892558 0.088495 0.161301
0 0.145189 0.746694 0.086591 0.149880
0 0.038947 0.508428 0.074602 0.141171
0 0.354988 0.210336 0.090482 0.152995
0 0.751340 0.471775 0.086419 0.163560
0 0.538725 0.587801 0.086503 0.144806
0 0.890441 0.158211 0.089773 0.137995
0 0.061602 0.189806 0.095432 0.149769
0 0.465384 0.089713 0.076721 0.129787
0 0.065915 0.731475 0.083482 0.142616
0 0.345354 0.810449 0.086635 0.151500
0 0.610225 0.586576 0.076237 0.154338
0 0.231678 0.855097 0.077539 0.136306
0 0.707281 0.936150 0.086333 0.126773
0 0.204014 0.297308 0.084612 0.152662
0 0.311378 0.664889 0.103245 0.165046
0 0.812289 0.057433 0.084375 0.114347
0 0.244895 0.560669 0.092232 0.141042
0 0.777134 0.743405 0.081049 0.155384
0 0.940966 0.389595 0.085870 0.152653
0 0.910142 0.760713 0.086190 0.148537
0 0.938368 0.676553 0.084539 0.143440
0 0.581292 0.449539 0.085552 0.148042
0 0.660650 0.434292 0.079784 0.139639
0 0.089880 0.332676 0.095958 0.166963
0 0.696624 0.565259 0.083909 0.170630
0 0.285715 0.252697 0.079523 0.141264
0 0.842240 0.665921 0.080823 0.141185
0 0.658005 0.292389 0.082526 0.159574
