0 0.075607 0.789213 0.077370 0.138889
0 0.127070 0.710028 0.108724 0.179370
0 0.569516 0.385190 0.082708 0.152509
0 0.258953 0.520731 0.094031 0.140759
0 0.667820 0.046606 0.096755 0.089046
0 0.396758 0.967718 0.081943 0.064565
1 0.629758 0.678634 0.085401 0.149806
0 0.340461 0.182417 0.086193 0.143148
0 0.130065 0.853667 0.107547 0.147870
0 0.291760 0.928157 0.108917 0.143685
0 0.396065 0.600250 0.083724 0.135593
0 0.671737 0.578222 0.085380 0.135222
0 0.629229 0.476190 0.090427 0.142528
0 0.301628 0.421958 0.095505 0.160065
0 0.798299 0.082278 0.087234 0.156426
0 0.102508 0.599185 0.101464 0.144407
0 0.217419 0.640657 0.100974 0.163574
0 0.435380 0.463292 0.084240 0.160972
0 0.457250 0.305639 0.083323 0.144444
0 0.330182 0.801375 0.092646 0.125731
0 0.872312 0.112653 0.081792 0.140750
0 0.378102 0.366264 0.096422 0.154213
0 0.701740 0.138046 0.092990 0.145185
0 0.509536 0.231685 0.090563 0.119370
0 0.492307 0.570023 0.100594 0.141435
0 0.419789 0.185352 0.087307 0.149111
0 0.649797 0.359912 0.090729 0.123991
0 0.900878 0.303593 0.093786 0.136667
0 0.585841 0.573880 0.090120 0.152278
0 0.653237 0.238259 0.102193 0.131222
0 0.391240 0.050306 0.094094 0.100611
0 0.967620 0.271662 0.064458 0.148028
0 0.943961 0.072394 0.089995 0.140287
0 0.704560 0.460120 0.083484 0.145056
0 0.772888 0.488287 0.078109 0.144111
0 0.456792 0.741574 0.095281 0.166315
0 0.832622 0.340296 0.082901 0.136037
0 0.919596 0.195829 0.077359 0.125528
0 0.584461 0.129782 0.110224 0.131509
0 0.421919 0.872560 0.095724 0.154231
0 0.750833 0.356926 0.096979 0.142037
0 0.363076 0.494333 0.074755 0.126426
0 0.036141 0.922301 0.072281 0.149769
0 0.185794 0.767630 0.094120 0.147130
0 0.328964 0.684486 0.096031 0.126380
0 0.746336 0.218111 0.096984 0.156815
0 0.506419 0.440190 0.081818 0.147972
0 0.835776 0.212954 0.096927 0.140944
0 0.021867 0.797824 0.043307 0.151315
0 0.344471 0.928236 0.076516 0.141380
0 0.305901 0.586093 0.101979 0.140741
0 0.105159 0.932486 0.085005 0.130398
0 0.229128 0.841625 0.106453 0.149157
0 0.544458 0.694144 0.088500 0.150731
