0 0.331711 0.346514 0.086859 0.185120
0 0.323635 0.021278 0.083469 0.042556
0 0.149273 0.606653 0.080547 0.096065
0 0.952411 0.483898 0.090167 0.158463
0 0.843109 0.127796 0.098490 0.153907
0 0.066195 0.455301 0.101536 0.174657
0 0.862354 0.890542 0.114615 0.179213
0 0.938904 0.195815 0.105693 0.158611
0 0.856174 0.263477 0.110130 0.153657
0 0.721888 0.304731 0.094536 0.191130
0 0.373659 0.868569 0.100422 0.167120
0 0.841685 0.721782 0.102432 0.194546
0 0.426839 0.476056 0.109385 0.180204
0 0.556586 0.348106 0.089474 0.156472
0 0.786242 0.424023 0.102557 0.166509
0 0.252937 0.775106 0.098990 0.148343
0 0.973500 0.086431 0.053000 0.162269
0 0.857339 0.539111 0.120750 0.184833
0 0.114047 0.154083 0.089198 0.178500
0 0.421646 0.946032 0.092771 0.107713
0 0.893659 0.067352 0.129672 0.134704
0 0.207521 0.896310 0.100240 0.186231
0 0.246599 0.656296 0.103948 0.156352
0 0.043164 0.859019 0.082776 0.163352
0 0.040625 0.157125 0.080042 0.175806
0 0.542346 0.463000 0.110578 0.161704
0 0.335440 0.669236 0.103411 0.203972
0 0.041391 0.625181 0.079500 0.141546
0 0.043612 0.061718 0.086443 0.123435
0 0.638232 0.345389 0.111161 0.206796
0 0.532828 0.959708 0.076156 0.080583
0 0.021578 0.954611 0.041937 0.088463
0 0.621539 0.963847 0.098380 0.069269
0 0.057943 0.715329 0.094312 0.159306
0 0.367794 0.269907 0.083245 0.148796
0 0.268315 0.916167 0.095620 0.167667
0 0.448823 0.361995 0.066167 0.106194
0 0.887708 0.397833 0.129031 0.175667
0 0.530617 0.161185 0.086068 0.153944
0 0.434414 0.236546 0.097339 0.164593
0 0.155779 0.682144 0.118339 0.166880
0 0.219383 0.412639 0.104078 0.189148
0 0.644443 0.502403 0.115562 0.166324
0 0.281641 0.510884 0.105052 0.139824
0 0.338961 0.935292 0.088922 0.129417
0 0.599771 0.052523 0.079854 0.105046
0 0.758104 0.848509 0.099500 0.179741
0 0.984651 0.911005 0.030698 0.152861
0 0.969591 0.811065 0.060818 0.209315
0 0.397906 0.362926 0.062042 0.106593
0 0.646357 0.617611 0.094776 0.153741
0 0.261172 0.274491 0.105979 0.153648
0 0.568680 0.763481 0.103474 0.174315
0 0.335039 0.560616 0.086797 0.132565
0 0.508810 0.103713 0.106984 0.151074
0 0.453122 0.105931 0.123609 0.188102
0 0.612846 0.874083 0.096099 0.140778
1 0.651432 0.065787 0.076198 0.131574
1 0.280602 0.097264 0.066005 0.126009
1 0.788076 0.661296 0.099109 0.133185
0 0.486875 0.704102 0.106948 0.172241
1 0.293792 0.415486 0.115750 0.122287
0 0.749146 0.563630 0.107104 0.147593
0 0.083190 0.814019 0.084901 0.156130
1 0.523474 0.591653 0.075271 0.125287
0 0.204284 0.079162 0.153568 0.158324
0 0.533362 0.044005 0.097932 0.088009
0 0.674924 0.814949 0.119016 0.158676
