0 0.977072 0.962625 0.045518 0.074213
1 0.496891 0.445937 0.081042 0.185356
1 0.509939 0.596817 0.078878 0.145458
0 0.858891 0.265516 0.076276 0.146560
0 0.700570 0.270053 0.091021 0.156542
0 0.416885 0.659808 0.089677 0.170681
0 0.899397 0.483486 0.086576 0.168426
0 0.828427 0.844620 0.091766 0.153167
0 0.151233 0.644912 0.087383 0.154889
0 0.278104 0.061153 0.088974 0.121528
0 0.467076 0.299007 0.089760 0.159458
0 0.482177 0.104903 0.082781 0.156343
0 0.606272 0.084097 0.086607 0.154130
0 0.354618 0.127375 0.079878 0.161130
0 0.340556 0.307218 0.090909 0.159454
0 0.757645 0.128606 0.080555 0.161426
0 0.237966 0.249988 0.086188 0.156681
0 0.256783 0.378889 0.083836 0.153444
0 0.589598 0.346227 0.087018 0.156630
0 0.204470 0.520803 0.088826 0.147116
0 0.664284 0.866435 0.087312 0.178435
0 0.597776 0.626178 0.091479 0.153829
0 0.772389 0.928917 0.083919 0.142167
0 0.231728 0.759329 0.084503 0.194713
0 0.842165 0.548201 0.092919 0.150088
0 0.577622 0.889215 0.093552 0.156690
0 0.908654 0.093595 0.088172 0.162125
0 0.532948 0.762359 0.083208 0.156690
0 0.079370 0.332646 0.092740 0.159486
0 0.957949 0.207843 0.084102 0.156981
0 0.330328 0.907123 0.086391 0.159208
0 0.318100 0.668766 0.090727 0.207440
0 0.909070 0.650588 0.097557 0.151917
0 0.417971 0.462199 0.077406 0.185796
0 0.172757 0.405618 0.101143 0.143690
0 0.715181 0.448762 0.090492 0.172051
0 0.829207 0.399875 0.080565 0.177833
0 0.806538 0.666132 0.088883 0.192569
0 0.681609 0.087074 0.090755 0.170880
0 0.603449 0.767306 0.089253 0.162787
0 0.437013 0.899715 0.088646 0.189236
0 0.050279 0.536322 0.078599 0.171468
0 0.739659 0.749975 0.092370 0.184208
0 0.570768 0.512016 0.100068 0.175542
0 0.243974 0.915380 0.088323 0.153546
0 0.106815 0.775215 0.072724 0.176060
0 0.025263 0.220419 0.049854 0.150310
0 0.383693 0.831685 0.082599 0.194704
0 0.421309 0.198981 0.074555 0.216343
0 0.954954 0.401801 0.076393 0.180528
0 0.938276 0.915637 0.092302 0.154856
0 0.114030 0.078588 0.086664 0.151407
0 0.037897 0.938991 0.075794 0.122019
0 0.515665 0.026252 0.079930 0.052505
0 0.976395 0.762738 0.047211 0.156394
0 0.164743 0.781678 0.079680 0.166968
0 0.987146 0.020653 0.025708 0.041306
0 0.163855 0.910148 0.076315 0.147880
0 0.076171 0.182405 0.093023 0.184106
0 0.111171 0.503551 0.087456 0.192500
0 0.006971 0.563220 0.013943 0.148625
0 0.009470 0.439951 0.018940 0.126245
0 0.698745 0.950602 0.085599 0.098796
0 0.099092 0.937590 0.074107 0.124745
0 0.007655 0.746461 0.015310 0.133190
0 0.991279 0.390993 0.017443 0.148745
0 0.010174 0.094611 0.019344 0.175861
