0 0.165445 0.602840 0.072125 0.131532
0 0.446716 0.500150 0.083448 0.142366
0 0.738772 0.685863 0.086732 0.155347
0 0.901255 0.634919 0.087573 0.150264
0 0.129480 0.749905 0.086628 0.146181
0 0.143805 0.380410 0.082328 0.142764
0 0.990411 0.496426 0.019177 0.153954
0 0.159732 0.930252 0.085302 0.136625
0 0.116443 0.513456 0.080583 0.138412
0 0.614743 0.042593 0.086789 0.083361
0 0.164924 0.150514 0.090328 0.168444
0 0.412794 0.937789 0.086349 0.124421
0 0.631000 0.807775 0.079057 0.133634
0 0.700061 0.368727 0.087570 0.157157
0 0.916375 0.222831 0.089234 0.155625
0 0.644605 0.471428 0.081107 0.148579
0 0.054586 0.655023 0.076328 0.136417
0 0.960266 0.104016 0.077021 0.145514
0 0.285473 0.459336 0.079440 0.165403
0 0.466391 0.641938 0.076318 0.162329
0 0.859146 0.030678 0.088182 0.060403
0 0.317965 0.920012 0.082258 0.131088
0 0.321629 0.105338 0.078867 0.150722
0 0.394139 0.657725 0.083669 0.149255
0 0.088750 0.872160 0.079443 0.136347
0 0.542404 0.486315 0.080151 0.137731
0 0.744652 0.477252 0.081180 0.146819
0 0.856273 0.354650 0.087802 0.146245
0 0.665180 0.627118 0.081240 0.139310
0 0.643566 0.339317 0.081346 0.138069
0 0.209243 0.694137 0.075945 0.138199
0 0.028440 0.953148 0.056880 0.093704
0 0.689033 0.962412 0.089445 0.074481
0 0.018094 0.288951 0.036188 0.143634
0 0.053445 0.063340 0.091562 0.125931
0 0.957954 0.731532 0.082268 0.128861
0 0.987039 0.864116 0.025922 0.133815
0 0.942964 0.490877 0.077776 0.139005
0 0.710785 0.846167 0.072049 0.166620
0 0.973688 0.062199 0.052625 0.124398
0 0.385779 0.396731 0.080255 0.142778
0 0.461120 0.353815 0.091505 0.161407
0 0.492001 0.225523 0.087643 0.139000
0 0.541747 0.063565 0.088146 0.126250
0 0.987740 0.204056 0.024521 0.142093
0 0.039605 0.445685 0.079185 0.146981
0 0.407839 0.201192 0.078604 0.136458
0 0.629616 0.613282 0.075451 0.137713
0 0.558376 0.672350 0.084430 0.149662
0 0.590165 0.814176 0.079372 0.147139
0 0.946234 0.810097 0.091984 0.158176
0 0.286180 0.698225 0.086479 0.137819
0 0.240112 0.905856 0.073474 0.119389
0 0.821861 0.834928 0.089773 0.151912
0 0.613260 0.151602 0.080932 0.146880
0 0.079331 0.157028 0.089495 0.149056
0 0.448120 0.015729 0.086589 0.031458
0 0.456574 0.114616 0.074164 0.150528
0 0.906062 0.482428 0.087458 0.158264
0 0.331044 0.173479 0.078859 0.126995
0 0.987721 0.966775 0.024547 0.065616
0 0.875934 0.212451 0.075914 0.143329
0 0.486630 0.968333 0.094224 0.062093
0 0.753055 0.923134 0.089359 0.152593
0 0.366375 0.526808 0.087568 0.144884
0 0.217525 0.054727 0.084909 0.109454
0 0.702065 0.076315 0.084208 0.148741
0 0.377134 0.046178 0.087440 0.092356
0 0.820530 0.484252 0.082237 0.132097
0 0.277754 0.783477 0.090117 0.163852
0 0.480135 0.829333 0.090344 0.148944
0 0.653887 0.759782 0.082378 0.141056
0 0.571000 0.355333 0.076760 0.150343
0 0.516902 0.164343 0.090758 0.136620
0 0.029229 0.674148 0.058458 0.130667
0 0.555882 0.962058 0.079685 0.075440
0 0.647395 0.224664 0.080930 0.149921
0 0.211758 0.499979 0.083609 0.156106
0 0.371327 0.804065 0.077909 0.135306
0 0.043514 0.294606 0.079232 0.140759
0 0.026630 0.810579 0.053260 0.156880
0 0.828740 0.552044 0.084104 0.145940
0 0.806085 0.233694 0.075888 0.155898
0 0.252517 0.164583 0.088326 0.162815
0 0.820257 0.700947 0.085867 0.141282
0 0.020313 0.416637 0.040344 0.126792
1 0.309775 0.315063 0.083867 0.143792
