0 0.969292 0.327694 0.061417 0.150324
0 0.814977 0.266417 0.083031 0.155704
0 0.912224 0.197613 0.082786 0.147773
0 0.048003 0.541486 0.095729 0.156694
0 0.583316 0.349873 0.090102 0.152134
0 0.953108 0.734440 0.093784 0.180583
0 0.688794 0.108581 0.089484 0.164477
0 0.308898 0.818914 0.094307 0.158282
0 0.726637 0.462771 0.077398 0.126792
0 0.146379 0.181139 0.087456 0.155324
0 0.438190 0.976951 0.096474 0.045245
0 0.326953 0.950458 0.051833 0.098315
0 0.839727 0.416970 0.085682 0.150440
0 0.238447 0.190669 0.094008 0.136958
0 0.336535 0.626106 0.101190 0.151935
0 0.228253 0.064896 0.090000 0.129792
0 0.834574 0.034477 0.075862 0.068954
0 0.760495 0.034535 0.072901 0.069069
0 0.595428 0.957919 0.091753 0.082014
0 0.661965 0.686743 0.102685 0.139755
0 0.921953 0.452336 0.084995 0.170560
0 0.297397 0.246905 0.077924 0.132995
0 0.100281 0.313243 0.083729 0.148310
0 0.490891 0.795722 0.081823 0.166389
0 0.908729 0.888882 0.097391 0.176968
0 0.862161 0.586444 0.086474 0.164611
0 0.384456 0.279706 0.080448 0.145116
0 0.565694 0.124567 0.093581 0.155782
0 0.644319 0.551850 0.098966 0.154310
0 0.621328 0.048850 0.084812 0.097449
0 0.741482 0.230447 0.081057 0.136412
0 0.773227 0.630532 0.104177 0.200815
0 0.503581 0.242475 0.072177 0.140597
0 0.427470 0.478359 0.101148 0.153292
0 0.228281 0.639470 0.095177 0.157319
0 0.300885 0.395498 0.109234 0.172069
0 0.487889 0.614762 0.096326 0.164958
0 0.524306 0.449683 0.072284 0.127829
0 0.126951 0.519039 0.094547 0.150227
0 0.974012 0.165308 0.051836 0.143968
0 0.021798 0.051375 0.043518 0.102750
0 0.446195 0.347840 0.099714 0.129634
0 0.207236 0.392125 0.089690 0.154000
0 0.929404 0.069021 0.110365 0.136588
0 0.982779 0.474644 0.034443 0.163889
