0 0.646961 0.671009 0.095729 0.171213
0 0.347672 0.200454 0.084583 0.148102
0 0.720852 0.931042 0.095630 0.131954
0 0.369456 0.539380 0.097182 0.153741
0 0.843348 0.687819 0.089591 0.147611
0 0.942249 0.110715 0.086617 0.140644
0 0.960434 0.874873 0.078883 0.125977
0 0.536678 0.286602 0.084831 0.133426
0 0.656923 0.440236 0.087924 0.141204
0 0.409982 0.266387 0.091844 0.141245
0 0.558036 0.752294 0.079703 0.141856
0 0.820961 0.296477 0.083594 0.151028
0 0.029115 0.779162 0.058229 0.149917
0 0.423836 0.452262 0.086021 0.148060
0 0.436953 0.113502 0.082370 0.151579
0 0.972685 0.554933 0.054630 0.168171
0 0.800993 0.067671 0.084258 0.135343
0 0.301898 0.834759 0.085755 0.140250
0 0.639171 0.163539 0.088716 0.165069
0 0.514711 0.558525 0.079932 0.140644
0 0.622652 0.311743 0.095034 0.150384
0 0.125966 0.883859 0.081703 0.142227
0 0.352516 0.933806 0.081630 0.131796
0 0.112611 0.736002 0.074695 0.132347
0 0.831121 0.453632 0.089122 0.141190
0 0.544384 0.421829 0.095388 0.151343
0 0.182608 0.227056 0.087195 0.144019
0 0.637008 0.749891 0.080776 0.151699
0 0.046967 0.439576 0.084289 0.145495
0 0.250310 0.580009 0.081969 0.145796
0 0.718470 0.104287 0.091685 0.172352
0 0.234232 0.124891 0.096177 0.160301
0 0.633634 0.917144 0.084201 0.154056
0 0.095551 0.539056 0.079888 0.134704
0 0.923348 0.683616 0.083773 0.150130
0 0.203980 0.884852 0.081664 0.144759
0 0.743030 0.468803 0.090909 0.159477
0 0.083108 0.229572 0.091497 0.155958
0 0.099812 0.083238 0.089573 0.154227
0 0.327202 0.368313 0.092404 0.164838
0 0.966836 0.376944 0.066318 0.146019
0 0.900901 0.225125 0.091453 0.141380
0 0.581527 0.628891 0.088664 0.138829
0 0.446905 0.947072 0.081060 0.104042
0 0.883634 0.865935 0.083263 0.168769
0 0.283876 0.710840 0.094935 0.128551
0 0.895026 0.353600 0.085693 0.124394
0 0.183766 0.748188 0.079698 0.154662
0 0.732021 0.806014 0.087578 0.158148
0 0.005275 0.645970 0.010341 0.145579
0 0.577758 0.970301 0.080823 0.055944
0 0.287566 0.018049 0.086383 0.035486
0 0.141385 0.979970 0.092234 0.039875
0 0.473181 0.020370 0.090544 0.039694
0 0.018091 0.047868 0.035937 0.095634
0 0.859405 0.969660 0.090341 0.058329
0 0.973315 0.957433 0.053370 0.085134
0 0.975790 0.778456 0.048055 0.137181
0 0.973964 0.028880 0.052073 0.057231
0 0.246637 0.967218 0.079435 0.065306
0 0.196687 0.028694 0.080563 0.056537
0 0.017924 0.335667 0.035849 0.170056
0 0.016802 0.920176 0.033271 0.141028
0 0.437594 0.789708 0.086687 0.142824
0 0.334818 0.632495 0.089365 0.145454
0 0.810221 0.865965 0.081875 0.176718
0 0.627092 0.045181 0.089096 0.090361
0 0.823464 0.564771 0.092000 0.134236
0 0.046074 0.654319 0.078445 0.165500
0 0.528052 0.065630 0.075766 0.125611
0 0.211505 0.342838 0.088438 0.134463
0 0.495040 0.869398 0.088487 0.125213
0 0.346359 0.064537 0.077161 0.127796
0 0.173197 0.546769 0.075044 0.167278
0 0.512117 0.177437 0.085031 0.121588
