0 0.133752 0.480323 0.067082 0.080208
0 0.845539 0.166737 0.070969 0.089943
0 0.991777 0.124943 0.016445 0.125656
0 0.160590 0.984719 0.066555 0.030521
0 0.991563 0.972802 0.016875 0.054396
0 0.340244 0.010049 0.069004 0.020005
0 0.014037 0.300583 0.027316 0.105604
0 0.531350 0.008128 0.071316 0.016255
0 0.224102 0.982995 0.074383 0.033698
0 0.302010 0.010664 0.076246 0.020828
0 0.976266 0.011997 0.046609 0.023995
0 0.907904 0.017289 0.084871 0.034526
0 0.711174 0.754242 0.073871 0.094464
0 0.136221 0.343268 0.082863 0.093630
0 0.012576 0.192563 0.025152 0.101792
0 0.251471 0.377688 0.067770 0.091010
0 0.829996 0.379409 0.072094 0.105443
0 0.582041 0.166096 0.065652 0.093474
0 0.065279 0.944865 0.077355 0.090719
0 0.733498 0.966310 0.076887 0.066839
0 0.186621 0.612286 0.083875 0.081417
0 0.663031 0.743576 0.066859 0.080891
0 0.133432 0.022591 0.078965 0.045182
0 0.757471 0.021359 0.066215 0.042719
0 0.346482 0.221422 0.075543 0.099448
0 0.463184 0.349076 0.070094 0.093089
0 0.422230 0.266729 0.070609 0.101833
0 0.427154 0.661068 0.072457 0.089927
0 0.990477 0.556448 0.019047 0.094385
0 0.026119 0.985667 0.052238 0.028667
0 0.353389 0.668159 0.070418 0.083078
0 0.238486 0.253758 0.072684 0.100234
0 0.979512 0.333206 0.040437 0.098234
0 0.665740 0.326951 0.077504 0.098443
0 0.342137 0.437724 0.069891 0.093719
0 0.966160 0.682190 0.067680 0.089984
0 0.788713 0.470328 0.070504 0.101229
0 0.502064 0.266294 0.064207 0.100224
0 0.296365 0.310031 0.071645 0.096354
0 0.113312 0.386901 0.071055 0.098625
0 0.704420 0.066732 0.074738 0.085193
0 0.974334 0.581042 0.051332 0.106438
0 0.379203 0.074388 0.079906 0.081432
0 0.275369 0.157133 0.072668 0.094620
0 0.268021 0.418359 0.075309 0.087010
0 0.863229 0.958719 0.065309 0.082562
0 0.101350 0.815836 0.080277 0.106453
0 0.930473 0.472896 0.075703 0.089469
0 0.829832 0.029240 0.070922 0.057896
0 0.568326 0.214492 0.085184 0.093682
0 0.028961 0.929799 0.057523 0.098953
0 0.088713 0.077776 0.083152 0.090740
0 0.805039 0.881029 0.084672 0.099161
0 0.619223 0.964685 0.076109 0.070464
0 0.460176 0.071997 0.082352 0.095891
0 0.932170 0.374203 0.070137 0.097958
0 0.411979 0.402831 0.072684 0.093172
0 0.461328 0.865115 0.073141 0.094615
0 0.482506 0.397602 0.071402 0.112151
0 0.234551 0.675190 0.068242 0.080359
0 0.045160 0.447742 0.089641 0.147339
0 0.043701 0.707495 0.072957 0.085906
0 0.645500 0.138448 0.066469 0.089302
0 0.401879 0.957919 0.081195 0.084161
0 0.819805 0.188685 0.064797 0.086172
0 0.181543 0.415654 0.075805 0.090922
0 0.764486 0.680174 0.070996 0.079724
0 0.361490 0.871333 0.066020 0.081615
0 0.086572 0.561521 0.071238 0.091042
0 0.339877 0.755669 0.071973 0.089630
0 0.320344 0.573505 0.076859 0.110146
0 0.033736 0.616341 0.066434 0.090484
0 0.864541 0.630021 0.075551 0.094458
0 0.429152 0.773786 0.072344 0.085406
0 0.171791 0.912471 0.080863 0.098266
0 0.544244 0.708659 0.068168 0.084203
0 0.359328 0.122698 0.071891 0.085177
0 0.607297 0.795667 0.070945 0.095062
0 0.199906 0.520044 0.074117 0.109578
0 0.601924 0.656810 0.072355 0.096151
0 0.813867 0.746865 0.068414 0.090115
0 0.180451 0.309060 0.065066 0.085943
0 0.207969 0.826969 0.071117 0.096479
0 0.944781 0.107125 0.080367 0.108594
0 0.729869 0.265807 0.071191 0.098875
0 0.730199 0.538622 0.072164 0.099974
0 0.210871 0.034227 0.071570 0.068453
0 0.854176 0.273247 0.074188 0.087526
0 0.732549 0.847565 0.068527 0.085339
0 0.760678 0.357477 0.078410 0.101859
0 0.532369 0.616839 0.071402 0.096958
0 0.675645 0.614930 0.074172 0.095391
0 0.059207 0.249089 0.069312 0.090937
0 0.880482 0.794505 0.080660 0.105302
0 0.656402 0.231253 0.071445 0.087911
0 0.203848 0.121211 0.079695 0.101995
0 0.814783 0.563659 0.075941 0.098370
0 0.472162 0.523216 0.063855 0.084589
0 0.747205 0.158646 0.083488 0.103240
0 0.650834 0.036401 0.080363 0.072802
