0 0.491510 0.464208 0.109101 0.140730
1 0.339846 0.285005 0.092747 0.160154
1 0.073092 0.153182 0.117558 0.108822
1 0.143067 0.131343 0.095463 0.094136
1 0.244724 0.119473 0.083391 0.104923
1 0.177402 0.328794 0.085135 0.120540
0 0.986971 0.777431 0.025656 0.108657
0 0.813410 0.020363 0.103711 0.040725
0 0.038225 0.026157 0.076451 0.051996
0 0.079053 0.059527 0.103360 0.113313
0 0.191040 0.194167 0.108769 0.103519
0 0.287473 0.628408 0.082199 0.104491
0 0.854745 0.157762 0.095239 0.162387
0 0.929707 0.562919 0.102593 0.122433
0 0.439199 0.307397 0.083175 0.129146
0 0.412488 0.230067 0.070772 0.121862
0 0.972519 0.231695 0.054961 0.124974
0 0.102076 0.253233 0.094352 0.103935
0 0.194794 0.435172 0.088021 0.108400
0 0.294487 0.511250 0.113341 0.136276
0 0.617622 0.379239 0.095305 0.115113
0 0.916040 0.175134 0.078044 0.105000
0 0.172562 0.049234 0.099035 0.098467
0 0.551427 0.250309 0.091690 0.123971
0 0.667637 0.329025 0.098870 0.130746
0 0.505434 0.348410 0.087319 0.108169
0 0.053212 0.295903 0.076825 0.108616
0 0.110343 0.371049 0.090177 0.129568
1 0.738173 0.423853 0.098831 0.127531
1 0.369718 0.365818 0.104599 0.139383
1 0.836345 0.587472 0.099788 0.126507
1 0.337193 0.107734 0.089888 0.151456
1 0.310880 0.720291 0.097253 0.118534
1 0.732490 0.539725 0.098461 0.120705
1 0.409225 0.103212 0.075000 0.138709
1 0.472128 0.077407 0.072581 0.141934
