0 0.820891 0.362229 0.082505 0.132273
0 0.594172 0.371074 0.080438 0.130657
0 0.321271 0.077051 0.084839 0.148750
0 0.635051 0.194646 0.073112 0.127801
0 0.055927 0.279660 0.079896 0.132255
0 0.471958 0.520222 0.082911 0.135269
0 0.547038 0.218100 0.083742 0.147782
0 0.819428 0.027220 0.078232 0.051958
0 0.374902 0.821275 0.083523 0.140523
0 0.977820 0.016613 0.044125 0.033227
0 0.222358 0.979856 0.084289 0.038194
0 0.990195 0.637269 0.019609 0.135259
0 0.989729 0.901924 0.020313 0.152495
0 0.990915 0.733424 0.018169 0.143347
0 0.011703 0.185884 0.022958 0.159815
0 0.010052 0.442954 0.019938 0.149722
0 0.970257 0.971102 0.059487 0.053991
0 0.294370 0.971778 0.088672 0.052500
0 0.373734 0.024375 0.073964 0.048750
0 0.687505 0.033641 0.084964 0.067282
0 0.214214 0.036350 0.081240 0.071551
0 0.098487 0.963083 0.095995 0.072963
0 0.023746 0.319111 0.047404 0.134648
0 0.638415 0.681199 0.080940 0.146806
0 0.868398 0.869414 0.086109 0.115940
0 0.865534 0.934056 0.080620 0.131889
0 0.329453 0.526028 0.083641 0.148759
0 0.886456 0.109303 0.080854 0.125856
0 0.912030 0.155470 0.084143 0.135569
0 0.975698 0.427463 0.048604 0.137769
0 0.339661 0.441683 0.101703 0.159662
0 0.631031 0.949333 0.076932 0.100870
0 0.595193 0.182053 0.073885 0.136292
0 0.396246 0.100602 0.083352 0.136713
0 0.664901 0.636856 0.072938 0.133370
0 0.438581 0.313484 0.078688 0.133792
0 0.944595 0.415322 0.081779 0.146690
0 0.523211 0.420789 0.077661 0.127782
0 0.198563 0.129125 0.077063 0.143546
0 0.275535 0.491954 0.078414 0.142787
0 0.755079 0.493914 0.075362 0.130264
0 0.580688 0.496609 0.078641 0.153792
0 0.564536 0.917690 0.082828 0.164620
0 0.941768 0.930613 0.085193 0.137569
0 0.693819 0.113986 0.081211 0.111491
0 0.375626 0.177273 0.082826 0.142454
0 0.344694 0.934292 0.081326 0.131120
0 0.862177 0.426137 0.083109 0.145208
0 0.632939 0.496231 0.091128 0.145120
0 0.630499 0.063241 0.075451 0.126481
0 0.156238 0.677838 0.077102 0.147750
0 0.167479 0.929773 0.088792 0.132972
0 0.817112 0.726074 0.082224 0.135315
0 0.468979 0.604894 0.081677 0.146000
0 0.520210 0.080431 0.074966 0.149426
0 0.506384 0.309595 0.075576 0.121403
0 0.242978 0.697340 0.081648 0.141403
0 0.199242 0.812141 0.085396 0.149440
0 0.937318 0.280542 0.087750 0.144676
0 0.220385 0.573211 0.081359 0.127671
0 0.026428 0.073979 0.052857 0.132338
0 0.048418 0.506394 0.079508 0.149296
0 0.776665 0.770426 0.074164 0.130472
0 0.246135 0.127762 0.077984 0.148782
0 0.117613 0.443308 0.073185 0.116866
0 0.783410 0.568704 0.087711 0.146972
0 0.710122 0.786458 0.075766 0.150241
0 0.204509 0.262972 0.080159 0.128481
0 0.126775 0.193856 0.085430 0.139028
0 0.885641 0.682273 0.077458 0.123250
0 0.055570 0.809775 0.093328 0.156523
0 0.458674 0.796102 0.085802 0.131185
0 0.277970 0.839123 0.078826 0.149866
0 0.784182 0.928910 0.078781 0.136921
0 0.944622 0.791442 0.094250 0.170588
0 0.395518 0.554109 0.074927 0.136134
0 0.965219 0.543255 0.069562 0.124426
0 0.080217 0.672289 0.088857 0.149255
0 0.082999 0.080986 0.072320 0.132898
0 0.635423 0.824509 0.085086 0.152037
0 0.713689 0.919681 0.074628 0.134778
0 0.178512 0.405977 0.073966 0.140639
0 0.820793 0.119444 0.078393 0.142657
0 0.867216 0.544419 0.091104 0.160718
0 0.534251 0.754954 0.080721 0.153296
0 0.360928 0.688227 0.079805 0.138259
0 0.245151 0.368313 0.075943 0.128782
0 0.545918 0.618125 0.083622 0.132046
0 0.171939 0.538984 0.084242 0.153597
0 0.127866 0.323329 0.082805 0.143426
0 0.733747 0.669292 0.078130 0.113657
0 0.470145 0.924106 0.083185 0.144056
0 0.963956 0.157593 0.071734 0.135343
0 0.447990 0.197148 0.078188 0.128556
