1 0.346454 0.451150 0.090544 0.150264
0 0.702658 0.953324 0.081737 0.093287
0 0.252867 0.968868 0.085484 0.062264
0 0.028930 0.975400 0.057859 0.048764
0 0.475340 0.737637 0.079883 0.141023
0 0.994802 0.102720 0.010385 0.152995
0 0.482654 0.037356 0.079797 0.074713
0 0.020217 0.021678 0.040435 0.043356
0 0.012197 0.227516 0.024393 0.131912
0 0.024398 0.437637 0.048797 0.133236
0 0.332100 0.024630 0.088555 0.049056
0 0.813639 0.020903 0.086617 0.041806
0 0.958344 0.820139 0.083313 0.150620
0 0.400805 0.558289 0.089656 0.161616
0 0.618556 0.412433 0.081945 0.152366
0 0.793831 0.208808 0.084490 0.134588
0 0.274245 0.114549 0.085755 0.141505
0 0.643404 0.631245 0.079411 0.142630
0 0.235500 0.220933 0.085464 0.136940
0 0.464797 0.936273 0.077255 0.126778
0 0.544794 0.426322 0.085849 0.148912
0 0.739754 0.446553 0.085393 0.147727
0 0.163790 0.128769 0.087711 0.136454
0 0.355741 0.238461 0.082695 0.135292
0 0.079703 0.124315 0.078083 0.134917
0 0.969368 0.684965 0.061263 0.143245
0 0.696663 0.180208 0.089534 0.156944
0 0.910874 0.616192 0.090018 0.135236
0 0.285585 0.674650 0.079779 0.137125
0 0.015160 0.885627 0.030320 0.140329
0 0.156526 0.251081 0.083417 0.138597
0 0.400253 0.692711 0.086042 0.132560
0 0.072389 0.389190 0.073211 0.132852
0 0.582555 0.261525 0.099104 0.157931
0 0.518223 0.828238 0.086065 0.153875
0 0.136827 0.375384 0.082185 0.146028
0 0.492486 0.250676 0.086727 0.144102
0 0.246023 0.832711 0.088167 0.151903
0 0.346793 0.116801 0.075164 0.134130
0 0.097339 0.254583 0.080880 0.144731
0 0.209663 0.382130 0.078570 0.136120
0 0.120763 0.048623 0.081823 0.097245
0 0.713971 0.533634 0.081797 0.142324
0 0.324087 0.568597 0.084857 0.129130
0 0.599082 0.792282 0.081617 0.143444
0 0.288829 0.375785 0.091690 0.150171
0 0.353435 0.823674 0.077870 0.145162
0 0.820441 0.763606 0.083289 0.153759
0 0.914796 0.967002 0.087951 0.065995
0 0.025714 0.129120 0.051427 0.144009
0 0.576164 0.666579 0.080063 0.138833
0 0.388823 0.349157 0.084042 0.127731
0 0.387513 0.938456 0.095677 0.122181
0 0.966051 0.424238 0.067898 0.148468
0 0.788021 0.876470 0.079208 0.139958
0 0.615493 0.051958 0.080695 0.103917
0 0.289763 0.933500 0.079474 0.127296
0 0.043536 0.813336 0.076880 0.139764
0 0.117242 0.520042 0.107969 0.139500
0 0.093879 0.726748 0.086023 0.143347
0 0.417512 0.161451 0.099737 0.147495
0 0.446105 0.341426 0.079482 0.149981
0 0.643368 0.100940 0.082654 0.145556
0 0.190703 0.637225 0.080542 0.150579
0 0.036089 0.494160 0.071328 0.152005
0 0.130395 0.899444 0.084279 0.143046
0 0.202859 0.965354 0.094823 0.069292
0 0.893273 0.031729 0.085104 0.063088
0 0.202755 0.753780 0.100974 0.146986
0 0.206276 0.885306 0.081307 0.120583
0 0.126576 0.632042 0.084974 0.141352
0 0.838185 0.957023 0.085729 0.085926
0 0.888803 0.877222 0.082076 0.149370
0 0.662122 0.880546 0.075698 0.136444
0 0.736191 0.069326 0.081029 0.138088
0 0.421883 0.837000 0.078760 0.143907
0 0.970750 0.941889 0.058130 0.114861
0 0.936298 0.312968 0.091898 0.155139
0 0.508833 0.614833 0.086708 0.148324
0 0.822445 0.504919 0.088010 0.141412
0 0.795574 0.628583 0.083258 0.142343
0 0.721148 0.792359 0.089948 0.149356
0 0.903286 0.161377 0.086688 0.152949
0 0.894576 0.740204 0.085312 0.145787
0 0.849767 0.343028 0.091086 0.156500
0 0.753855 0.318243 0.082576 0.130477
0 0.661819 0.305544 0.084107 0.142477
0 0.460497 0.469130 0.085927 0.146602
0 0.011327 0.663690 0.022654 0.148778
0 0.016044 0.320208 0.032089 0.137111
0 0.563169 0.939525 0.086672 0.120949
0 0.552191 0.028708 0.084930 0.054815
0 0.443755 0.051310 0.088802 0.101537
0 0.246328 0.031854 0.083969 0.063708
