0 0.032801 0.905447 0.065388 0.135949
0 0.858715 0.826194 0.088701 0.162935
0 0.139201 0.670632 0.081464 0.146866
0 0.612552 0.216546 0.089901 0.152657
0 0.380072 0.462333 0.097268 0.155620
0 0.411354 0.710171 0.092292 0.159778
0 0.584725 0.461856 0.089727 0.146111
0 0.589913 0.982387 0.103232 0.034264
0 0.961870 0.043440 0.073766 0.085324
0 0.346052 0.625836 0.079193 0.142736
0 0.414938 0.971799 0.096583 0.055708
0 0.954150 0.974928 0.091701 0.050144
1 0.342712 0.339340 0.086982 0.148236
0 0.721862 0.967975 0.086167 0.064051
0 0.962861 0.692900 0.074279 0.137282
0 0.348085 0.963912 0.081206 0.068759
0 0.421280 0.883836 0.097190 0.144968
0 0.943865 0.557269 0.096479 0.132130
0 0.601388 0.892266 0.091859 0.151653
0 0.235525 0.059148 0.094971 0.115269
0 0.193488 0.955574 0.099862 0.088796
0 0.945078 0.901583 0.101651 0.134167
0 0.286435 0.803539 0.100958 0.140690
0 0.138285 0.072796 0.100471 0.143574
0 0.031570 0.405296 0.063141 0.154278
0 0.637818 0.715502 0.091089 0.135208
0 0.975802 0.337299 0.048396 0.158894
0 0.906879 0.322424 0.094258 0.147681
0 0.847014 0.071157 0.087930 0.141889
0 0.030009 0.640183 0.060018 0.148912
0 0.422022 0.192280 0.085185 0.155125
0 0.032757 0.211306 0.065076 0.132463
0 0.195132 0.560674 0.079638 0.136671
0 0.542277 0.360044 0.086503 0.151264
0 0.936805 0.444456 0.100167 0.137708
0 0.441624 0.381752 0.097883 0.162829
0 0.892691 0.183486 0.090201 0.150389
0 0.866897 0.540514 0.073617 0.158880
0 0.141374 0.433685 0.084763 0.144148
0 0.087372 0.789866 0.094687 0.161389
0 0.517669 0.886637 0.084964 0.148347
0 0.842461 0.949898 0.091901 0.099852
0 0.796611 0.573215 0.078487 0.139819
0 0.042533 0.078697 0.085065 0.152773
0 0.755134 0.862824 0.086534 0.145324
0 0.271967 0.910319 0.090237 0.138639
0 0.547753 0.762262 0.087641 0.154282
0 0.368357 0.840243 0.078135 0.142014
0 0.640891 0.346655 0.094302 0.138505
0 0.081078 0.309505 0.086396 0.139250
0 0.101779 0.178447 0.080635 0.135903
0 0.923637 0.757697 0.086216 0.156912
0 0.732121 0.721324 0.095289 0.145815
0 0.587780 0.083373 0.092966 0.139134
0 0.532962 0.605352 0.099143 0.152981
0 0.219870 0.707931 0.083849 0.155463
0 0.621730 0.580845 0.085763 0.134356
0 0.365617 0.076331 0.091068 0.151236
0 0.167275 0.848442 0.092279 0.142255
0 0.490655 0.284361 0.082466 0.142102
0 0.163155 0.269222 0.087648 0.146574
0 0.671033 0.452731 0.082430 0.137593
0 0.721909 0.554491 0.082474 0.146370
