0 0.145413 0.304856 0.086674 0.164028
0 0.307840 0.095984 0.077919 0.138958
0 0.976930 0.547972 0.046031 0.141861
0 0.114865 0.164669 0.077479 0.137051
0 0.563609 0.065873 0.089677 0.131745
0 0.332357 0.879155 0.075193 0.149384
0 0.856013 0.101558 0.088078 0.148662
0 0.653803 0.980662 0.090294 0.035602
0 0.202775 0.652660 0.083633 0.148949
0 0.691314 0.428516 0.086008 0.152810
0 0.773475 0.383370 0.089607 0.149037
0 0.970397 0.927134 0.059206 0.133009
0 0.925533 0.650479 0.077784 0.131468
0 0.660174 0.870505 0.081057 0.133241
0 0.043504 0.239042 0.085898 0.165444
0 0.518418 0.954625 0.078268 0.088889
0 0.410181 0.939319 0.081039 0.121241
0 0.784289 0.035507 0.078250 0.070199
0 0.840503 0.886984 0.078823 0.139412
0 0.245820 0.049088 0.071703 0.098000
0 0.018169 0.608546 0.036193 0.158741
0 0.138815 0.745463 0.075849 0.134593
0 0.527806 0.314308 0.077924 0.137208
0 0.456654 0.370113 0.083161 0.149458
0 0.141296 0.937676 0.085549 0.124648
0 0.220423 0.234442 0.080878 0.142773
0 0.980275 0.212109 0.039305 0.138940
0 0.497544 0.023514 0.082599 0.047028
0 0.188893 0.465174 0.083656 0.140727
0 0.677221 0.639380 0.085958 0.148426
0 0.476245 0.665597 0.075302 0.128917
0 0.053342 0.413375 0.085049 0.144991
0 0.721237 0.256926 0.087359 0.154139
0 0.672189 0.161067 0.088617 0.149653
0 0.736500 0.729882 0.069786 0.130421
0 0.284313 0.412160 0.077901 0.134106
0 0.389535 0.453340 0.084945 0.149542
0 0.235404 0.976868 0.092073 0.045662
0 0.072931 0.588090 0.081570 0.170764
0 0.399089 0.688338 0.084297 0.141093
0 0.986982 0.375951 0.025604 0.140032
0 0.766551 0.528729 0.092612 0.151292
0 0.919928 0.967410 0.087523 0.065181
0 0.707816 0.051722 0.079773 0.102278
0 0.024451 0.026926 0.048714 0.053852
0 0.333746 0.574505 0.080841 0.138981
0 0.169641 0.066928 0.089443 0.133032
0 0.552049 0.194701 0.078786 0.126505
0 0.037469 0.877347 0.074698 0.150315
0 0.623280 0.751454 0.075742 0.152398
0 0.008608 0.360278 0.017201 0.142963
0 0.321216 0.283887 0.081208 0.149144
0 0.976260 0.806419 0.047115 0.128995
0 0.437859 0.072752 0.076865 0.138644
0 0.936163 0.362491 0.083107 0.149083
0 0.431815 0.247495 0.089151 0.157046
0 0.560189 0.676940 0.078367 0.142204
0 0.465335 0.528773 0.081560 0.144370
0 0.811566 0.686847 0.084232 0.144685
0 0.918992 0.786012 0.084979 0.142144
0 0.239319 0.880428 0.084773 0.143310
0 0.534546 0.842829 0.083034 0.140231
0 0.331598 0.016505 0.078961 0.031500
0 0.037974 0.097810 0.075615 0.130981
0 0.369703 0.156595 0.079068 0.144162
0 0.727564 0.940248 0.093154 0.118755
0 0.523115 0.457053 0.078615 0.156005
0 0.967504 0.066794 0.064992 0.133588
0 0.850885 0.343690 0.089807 0.158981
0 0.808589 0.216118 0.078448 0.129255
0 0.011405 0.970273 0.022378 0.058583
0 0.873720 0.551692 0.086180 0.152356
0 0.288003 0.769259 0.093984 0.147130
