0 0.016661 0.781120 0.033323 0.147519
0 0.807130 0.379810 0.082104 0.143620
0 0.760458 0.800806 0.076781 0.136148
0 0.735516 0.691065 0.080917 0.130370
0 0.633654 0.524917 0.077818 0.130852
0 0.274596 0.949009 0.078203 0.101981
0 0.595833 0.804162 0.065885 0.107380
0 0.779938 0.924042 0.092656 0.146713
0 0.360906 0.754509 0.079104 0.153241
0 0.485242 0.671144 0.079547 0.132528
0 0.195896 0.885713 0.071188 0.124944
0 0.910404 0.878616 0.082589 0.135139
0 0.957503 0.336884 0.077276 0.147176
0 0.702307 0.128861 0.086167 0.135407
0 0.066086 0.821088 0.074880 0.132361
0 0.432995 0.767060 0.080854 0.141935
0 0.802857 0.105065 0.072484 0.145593
0 0.838482 0.693940 0.081901 0.130472
0 0.553599 0.907255 0.071448 0.117769
0 0.053440 0.692060 0.095328 0.137806
0 0.194141 0.701611 0.074656 0.130963
0 0.709586 0.510574 0.079797 0.137148
0 0.966034 0.798278 0.067859 0.133056
0 0.139156 0.372981 0.077333 0.122667
0 0.287544 0.432972 0.074516 0.126852
0 0.910581 0.116579 0.072818 0.126028
0 0.356378 0.887657 0.092276 0.169463
0 0.075828 0.304736 0.087802 0.168972
0 0.315216 0.651727 0.069859 0.125750
0 0.073378 0.924139 0.081172 0.146407
0 0.667779 0.796949 0.073557 0.117083
0 0.491232 0.948523 0.085943 0.102954
0 0.956794 0.204833 0.086411 0.164907
0 0.139216 0.924569 0.067880 0.101491
0 0.981612 0.446852 0.036234 0.158574
0 0.590260 0.055565 0.102729 0.109019
0 0.341255 0.497417 0.073375 0.110926
0 0.549260 0.643565 0.101917 0.148667
0 0.191664 0.450231 0.076078 0.169222
0 0.742443 0.546421 0.072125 0.114694
0 0.916714 0.034056 0.076656 0.068111
0 0.280914 0.565458 0.082422 0.159843
0 0.548945 0.425407 0.081620 0.147185
0 0.439042 0.246116 0.080792 0.141935
0 0.392724 0.276676 0.077792 0.146074
0 0.218779 0.315546 0.079536 0.131056
0 0.242815 0.045009 0.087932 0.089593
0 0.245708 0.806514 0.072125 0.132417
0 0.913654 0.463296 0.102943 0.144667
0 0.883786 0.966255 0.094167 0.067491
0 0.472633 0.437764 0.083474 0.150102
0 0.354159 0.402556 0.077422 0.138759
0 0.445560 0.070866 0.091245 0.137565
0 0.141544 0.558458 0.084526 0.135009
0 0.083419 0.546958 0.088839 0.136620
0 0.160279 0.049056 0.094359 0.096278
0 0.023839 0.084718 0.047677 0.125731
0 0.847943 0.500412 0.088990 0.131194
0 0.786792 0.020208 0.085271 0.040417
0 0.771174 0.583403 0.072891 0.137731
0 0.495628 0.840023 0.088370 0.136898
0 0.280349 0.835431 0.077073 0.135380
0 0.410029 0.525833 0.094161 0.132852
0 0.984951 0.079403 0.029057 0.148306
0 0.020703 0.525324 0.040281 0.168889
0 0.763612 0.280588 0.079099 0.138843
0 0.176305 0.145509 0.079964 0.128704
0 0.194820 0.223708 0.083766 0.131954
0 0.044740 0.036704 0.077823 0.069759
0 0.920430 0.725440 0.087099 0.147676
0 0.435979 0.656347 0.075708 0.128380
0 0.700219 0.785481 0.067771 0.126407
0 0.826786 0.562782 0.081125 0.131824
0 0.233216 0.733324 0.079755 0.116019
0 0.660763 0.015875 0.087266 0.027694
0 0.769690 0.227208 0.082370 0.138083
0 0.942888 0.752884 0.077432 0.124917
0 0.132674 0.981458 0.080589 0.036713
0 0.395049 0.017005 0.084016 0.027620
0 0.011966 0.343903 0.023932 0.237454
1 0.261167 0.203032 0.083583 0.158861
