0 0.612835 0.838116 0.103487 0.112889
0 0.181079 0.980289 0.098477 0.037986
0 0.994376 0.488146 0.011247 0.175884
0 0.981198 0.631060 0.037161 0.167046
0 0.007479 0.919532 0.014729 0.160935
0 0.029616 0.786185 0.056924 0.162833
0 0.983624 0.308280 0.032404 0.179940
0 0.500211 0.019891 0.056828 0.038329
0 0.659493 0.291894 0.079331 0.204833
0 0.586971 0.253572 0.060073 0.207560
0 0.255289 0.033833 0.086802 0.067019
1 0.630983 0.266824 0.072409 0.126657
0 0.051552 0.813306 0.085214 0.175269
0 0.342967 0.711252 0.116180 0.137162
0 0.037952 0.027366 0.075904 0.054259
0 0.104970 0.804650 0.082133 0.192903
0 0.964678 0.564347 0.070643 0.186231
0 0.741954 0.096796 0.080451 0.170019
0 0.974281 0.029708 0.051391 0.058120
0 0.174301 0.027273 0.081893 0.053574
0 0.552734 0.032701 0.081031 0.065403
0 0.803987 0.088155 0.086781 0.176310
0 0.934852 0.885521 0.074422 0.203060
0 0.690951 0.971025 0.076875 0.056736
0 0.491914 0.676667 0.087818 0.144204
0 0.460451 0.303301 0.080146 0.148509
0 0.589267 0.929975 0.095633 0.139134
0 0.575368 0.560157 0.092914 0.148870
0 0.125358 0.704456 0.093174 0.175477
0 0.239160 0.128160 0.092253 0.158375
0 0.131047 0.180553 0.087760 0.166829
0 0.909906 0.666597 0.085349 0.181963
0 0.786598 0.529931 0.084393 0.154843
0 0.517583 0.390611 0.098490 0.150843
0 0.290049 0.378470 0.085693 0.142847
0 0.487833 0.841352 0.066734 0.124546
0 0.765996 0.949299 0.082039 0.100921
0 0.779624 0.663729 0.089487 0.136088
0 0.043747 0.940655 0.083385 0.117699
0 0.215250 0.349810 0.079917 0.156861
0 0.842254 0.909363 0.100487 0.152940
0 0.645367 0.133454 0.083583 0.161019
0 0.960207 0.347762 0.075789 0.173301
0 0.461466 0.196537 0.092615 0.147583
0 0.647225 0.516856 0.087539 0.153935
0 0.581831 0.433243 0.100589 0.147921
0 0.114741 0.944806 0.081154 0.110009
0 0.363100 0.930708 0.095331 0.137796
0 0.561859 0.702410 0.096516 0.164523
0 0.308027 0.513801 0.098581 0.121296
0 0.309039 0.061889 0.090271 0.123778
0 0.685428 0.821771 0.066560 0.164264
0 0.759896 0.852565 0.094724 0.147861
0 0.922632 0.053799 0.075867 0.106005
0 0.158987 0.522431 0.113849 0.173426
0 0.827534 0.229178 0.104802 0.139690
0 0.084487 0.513745 0.092521 0.163148
0 0.148435 0.407942 0.083922 0.142958
0 0.504913 0.540025 0.089372 0.152005
0 0.379052 0.223968 0.071833 0.130898
0 0.279944 0.910014 0.086451 0.150046
0 0.397935 0.604215 0.082151 0.142199
0 0.038992 0.373088 0.077615 0.148509
0 0.192469 0.888613 0.088443 0.149245
0 0.090053 0.070863 0.093508 0.141097
0 0.321690 0.275646 0.075615 0.125736
0 0.921491 0.176326 0.082977 0.147218
0 0.352939 0.813933 0.096138 0.148384
0 0.385616 0.034389 0.067633 0.067435
0 0.838039 0.337678 0.088854 0.140681
0 0.688678 0.416602 0.082591 0.123611
0 0.887095 0.462275 0.085331 0.138718
0 0.807068 0.783611 0.074255 0.128241
0 0.044229 0.655368 0.088391 0.160560
0 0.231663 0.563919 0.079112 0.152514
0 0.084065 0.303840 0.093932 0.138671
0 0.301219 0.629060 0.100568 0.152556
0 0.036487 0.187840 0.072974 0.166532
0 0.884702 0.816405 0.082482 0.142486
0 0.178928 0.245917 0.086669 0.142611
0 0.658852 0.645183 0.094682 0.150329
0 0.457030 0.940782 0.087430 0.117778
0 0.449322 0.042919 0.071503 0.084514
0 0.577445 0.083132 0.071286 0.151727
0 0.849751 0.692519 0.067393 0.178306
0 0.859811 0.106141 0.084648 0.203338
0 0.620781 0.740669 0.107604 0.135829
0 0.280108 0.769722 0.078701 0.150981
0 0.317470 0.145866 0.090732 0.145417
0 0.177849 0.636190 0.109167 0.146046
0 0.972884 0.174567 0.053815 0.171644
0 0.201307 0.760313 0.099156 0.165569
0 0.528578 0.941412 0.061859 0.114824
0 0.342134 0.392968 0.090685 0.176370
0 0.681690 0.047333 0.069594 0.093565
0 0.539714 0.249113 0.089307 0.162236
0 0.513574 0.116049 0.080831 0.155764
0 0.725391 0.499954 0.085354 0.202593
0 0.431007 0.855616 0.080216 0.182889
0 0.727380 0.282854 0.081687 0.165597
