0 0.338479 0.812690 0.063177 0.120435
0 0.434734 0.722625 0.074437 0.126176
0 0.279393 0.874676 0.069005 0.115833
0 0.085964 0.353991 0.076833 0.133833
0 0.510961 0.308963 0.075911 0.128074
0 0.514633 0.435954 0.080078 0.138926
0 0.957313 0.314898 0.074896 0.133741
0 0.572135 0.130514 0.077437 0.125435
0 0.174888 0.335556 0.077745 0.138389
0 0.350602 0.535282 0.073557 0.171009
0 0.029813 0.222880 0.059625 0.138537
1 0.609586 0.595144 0.089932 0.173843
0 0.593221 0.255389 0.082526 0.146704
0 0.076784 0.933213 0.083151 0.132796
0 0.585753 0.478028 0.081818 0.144370
0 0.302904 0.290069 0.091495 0.150769
0 0.420060 0.163843 0.075505 0.125148
0 0.352492 0.116824 0.082547 0.133611
0 0.387630 0.288625 0.076250 0.128380
0 0.553740 0.596995 0.079490 0.137972
0 0.355094 0.946060 0.075563 0.106861
0 0.976174 0.738250 0.047630 0.141833
0 0.948276 0.186329 0.086010 0.146398
0 0.873536 0.631583 0.075771 0.131333
0 0.280344 0.667801 0.074823 0.124324
0 0.664229 0.089792 0.072010 0.134954
0 0.038492 0.603412 0.076984 0.140380
0 0.489883 0.146088 0.074161 0.128213
0 0.147370 0.104125 0.072354 0.138491
0 0.773638 0.685292 0.066047 0.125269
0 0.034036 0.437019 0.064385 0.110315
0 0.052073 0.050537 0.080573 0.101074
0 0.803198 0.277861 0.074552 0.138333
0 0.708367 0.407250 0.092641 0.122037
0 0.318904 0.772949 0.084651 0.138528
0 0.729346 0.059949 0.084057 0.117139
0 0.326346 0.222523 0.080453 0.123306
0 0.499698 0.043704 0.075500 0.087407
0 0.774742 0.318722 0.070161 0.120481
0 0.719904 0.488389 0.071818 0.135926
0 0.367305 0.027773 0.079755 0.055065
0 0.116318 0.054699 0.076094 0.109398
0 0.221544 0.962102 0.073349 0.070815
0 0.184284 0.518148 0.074276 0.142167
0 0.050180 0.541347 0.080349 0.117806
0 0.573490 0.037074 0.092115 0.073741
0 0.191880 0.459097 0.081281 0.122824
0 0.270232 0.025296 0.083349 0.050593
0 0.984385 0.619477 0.028323 0.120898
0 0.183370 0.968597 0.078875 0.062806
0 0.020086 0.865870 0.040172 0.143167
0 0.667948 0.242884 0.075906 0.179324
0 0.759979 0.974296 0.084125 0.051407
0 0.790940 0.033648 0.070880 0.067130
0 0.033276 0.910412 0.064563 0.138435
0 0.305068 0.633611 0.068938 0.111630
0 0.010880 0.105255 0.021760 0.139287
0 0.014773 0.344361 0.029370 0.127833
0 0.882352 0.909259 0.081703 0.144981
0 0.932099 0.982333 0.068813 0.028370
0 0.970927 0.013079 0.057990 0.025157
0 0.580060 0.717958 0.088297 0.147676
0 0.397883 0.861111 0.080255 0.128500
0 0.803005 0.580875 0.080635 0.131120
0 0.096620 0.198347 0.083604 0.146639
0 0.854526 0.472301 0.075604 0.129991
0 0.119391 0.550023 0.073885 0.117250
0 0.525487 0.823500 0.079745 0.135389
0 0.882690 0.767023 0.086505 0.143583
0 0.040841 0.747241 0.078557 0.143519
0 0.501901 0.693995 0.068167 0.122472
0 0.207820 0.863440 0.077422 0.126250
0 0.206331 0.737370 0.081703 0.132815
0 0.891331 0.359315 0.078807 0.135963
0 0.191479 0.207380 0.077333 0.135704
0 0.413635 0.602829 0.077208 0.131157
0 0.475909 0.509380 0.086276 0.150037
0 0.969492 0.929444 0.060047 0.136444
0 0.715977 0.622912 0.073443 0.132898
0 0.921870 0.490815 0.066417 0.147278
0 0.259698 0.158755 0.075521 0.126231
0 0.975849 0.469903 0.047875 0.140398
0 0.394443 0.413296 0.082271 0.133778
0 0.304635 0.517389 0.084542 0.138519
0 0.775823 0.152611 0.082062 0.143130
0 0.537581 0.955690 0.077870 0.087898
