0 0.968898 0.985891 0.062203 0.026014
0 0.010633 0.982762 0.020932 0.031375
0 0.165844 0.544604 0.074208 0.146903
0 0.766931 0.980780 0.067570 0.037384
0 0.815901 0.028331 0.080953 0.055366
0 0.111354 0.021181 0.074469 0.040713
0 0.267264 0.027706 0.075815 0.054514
0 0.719793 0.086058 0.084497 0.107144
0 0.637068 0.042315 0.080656 0.083454
0 0.962382 0.144123 0.071544 0.137829
0 0.329579 0.551764 0.077503 0.138463
0 0.052216 0.442002 0.078042 0.123940
0 0.555150 0.103259 0.087997 0.137759
0 0.034828 0.047889 0.068599 0.094667
0 0.970607 0.333472 0.058786 0.145500
0 0.034324 0.920236 0.068576 0.139528
0 0.943523 0.829528 0.076073 0.126056
0 0.196475 0.119975 0.082878 0.133162
0 0.108375 0.585863 0.072448 0.140773
0 0.851697 0.755685 0.077799 0.159028
0 0.182047 0.255340 0.070797 0.126866
0 0.540358 0.828940 0.077451 0.158167
0 0.686392 0.947354 0.076591 0.105292
0 0.079161 0.139377 0.075469 0.136208
0 0.663818 0.620725 0.078406 0.169644
0 0.751634 0.885095 0.078862 0.143153
0 0.238749 0.637711 0.078852 0.132532
0 0.538444 0.457685 0.080753 0.148389
0 0.430103 0.062900 0.085128 0.125801
0 0.706686 0.210558 0.082924 0.141940
0 0.386730 0.329873 0.080315 0.127042
0 0.175451 0.397412 0.088229 0.147574
0 0.274661 0.126125 0.071854 0.127630
0 0.366470 0.195968 0.075872 0.142741
0 0.883355 0.265032 0.078971 0.142667
0 0.809197 0.327197 0.084732 0.133449
0 0.607876 0.153289 0.078122 0.133153
0 0.691880 0.351218 0.082609 0.139593
0 0.341352 0.064132 0.087849 0.127032
0 0.787634 0.476280 0.078888 0.131856
0 0.528255 0.618187 0.078406 0.142838
0 0.697570 0.485343 0.075755 0.123241
0 0.226820 0.797817 0.073531 0.145319
0 0.894932 0.070706 0.090187 0.141412
0 0.841189 0.594282 0.079940 0.131250
0 0.416660 0.914949 0.090997 0.152009
0 0.745486 0.599419 0.080888 0.127532
0 0.370823 0.590433 0.067245 0.127431
0 0.313661 0.390201 0.071094 0.139329
