0 0.802935 0.578769 0.076094 0.116204
0 0.715762 0.721097 0.073872 0.152176
0 0.880829 0.834025 0.075477 0.134356
0 0.651729 0.572347 0.053740 0.105815
0 0.538016 0.647097 0.071516 0.146398
0 0.736391 0.905213 0.064984 0.122111
0 0.496565 0.841063 0.064865 0.113616
0 0.586105 0.744530 0.064893 0.128579
0 0.757611 0.127262 0.061784 0.122931
0 0.320344 0.947993 0.059646 0.101514
0 0.553648 0.885083 0.072010 0.131028
0 0.865676 0.104822 0.070227 0.139569
0 0.190660 0.717155 0.072690 0.119810
0 0.773604 0.683106 0.057667 0.119694
0 0.937513 0.770954 0.076245 0.113537
0 0.399027 0.706590 0.067206 0.133551
0 0.248249 0.630336 0.078555 0.126116
0 0.838219 0.693525 0.070365 0.124069
0 0.171952 0.607067 0.062664 0.127949
0 0.031625 0.513692 0.062531 0.143579
0 0.028786 0.592852 0.057573 0.128981
0 0.236057 0.075745 0.051828 0.087213
0 0.062368 0.873731 0.068909 0.119056
0 0.859823 0.522979 0.060906 0.143162
0 0.649436 0.750894 0.069664 0.151426
0 0.107423 0.709039 0.079846 0.114458
0 0.602836 0.627382 0.064260 0.114968
0 0.325956 0.153685 0.072359 0.102204
0 0.315083 0.574991 0.060792 0.130287
0 0.947082 0.882884 0.059221 0.106657
0 0.028801 0.924877 0.057461 0.115745
0 0.200661 0.499229 0.067687 0.108764
0 0.902743 0.168123 0.052357 0.167403
0 0.790064 0.969697 0.064305 0.059986
0 0.662855 0.430961 0.073461 0.120625
0 0.165462 0.113373 0.079206 0.124245
0 0.288842 0.803370 0.069294 0.137139
0 0.078174 0.464979 0.060536 0.110329
0 0.677978 0.267988 0.073284 0.113625
0 0.453757 0.160938 0.085133 0.095653
0 0.760719 0.036116 0.057219 0.071731
0 0.982237 0.730979 0.035464 0.111375
0 0.470488 0.514565 0.078852 0.140991
0 0.698391 0.033204 0.062266 0.066407
0 0.461362 0.247461 0.075729 0.123597
0 0.020345 0.326926 0.040456 0.114491
0 0.208298 0.971023 0.057805 0.055194
0 0.953380 0.147065 0.068828 0.105046
0 0.902682 0.494500 0.060484 0.129824
0 0.991174 0.825803 0.017651 0.114875
0 0.574629 0.475296 0.062331 0.143787
0 0.561641 0.980324 0.072964 0.039046
0 0.293421 0.024688 0.079977 0.049375
0 0.223478 0.010532 0.056690 0.021065
0 0.733186 0.983289 0.069518 0.031736
0 0.676904 0.354648 0.089526 0.085343
0 0.810611 0.378789 0.077518 0.095579
0 0.154775 0.968507 0.056487 0.061292
0 0.903229 0.293924 0.078958 0.129745
0 0.692448 0.091296 0.072068 0.102287
0 0.982142 0.944007 0.035435 0.109995
0 0.897245 0.413141 0.073755 0.114810
0 0.899023 0.696333 0.077078 0.093870
0 0.315889 0.065701 0.078539 0.107319
0 0.122974 0.892778 0.064214 0.106611
0 0.614270 0.462856 0.055737 0.145157
0 0.690234 0.167340 0.076359 0.111755
0 0.372745 0.465014 0.066786 0.115130
0 0.269857 0.736986 0.070823 0.094917
0 0.808934 0.087076 0.069258 0.128681
0 0.850530 0.302894 0.070378 0.143389
0 0.387561 0.549384 0.081081 0.118556
0 0.596199 0.339519 0.071956 0.106111
0 0.029583 0.026826 0.059167 0.052208
0 0.087701 0.958664 0.063516 0.082569
0 0.787379 0.876995 0.059753 0.119546
0 0.722775 0.575449 0.077815 0.123120
0 0.088913 0.797880 0.061477 0.101028
0 0.422951 0.408046 0.068000 0.104917
0 0.847109 0.956532 0.063667 0.085130
0 0.821225 0.465345 0.084357 0.120699
0 0.804741 0.244576 0.064997 0.140579
0 0.111056 0.435421 0.069388 0.140880
0 0.962678 0.374373 0.068180 0.125736
0 0.151001 0.042778 0.074440 0.083444
0 0.958776 0.269741 0.055443 0.125500
0 0.336372 0.394241 0.066359 0.097435
0 0.017016 0.673519 0.034031 0.113241
0 0.895012 0.980843 0.067378 0.035565
0 0.391328 0.965285 0.068448 0.068005
0 0.149637 0.814037 0.073638 0.108620
0 0.273604 0.185782 0.060667 0.149509
0 0.309355 0.441782 0.066414 0.121111
0 0.505854 0.467549 0.080219 0.135403
0 0.108085 0.557813 0.083299 0.116625
0 0.248005 0.407271 0.081370 0.152921
0 0.360952 0.763731 0.073883 0.122574
0 0.212565 0.143560 0.072109 0.121250
0 0.537715 0.395356 0.089081 0.094898
0 0.638923 0.049632 0.073367 0.099264
0 0.268268 0.578907 0.063443 0.113972
0 0.815285 0.030667 0.071799 0.061333
0 0.622587 0.977250 0.064805 0.045500
0 0.012573 0.968576 0.024937 0.056921
0 0.359749 0.042396 0.073669 0.084792
0 0.031014 0.753125 0.062029 0.112176
0 0.230604 0.315611 0.076177 0.131185
0 0.457413 0.967236 0.066148 0.064139
0 0.540254 0.315750 0.082346 0.108481
0 0.896228 0.044144 0.088492 0.087722
0 0.455961 0.574850 0.080667 0.140921
0 0.591039 0.194810 0.067833 0.107444
0 0.005471 0.379134 0.010911 0.124796
0 0.990180 0.667539 0.019641 0.114847
