0 0.664423 0.399086 0.093206 0.164532
0 0.632655 0.268794 0.086883 0.175644
0 0.734563 0.158111 0.071833 0.167130
0 0.740456 0.698507 0.071594 0.148449
0 0.949017 0.087280 0.083289 0.153514
0 0.540241 0.959442 0.080971 0.079644
0 0.610613 0.682516 0.094195 0.160366
0 0.815660 0.252403 0.098055 0.161037
0 0.841691 0.594988 0.094122 0.166060
0 0.070424 0.169271 0.072839 0.172856
0 0.163698 0.817738 0.080146 0.142884
0 0.352165 0.703236 0.098487 0.131583
0 0.254471 0.243234 0.097167 0.135949
0 0.062777 0.044648 0.080664 0.088917
0 0.931882 0.466171 0.093336 0.148833
0 0.984246 0.153479 0.031508 0.162718
0 0.235249 0.031194 0.081544 0.062389
0 0.190836 0.276303 0.075422 0.183282
0 0.014913 0.235211 0.029826 0.160829
0 0.306036 0.029576 0.055974 0.058875
0 0.005943 0.464162 0.011885 0.174370
0 0.671741 0.024556 0.112169 0.049111
0 0.365456 0.338831 0.070948 0.144069
0 0.154794 0.398326 0.081089 0.159060
0 0.412704 0.603264 0.089846 0.171454
0 0.100255 0.310475 0.088734 0.168097
0 0.400802 0.202968 0.077917 0.140491
0 0.833944 0.431769 0.078029 0.155519
0 0.524013 0.841250 0.076552 0.167620
0 0.039090 0.568475 0.077612 0.142810
0 0.082447 0.462810 0.091461 0.163306
0 0.238809 0.370090 0.085310 0.150819
0 0.671734 0.721812 0.073484 0.131921
0 0.697835 0.298329 0.082654 0.149407
0 0.479266 0.678808 0.071156 0.124301
0 0.598374 0.857644 0.087055 0.151343
0 0.343434 0.123593 0.086122 0.149713
0 0.149652 0.064407 0.089299 0.127426
0 0.892664 0.167167 0.071828 0.139981
0 0.455638 0.953035 0.086115 0.093931
0 0.665624 0.124109 0.085419 0.147245
0 0.443242 0.765687 0.095958 0.160681
0 0.336064 0.565389 0.077638 0.197935
0 0.557749 0.327185 0.075826 0.128509
0 0.802371 0.111736 0.076883 0.159657
0 0.302383 0.415838 0.093818 0.147241
0 0.954299 0.266764 0.085781 0.125509
0 0.971768 0.394780 0.056464 0.142755
1 0.421785 0.410500 0.081388 0.167759
1 0.711637 0.518972 0.087232 0.163593
1 0.470404 0.283546 0.084281 0.156454
1 0.363387 0.827850 0.092174 0.160329
1 0.764764 0.378914 0.085513 0.181032
1 0.564174 0.178843 0.084896 0.147602
1 0.214048 0.162808 0.080112 0.130958
