0 0.742392 0.314671 0.087461 0.148889
0 0.757247 0.673426 0.103432 0.159231
0 0.527559 0.056407 0.087268 0.112815
0 0.891539 0.292461 0.097698 0.149505
0 0.662967 0.199315 0.093346 0.159778
0 0.916241 0.902919 0.094289 0.150634
0 0.972871 0.861150 0.054138 0.164505
0 0.610887 0.095653 0.098909 0.146713
0 0.981667 0.659197 0.036589 0.173884
0 0.815124 0.274743 0.092669 0.154625
0 0.533371 0.681637 0.095867 0.156671
0 0.842280 0.890477 0.096888 0.159139
0 0.840344 0.647516 0.100427 0.154940
0 0.958238 0.241192 0.083523 0.156931
0 0.949724 0.602021 0.089151 0.134097
0 0.927255 0.562076 0.095568 0.182597
0 0.913214 0.694032 0.118839 0.121259
0 0.925651 0.791750 0.095568 0.131241
0 0.621171 0.733264 0.104315 0.174037
0 0.701372 0.743176 0.093161 0.179889
0 0.698163 0.863007 0.123654 0.108560
0 0.593888 0.811007 0.093083 0.158347
0 0.533667 0.455016 0.081927 0.214125
0 0.679346 0.335187 0.082651 0.168477
0 0.653669 0.639109 0.093885 0.119829
0 0.709036 0.577056 0.084255 0.132667
0 0.794454 0.405088 0.089951 0.171324
0 0.859049 0.410794 0.084333 0.185588
0 0.933674 0.418641 0.081125 0.155634
0 0.842199 0.766000 0.108409 0.117120
0 0.876342 0.532049 0.094685 0.154208
0 0.455832 0.068424 0.073904 0.111412
0 0.380803 0.064859 0.097174 0.104282
0 0.537678 0.198956 0.065878 0.152782
0 0.479503 0.484975 0.081125 0.148505
0 0.293341 0.409368 0.081125 0.134236
0 0.296148 0.090537 0.101188 0.144222
0 0.357133 0.183262 0.088349 0.169903
0 0.080297 0.238183 0.080323 0.131384
0 0.134460 0.290965 0.074706 0.139940
0 0.158934 0.119067 0.096372 0.138514
0 0.226738 0.137620 0.089148 0.118556
0 0.351115 0.454373 0.093964 0.164051
0 0.398056 0.495745 0.107607 0.146935
0 0.455430 0.607014 0.081125 0.161194
