0 0.044096 0.744557 0.088027 0.142917
0 0.539529 0.844307 0.102105 0.139115
0 0.502613 0.042349 0.102711 0.084490
0 0.033518 0.392404 0.066629 0.134672
0 0.391111 0.977107 0.102215 0.045505
0 0.653840 0.636375 0.096422 0.130135
0 0.785387 0.638286 0.110758 0.146698
0 0.257641 0.899096 0.108305 0.132318
0 0.006580 0.518706 0.013160 0.124484
0 0.022674 0.956143 0.045348 0.086974
0 0.193109 0.251344 0.112594 0.127615
0 0.746998 0.978232 0.115168 0.043536
0 0.553426 0.050237 0.099336 0.099026
0 0.599047 0.580221 0.101711 0.148328
0 0.203463 0.344594 0.095215 0.143937
0 0.386225 0.396898 0.109254 0.132495
0 0.055379 0.035255 0.106148 0.069771
0 0.892857 0.298802 0.112191 0.141604
0 0.855287 0.736172 0.124801 0.150479
0 0.973406 0.838076 0.052961 0.137651
0 0.144838 0.922781 0.120754 0.118802
0 0.771045 0.048516 0.111801 0.097031
0 0.016154 0.859716 0.032309 0.136182
0 0.962578 0.563703 0.074836 0.121844
0 0.028697 0.627138 0.057395 0.137266
0 0.312459 0.681010 0.107605 0.132917
0 0.563111 0.200474 0.103145 0.135604
0 0.364900 0.273013 0.105715 0.142766
0 0.269705 0.038885 0.109387 0.077771
0 0.950580 0.944615 0.098605 0.110771
0 0.774916 0.156383 0.107660 0.136297
0 0.429402 0.181253 0.113211 0.144297
0 0.086908 0.834865 0.104145 0.132719
0 0.028855 0.311497 0.057711 0.124589
0 0.653580 0.011956 0.102348 0.023911
0 0.135293 0.983922 0.109758 0.032156
0 0.349215 0.474641 0.108258 0.143750
0 0.951529 0.073388 0.096941 0.146776
0 0.521703 0.637266 0.092242 0.144635
0 0.356680 0.071599 0.097156 0.136625
0 0.762656 0.378185 0.109125 0.148901
0 0.465246 0.739036 0.106633 0.140042
0 0.087592 0.492372 0.111207 0.125932
0 0.648941 0.347469 0.104109 0.126083
0 0.755232 0.868760 0.115605 0.142885
0 0.504213 0.399659 0.104879 0.130474
0 0.188068 0.663135 0.112410 0.144604
0 0.187613 0.797737 0.114328 0.144411
0 0.453955 0.919232 0.112371 0.148318
0 0.854609 0.475867 0.111820 0.142557
0 0.641043 0.089135 0.110695 0.144094
0 0.884982 0.607000 0.104660 0.147479
0 0.256740 0.558596 0.115098 0.153974
0 0.366314 0.815573 0.101871 0.137719
0 0.681600 0.203458 0.109402 0.140208
0 0.183361 0.465956 0.109043 0.135891
0 0.487717 0.512659 0.111957 0.130339
0 0.135416 0.160273 0.107402 0.143307
0 0.292203 0.354076 0.106977 0.144786
0 0.670586 0.932888 0.106664 0.134224
0 0.704346 0.746573 0.116152 0.143323
0 0.620373 0.455125 0.104449 0.133490
0 0.266893 0.153279 0.101480 0.148620
3 0.449354 0.304253 0.103660 0.130411
0 0.117037 0.008799 0.102520 0.017599
