1 0.939556 0.403560 0.087185 0.155556
0 0.043760 0.014021 0.087521 0.026949
0 0.989784 0.543266 0.020432 0.136912
0 0.008749 0.618188 0.017497 0.146403
0 0.008850 0.067530 0.017701 0.127856
1 0.903164 0.036028 0.081177 0.072056
0 0.015228 0.416611 0.030346 0.151870
0 0.274801 0.019898 0.097128 0.039796
0 0.013549 0.201204 0.027099 0.132204
1 0.385267 0.461032 0.081956 0.144167
0 0.394143 0.033315 0.083953 0.066630
0 0.829952 0.018998 0.080242 0.036977
1 0.406204 0.300683 0.074492 0.121884
1 0.913788 0.883780 0.083799 0.141014
1 0.817549 0.359572 0.088880 0.136208
1 0.881819 0.587435 0.071154 0.132500
1 0.224410 0.280285 0.086602 0.159199
1 0.483835 0.244898 0.089753 0.172880
1 0.255358 0.635382 0.092216 0.120356
1 0.031908 0.875181 0.063169 0.145361
1 0.062008 0.486569 0.082641 0.157333
1 0.306872 0.416250 0.084302 0.151009
0 0.162108 0.330009 0.079122 0.129287
0 0.804221 0.961428 0.089974 0.077144
1 0.752723 0.756127 0.090753 0.155468
0 0.618923 0.589736 0.097367 0.146037
0 0.106427 0.079812 0.079615 0.138134
0 0.164292 0.956407 0.092005 0.087185
0 0.150436 0.117856 0.084622 0.147787
0 0.981598 0.078734 0.036701 0.146894
0 0.156892 0.806123 0.082393 0.138782
1 0.597068 0.396102 0.090958 0.148731
0 0.054068 0.630826 0.085750 0.141856
0 0.184694 0.445620 0.080169 0.155944
0 0.245007 0.764618 0.080935 0.142356
0 0.518621 0.899931 0.100951 0.138222
0 0.816729 0.818981 0.081891 0.168093
0 0.198117 0.068937 0.075807 0.137875
0 0.783495 0.166755 0.078208 0.141593
0 0.789026 0.445109 0.085422 0.140958
0 0.972022 0.773183 0.055737 0.156264
0 0.033612 0.741278 0.067224 0.129981
0 0.780440 0.611616 0.081115 0.166815
0 0.167737 0.645333 0.074432 0.140324
0 0.035948 0.311104 0.071896 0.146866
0 0.121342 0.432891 0.087315 0.166921
0 0.954171 0.611715 0.083591 0.176190
0 0.453482 0.092889 0.082094 0.156102
0 0.075206 0.965241 0.086182 0.069519
1 0.287357 0.219623 0.080995 0.144329
0 0.605535 0.183544 0.093622 0.138653
0 0.500108 0.519600 0.077523 0.130449
0 0.971957 0.926419 0.056086 0.147005
0 0.639727 0.869463 0.078927 0.139528
0 0.717250 0.596060 0.082635 0.128491
0 0.239464 0.915428 0.080161 0.160671
0 0.582060 0.798359 0.077115 0.138495
0 0.322918 0.558720 0.087867 0.141662
0 0.340960 0.872731 0.082940 0.151639
0 0.961001 0.207889 0.077997 0.145259
0 0.655939 0.298729 0.083445 0.128023
0 0.327531 0.099558 0.084714 0.147458
0 0.893410 0.752875 0.086091 0.145426
0 0.557715 0.669731 0.088169 0.132944
0 0.712539 0.408338 0.076422 0.149222
0 0.501990 0.764581 0.081906 0.144634
0 0.656921 0.724294 0.087315 0.147375
0 0.725973 0.245569 0.083701 0.161324
0 0.389845 0.652664 0.090586 0.161699
0 0.870578 0.458266 0.074880 0.132236
0 0.746747 0.088512 0.085094 0.143060
0 0.852910 0.111988 0.086086 0.150773
0 0.483608 0.391289 0.095674 0.149097
0 0.710841 0.917486 0.087245 0.158880
