0 0.516609 0.211599 0.074578 0.098563
0 0.767904 0.498294 0.074879 0.103536
0 0.426668 0.678302 0.075719 0.090417
0 0.251072 0.145914 0.073637 0.098484
0 0.167066 0.288784 0.072297 0.090182
0 0.098715 0.437732 0.085328 0.092432
0 0.264736 0.325630 0.082613 0.094229
0 0.965354 0.145341 0.069293 0.091276
0 0.781352 0.046773 0.084563 0.093547
0 0.964256 0.743146 0.071488 0.091687
0 0.044559 0.637794 0.076359 0.104901
0 0.419514 0.586258 0.079324 0.103349
1 0.737924 0.347818 0.068176 0.097052
1 0.582637 0.888753 0.078344 0.086693
1 0.059207 0.034828 0.070492 0.069656
1 0.143891 0.873018 0.074992 0.093411
1 0.099432 0.081474 0.069754 0.094177
1 0.209721 0.690859 0.072152 0.082271
1 0.545141 0.812560 0.062688 0.080880
1 0.197268 0.760667 0.077379 0.077167
0 0.820191 0.009411 0.085414 0.018823
1 0.737395 0.783513 0.069750 0.083547
0 0.104520 0.990318 0.071203 0.019365
1 0.206586 0.832138 0.066000 0.084984
1 0.478072 0.073190 0.075160 0.097651
1 0.405650 0.841258 0.074230 0.099214
1 0.816141 0.185258 0.076531 0.091745
0 0.707277 0.012583 0.087523 0.025167
1 0.615369 0.043305 0.071895 0.086172
0 0.884229 0.272698 0.083465 0.094323
1 0.588242 0.168125 0.077438 0.097021
1 0.101455 0.728638 0.073090 0.090068
1 0.626094 0.406083 0.071109 0.084323
1 0.443988 0.756156 0.069711 0.084583
1 0.387273 0.256437 0.071297 0.092750
0 0.506643 0.983122 0.081512 0.033755
0 0.986115 0.810828 0.027770 0.098229
0 0.230787 0.022326 0.074660 0.043693
0 0.901303 0.017422 0.073207 0.034844
0 0.016648 0.923982 0.033297 0.100620
1 0.385488 0.145922 0.076422 0.089854
0 0.225850 0.966333 0.079676 0.065958
1 0.794035 0.907359 0.075508 0.098437
0 0.049855 0.201008 0.072008 0.093214
0 0.752840 0.975448 0.080859 0.047865
0 0.222863 0.897904 0.091047 0.082536
0 0.800109 0.267818 0.072852 0.087042
0 0.363709 0.534518 0.076160 0.101224
0 0.111230 0.346956 0.079922 0.101870
0 0.744244 0.854854 0.083934 0.091021
0 0.563645 0.097052 0.081383 0.086990
0 0.798551 0.348268 0.058914 0.080932
0 0.979334 0.290255 0.040137 0.101948
0 0.046586 0.970805 0.067883 0.057807
0 0.541105 0.036497 0.070617 0.072161
0 0.132406 0.522336 0.065289 0.081495
0 0.164760 0.632526 0.075957 0.106656
0 0.106043 0.602784 0.071070 0.091099
0 0.256285 0.798971 0.060336 0.130026
0 0.526738 0.734440 0.075500 0.092328
0 0.027689 0.518617 0.055379 0.096370
0 0.979086 0.044326 0.041828 0.086724
0 0.590191 0.964979 0.068555 0.070042
0 0.476617 0.814328 0.072922 0.090063
0 0.292594 0.044284 0.076969 0.088568
0 0.687752 0.565516 0.078809 0.088500
0 0.973391 0.383313 0.053219 0.101760
0 0.548307 0.328552 0.066566 0.111542
0 0.706762 0.644526 0.073734 0.082771
0 0.840781 0.964177 0.074484 0.071646
0 0.359646 0.936570 0.069355 0.091932
0 0.355709 0.068667 0.064465 0.092188
0 0.080545 0.912518 0.071668 0.090172
0 0.198996 0.554997 0.074758 0.088599
0 0.746225 0.223724 0.065238 0.102542
0 0.956301 0.658076 0.073883 0.087630
0 0.197205 0.083326 0.072934 0.087536
0 0.306123 0.773161 0.074082 0.104552
0 0.181424 0.407159 0.078957 0.104203
0 0.237584 0.627760 0.072637 0.083698
0 0.251004 0.496823 0.087187 0.087385
0 0.429920 0.476984 0.076934 0.097406
0 0.204180 0.211669 0.072703 0.093203
0 0.747494 0.707250 0.077723 0.090646
0 0.468158 0.159714 0.076652 0.090979
0 0.484996 0.331591 0.065062 0.093318
0 0.876053 0.779245 0.072480 0.084208
0 0.137781 0.150401 0.074586 0.099833
0 0.868744 0.873352 0.081059 0.109026
0 0.696873 0.176831 0.072402 0.089443
0 0.679578 0.256484 0.076953 0.091104
0 0.883383 0.123375 0.070055 0.089990
0 0.531398 0.934404 0.074781 0.093651
0 0.603943 0.729380 0.076973 0.089833
0 0.027994 0.121701 0.055754 0.099734
0 0.935576 0.075453 0.061191 0.078740
0 0.276629 0.417279 0.071664 0.094286
0 0.689885 0.061039 0.075473 0.087797
0 0.768061 0.611453 0.069855 0.095177
0 0.116762 0.237180 0.070820 0.084432
0 0.312631 0.235034 0.071316 0.091141
0 0.088531 0.821417 0.076852 0.094365
0 0.614449 0.328013 0.074156 0.096964
0 0.739574 0.112852 0.074406 0.097745
0 0.720607 0.434070 0.074168 0.090349
0 0.885037 0.671419 0.075316 0.101411
0 0.320516 0.677047 0.077937 0.101750
0 0.344576 0.384135 0.075637 0.093156
0 0.433088 0.383760 0.073012 0.099250
0 0.675201 0.352013 0.062832 0.106172
0 0.995910 0.690510 0.008180 0.095219
0 0.826686 0.725615 0.072254 0.094260
0 0.334816 0.006979 0.079719 0.013938
1 0.611225 0.815375 0.076324 0.091792
0 0.004992 0.345701 0.009984 0.094234
0 0.004051 0.238810 0.008102 0.093557
