0 0.317117 0.975609 0.099615 0.048106
1 0.053529 0.488444 0.082224 0.168870
1 0.073620 0.147118 0.083854 0.132125
0 0.012040 0.406620 0.023898 0.164296
0 0.956977 0.022428 0.076505 0.043894
1 0.616714 0.220655 0.089313 0.149106
1 0.242478 0.568155 0.076654 0.166208
1 0.489887 0.873285 0.086164 0.144116
0 0.859659 0.020111 0.082094 0.038657
0 0.983169 0.073796 0.033661 0.143843
0 0.462796 0.953875 0.091742 0.091287
0 0.059633 0.044910 0.082609 0.089819
0 0.870339 0.467345 0.107339 0.166986
0 0.531341 0.426174 0.078427 0.153764
0 0.483204 0.751903 0.104576 0.142944
0 0.186443 0.483958 0.083625 0.134620
0 0.659415 0.058461 0.075237 0.115847
0 0.518482 0.548090 0.087380 0.148088
0 0.302187 0.496940 0.093615 0.129185
0 0.102022 0.623641 0.082112 0.159375
0 0.118021 0.501197 0.079943 0.148782
0 0.261349 0.792750 0.081818 0.178694
0 0.408626 0.792144 0.077299 0.156222
0 0.308465 0.375889 0.085846 0.156083
0 0.040767 0.350236 0.076909 0.172167
0 0.393546 0.922593 0.080841 0.150843
0 0.992776 0.211336 0.014115 0.142236
0 0.549089 0.191875 0.071177 0.137630
0 0.673358 0.294417 0.086060 0.179685
0 0.633122 0.845113 0.082297 0.126569
0 0.558408 0.848060 0.072247 0.139139
0 0.550461 0.719019 0.078099 0.139259
0 0.441768 0.469350 0.077542 0.129218
0 0.388464 0.387859 0.074073 0.131319
0 0.597936 0.106873 0.071997 0.121810
0 0.166645 0.375486 0.072836 0.139824
0 0.237492 0.413907 0.073651 0.146046
0 0.665042 0.567829 0.075557 0.150111
0 0.046625 0.678435 0.081766 0.150611
0 0.102389 0.395271 0.069247 0.118634
0 0.586887 0.606076 0.091492 0.144218
0 0.192533 0.735037 0.080971 0.137630
0 0.787630 0.015799 0.065698 0.030014
0 0.917003 0.064252 0.077271 0.128116
0 0.595697 0.345454 0.087643 0.141241
0 0.699060 0.152560 0.078375 0.149630
0 0.318203 0.883602 0.080937 0.141361
0 0.403257 0.585519 0.088497 0.147815
0 0.104009 0.270928 0.089091 0.138616
0 0.659087 0.424123 0.074044 0.141977
1 0.176737 0.594727 0.089104 0.152157
0 0.858167 0.151801 0.080000 0.139574
0 0.626637 0.718178 0.082549 0.141273
0 0.944249 0.216704 0.079477 0.135139
1 0.478176 0.623366 0.087029 0.153880
0 0.593773 0.476229 0.078234 0.132310
0 0.306246 0.615926 0.076565 0.140713
0 0.483090 0.349218 0.085742 0.155519
0 0.012038 0.544572 0.023971 0.137977
0 0.585189 0.032354 0.094940 0.063153
