0 0.664948 0.334620 0.079583 0.142519
0 0.513878 0.111421 0.080484 0.133880
0 0.494328 0.035884 0.080313 0.064509
0 0.981763 0.673454 0.036474 0.171500
0 0.015737 0.566259 0.031339 0.146278
0 0.984302 0.403329 0.030052 0.133639
0 0.041211 0.981153 0.074911 0.037694
0 0.197151 0.313755 0.082917 0.154009
0 0.243289 0.648347 0.080495 0.165231
0 0.621305 0.139491 0.080328 0.162741
0 0.236130 0.810176 0.083542 0.144241
0 0.585656 0.248375 0.083927 0.155898
0 0.342500 0.706931 0.091271 0.158231
0 0.437135 0.469440 0.078469 0.170398
0 0.297354 0.283292 0.097781 0.156546
0 0.780721 0.318949 0.077016 0.173009
0 0.341760 0.400389 0.084406 0.174000
0 0.614247 0.759898 0.074974 0.132648
0 0.692180 0.169639 0.089255 0.144870
0 0.397010 0.937727 0.087031 0.122935
0 0.728328 0.831458 0.091625 0.188602
0 0.438602 0.714435 0.087172 0.153574
0 0.834497 0.289625 0.082641 0.166009
0 0.537932 0.760917 0.080094 0.144407
0 0.459461 0.843356 0.086943 0.156176
0 0.395354 0.306602 0.092208 0.167593
0 0.584443 0.883019 0.083979 0.147981
0 0.406885 0.627319 0.093562 0.169343
0 0.481849 0.614343 0.086219 0.157500
0 0.315719 0.864838 0.096969 0.163565
0 0.146099 0.515773 0.086427 0.160046
0 0.961148 0.845264 0.077068 0.149472
0 0.696049 0.927458 0.085620 0.145083
0 0.218914 0.496338 0.082568 0.160843
0 0.264008 0.403477 0.107484 0.156602
0 0.319729 0.063593 0.083667 0.127185
0 0.906312 0.347921 0.079937 0.150546
0 0.374331 0.502097 0.085578 0.168083
0 0.398526 0.813579 0.092344 0.158954
0 0.186612 0.682954 0.084849 0.145315
0 0.500742 0.510060 0.075005 0.135843
0 0.289516 0.738829 0.075229 0.193991
0 0.655000 0.870972 0.084302 0.193667
0 0.924995 0.150505 0.085135 0.156713
0 0.908695 0.642301 0.088849 0.156917
0 0.874609 0.830560 0.082354 0.178269
0 0.910047 0.924347 0.087833 0.151306
0 0.569518 0.455204 0.084391 0.146722
0 0.773159 0.530440 0.085255 0.146028
0 0.839440 0.947264 0.075609 0.099602
0 0.423263 0.042079 0.087849 0.080898
0 0.810648 0.073417 0.090880 0.146833
0 0.681807 0.060278 0.091573 0.116926
0 0.724177 0.621917 0.083031 0.146148
0 0.901378 0.040014 0.092464 0.074472
0 0.953234 0.730667 0.093531 0.155630
0 0.118130 0.331782 0.084000 0.147491
0 0.085982 0.888458 0.090724 0.159231
0 0.063484 0.066875 0.087031 0.131602
0 0.976102 0.133713 0.047328 0.194315
0 0.977128 0.287037 0.045745 0.146519
0 0.068693 0.632014 0.089781 0.147620
3 0.287284 0.510306 0.085203 0.149130
