0 0.490538 0.919009 0.087914 0.145880
0 0.408426 0.414053 0.084143 0.155634
0 0.337965 0.555035 0.097846 0.166690
0 0.726965 0.134704 0.080180 0.155796
0 0.206965 0.576058 0.070919 0.175625
0 0.546868 0.483049 0.087065 0.159051
0 0.178775 0.823049 0.095628 0.149338
0 0.912507 0.945294 0.076940 0.105125
0 0.678319 0.893188 0.080747 0.151264
0 0.253841 0.917817 0.094255 0.164366
0 0.492995 0.040602 0.078266 0.079991
0 0.768522 0.333877 0.091732 0.173005
0 0.424018 0.571750 0.084661 0.181389
0 0.400098 0.790269 0.093039 0.148083
0 0.138930 0.603505 0.073276 0.132491
0 0.039120 0.669819 0.077276 0.150324
0 0.112855 0.739859 0.096039 0.170727
0 0.979384 0.952655 0.041232 0.092468
0 0.978168 0.340308 0.042977 0.147301
0 0.194842 0.221440 0.092695 0.172852
0 0.971363 0.658380 0.056435 0.134481
0 0.332203 0.957678 0.075563 0.084218
0 0.875320 0.455565 0.080406 0.136296
0 0.801628 0.762322 0.094057 0.193662
1 0.848992 0.596384 0.091781 0.159231
0 0.393479 0.918968 0.086943 0.132056
0 0.499176 0.149921 0.088273 0.147093
0 0.253230 0.667343 0.076924 0.154593
0 0.899871 0.112687 0.085279 0.151458
0 0.706460 0.403995 0.097513 0.159222
0 0.804083 0.455569 0.089823 0.186685
1 0.748376 0.662308 0.094133 0.194625
0 0.989608 0.480565 0.020784 0.184269
0 0.920901 0.018521 0.093526 0.037042
1 0.659280 0.082301 0.081477 0.134667
0 0.020592 0.813500 0.040544 0.131824
0 0.073671 0.052340 0.089435 0.103764
0 0.012646 0.280120 0.024281 0.208759
1 0.497217 0.609375 0.079674 0.158630
0 0.154836 0.035030 0.088073 0.065329
1 0.205958 0.072287 0.088760 0.139935
0 0.096043 0.949313 0.075070 0.098468
0 0.987745 0.199201 0.023911 0.156273
0 0.560745 0.743831 0.073734 0.164588
0 0.493478 0.386051 0.072096 0.188778
0 0.600717 0.201632 0.077737 0.139588
0 0.400427 0.029690 0.090651 0.059380
0 0.584063 0.932782 0.084953 0.134435
0 0.692236 0.272095 0.078388 0.134079
0 0.807431 0.212204 0.086799 0.126778
0 0.752613 0.898060 0.077831 0.190157
0 0.265849 0.154678 0.068677 0.197394
0 0.061570 0.864500 0.085906 0.163759
0 0.880160 0.734072 0.087034 0.161514
0 0.381318 0.190396 0.085568 0.161477
0 0.352147 0.339428 0.077930 0.156329
0 0.656055 0.565718 0.091839 0.160907
0 0.169363 0.942581 0.086430 0.112569
0 0.088270 0.505951 0.091294 0.151412
1 0.824794 0.079331 0.086615 0.152866
