0 0.770867 0.883944 0.082578 0.135481
0 0.826310 0.705704 0.097474 0.156926
0 0.701544 0.355454 0.092693 0.154148
0 0.724133 0.643245 0.100943 0.159398
0 0.759464 0.757347 0.094521 0.142546
0 0.494940 0.423699 0.089672 0.147157
0 0.413672 0.291505 0.083271 0.161028
0 0.078570 0.794560 0.084339 0.148046
0 0.541922 0.567560 0.091104 0.141639
0 0.834708 0.592477 0.090562 0.147269
0 0.233578 0.619296 0.090948 0.166981
0 0.770070 0.512556 0.081839 0.150370
0 0.201281 0.751745 0.080000 0.140583
0 0.616341 0.860037 0.083734 0.152722
0 0.479063 0.590023 0.081312 0.134083
0 0.146716 0.842815 0.080495 0.134426
0 0.503818 0.837514 0.098229 0.151787
0 0.034388 0.266620 0.068776 0.151074
0 0.777664 0.300417 0.082078 0.147426
0 0.055779 0.489329 0.083932 0.157602
0 0.907302 0.201157 0.089865 0.157722
0 0.956167 0.585273 0.083906 0.143398
0 0.606234 0.246759 0.080583 0.133167
0 0.614375 0.372986 0.095479 0.152435
0 0.107292 0.466282 0.099094 0.143491
0 0.438630 0.929981 0.083208 0.140037
0 0.845630 0.409528 0.088865 0.160852
0 0.369680 0.200009 0.081234 0.143556
0 0.039573 0.136167 0.079146 0.151056
0 0.701148 0.219199 0.100182 0.153528
0 0.033857 0.705088 0.067714 0.155824
0 0.659656 0.462741 0.087708 0.153537
0 0.482104 0.309208 0.084396 0.152898
0 0.252648 0.054144 0.081870 0.105935
0 0.548589 0.957319 0.065031 0.078250
0 0.634232 0.136856 0.084974 0.143787
0 0.921435 0.937046 0.075703 0.119556
0 0.496490 0.949495 0.074427 0.101009
0 0.829229 0.221981 0.091969 0.151519
0 0.690198 0.535435 0.078969 0.140352
0 0.331701 0.041963 0.096255 0.081278
0 0.184107 0.070375 0.084026 0.140750
0 0.866263 0.947644 0.094995 0.104713
0 0.105271 0.075375 0.093635 0.147306
0 0.971693 0.209014 0.055271 0.155009
0 0.964187 0.794046 0.071625 0.164167
0 0.023234 0.951903 0.046469 0.096194
0 0.922070 0.104648 0.080818 0.136463
0 0.920729 0.829755 0.080677 0.152454
0 0.122289 0.154824 0.101339 0.162167
0 0.183951 0.939745 0.091057 0.120509
0 0.244799 0.343991 0.082901 0.164648
0 0.174753 0.539565 0.080922 0.138000
0 0.475919 0.172194 0.101380 0.156352
0 0.374802 0.096977 0.090146 0.147935
0 0.157641 0.714042 0.087604 0.146139
0 0.233797 0.869755 0.081677 0.176546
0 0.489294 0.055875 0.089974 0.109139
0 0.294120 0.433282 0.092625 0.170676
0 0.316799 0.610972 0.088734 0.148852
0 0.971159 0.467727 0.054984 0.146824
0 0.273607 0.149245 0.073891 0.129398
0 0.675755 0.104236 0.086917 0.147565
0 0.044599 0.038454 0.088635 0.076907
0 0.121417 0.602523 0.091208 0.145065
0 0.759182 0.945602 0.089073 0.108796
0 0.278909 0.872171 0.064891 0.213676
0 0.669065 0.761282 0.095099 0.148917
0 0.937461 0.357593 0.080932 0.133796
0 0.860047 0.060736 0.102281 0.118102
0 0.064539 0.962208 0.081766 0.071509
0 0.183961 0.212056 0.094057 0.157907
0 0.019510 0.565208 0.039021 0.165843
0 0.087539 0.339741 0.096651 0.155593
0 0.801388 0.146741 0.074839 0.127093
0 0.981859 0.296306 0.034427 0.140019
0 0.639633 0.627019 0.086089 0.146870
0 0.552112 0.315519 0.075891 0.135019
0 0.620745 0.040065 0.096677 0.077204
2 0.595503 0.505861 0.082557 0.147685
0 0.313339 0.278907 0.086646 0.143759
0 0.173023 0.363838 0.091526 0.161324
0 0.918742 0.694833 0.078557 0.139704
0 0.472690 0.757139 0.082557 0.152500
0 0.530036 0.686620 0.082969 0.138870
0 0.244443 0.968875 0.097323 0.060139
0 0.646612 0.980704 0.088016 0.038593
0 0.746292 0.019046 0.099625 0.031426
0 0.378677 0.972648 0.083844 0.052685
0 0.990456 0.925588 0.019089 0.142472
0 0.021138 0.398870 0.042276 0.153222
0 0.993010 0.687745 0.013979 0.138694
