0 0.145982 0.094319 0.064974 0.188639
0 0.543010 0.971056 0.082198 0.053759
0 0.008738 0.560081 0.017477 0.165505
0 0.010611 0.940523 0.020956 0.118954
0 0.989529 0.957984 0.020943 0.084032
0 0.070240 0.034572 0.088188 0.065819
0 0.700271 0.941907 0.086302 0.113093
0 0.020385 0.094618 0.040771 0.156014
0 0.054764 0.961058 0.093430 0.074023
0 0.981398 0.488769 0.036729 0.171824
0 0.217714 0.166370 0.083740 0.182602
0 0.881435 0.045437 0.090109 0.088995
0 0.953626 0.231306 0.092747 0.195074
1 0.379310 0.647375 0.087469 0.144639
0 0.014889 0.801336 0.029346 0.150356
0 0.602535 0.066313 0.072398 0.132625
1 0.563005 0.311437 0.083479 0.203792
0 0.615697 0.956829 0.085070 0.085796
0 0.337108 0.788734 0.092133 0.157588
0 0.925188 0.501229 0.087448 0.159310
0 0.778849 0.926894 0.091198 0.146213
0 0.067184 0.347306 0.099492 0.164231
0 0.956240 0.648299 0.087521 0.155153
0 0.100103 0.508713 0.082305 0.146630
0 0.277423 0.330690 0.088523 0.156176
0 0.688536 0.760257 0.090526 0.155310
0 0.763060 0.794502 0.085156 0.151671
0 0.822462 0.099667 0.087779 0.156843
0 0.205832 0.636215 0.098690 0.149144
0 0.483914 0.893644 0.092688 0.177352
0 0.714822 0.357102 0.088091 0.147194
0 0.326868 0.931225 0.089685 0.137551
0 0.302397 0.509338 0.089065 0.159685
0 0.148000 0.385472 0.086224 0.134546
0 0.391354 0.873829 0.081797 0.147139
0 0.794577 0.477329 0.100086 0.163111
0 0.227434 0.417363 0.086174 0.149144
0 0.357441 0.084500 0.081977 0.165500
0 0.791296 0.630583 0.096044 0.169417
0 0.479828 0.519785 0.077266 0.160764
0 0.180013 0.508778 0.093318 0.154796
0 0.904086 0.150338 0.090203 0.146917
0 0.046965 0.679458 0.081669 0.171074
0 0.632616 0.671752 0.090716 0.175097
0 0.537079 0.591699 0.077461 0.133685
0 0.542854 0.803611 0.084844 0.146713
0 0.295776 0.677595 0.097115 0.158245
0 0.487697 0.309887 0.078258 0.181588
0 0.922221 0.827264 0.091583 0.152176
0 0.865098 0.902081 0.092482 0.154477
0 0.678357 0.061352 0.073922 0.122352
0 0.643281 0.866211 0.099021 0.113560
0 0.123611 0.637118 0.085643 0.159736
0 0.959220 0.920269 0.081560 0.159463
0 0.687167 0.568187 0.094109 0.162060
0 0.033711 0.471646 0.067422 0.152005
0 0.117081 0.908836 0.090901 0.178412
0 0.447352 0.749167 0.119240 0.159667
0 0.753682 0.204113 0.091057 0.156745
0 0.225043 0.758394 0.089284 0.181741
0 0.466613 0.080502 0.081263 0.158042
0 0.064736 0.836731 0.089867 0.166694
0 0.857444 0.753986 0.114758 0.155361
0 0.872651 0.254479 0.102760 0.159356
0 0.167379 0.834294 0.092810 0.182606
0 0.441202 0.214725 0.081081 0.166042
0 0.318621 0.225097 0.084357 0.196759
0 0.952559 0.055551 0.085872 0.111102
0 0.570513 0.667197 0.093219 0.179727
0 0.201535 0.950644 0.095294 0.098713
0 0.373533 0.496613 0.087820 0.171968
