0 0.949409 0.964431 0.092906 0.066796
0 0.990728 0.719150 0.018544 0.148838
0 0.229535 0.299403 0.076820 0.153093
0 0.183926 0.962282 0.085846 0.073250
0 0.231176 0.769613 0.072654 0.134051
0 0.345591 0.030171 0.097297 0.058713
0 0.247249 0.019319 0.082086 0.038639
0 0.007793 0.878463 0.015586 0.141343
0 0.147863 0.868273 0.086258 0.163102
0 0.390517 0.519169 0.100242 0.164394
0 0.010370 0.748465 0.019901 0.153319
0 0.511732 0.214519 0.094313 0.158639
0 0.267694 0.960951 0.091154 0.073468
0 0.722283 0.298958 0.079430 0.130250
0 0.222016 0.431907 0.085193 0.134491
0 0.313522 0.557725 0.083060 0.138477
0 0.578012 0.200410 0.077461 0.148014
0 0.071232 0.575532 0.089401 0.160954
0 0.590530 0.781234 0.079138 0.144634
0 0.495720 0.426817 0.081852 0.151319
0 0.890368 0.064493 0.088102 0.128986
0 0.879098 0.948160 0.079117 0.103255
0 0.773992 0.837653 0.098542 0.180407
0 0.089094 0.304204 0.071589 0.150083
0 0.844411 0.620674 0.100172 0.159255
0 0.864964 0.502954 0.075219 0.140213
0 0.931999 0.290924 0.092430 0.136014
0 0.809389 0.945373 0.083102 0.109255
0 0.045810 0.807100 0.087844 0.154958
0 0.913236 0.482470 0.072466 0.141912
0 0.496858 0.057685 0.086971 0.115370
0 0.036388 0.257104 0.071531 0.135190
0 0.473174 0.563178 0.087516 0.164736
0 0.307430 0.678613 0.082115 0.147347
0 0.651201 0.209544 0.083786 0.135958
0 0.609294 0.594148 0.091964 0.120296
0 0.725310 0.741100 0.094229 0.148440
0 0.970400 0.497727 0.057107 0.154361
0 0.920612 0.863331 0.082708 0.126560
0 0.322513 0.150544 0.086005 0.171894
0 0.146348 0.103653 0.091581 0.132935
0 0.690944 0.549887 0.079737 0.137560
0 0.621388 0.093773 0.101568 0.156917
0 0.735557 0.956428 0.085000 0.084579
0 0.813229 0.550188 0.070828 0.130079
0 0.258345 0.893023 0.079513 0.158556
0 0.105757 0.863051 0.073742 0.150065
0 0.573703 0.054910 0.093208 0.109819
0 0.959962 0.912125 0.077065 0.131944
0 0.940168 0.752662 0.093555 0.150185
0 0.973033 0.793347 0.053935 0.150074
0 0.135716 0.220215 0.105286 0.164162
0 0.193676 0.901176 0.074638 0.137759
0 0.115297 0.040958 0.074854 0.081917
0 0.270159 0.410549 0.078646 0.127329
0 0.776603 0.056081 0.087523 0.112162
0 0.982684 0.339190 0.033477 0.163602
0 0.665622 0.958951 0.076828 0.080079
0 0.196462 0.772002 0.080773 0.135116
0 0.671121 0.040731 0.086753 0.081463
0 0.476035 0.349306 0.076206 0.146565
0 0.015889 0.056896 0.030263 0.111144
0 0.295674 0.806248 0.082396 0.153847
0 0.572454 0.345493 0.081440 0.137801
0 0.331393 0.938440 0.085292 0.120611
0 0.738130 0.655009 0.088042 0.128213
0 0.613001 0.920537 0.078898 0.158926
0 0.564214 0.927234 0.086615 0.145532
0 0.119439 0.598975 0.074482 0.147718
0 0.239499 0.653083 0.079841 0.153444
0 0.420027 0.077620 0.077174 0.155241
0 0.639228 0.654701 0.079393 0.133792
0 0.019086 0.539963 0.038172 0.164287
0 0.385033 0.105384 0.076815 0.137694
0 0.969742 0.645211 0.060516 0.138782
0 0.470872 0.875775 0.086578 0.153625
0 0.444435 0.678174 0.095146 0.165940
0 0.787958 0.124326 0.078125 0.125218
0 0.376104 0.695241 0.073271 0.127722
0 0.439813 0.224248 0.066047 0.141634
0 0.375846 0.906306 0.090844 0.172111
0 0.248512 0.138076 0.086674 0.137384
0 0.750958 0.410813 0.094042 0.139431
0 0.280807 0.241650 0.081719 0.153273
0 0.246191 0.558972 0.073279 0.135509
0 0.666466 0.854720 0.087906 0.139560
0 0.192456 0.589734 0.084969 0.179088
0 0.659419 0.775475 0.082464 0.137384
0 0.056707 0.084729 0.076451 0.149264
0 0.947648 0.173799 0.089984 0.154042
0 0.070730 0.706435 0.084977 0.138926
0 0.858893 0.828398 0.088281 0.158463
0 0.570531 0.465042 0.090917 0.163981
0 0.870276 0.182648 0.085823 0.145324
0 0.714236 0.138975 0.091482 0.160301
0 0.529521 0.641153 0.090339 0.152037
0 0.805061 0.251208 0.089742 0.162500
0 0.790677 0.688813 0.087151 0.155968
0 0.529148 0.773630 0.090677 0.154167
0 0.854430 0.324324 0.084948 0.166926
0 0.624617 0.419238 0.083526 0.136032
0 0.741327 0.534861 0.091117 0.150917
0 0.108895 0.973118 0.092841 0.046347
0 0.202221 0.286255 0.081948 0.177120
0 0.032464 0.980660 0.064927 0.030356
0 0.311944 0.454201 0.081154 0.120579
0 0.515340 0.904025 0.072086 0.153356
1 0.415190 0.818662 0.090667 0.139157
0 0.271392 0.069303 0.084930 0.127227
0 0.327947 0.767093 0.079529 0.144389
0 0.426121 0.939032 0.084706 0.121935
0 0.006803 0.206315 0.013607 0.147926
