0 0.414181 0.121688 0.073414 0.149264
0 0.487243 0.758500 0.070419 0.120093
0 0.205145 0.035116 0.082211 0.069157
0 0.428863 0.649708 0.068784 0.123009
0 0.198503 0.157176 0.082906 0.128907
0 0.288901 0.041370 0.073510 0.081343
0 0.493793 0.010762 0.063763 0.020884
0 0.034928 0.680044 0.069534 0.137514
0 0.933592 0.310125 0.077654 0.138370
0 0.147660 0.514644 0.075503 0.146343
0 0.176349 0.807722 0.072370 0.143361
0 0.327460 0.447093 0.073773 0.131917
0 0.044803 0.399984 0.063935 0.117792
0 0.229906 0.645461 0.073089 0.132486
0 0.948655 0.964384 0.077258 0.070130
0 0.192667 0.660833 0.072083 0.134722
0 0.358861 0.038727 0.059914 0.075796
0 0.896186 0.586037 0.073695 0.137796
0 0.416273 0.876100 0.068031 0.107810
0 0.991780 0.502442 0.016440 0.134458
0 0.173733 0.303465 0.079695 0.162486
0 0.790497 0.983306 0.071604 0.031222
0 0.799885 0.336324 0.076411 0.130444
0 0.650267 0.293102 0.081628 0.132361
0 0.848311 0.093593 0.085232 0.159093
0 0.985747 0.703380 0.028432 0.125676
0 0.987436 0.049889 0.025128 0.099778
0 0.017082 0.986039 0.034164 0.024977
0 0.487832 0.949706 0.071169 0.099144
0 0.055978 0.200046 0.077143 0.149481
0 0.573415 0.879914 0.072070 0.143356
0 0.249201 0.410169 0.077656 0.146588
0 0.671621 0.974535 0.080216 0.049736
0 0.540035 0.628856 0.071826 0.131991
0 0.777685 0.156722 0.072979 0.161694
0 0.771685 0.895676 0.071036 0.116093
0 0.877984 0.456576 0.067766 0.117644
0 0.629138 0.600583 0.074276 0.129898
0 0.008398 0.062046 0.016776 0.124093
0 0.275509 0.810072 0.089398 0.162023
0 0.704555 0.054521 0.071667 0.108069
0 0.375757 0.762975 0.075305 0.131606
0 0.991724 0.859463 0.016552 0.140370
0 0.369771 0.952088 0.063635 0.095611
0 0.462229 0.404269 0.079453 0.137750
0 0.035363 0.880523 0.070565 0.124296
0 0.888214 0.734250 0.075536 0.143546
0 0.387216 0.327766 0.075563 0.141079
0 0.764249 0.758437 0.077555 0.141042
0 0.077820 0.563424 0.070953 0.143236
0 0.104516 0.819928 0.060542 0.138495
0 0.471413 0.539963 0.068352 0.118333
0 0.494833 0.274660 0.077604 0.119468
