0 0.005740 0.919039 0.011349 0.130347
0 0.005737 0.587896 0.011307 0.148856
0 0.703063 0.976512 0.107958 0.046773
0 0.018346 0.088421 0.036693 0.120065
0 0.601165 0.028366 0.085201 0.056731
0 0.320029 0.041806 0.080901 0.083611
0 0.331297 0.914164 0.075948 0.136588
0 0.972160 0.170507 0.055409 0.138532
0 0.152357 0.051139 0.084510 0.101074
0 0.412367 0.199778 0.083604 0.147056
0 0.771444 0.351572 0.105336 0.138560
0 0.522072 0.948523 0.082331 0.101713
0 0.246380 0.078831 0.086078 0.119884
0 0.439323 0.493354 0.081297 0.166579
0 0.576251 0.337241 0.080935 0.160852
0 0.219978 0.181606 0.085044 0.122602
0 0.808318 0.137970 0.084026 0.162606
0 0.398573 0.343903 0.090448 0.138648
0 0.976116 0.594882 0.047435 0.137292
0 0.958257 0.060211 0.083294 0.119282
0 0.356189 0.508005 0.090867 0.155963
0 0.357132 0.664576 0.087945 0.162134
0 0.672724 0.065491 0.094734 0.130241
0 0.157995 0.270910 0.083417 0.159495
0 0.617439 0.920812 0.101753 0.156727
0 0.269212 0.839880 0.088529 0.139417
0 0.503641 0.184521 0.075807 0.134597
0 0.825656 0.497657 0.094589 0.145694
0 0.040159 0.196924 0.080318 0.155051
0 0.028004 0.702618 0.055586 0.141431
0 0.414322 0.898359 0.074190 0.125060
0 0.549753 0.083375 0.086896 0.151639
0 0.480842 0.853701 0.091607 0.149431
0 0.329143 0.277882 0.079589 0.148755
0 0.824076 0.657178 0.082161 0.145171
0 0.712423 0.846162 0.089378 0.144296
0 0.224448 0.329440 0.089635 0.142352
0 0.722155 0.234273 0.088826 0.147148
0 0.512711 0.557588 0.089745 0.160852
0 0.955634 0.719414 0.087398 0.138514
0 0.503013 0.710310 0.094547 0.155157
0 0.045815 0.419519 0.087510 0.156380
0 0.256281 0.708250 0.083271 0.138093
0 0.110482 0.677488 0.079318 0.141116
0 0.777409 0.926097 0.094156 0.146713
0 0.913527 0.556275 0.087044 0.169125
0 0.128155 0.827373 0.084961 0.141838
0 0.733770 0.467058 0.076680 0.136005
0 0.751043 0.713185 0.085680 0.148398
0 0.080616 0.302069 0.085013 0.143528
0 0.420164 0.760074 0.085224 0.144093
0 0.633703 0.416972 0.085292 0.145676
0 0.249862 0.465090 0.087406 0.150653
0 0.342012 0.138579 0.077133 0.134120
0 0.835866 0.805468 0.085013 0.153120
0 0.157930 0.977843 0.095036 0.040065
0 0.225069 0.939396 0.081154 0.120282
0 0.019727 0.014891 0.039062 0.029782
0 0.184779 0.634697 0.081182 0.155921
0 0.800085 0.016970 0.097581 0.033699
0 0.994001 0.404708 0.011883 0.143454
0 0.958624 0.295572 0.082753 0.140755
0 0.043167 0.853780 0.085927 0.152671
0 0.662151 0.539014 0.089661 0.147389
0 0.642901 0.727694 0.090411 0.154880
0 0.877250 0.327361 0.088250 0.153750
