3 0.598094 0.117088 0.083521 0.141620
0 0.256945 0.464204 0.092026 0.160130
0 0.419307 0.605528 0.081490 0.146556
0 0.231958 0.667889 0.100146 0.164333
0 0.782521 0.209176 0.097385 0.151426
0 0.680521 0.659690 0.085687 0.154583
0 0.620549 0.728694 0.097901 0.150167
0 0.591104 0.853329 0.101583 0.146843
0 0.758500 0.645213 0.081302 0.166407
0 0.504885 0.656440 0.089104 0.154417
0 0.752237 0.466579 0.085745 0.148935
0 0.845250 0.619569 0.095417 0.139361
0 0.732630 0.935278 0.081729 0.129444
0 0.749823 0.800852 0.105438 0.157204
0 0.883240 0.750912 0.100146 0.168491
0 0.858456 0.448023 0.082349 0.145546
0 0.464185 0.803338 0.091245 0.150972
0 0.171167 0.288778 0.089625 0.168204
0 0.490755 0.488148 0.077052 0.141537
0 0.903951 0.136782 0.094797 0.139750
0 0.491122 0.160338 0.083099 0.154028
0 0.381242 0.243981 0.085172 0.155037
0 0.206292 0.826384 0.094437 0.166324
0 0.046737 0.308625 0.086016 0.170657
0 0.488094 0.343366 0.085385 0.141750
0 0.401094 0.481815 0.087615 0.133074
0 0.287180 0.183111 0.099411 0.155852
0 0.421208 0.362009 0.095552 0.177722
0 0.788680 0.347472 0.088641 0.147185
0 0.150383 0.152588 0.098203 0.163269
0 0.706281 0.077352 0.105333 0.154704
0 0.614076 0.569593 0.097078 0.142889
0 0.332141 0.577102 0.079000 0.136241
0 0.406049 0.105949 0.086703 0.150454
0 0.041802 0.749995 0.083531 0.162194
0 0.673417 0.341514 0.092344 0.154694
0 0.516516 0.932532 0.093896 0.134935
0 0.115313 0.675162 0.094083 0.175546
0 0.132286 0.043009 0.086927 0.086019
0 0.181836 0.425616 0.091026 0.155731
0 0.087487 0.393102 0.086943 0.170796
0 0.810716 0.058218 0.081443 0.114583
0 0.599271 0.407171 0.084490 0.146639
0 0.905154 0.883704 0.078078 0.162130
0 0.362010 0.791634 0.088698 0.157491
0 0.032247 0.150574 0.064057 0.134556
0 0.431982 0.904829 0.106536 0.147898
0 0.950742 0.050069 0.086995 0.100139
0 0.132318 0.953361 0.092167 0.093278
0 0.329823 0.936745 0.077531 0.125806
0 0.211333 0.950537 0.093448 0.098926
0 0.901115 0.275019 0.102250 0.152944
0 0.544578 0.039519 0.092792 0.079037
0 0.030833 0.045935 0.061667 0.091870
0 0.964250 0.844176 0.071500 0.158778
0 0.087695 0.546278 0.088047 0.148926
0 0.586997 0.232481 0.097359 0.152685
0 0.461966 0.026028 0.064703 0.052056
0 0.673927 0.187532 0.103312 0.170398
0 0.861693 0.954449 0.101198 0.091102
0 0.742062 0.022056 0.084406 0.044111
0 0.984378 0.741861 0.031245 0.130407
0 0.880310 0.015745 0.075109 0.031491
0 0.990898 0.470065 0.018203 0.142833
0 0.010737 0.271394 0.021474 0.144917
0 0.444188 0.975005 0.072917 0.049991
0 0.006857 0.624625 0.013380 0.136028
