0 0.987857 0.347329 0.024286 0.142639
0 0.759299 0.977685 0.072453 0.044630
0 0.825750 0.985500 0.076354 0.028722
0 0.625990 0.047366 0.087594 0.085306
0 0.007940 0.857208 0.014755 0.130787
0 0.906560 0.982213 0.080109 0.033296
0 0.022336 0.473694 0.044672 0.165093
0 0.697307 0.242778 0.075958 0.134685
0 0.726424 0.033949 0.077672 0.064713
0 0.152203 0.535963 0.083906 0.140630
0 0.973154 0.943861 0.052932 0.112278
0 0.883154 0.035190 0.077422 0.065769
0 0.436247 0.100403 0.081130 0.145991
0 0.796083 0.206648 0.066500 0.145630
0 0.595344 0.958935 0.081010 0.081037
0 0.399094 0.962676 0.084542 0.074648
0 0.937133 0.676778 0.089182 0.139259
0 0.734268 0.120435 0.071391 0.131870
0 0.549839 0.041644 0.076354 0.078491
0 0.026641 0.596259 0.053208 0.157648
0 0.098466 0.167954 0.091495 0.149778
0 0.490669 0.077440 0.080922 0.139843
0 0.302076 0.051426 0.085286 0.102852
0 0.070747 0.614352 0.073891 0.151500
0 0.103294 0.047296 0.093047 0.092519
0 0.954922 0.856963 0.076781 0.132093
0 0.403953 0.144875 0.082021 0.144213
0 0.029977 0.055019 0.059922 0.109574
3 0.417659 0.539764 0.073724 0.131917
0 0.010888 0.165097 0.021776 0.148231
0 0.229042 0.033606 0.088542 0.066713
0 0.424276 0.400894 0.091156 0.151954
0 0.155482 0.965843 0.083807 0.066519
0 0.419630 0.690750 0.082115 0.127630
0 0.460284 0.268759 0.073214 0.131667
0 0.190458 0.179301 0.084219 0.154269
0 0.802656 0.896037 0.077063 0.142278
0 0.095724 0.307088 0.088156 0.151509
0 0.959625 0.087676 0.074667 0.141389
0 0.509914 0.757032 0.075130 0.122009
0 0.132185 0.646069 0.077234 0.145361
0 0.374852 0.606727 0.073901 0.129676
0 0.736164 0.255903 0.078651 0.139120
0 0.981779 0.063685 0.036443 0.127370
0 0.233133 0.798861 0.062057 0.104667
0 0.027560 0.318213 0.055120 0.145352
0 0.392661 0.753958 0.085104 0.159380
0 0.672427 0.849681 0.087875 0.154176
0 0.499656 0.172523 0.079948 0.148306
0 0.214714 0.484227 0.081375 0.144731
0 0.202427 0.305366 0.081844 0.140565
0 0.159133 0.387792 0.087068 0.137880
0 0.276234 0.137699 0.097302 0.129824
0 0.618135 0.332690 0.078250 0.129139
0 0.346490 0.209069 0.078917 0.136954
0 0.187221 0.712019 0.077557 0.136944
0 0.675328 0.604977 0.086115 0.169565
0 0.581747 0.236579 0.081016 0.146009
0 0.737229 0.906255 0.079917 0.141324
0 0.331000 0.948847 0.080021 0.102306
0 0.230779 0.937236 0.082630 0.125528
0 0.957953 0.211204 0.081740 0.143130
0 0.545719 0.559884 0.074052 0.143954
0 0.300294 0.798333 0.086182 0.138870
0 0.709615 0.774106 0.079979 0.122324
0 0.802188 0.688134 0.085698 0.141361
0 0.798815 0.076468 0.090766 0.139880
0 0.069982 0.752241 0.077536 0.150593
0 0.720935 0.673282 0.091703 0.143250
0 0.316529 0.666315 0.071859 0.140019
0 0.356453 0.451824 0.102448 0.134556
0 0.030341 0.754866 0.060682 0.142398
0 0.863630 0.492551 0.086906 0.158806
0 0.896586 0.124972 0.080536 0.150926
0 0.970977 0.758120 0.054776 0.129185
0 0.146854 0.818731 0.079865 0.137241
0 0.360898 0.855306 0.077870 0.126593
0 0.370073 0.052894 0.077281 0.104139
0 0.551029 0.128727 0.074620 0.137565
0 0.941320 0.332583 0.082422 0.136870
0 0.515708 0.867102 0.082625 0.139778
0 0.609740 0.782417 0.083042 0.137907
0 0.955836 0.532894 0.088328 0.155380
0 0.783107 0.530968 0.078266 0.132509
0 0.256255 0.700204 0.077146 0.143352
0 0.294060 0.548319 0.079818 0.137565
0 0.261849 0.248625 0.081646 0.132028
0 0.579474 0.665023 0.086750 0.151713
0 0.847341 0.640097 0.084839 0.152065
0 0.560128 0.856458 0.066432 0.117972
0 0.912831 0.569366 0.084953 0.140565
0 0.839240 0.185931 0.080052 0.160250
0 0.330435 0.329102 0.092714 0.148333
0 0.682924 0.391500 0.092911 0.144463
0 0.435469 0.863148 0.088771 0.149111
0 0.644779 0.492667 0.088536 0.120315
0 0.542034 0.348940 0.081307 0.153380
0 0.279938 0.416032 0.086615 0.151824
