3 0.490424 0.660671 0.077891 0.142657
0 0.408122 0.622273 0.079964 0.138083
0 0.058695 0.133269 0.080484 0.154019
0 0.115393 0.681639 0.103151 0.128352
0 0.205680 0.571806 0.081578 0.146074
0 0.731279 0.609255 0.091234 0.154602
0 0.116451 0.927347 0.089099 0.128750
0 0.100737 0.804491 0.088255 0.129611
0 0.120513 0.210583 0.080151 0.142167
0 0.171654 0.307380 0.080609 0.145926
0 0.864284 0.573639 0.089297 0.139778
0 0.837633 0.272542 0.084661 0.161565
0 0.345971 0.138593 0.079380 0.150907
0 0.073034 0.560551 0.085203 0.147157
0 0.266648 0.710417 0.086141 0.149648
0 0.303516 0.046106 0.077063 0.091880
0 0.299565 0.346787 0.081245 0.153981
0 0.728956 0.500176 0.093109 0.132981
0 0.183958 0.709083 0.082698 0.144611
0 0.035370 0.953176 0.069417 0.093648
0 0.522755 0.087847 0.086156 0.144639
0 0.598437 0.381634 0.076813 0.157417
0 0.407375 0.875431 0.077594 0.140731
0 0.487414 0.536162 0.094651 0.141639
0 0.860815 0.432051 0.084682 0.151806
0 0.365313 0.415176 0.074396 0.142981
0 0.397763 0.286023 0.083859 0.142176
0 0.758031 0.819315 0.072948 0.154130
0 0.423930 0.105560 0.083734 0.140491
0 0.924578 0.864162 0.086708 0.150083
0 0.730443 0.365051 0.085656 0.147250
0 0.033497 0.248009 0.066234 0.132056
0 0.663393 0.423449 0.072297 0.148361
0 0.277185 0.538704 0.074026 0.136056
0 0.151271 0.430917 0.093573 0.112963
0 0.776234 0.254366 0.081010 0.145435
0 0.798495 0.690218 0.079562 0.136454
0 0.709961 0.175870 0.092161 0.153130
0 0.583813 0.065176 0.081479 0.130352
0 0.826146 0.806125 0.083021 0.142880
0 0.208471 0.045495 0.072745 0.086657
0 0.236891 0.433130 0.082906 0.141056
0 0.853010 0.056083 0.079750 0.112167
0 0.199609 0.947597 0.084771 0.103991
0 0.305956 0.809380 0.098901 0.128741
0 0.321922 0.895106 0.078552 0.140417
0 0.468396 0.932977 0.074906 0.130046
0 0.394768 0.541259 0.086318 0.150111
0 0.464539 0.369435 0.079432 0.128685
0 0.889633 0.168532 0.084786 0.134287
0 0.417365 0.724324 0.077729 0.125648
0 0.580664 0.694866 0.086495 0.157528
0 0.620284 0.568176 0.077953 0.132056
0 0.687531 0.785833 0.079646 0.142778
0 0.971628 0.315389 0.052557 0.134222
0 0.929771 0.038315 0.082667 0.076315
0 0.489589 0.235588 0.075812 0.164380
0 0.607659 0.881472 0.081464 0.139889
0 0.148135 0.040880 0.081344 0.078111
0 0.932570 0.344968 0.077089 0.166028
0 0.942435 0.552722 0.073766 0.144815
0 0.977727 0.763500 0.042734 0.174056
0 0.637622 0.766148 0.077745 0.128185
0 0.537581 0.331056 0.075443 0.134852
0 0.890497 0.719394 0.082318 0.129824
0 0.465086 0.776440 0.090495 0.140361
0 0.331398 0.612477 0.075203 0.131954
0 0.559380 0.892296 0.084302 0.139333
0 0.142375 0.519861 0.063000 0.114519
0 0.690693 0.058329 0.090552 0.115694
0 0.972469 0.954736 0.050750 0.090528
0 0.862320 0.964468 0.092609 0.069769
0 0.443362 0.022102 0.084630 0.036722
0 0.712073 0.933556 0.086010 0.129796
0 0.407398 0.971241 0.081911 0.055093
0 0.017932 0.514657 0.035865 0.146630
0 0.008503 0.640083 0.016484 0.149759
0 0.591578 0.972630 0.101062 0.054741
0 0.521315 0.009708 0.072630 0.019417
0 0.008250 0.068880 0.016500 0.128333
