0 0.319824 0.652901 0.071844 0.172292
0 0.173965 0.993010 0.069977 0.013083
0 0.991357 0.197328 0.017285 0.076958
0 0.989148 0.857346 0.021703 0.090203
0 0.694598 0.991068 0.061070 0.017573
0 0.060408 0.981599 0.070066 0.036385
0 0.808631 0.977214 0.063402 0.044344
0 0.229383 0.981276 0.060672 0.035927
0 0.841062 0.021383 0.057875 0.040120
0 0.012412 0.710021 0.024309 0.093823
0 0.964320 0.978664 0.068539 0.040964
0 0.432381 0.976948 0.065785 0.044104
0 0.091754 0.026221 0.066750 0.052234
0 0.182096 0.674349 0.060840 0.078990
0 0.746000 0.971977 0.061125 0.055161
0 0.979350 0.419102 0.040520 0.072568
0 0.021816 0.794482 0.041305 0.079964
0 0.980105 0.346240 0.038781 0.083573
0 0.554217 0.973474 0.068004 0.051302
0 0.020680 0.912508 0.041102 0.092516
0 0.370256 0.030576 0.067926 0.059880
0 0.671221 0.034826 0.064809 0.069630
0 0.489672 0.729781 0.067438 0.084146
0 0.373525 0.734945 0.067887 0.080943
0 0.463242 0.862646 0.057461 0.086167
0 0.020520 0.205253 0.039727 0.092547
0 0.299652 0.011805 0.066164 0.023057
0 0.258656 0.787302 0.060406 0.078875
0 0.079098 0.490771 0.064398 0.076958
0 0.902158 0.324628 0.062840 0.084839
0 0.131828 0.957219 0.061484 0.081281
0 0.643947 0.592234 0.073770 0.083521
0 0.525619 0.037661 0.070191 0.074917
0 0.674557 0.828831 0.066887 0.084297
0 0.433812 0.305279 0.057109 0.072245
0 0.055430 0.720763 0.061453 0.083109
0 0.112123 0.670721 0.062512 0.086172
0 0.521789 0.908867 0.065937 0.086995
0 0.136459 0.201354 0.062535 0.074542
0 0.064752 0.826549 0.061559 0.091776
0 0.353232 0.421742 0.072949 0.095953
0 0.189592 0.921440 0.067777 0.092151
0 0.931514 0.685831 0.063488 0.090203
0 0.386145 0.927474 0.069672 0.085229
0 0.734574 0.888716 0.063312 0.088172
0 0.323336 0.608201 0.085539 0.085672
0 0.901609 0.775326 0.073953 0.100339
0 0.314014 0.973146 0.069918 0.052833
0 0.332408 0.530839 0.064066 0.080792
0 0.302734 0.368862 0.057789 0.094786
0 0.696701 0.330734 0.062121 0.075208
0 0.132201 0.341214 0.055980 0.093427
0 0.751646 0.479141 0.066098 0.079875
0 0.678332 0.256229 0.065195 0.074667
0 0.215188 0.132211 0.063836 0.092349
0 0.094230 0.111180 0.061961 0.081349
0 0.886635 0.582776 0.072434 0.086917
0 0.199270 0.528250 0.056992 0.077115
0 0.454311 0.657036 0.061645 0.080604
0 0.594676 0.918151 0.062430 0.086146
0 0.852369 0.454193 0.067160 0.096750
0 0.467471 0.108008 0.065145 0.087349
0 0.184793 0.449482 0.064500 0.077620
0 0.523422 0.335953 0.065742 0.084302
0 0.282863 0.139755 0.057844 0.089427
0 0.701604 0.417128 0.064020 0.089036
0 0.663762 0.485464 0.070766 0.071448
0 0.206822 0.285120 0.065316 0.081104
0 0.604826 0.039760 0.063934 0.079521
0 0.528879 0.135372 0.063141 0.082661
0 0.218174 0.374039 0.072691 0.090422
0 0.778486 0.821417 0.065816 0.083573
0 0.794551 0.633182 0.066148 0.083563
0 0.729127 0.557987 0.066668 0.076078
0 0.039707 0.431766 0.065508 0.077042
0 0.026094 0.530029 0.051539 0.085964
0 0.395805 0.494440 0.065977 0.084141
0 0.550188 0.589909 0.065031 0.081464
0 0.952346 0.235083 0.071105 0.085969
0 0.466576 0.380398 0.066637 0.088120
0 0.787840 0.073500 0.061219 0.081208
0 0.710793 0.647878 0.067250 0.087984
0 0.350197 0.180940 0.065949 0.084589
0 0.736547 0.153826 0.064594 0.088557
0 0.041994 0.348224 0.067059 0.082031
0 0.617746 0.412919 0.069656 0.092234
0 0.397564 0.614568 0.064105 0.087854
0 0.849879 0.090547 0.065477 0.083437
0 0.780850 0.721792 0.069098 0.090177
0 0.334252 0.275169 0.069543 0.085766
0 0.666080 0.105810 0.075082 0.074859
0 0.135080 0.527896 0.065184 0.090656
0 0.369373 0.836643 0.070098 0.091484
0 0.920496 0.458029 0.066992 0.084641
0 0.816980 0.547930 0.069172 0.087234
0 0.215584 0.606026 0.065691 0.076229
0 0.679570 0.179315 0.069930 0.083557
0 0.246264 0.679768 0.064559 0.083776
0 0.584650 0.185609 0.065027 0.087198
0 0.615014 0.293685 0.059934 0.086193
0 0.064695 0.177513 0.058617 0.080693
0 0.975049 0.495401 0.049902 0.081469
0 0.386439 0.105497 0.067074 0.089661
0 0.912348 0.918633 0.069328 0.083141
0 0.119311 0.867802 0.065418 0.092281
0 0.312068 0.695891 0.067371 0.085646
0 0.545242 0.430891 0.075422 0.097854
0 0.466037 0.572081 0.071441 0.091328
0 0.838057 0.884781 0.071340 0.098187
0 0.250266 0.204555 0.067203 0.082620
