0 0.474945 0.380513 0.063156 0.091568
0 0.441834 0.696638 0.064848 0.085974
0 0.662404 0.472232 0.065871 0.102526
0 0.248984 0.232836 0.068734 0.086880
0 0.023367 0.678341 0.046734 0.082818
0 0.226271 0.375586 0.076902 0.106266
0 0.782959 0.014466 0.065348 0.028932
0 0.014346 0.845961 0.028434 0.093078
0 0.424941 0.658422 0.067117 0.086625
0 0.209768 0.639930 0.069645 0.088849
0 0.133287 0.607135 0.065254 0.095104
0 0.395447 0.193174 0.075926 0.103172
0 0.093654 0.278016 0.070137 0.101083
0 0.185402 0.820063 0.065398 0.101823
0 0.571385 0.857055 0.067871 0.114474
0 0.588361 0.333286 0.066660 0.081677
0 0.152318 0.169531 0.063566 0.089531
0 0.708541 0.121604 0.067527 0.084510
0 0.024285 0.173534 0.048570 0.092203
0 0.780123 0.336201 0.071496 0.091411
0 0.904566 0.186734 0.061516 0.078781
0 0.406811 0.523693 0.079566 0.104521
0 0.833430 0.817805 0.065367 0.090432
0 0.387354 0.907841 0.071816 0.083464
0 0.288857 0.414219 0.067020 0.090583
0 0.689852 0.965909 0.063648 0.067130
0 0.186652 0.226482 0.061555 0.075714
0 0.171426 0.031951 0.057672 0.063901
0 0.963937 0.884169 0.071063 0.110120
0 0.310480 0.272445 0.075336 0.088943
0 0.488623 0.303372 0.056988 0.097797
0 0.282938 0.154878 0.068070 0.094880
0 0.524955 0.470849 0.064543 0.089604
0 0.661834 0.176771 0.077105 0.096760
0 0.311566 0.488760 0.064195 0.081167
4 0.327863 0.824576 0.080094 0.094339
4 0.491824 0.220648 0.067133 0.078411
0 0.693076 0.890974 0.069777 0.086854
0 0.627455 0.639263 0.059137 0.080641
0 0.874580 0.752685 0.065129 0.084234
0 0.403752 0.975333 0.055621 0.048885
0 0.452750 0.797966 0.072070 0.084099
0 0.050152 0.343917 0.075070 0.093427
0 0.905730 0.410578 0.067227 0.099969
0 0.955012 0.965336 0.068523 0.068693
0 0.789184 0.092128 0.067602 0.115974
0 0.230207 0.960497 0.063820 0.076026
0 0.110385 0.913849 0.068543 0.094740
0 0.277078 0.687185 0.065367 0.094974
0 0.553098 0.688794 0.079820 0.096016
0 0.018197 0.035742 0.036395 0.071484
0 0.612594 0.406557 0.072133 0.078073
0 0.819934 0.548279 0.065195 0.092359
0 0.086680 0.203143 0.070945 0.088911
0 0.118482 0.526060 0.064309 0.091234
0 0.481074 0.893081 0.068398 0.099089
0 0.420109 0.301036 0.075266 0.111938
0 0.572758 0.798734 0.064500 0.088240
0 0.465303 0.952138 0.066059 0.090255
0 0.975854 0.800286 0.048293 0.077125
0 0.553926 0.171482 0.055086 0.089776
0 0.834533 0.228474 0.064996 0.097969
0 0.726754 0.859341 0.080641 0.087693
0 0.788600 0.509010 0.072816 0.103260
0 0.345773 0.985414 0.063469 0.028953
0 0.652090 0.713862 0.068859 0.088036
0 0.137182 0.748372 0.059035 0.108526
0 0.660832 0.023964 0.070078 0.047667
0 0.683312 0.726094 0.063016 0.090708
0 0.203707 0.728242 0.063312 0.101380
0 0.079482 0.591065 0.057199 0.083672
0 0.326115 0.910091 0.076449 0.095359
0 0.912818 0.261654 0.058254 0.069328
0 0.394121 0.010177 0.067836 0.020354
0 0.068391 0.084490 0.077406 0.102208
0 0.371852 0.440547 0.069891 0.102021
0 0.110791 0.009906 0.071012 0.019813
0 0.007189 0.549979 0.013793 0.094198
0 0.974203 0.503763 0.051070 0.080755
0 0.013562 0.099432 0.025875 0.092448
0 0.255287 0.457888 0.058074 0.075589
0 0.685006 0.364302 0.069957 0.089219
0 0.637527 0.557708 0.063641 0.097823
0 0.191145 0.588807 0.065359 0.093125
0 0.989627 0.959286 0.020746 0.081427
0 0.477316 0.821648 0.067602 0.085099
0 0.823791 0.706599 0.068715 0.084948
0 0.263053 0.976380 0.077941 0.047240
0 0.776314 0.981977 0.075520 0.036047
0 0.853859 0.780576 0.057445 0.071005
0 0.523789 0.025578 0.082016 0.051021
0 0.185666 0.701258 0.061629 0.084484
0 0.894467 0.304336 0.059520 0.079703
0 0.453914 0.106760 0.071578 0.089833
0 0.152979 0.976625 0.091605 0.046750
0 0.762783 0.918029 0.064559 0.098536
0 0.225164 0.497089 0.065000 0.083104
0 0.872092 0.866974 0.074395 0.086719
0 0.366078 0.050898 0.070375 0.084141
0 0.749957 0.185357 0.067008 0.086245
0 0.062953 0.533581 0.058344 0.082484
0 0.627291 0.755940 0.066809 0.082776
0 0.596840 0.218604 0.073430 0.093708
0 0.285734 0.596516 0.072750 0.097687
0 0.330441 0.339706 0.063922 0.090224
0 0.917090 0.496813 0.068492 0.085479
0 0.052979 0.815531 0.067207 0.105656
0 0.025455 0.964112 0.050723 0.070214
0 0.721104 0.241802 0.074941 0.109823
0 0.049971 0.888000 0.066270 0.106438
0 0.130727 0.823872 0.065867 0.099161
0 0.025559 0.613216 0.051078 0.083995
0 0.344305 0.407187 0.060820 0.084750
0 0.435330 0.041966 0.065871 0.081234
0 0.006768 0.324370 0.012957 0.083958
0 0.811779 0.923083 0.059715 0.076740
0 0.211617 0.276060 0.059586 0.077693
0 0.598213 0.984133 0.080957 0.029672
0 0.966543 0.275482 0.063953 0.086859
0 0.157232 0.481654 0.081660 0.099557
0 0.410840 0.619578 0.061562 0.077583
0 0.468352 0.988852 0.064352 0.020109
0 0.985586 0.341930 0.028828 0.076526
0 0.030125 0.315018 0.053117 0.083120
0 0.620117 0.134047 0.061445 0.079042
0 0.471865 0.125750 0.067145 0.087385
0 0.972510 0.411964 0.052074 0.110740
0 0.073566 0.453268 0.063484 0.083370
0 0.146754 0.345219 0.072789 0.092302
0 0.500174 0.659039 0.074230 0.089859
0 0.600660 0.487549 0.061422 0.081161
0 0.555832 0.547932 0.073328 0.085500
0 0.337551 0.735099 0.077570 0.096719
0 0.390021 0.803242 0.064660 0.085568
0 0.366936 0.614430 0.069715 0.102380
0 0.633793 0.868732 0.071242 0.088901
0 0.534398 0.085573 0.063812 0.080250
0 0.853246 0.941284 0.079297 0.090109
