0 0.464762 0.973720 0.071320 0.051347
0 0.527806 0.025211 0.081352 0.050282
0 0.624212 0.971120 0.074456 0.057352
0 0.984409 0.831755 0.030870 0.165981
0 0.569695 0.462336 0.054250 0.105903
0 0.401374 0.048472 0.073404 0.095231
0 0.104681 0.040012 0.073060 0.079588
0 0.906652 0.049025 0.082117 0.096810
0 0.022087 0.344019 0.043977 0.136250
0 0.038630 0.214539 0.075651 0.129856
0 0.105977 0.161572 0.069542 0.153171
0 0.183755 0.809988 0.072807 0.143912
0 0.688740 0.176079 0.071615 0.138676
0 0.927887 0.850164 0.078180 0.161468
0 0.248457 0.250465 0.081820 0.121894
0 0.487951 0.220898 0.078125 0.144315
0 0.300764 0.113368 0.075263 0.132532
0 0.892689 0.311398 0.076674 0.131870
0 0.793426 0.815366 0.076930 0.144991
0 0.368397 0.884160 0.067435 0.140801
0 0.072772 0.625914 0.074159 0.130542
0 0.767220 0.205299 0.080299 0.135495
0 0.671710 0.844141 0.077331 0.140681
0 0.136846 0.929715 0.075521 0.138292
0 0.297707 0.906405 0.072794 0.137792
0 0.801212 0.600171 0.071445 0.132398
0 0.419836 0.332933 0.084615 0.153032
0 0.970859 0.526762 0.058281 0.134736
0 0.871698 0.668322 0.072375 0.127097
0 0.237647 0.437782 0.083294 0.158185
0 0.395061 0.742951 0.077331 0.144245
0 0.398116 0.529618 0.075773 0.148051
0 0.724345 0.428889 0.080794 0.138750
0 0.507835 0.601366 0.077982 0.141241
0 0.729223 0.031898 0.076503 0.062250
0 0.848865 0.470269 0.083068 0.137157
0 0.509345 0.915118 0.074565 0.135356
0 0.476822 0.462505 0.075081 0.142148
0 0.321693 0.450069 0.077438 0.133722
0 0.986906 0.081713 0.026151 0.145500
0 0.034878 0.020875 0.069109 0.040204
0 0.016109 0.953863 0.032219 0.091801
0 0.283026 0.988387 0.075609 0.021458
