0 0.553385 0.068362 0.101676 0.136141
0 0.529561 0.221365 0.105426 0.141677
0 0.944863 0.393708 0.110000 0.143646
0 0.640770 0.135846 0.106375 0.144036
0 0.459301 0.063708 0.094328 0.126677
0 0.469115 0.794375 0.101520 0.144187
0 0.691367 0.801995 0.102281 0.133698
0 0.256453 0.212104 0.098336 0.133729
0 0.543213 0.698781 0.101254 0.140281
0 0.709100 0.424971 0.114082 0.148245
0 0.213734 0.722531 0.110766 0.131896
0 0.541545 0.878802 0.108699 0.141781
0 0.493529 0.377148 0.103207 0.135557
0 0.690736 0.940471 0.097621 0.118891
0 0.733459 0.277276 0.119723 0.147656
0 0.176693 0.931104 0.109668 0.137771
0 0.340963 0.944341 0.109043 0.111318
0 0.395447 0.161680 0.100895 0.132297
0 0.392594 0.408552 0.108164 0.142021
0 0.349277 0.263604 0.095219 0.111219
0 0.633957 0.528523 0.109016 0.141943
0 0.390537 0.852380 0.097988 0.129542
0 0.311785 0.766016 0.107797 0.142354
0 0.527715 0.507568 0.094531 0.132417
0 0.639201 0.649414 0.086941 0.116370
0 0.255914 0.874268 0.094961 0.129380
0 0.842484 0.179201 0.106453 0.131505
0 0.296500 0.366654 0.109547 0.142984
0 0.992334 0.963404 0.015332 0.073193
0 0.303514 0.011247 0.094738 0.022203
4 0.421129 0.576599 0.114125 0.160292
0 0.371625 0.016690 0.097961 0.033380
0 0.013352 0.436576 0.026672 0.130349
0 0.889803 0.983315 0.100965 0.033370
0 0.071768 0.979471 0.109535 0.041057
0 0.020100 0.881359 0.039574 0.139479
0 0.230004 0.978471 0.103992 0.043057
0 0.613129 0.979034 0.100641 0.041932
0 0.070576 0.025836 0.108113 0.051672
0 0.026635 0.607008 0.053199 0.137026
0 0.647625 0.035432 0.097375 0.070635
0 0.777705 0.034992 0.115098 0.069984
0 0.153313 0.051977 0.083609 0.103641
0 0.930406 0.042516 0.113602 0.085031
0 0.417021 0.291979 0.081676 0.106927
0 0.827924 0.728133 0.106832 0.141776
0 0.038873 0.721349 0.077746 0.122792
0 0.822707 0.953047 0.101117 0.093667
0 0.959639 0.736531 0.080723 0.138750
0 0.041852 0.209659 0.083383 0.141141
0 0.953625 0.944688 0.086562 0.110365
0 0.607920 0.881766 0.100746 0.138979
0 0.852385 0.441622 0.098270 0.132141
0 0.944371 0.611224 0.106445 0.138927
0 0.775320 0.122664 0.104961 0.121453
0 0.768865 0.873969 0.096387 0.132188
0 0.126188 0.278266 0.117094 0.152365
0 0.144768 0.617036 0.098848 0.122719
0 0.852926 0.582622 0.103086 0.155516
0 0.724549 0.593437 0.101504 0.121583
0 0.297836 0.089102 0.102344 0.131307
0 0.080963 0.900833 0.103801 0.139812
0 0.870504 0.299328 0.109187 0.135375
0 0.273799 0.525628 0.103121 0.141130
