0 0.011293 0.255185 0.022586 0.146422
0 0.923105 0.978135 0.100055 0.043729
0 0.025277 0.632120 0.050516 0.126177
0 0.334557 0.967669 0.101980 0.064661
0 0.031645 0.745872 0.062883 0.132870
0 0.805756 0.032375 0.099316 0.064375
0 0.028486 0.410187 0.056957 0.129438
0 0.967742 0.177333 0.064000 0.133573
0 0.376781 0.482844 0.099719 0.148865
0 0.234979 0.332599 0.111465 0.134854
0 0.223203 0.041628 0.112945 0.083255
0 0.559670 0.934346 0.100566 0.129193
0 0.496213 0.851104 0.106480 0.134698
0 0.393697 0.884237 0.111988 0.139807
0 0.961408 0.654904 0.077184 0.140714
0 0.678342 0.947320 0.108840 0.103839
0 0.576469 0.799005 0.105109 0.142198
0 0.355148 0.043260 0.116133 0.086260
0 0.937078 0.790052 0.097141 0.137906
0 0.567613 0.541789 0.112188 0.134349
0 0.406031 0.357164 0.113359 0.148964
0 0.043330 0.173518 0.086348 0.137953
0 0.667369 0.579076 0.110793 0.128495
0 0.837885 0.567086 0.106699 0.148005
0 0.892311 0.416099 0.111785 0.146927
0 0.155111 0.775219 0.112230 0.142240
0 0.461639 0.484240 0.099715 0.142073
0 0.603996 0.351219 0.106164 0.136635
0 0.846092 0.923057 0.108121 0.139698
0 0.722238 0.248034 0.104367 0.140349
0 0.131229 0.125609 0.111684 0.148583
0 0.630918 0.466232 0.105211 0.132245
0 0.230498 0.867161 0.110809 0.155719
0 0.709680 0.690378 0.118406 0.145536
0 0.428025 0.117445 0.107387 0.139995
0 0.049814 0.526206 0.099629 0.149797
0 0.745836 0.511833 0.105328 0.129719
0 0.277336 0.553917 0.109148 0.132781
0 0.265297 0.692151 0.112703 0.153760
0 0.562213 0.113703 0.107543 0.140344
0 0.277445 0.225852 0.105445 0.149797
0 0.699967 0.108172 0.110254 0.141667
0 0.348654 0.155372 0.094176 0.147766
0 0.565043 0.241318 0.122406 0.151010
0 0.762119 0.991849 0.100887 0.016302
0 0.039773 0.975115 0.079547 0.049281
0 0.119459 0.987443 0.106199 0.025115
0 0.483967 0.013768 0.107184 0.027401
