0 0.670599 0.976975 0.091687 0.042671
0 0.988146 0.192252 0.023708 0.145273
0 0.787587 0.980808 0.081169 0.036181
0 0.014635 0.303715 0.029271 0.150690
0 0.576086 0.028148 0.080141 0.055333
0 0.986135 0.839044 0.027729 0.139949
0 0.194581 0.248877 0.079490 0.173884
0 0.982897 0.499100 0.034206 0.148338
0 0.022577 0.840528 0.045154 0.150389
0 0.433797 0.589329 0.085906 0.148907
0 0.895509 0.035873 0.085909 0.071625
0 0.644660 0.047803 0.079471 0.095218
0 0.436801 0.834359 0.086122 0.137634
0 0.476010 0.718752 0.088229 0.152588
0 0.427461 0.457470 0.081068 0.129921
0 0.571180 0.241502 0.079573 0.160986
0 0.088260 0.935891 0.090479 0.127051
0 0.168642 0.087042 0.078216 0.169259
0 0.201263 0.858759 0.092047 0.130176
0 0.234673 0.068796 0.078893 0.136870
0 0.449342 0.343968 0.085737 0.136083
0 0.024026 0.173681 0.048052 0.134852
0 0.256664 0.930111 0.082740 0.134000
0 0.081411 0.816826 0.081526 0.137301
0 0.506232 0.586762 0.076526 0.139755
0 0.323125 0.206979 0.085625 0.139625
0 0.058712 0.087755 0.087029 0.151343
0 0.348775 0.675502 0.078565 0.145634
0 0.517587 0.081023 0.080852 0.153426
0 0.443743 0.065382 0.082008 0.130764
0 0.081203 0.262130 0.092974 0.171963
0 0.208128 0.744285 0.090229 0.141014
0 0.407681 0.178873 0.087294 0.152579
0 0.470507 0.939002 0.084148 0.121338
0 0.285138 0.806454 0.074432 0.138352
0 0.288096 0.336882 0.090344 0.156023
0 0.863324 0.954243 0.085070 0.090347
0 0.166708 0.639326 0.086714 0.137366
0 0.671818 0.894972 0.082297 0.157796
0 0.260656 0.629273 0.085979 0.148389
0 0.517645 0.853417 0.084695 0.146287
0 0.097564 0.694537 0.086029 0.146898
0 0.722049 0.072081 0.087250 0.144162
0 0.894072 0.444225 0.079081 0.130755
0 0.271996 0.485495 0.088362 0.154463
0 0.042254 0.412942 0.083893 0.143153
0 0.582234 0.525824 0.093016 0.156120
0 0.777710 0.182215 0.083128 0.152773
0 0.594046 0.886604 0.079362 0.155847
0 0.748678 0.847505 0.092299 0.145639
0 0.810660 0.340972 0.084596 0.158954
0 0.965704 0.101907 0.068081 0.147750
0 0.917773 0.342583 0.071203 0.128713
0 0.817560 0.506576 0.079240 0.154468
0 0.129983 0.177544 0.080846 0.151440
0 0.133284 0.511715 0.092854 0.160690
0 0.796074 0.631618 0.077372 0.130495
0 0.762329 0.730477 0.083070 0.130491
0 0.593066 0.380799 0.081211 0.145032
0 0.627965 0.666530 0.084383 0.144884
0 0.670208 0.392100 0.083089 0.144282
0 0.940190 0.910095 0.081245 0.150523
0 0.692423 0.534447 0.092430 0.156384
0 0.889521 0.564657 0.084214 0.133231
0 0.972521 0.331111 0.054849 0.129157
0 0.731900 0.303458 0.085086 0.145185
0 0.935664 0.224123 0.081151 0.140884
0 0.832557 0.081074 0.084589 0.152667
0 0.844452 0.791810 0.080737 0.142741
0 0.360414 0.519060 0.075995 0.142204
0 0.213193 0.384757 0.083542 0.137162
0 0.353336 0.924970 0.088859 0.144949
1 0.478725 0.233553 0.080237 0.160773
0 0.208638 0.981461 0.098115 0.034523
