0 0.768669 0.332329 0.090391 0.134639
0 0.585339 0.179991 0.092313 0.145185
0 0.520021 0.505815 0.087406 0.157185
0 0.196924 0.371602 0.089870 0.143926
0 0.961367 0.845083 0.076214 0.142407
0 0.454901 0.637551 0.091812 0.130102
0 0.512560 0.759093 0.097661 0.150167
0 0.395187 0.767162 0.090094 0.153713
0 0.591096 0.870185 0.090411 0.152574
0 0.738117 0.733671 0.086109 0.157843
0 0.499526 0.135296 0.092167 0.158833
0 0.816234 0.751162 0.084417 0.145046
0 0.106906 0.517213 0.085260 0.152444
0 0.126703 0.815477 0.091010 0.161380
0 0.035677 0.861153 0.071354 0.148435
0 0.585909 0.678620 0.081224 0.145019
0 0.301792 0.494037 0.075167 0.135241
0 0.621883 0.307514 0.086245 0.129954
0 0.372443 0.905218 0.089292 0.148880
0 0.845690 0.628009 0.082797 0.137537
0 0.197599 0.747463 0.079740 0.144667
0 0.434206 0.349306 0.082786 0.154093
0 0.671198 0.848884 0.081427 0.124231
0 0.128990 0.261046 0.076677 0.140278
0 0.350987 0.219981 0.078724 0.125981
0 0.254318 0.101958 0.085437 0.157954
0 0.971458 0.093194 0.057083 0.151204
0 0.154969 0.635319 0.085573 0.154194
0 0.279531 0.650074 0.081833 0.136352
0 0.248654 0.840056 0.085245 0.126315
0 0.357586 0.346417 0.076630 0.142889
0 0.439206 0.512861 0.086484 0.139463
0 0.297018 0.763866 0.087026 0.118546
0 0.324703 0.098986 0.077771 0.166824
0 0.925932 0.934273 0.077896 0.130324
0 0.642815 0.556505 0.091526 0.137287
0 0.076966 0.655602 0.081932 0.144833
0 0.980964 0.287176 0.037219 0.162574
0 0.636102 0.378630 0.089589 0.148611
0 0.886833 0.302940 0.082625 0.140120
0 0.428370 0.207324 0.084531 0.144204
0 0.941315 0.208519 0.084870 0.148185
0 0.658719 0.644176 0.082479 0.138352
0 0.960430 0.637037 0.079141 0.142444
0 0.016492 0.723384 0.032557 0.140843
0 0.678909 0.486681 0.085620 0.142954
0 0.424990 0.068769 0.095094 0.132759
0 0.520172 0.352005 0.095292 0.163009
0 0.225971 0.497560 0.081953 0.150917
0 0.061346 0.175625 0.091245 0.153750
0 0.206930 0.240588 0.089609 0.130528
0 0.188010 0.166102 0.087656 0.134981
0 0.808521 0.891162 0.084729 0.145898
0 0.114628 0.080056 0.075255 0.154241
0 0.181086 0.499042 0.082516 0.129731
0 0.966557 0.719315 0.065760 0.127944
0 0.035552 0.476403 0.071104 0.147269
0 0.748440 0.198898 0.089849 0.157519
0 0.869130 0.887102 0.072677 0.145833
2 0.352745 0.614231 0.085917 0.133167
0 0.952310 0.471069 0.095380 0.174565
0 0.704760 0.108875 0.072104 0.123676
0 0.791078 0.172014 0.082302 0.157935
0 0.839977 0.403046 0.086859 0.147593
0 0.764969 0.472111 0.094833 0.143704
0 0.859857 0.040986 0.087557 0.081972
0 0.791357 0.531301 0.069589 0.133546
0 0.064414 0.312231 0.091620 0.125611
0 0.075732 0.086949 0.087495 0.138769
0 0.224750 0.941421 0.078146 0.111250
2 0.870617 0.160583 0.081286 0.148259
0 0.544018 0.296079 0.071620 0.135676
0 0.688880 0.949843 0.086010 0.094148
