0 0.288094 0.275213 0.082792 0.141889
0 0.484292 0.540778 0.090880 0.162000
0 0.177563 0.359475 0.076688 0.127236
0 0.378937 0.230493 0.076500 0.144560
0 0.142717 0.705706 0.085065 0.135727
0 0.137728 0.248153 0.070727 0.136880
0 0.523695 0.329331 0.076750 0.147468
0 0.446371 0.306838 0.078810 0.139889
0 0.206724 0.614664 0.077010 0.135088
0 0.082762 0.912970 0.091914 0.137208
3 0.396487 0.374190 0.074714 0.136417
0 0.004690 0.866833 0.009302 0.115731
0 0.038379 0.820245 0.076305 0.132176
0 0.086995 0.577850 0.079630 0.162208
0 0.200079 0.169676 0.078852 0.143306
0 0.026681 0.215005 0.053086 0.137167
0 0.460350 0.195498 0.077232 0.113236
0 0.898671 0.580410 0.067362 0.136134
0 0.310173 0.942211 0.082451 0.114671
0 0.966280 0.988250 0.067440 0.021463
0 0.645826 0.980016 0.081234 0.038319
0 0.028557 0.014727 0.057115 0.028519
0 0.013126 0.631907 0.025690 0.145454
0 0.772263 0.015500 0.079635 0.029981
0 0.912889 0.437602 0.085102 0.143111
0 0.083398 0.188986 0.068396 0.136815
0 0.558773 0.451225 0.072057 0.138968
0 0.330565 0.583600 0.085432 0.149060
0 0.765273 0.327340 0.075089 0.146801
0 0.903665 0.950787 0.081612 0.098426
0 0.038629 0.688782 0.069768 0.127509
0 0.789431 0.771400 0.071836 0.118727
0 0.840191 0.548764 0.068982 0.158167
0 0.928930 0.722766 0.078536 0.124875
0 0.524547 0.821037 0.065552 0.159861
0 0.456960 0.846174 0.075451 0.136208
0 0.448678 0.770301 0.072185 0.130278
0 0.843789 0.210505 0.077182 0.128472
0 0.246658 0.426012 0.070482 0.142801
0 0.916406 0.259743 0.084219 0.149394
0 0.267460 0.737495 0.081727 0.139287
0 0.626568 0.620634 0.068089 0.137426
0 0.125117 0.016194 0.076927 0.032389
0 0.975327 0.114162 0.049346 0.149102
0 0.488897 0.956625 0.069049 0.086630
0 0.828751 0.048275 0.082846 0.094144
0 0.263974 0.833947 0.089458 0.156338
0 0.649806 0.038697 0.078794 0.075560
0 0.470792 0.077509 0.082979 0.132815
0 0.423496 0.048359 0.069169 0.096477
0 0.061971 0.737373 0.066812 0.133532
0 0.080564 0.052762 0.070841 0.103190
0 0.727695 0.202752 0.083542 0.143134
0 0.577085 0.066625 0.083409 0.133250
0 0.018707 0.368384 0.037404 0.122343
0 0.759173 0.738495 0.079044 0.144917
0 0.551574 0.941111 0.072227 0.117778
0 0.686188 0.480310 0.081391 0.148833
0 0.213811 0.970287 0.079148 0.058704
0 0.706298 0.856039 0.075164 0.135005
0 0.593633 0.590516 0.074870 0.155616
0 0.983249 0.617301 0.033461 0.136574
0 0.279974 0.423363 0.075188 0.132051
0 0.629096 0.306141 0.063266 0.142023
0 0.915565 0.650683 0.068438 0.121338
0 0.149566 0.950081 0.068435 0.098838
0 0.867710 0.799859 0.081122 0.126625
0 0.510178 0.048292 0.067409 0.095593
0 0.974595 0.345368 0.050810 0.117597
0 0.800698 0.624662 0.102203 0.154120
0 0.675510 0.706065 0.074219 0.160454
0 0.571630 0.822146 0.085307 0.142144
0 0.821895 0.910787 0.072018 0.125491
0 0.336897 0.389269 0.081857 0.151981
0 0.922297 0.168426 0.075646 0.128870
0 0.273930 0.156840 0.072109 0.122884
