0 0.976852 0.951764 0.045872 0.096471
0 0.895538 0.311227 0.092743 0.114964
0 0.607907 0.343593 0.079549 0.102454
0 0.365282 0.041343 0.081960 0.082685
0 0.339226 0.248814 0.079186 0.118647
0 0.200909 0.443228 0.077519 0.108740
0 0.071485 0.754321 0.086088 0.115967
0 0.345710 0.376137 0.086111 0.102490
0 0.098837 0.073094 0.084672 0.091929
0 0.121757 0.653555 0.082604 0.109352
0 0.412699 0.500319 0.083538 0.105628
0 0.743241 0.967109 0.089159 0.065566
0 0.279518 0.047963 0.078364 0.095926
0 0.118927 0.538881 0.090293 0.112598
0 0.630704 0.253380 0.087303 0.102716
0 0.535918 0.380219 0.080602 0.097454
0 0.495459 0.786628 0.085756 0.116188
0 0.713002 0.069781 0.081752 0.121651
0 0.785675 0.024439 0.097909 0.048879
0 0.285162 0.736013 0.083164 0.115864
0 0.827668 0.876538 0.084510 0.115412
0 0.098546 0.421361 0.084005 0.108112
0 0.025382 0.442379 0.050602 0.109439
0 0.149747 0.342359 0.087820 0.103822
0 0.027319 0.248976 0.054614 0.105669
0 0.205340 0.031165 0.086073 0.062330
0 0.027307 0.954493 0.054614 0.090540
0 0.027369 0.140190 0.054738 0.107037
0 0.159352 0.794951 0.088264 0.103328
0 0.951150 0.025828 0.095270 0.051656
0 0.044086 0.597536 0.083380 0.115021
0 0.440309 0.088907 0.082276 0.098966
0 0.175968 0.899123 0.082160 0.103380
0 0.314458 0.917305 0.073939 0.104990
0 0.431136 0.809017 0.083893 0.112119
0 0.249047 0.850630 0.081427 0.095314
0 0.345820 0.811384 0.080837 0.113405
1 0.804716 0.471523 0.097867 0.130700
1 0.397456 0.903449 0.083121 0.124398
0 0.639298 0.811929 0.084915 0.107840
0 0.510642 0.041116 0.095405 0.082171
0 0.156368 0.970404 0.091100 0.059192
0 0.268708 0.280746 0.083958 0.103025
0 0.483086 0.242142 0.083372 0.097948
0 0.437537 0.333850 0.089780 0.114902
0 0.459601 0.937415 0.082242 0.122659
0 0.624581 0.452176 0.091277 0.117603
0 0.177490 0.247500 0.083260 0.103796
0 0.898387 0.167292 0.084174 0.125921
0 0.654223 0.596533 0.101663 0.123374
0 0.120611 0.168552 0.087296 0.102690
0 0.006638 0.622953 0.013013 0.129136
0 0.011860 0.032083 0.023719 0.064167
0 0.007515 0.731124 0.014761 0.114614
0 0.987770 0.333966 0.024336 0.101543
0 0.434688 0.019293 0.081011 0.038585
0 0.986366 0.562395 0.027184 0.129285
0 0.260069 0.972863 0.086204 0.054275
0 0.121935 0.016489 0.089857 0.032978
0 0.989178 0.428099 0.021644 0.112546
0 0.075990 0.292760 0.078738 0.108112
0 0.518474 0.576654 0.084008 0.109326
0 0.708007 0.196919 0.093970 0.114228
0 0.765766 0.777503 0.087342 0.105252
0 0.799647 0.120936 0.085004 0.111296
0 0.870864 0.079642 0.083017 0.098853
0 0.968376 0.781134 0.063048 0.111291
0 0.803451 0.308169 0.087774 0.116564
0 0.266059 0.596296 0.084286 0.112418
0 0.407822 0.202382 0.078553 0.105453
0 0.697691 0.512104 0.079842 0.111070
0 0.507623 0.146839 0.089483 0.105293
0 0.295581 0.453511 0.086316 0.106075
0 0.864034 0.958197 0.084340 0.083585
0 0.890851 0.442698 0.084641 0.125653
0 0.615046 0.153025 0.079954 0.105700
0 0.931970 0.931062 0.077951 0.121209
0 0.747512 0.874380 0.085802 0.112927
0 0.201389 0.690376 0.091620 0.113333
0 0.569190 0.764303 0.081096 0.110509
0 0.348590 0.645226 0.085637 0.109167
0 0.495870 0.679635 0.087118 0.101512
0 0.722764 0.389573 0.082280 0.117644
0 0.633879 0.950828 0.091231 0.098344
0 0.544794 0.954419 0.080760 0.091132
0 0.932913 0.529660 0.088079 0.102819
0 0.762346 0.579758 0.077940 0.099938
0 0.698488 0.715939 0.081196 0.114882
0 0.611910 0.687665 0.079838 0.102778
0 0.914794 0.719766 0.084811 0.108400
0 0.882465 0.615005 0.093171 0.115689
0 0.798609 0.668745 0.085467 0.112593
0 0.501165 0.470820 0.085841 0.106003
0 0.961694 0.227207 0.076613 0.127212
0 0.432257 0.606119 0.091242 0.110581
0 0.266524 0.178256 0.080887 0.104599
0 0.635064 0.057387 0.085606 0.110195
0 0.344059 0.126445 0.091119 0.100278
