0 0.530201 0.455824 0.091797 0.135574
0 0.706302 0.621301 0.080177 0.142676
0 0.670667 0.545907 0.091031 0.154315
4 0.638516 0.770889 0.085802 0.173500
4 0.406698 0.223847 0.089760 0.147602
4 0.569562 0.790542 0.087000 0.163157
4 0.255534 0.369690 0.085234 0.098657
0 0.926438 0.348014 0.103208 0.154120
0 0.818263 0.561032 0.088818 0.152583
0 0.167161 0.295088 0.080198 0.141139
0 0.921411 0.693032 0.104479 0.169509
0 0.805161 0.422991 0.087896 0.148222
0 0.546328 0.685167 0.074042 0.111759
0 0.417484 0.351829 0.088313 0.149769
0 0.506992 0.332287 0.087078 0.140778
0 0.952820 0.842921 0.091474 0.169287
0 0.510547 0.185565 0.074177 0.172889
0 0.622888 0.664741 0.085474 0.129519
0 0.465969 0.426440 0.078260 0.167343
0 0.479044 0.563847 0.085703 0.135398
0 0.885430 0.228926 0.092068 0.144222
0 0.846167 0.370718 0.092240 0.140824
0 0.960784 0.266051 0.078432 0.142102
0 0.559560 0.571111 0.089870 0.145056
0 0.866643 0.739139 0.104224 0.154574
0 0.881089 0.853264 0.076781 0.132509
0 0.912016 0.464069 0.104187 0.130472
0 0.250094 0.070389 0.082583 0.138815
0 0.873698 0.956194 0.068396 0.087593
0 0.282773 0.305454 0.070807 0.111907
0 0.745531 0.530361 0.085615 0.166519
0 0.401284 0.483380 0.082203 0.132704
0 0.728461 0.066093 0.078266 0.130778
0 0.283089 0.189898 0.085802 0.141037
0 0.669419 0.078755 0.083932 0.157509
0 0.618406 0.121514 0.090625 0.140009
0 0.714568 0.345093 0.112760 0.148537
0 0.189646 0.051833 0.076781 0.100648
0 0.633198 0.250731 0.098927 0.166093
0 0.936161 0.121417 0.085135 0.164296
0 0.639154 0.443301 0.089766 0.146417
0 0.548510 0.067130 0.081208 0.130315
0 0.447130 0.151199 0.089604 0.148287
0 0.461971 0.635981 0.089422 0.134611
0 0.576612 0.405611 0.090609 0.125981
0 0.357539 0.251833 0.079182 0.175167
0 0.950870 0.547227 0.084896 0.152769
0 0.480919 0.046560 0.077151 0.093120
0 0.708026 0.250764 0.118344 0.165917
0 0.459359 0.852231 0.080969 0.123778
0 0.803867 0.148870 0.104047 0.154204
0 0.596828 0.317259 0.122115 0.136889
0 0.576833 0.195028 0.080688 0.152222
0 0.800284 0.278389 0.095141 0.145796
0 0.976982 0.733102 0.043755 0.149370
0 0.417445 0.787241 0.091484 0.137815
0 0.798026 0.681907 0.118677 0.160315
0 0.294380 0.916463 0.076260 0.114056
0 0.216646 0.927208 0.076625 0.142750
0 0.478870 0.763713 0.088406 0.106889
0 0.697206 0.712079 0.093078 0.141324
0 0.696331 0.423310 0.120411 0.152676
0 0.981216 0.164653 0.037568 0.141306
0 0.526786 0.862222 0.107000 0.107389
0 0.302708 0.032560 0.086396 0.065120
0 0.748294 0.194662 0.101109 0.144639
0 0.094036 0.330981 0.089417 0.117537
0 0.189034 0.388620 0.085870 0.136037
0 0.097440 0.181194 0.103224 0.202704
0 0.340961 0.850727 0.087776 0.189509
0 0.358151 0.412319 0.087969 0.152824
0 0.030326 0.038139 0.060651 0.075852
0 0.986495 0.595671 0.025875 0.167583
0 0.014875 0.269981 0.028552 0.127130
0 0.921076 0.027884 0.124661 0.055769
0 0.044229 0.178704 0.088458 0.204315
0 0.370930 0.090935 0.110474 0.175519
0 0.590336 0.023792 0.087516 0.047583
0 0.321529 0.431468 0.089318 0.156769
0 0.803789 0.940130 0.104016 0.119741
0 0.251490 0.954750 0.086365 0.090500
0 0.821107 0.819190 0.098068 0.172435
0 0.111125 0.037542 0.068021 0.072361
0 0.294083 0.471227 0.074313 0.125935
0 0.236370 0.829102 0.038365 0.055778
