0 0.429944 0.851183 0.089263 0.158218
0 0.991898 0.317995 0.016042 0.161046
0 0.253818 0.977942 0.095771 0.043144
0 0.441086 0.919863 0.097458 0.156921
0 0.521753 0.021463 0.098156 0.042926
0 0.699327 0.695968 0.100201 0.159046
0 0.765020 0.957465 0.110581 0.084236
0 0.672396 0.041549 0.083844 0.081653
0 0.055827 0.417002 0.110581 0.138421
0 0.918779 0.054597 0.085995 0.106463
0 0.065609 0.053681 0.091729 0.105176
0 0.919648 0.521694 0.088490 0.148231
0 0.805181 0.488294 0.083383 0.165477
0 0.906848 0.415563 0.107565 0.176421
0 0.975167 0.893961 0.049552 0.150542
0 0.072605 0.901912 0.077878 0.150667
0 0.103336 0.762062 0.103917 0.167829
0 0.575711 0.549049 0.080745 0.157727
0 0.367298 0.463569 0.102602 0.160324
0 0.516958 0.314789 0.093177 0.170171
0 0.494035 0.522618 0.089560 0.164597
0 0.745167 0.101062 0.079141 0.166819
0 0.261492 0.221970 0.090177 0.167449
0 0.641001 0.868810 0.087555 0.174648
0 0.682766 0.215806 0.081937 0.149361
0 0.236025 0.375488 0.094378 0.172625
0 0.222333 0.627174 0.089026 0.190718
0 0.088688 0.278604 0.108573 0.181755
0 0.566805 0.798042 0.085839 0.153120
0 0.402738 0.714586 0.090320 0.143532
0 0.965173 0.187403 0.069326 0.149167
0 0.869826 0.185565 0.090760 0.164630
0 0.254957 0.785433 0.091284 0.158606
0 0.436111 0.014377 0.072461 0.028069
0 0.501008 0.978743 0.080516 0.040162
0 0.039707 0.985630 0.078294 0.026343
0 0.836880 0.017495 0.077109 0.032981
0 0.946590 0.962822 0.087299 0.072968
