2 0.481609 0.583964 0.140969 0.177125
0 0.992143 0.903891 0.015715 0.118656
0 0.991141 0.741294 0.017719 0.133578
0 0.742037 0.987174 0.106707 0.025286
0 0.742291 0.013667 0.115660 0.027333
0 0.009230 0.076281 0.018258 0.130365
0 0.024662 0.668076 0.049012 0.160016
0 0.330170 0.979799 0.106762 0.040401
0 0.978906 0.617315 0.042188 0.133516
0 0.977400 0.387250 0.044926 0.127531
0 0.934270 0.972146 0.101156 0.055708
0 0.116734 0.975323 0.109648 0.049354
0 0.040316 0.027284 0.080633 0.053964
0 0.907129 0.039497 0.107688 0.078266
0 0.474520 0.865599 0.107195 0.129646
0 0.853359 0.885487 0.094555 0.137411
0 0.125311 0.035701 0.099918 0.071401
0 0.407139 0.475187 0.098230 0.155583
0 0.396697 0.696227 0.126410 0.137703
0 0.557842 0.474979 0.110254 0.147490
0 0.967535 0.141865 0.064469 0.149344
0 0.720668 0.266992 0.103141 0.114589
0 0.815852 0.586531 0.103984 0.133365
0 0.625055 0.800326 0.104016 0.135224
0 0.256596 0.585714 0.096340 0.126427
0 0.662262 0.939365 0.094320 0.120344
0 0.161314 0.503229 0.118996 0.146427
0 0.850627 0.321612 0.099215 0.145255
0 0.868119 0.715107 0.117223 0.126870
0 0.294107 0.037807 0.107887 0.074740
0 0.135021 0.888617 0.109051 0.144672
0 0.276773 0.135185 0.105680 0.128964
0 0.705309 0.389594 0.108055 0.150719
0 0.511768 0.151565 0.110605 0.155568
0 0.453539 0.326776 0.105297 0.136073
0 0.935465 0.251992 0.110867 0.133078
0 0.813420 0.809185 0.098160 0.120526
0 0.458330 0.938878 0.107598 0.122245
0 0.631398 0.638901 0.122133 0.141708
0 0.960158 0.504018 0.079684 0.129870
0 0.843611 0.185531 0.112027 0.144208
0 0.678936 0.077484 0.107738 0.139458
0 0.542793 0.313839 0.110898 0.146740
0 0.330244 0.501620 0.105215 0.135531
0 0.754865 0.913659 0.111488 0.137849
0 0.105959 0.347003 0.112879 0.138172
0 0.036684 0.187883 0.073367 0.141109
0 0.491383 0.438740 0.100977 0.123479
0 0.169031 0.242328 0.109922 0.134750
0 0.399779 0.166852 0.111824 0.139880
0 0.259615 0.822380 0.106324 0.140594
0 0.111963 0.141896 0.103191 0.143625
0 0.397396 0.051964 0.104770 0.103927
0 0.067881 0.876547 0.111441 0.135844
0 0.151170 0.752865 0.115777 0.147031
0 0.617023 0.231698 0.103250 0.144250
0 0.716656 0.799935 0.095523 0.126047
0 0.774592 0.461685 0.100676 0.135234
0 0.875492 0.460781 0.106523 0.138521
0 0.729049 0.591435 0.091418 0.152422
0 0.369699 0.890346 0.104750 0.139589
