0 0.984693 0.789176 0.030437 0.194870
0 0.877453 0.970211 0.084943 0.058236
0 0.581712 0.973826 0.086331 0.050514
0 0.014355 0.710340 0.028711 0.147088
0 0.011721 0.269745 0.023161 0.162407
0 0.610896 0.025088 0.088531 0.050176
1 0.143801 0.884324 0.082232 0.160537
0 0.974465 0.028796 0.050878 0.057241
0 0.013875 0.061699 0.027750 0.123037
1 0.677587 0.326484 0.083216 0.145625
0 0.489540 0.969368 0.081508 0.059875
0 0.981190 0.478743 0.037620 0.150227
1 0.895837 0.217257 0.078482 0.146884
1 0.154553 0.487859 0.078919 0.157310
1 0.892807 0.682632 0.076599 0.168106
1 0.699078 0.730252 0.082016 0.146801
0 0.764100 0.957560 0.085810 0.083565
1 0.484759 0.250315 0.084706 0.160324
0 0.297221 0.776981 0.084052 0.206778
1 0.576073 0.291912 0.080672 0.160935
0 0.330548 0.848979 0.069096 0.178968
0 0.977857 0.331674 0.044271 0.149384
0 0.093685 0.946231 0.094396 0.106324
0 0.247451 0.729884 0.076333 0.165778
0 0.912832 0.054118 0.075992 0.107301
0 0.210740 0.866998 0.067844 0.166597
0 0.100602 0.251053 0.082089 0.192819
0 0.267470 0.069368 0.093477 0.134005
0 0.225116 0.574819 0.082112 0.177185
0 0.961085 0.717426 0.076966 0.163491
0 0.846564 0.082847 0.080013 0.149889
0 0.645092 0.212199 0.080096 0.157981
0 0.964449 0.133528 0.070784 0.142278
0 0.861797 0.524627 0.085365 0.163245
0 0.125960 0.083079 0.086909 0.159981
0 0.095510 0.410625 0.096359 0.144231
0 0.390139 0.758153 0.079529 0.172713
0 0.545543 0.892299 0.077654 0.142190
0 0.033353 0.833769 0.066430 0.153657
0 0.362048 0.424435 0.080872 0.161769
0 0.729626 0.215141 0.083294 0.162940
0 0.726059 0.595734 0.087560 0.167523
0 0.581889 0.591856 0.084909 0.155380
0 0.772322 0.430602 0.079992 0.142509
0 0.510448 0.695678 0.085250 0.151440
0 0.345732 0.135940 0.084297 0.146815
0 0.481503 0.489333 0.079635 0.142852
0 0.416085 0.626250 0.080909 0.149231
0 0.028587 0.495699 0.057138 0.139926
0 0.463178 0.818278 0.088029 0.156694
0 0.414879 0.980312 0.081044 0.037292
1 0.558294 0.077836 0.083146 0.148356
0 0.725512 0.060854 0.086388 0.119884
0 0.441699 0.378653 0.086461 0.154935
0 0.367074 0.271019 0.080367 0.140472
0 0.794986 0.694294 0.086013 0.151690
0 0.216819 0.411206 0.087117 0.151810
