3 0.373305 0.578578 0.124180 0.145125
0 0.258115 0.066536 0.117637 0.132385
0 0.984859 0.264328 0.030281 0.139760
0 0.405447 0.945951 0.109223 0.106849
0 0.721082 0.135792 0.120336 0.134198
0 0.988180 0.611245 0.023297 0.155427
0 0.512004 0.702813 0.117023 0.162156
0 0.691311 0.947154 0.087816 0.105693
0 0.477561 0.456852 0.133238 0.170828
0 0.987873 0.410789 0.023965 0.134943
0 0.610549 0.976039 0.103668 0.047922
0 0.320725 0.948409 0.103488 0.102328
0 0.842693 0.050068 0.149566 0.100135
0 0.839254 0.350018 0.111805 0.126776
0 0.706373 0.789531 0.121926 0.150937
0 0.971035 0.489026 0.057930 0.138740
0 0.062158 0.089815 0.110715 0.128286
0 0.860545 0.236349 0.117152 0.140375
0 0.850084 0.158966 0.113855 0.144297
0 0.898576 0.872833 0.113207 0.165906
0 0.462068 0.250107 0.106535 0.145859
0 0.389686 0.197042 0.093309 0.129302
0 0.930385 0.168992 0.128059 0.122307
0 0.662670 0.874669 0.093699 0.128557
0 0.789783 0.592852 0.119434 0.146839
0 0.792537 0.886784 0.148238 0.170109
0 0.327350 0.207638 0.104098 0.139318
0 0.717127 0.039083 0.115871 0.077542
0 0.955840 0.708667 0.087906 0.145667
0 0.269166 0.191398 0.115129 0.165547
0 0.546084 0.036901 0.135230 0.073177
0 0.759813 0.972812 0.110727 0.054375
0 0.057828 0.331091 0.115359 0.142047
0 0.105447 0.508943 0.137098 0.179948
0 0.713445 0.641771 0.123797 0.159615
0 0.877570 0.713398 0.107211 0.127797
0 0.788160 0.441602 0.127266 0.164443
