0 0.657232 0.746794 0.066934 0.091755
0 0.004969 0.050388 0.008500 0.083807
1 0.402525 0.310133 0.068520 0.095318
0 0.993115 0.065870 0.011707 0.115260
0 0.161791 0.987576 0.077043 0.022380
0 0.293742 0.011669 0.078617 0.023339
0 0.025578 0.012870 0.051156 0.025635
0 0.875879 0.016055 0.070664 0.032109
0 0.991660 0.615648 0.016586 0.117214
0 0.153959 0.655018 0.067738 0.101328
0 0.671932 0.016323 0.074980 0.032646
0 0.974703 0.980234 0.049266 0.037677
0 0.513604 0.019867 0.061566 0.039734
0 0.426576 0.597924 0.063355 0.108651
0 0.144768 0.017094 0.066691 0.034188
0 0.859012 0.594466 0.075367 0.087109
0 0.331377 0.983651 0.070551 0.032698
0 0.200473 0.605284 0.065234 0.097891
0 0.024898 0.764508 0.049797 0.105214
0 0.986105 0.794516 0.026586 0.088281
0 0.979557 0.201732 0.039496 0.096328
0 0.238037 0.648161 0.061480 0.100271
0 0.338645 0.551010 0.067922 0.090313
0 0.811785 0.033404 0.069937 0.066318
0 0.260564 0.979367 0.082230 0.040964
0 0.799662 0.548513 0.065816 0.085703
0 0.952773 0.636154 0.075492 0.093255
0 0.023992 0.661659 0.047469 0.119193
0 0.578549 0.459703 0.067379 0.094885
0 0.283947 0.598896 0.061535 0.108208
0 0.938041 0.716513 0.067348 0.110182
0 0.413436 0.714607 0.086168 0.091714
0 0.773186 0.313779 0.070113 0.089391
0 0.404854 0.509346 0.077840 0.094755
0 0.289607 0.685245 0.072324 0.093531
0 0.335133 0.634646 0.062562 0.090771
0 0.081768 0.333117 0.067738 0.088224
0 0.159084 0.784349 0.063496 0.092083
0 0.650203 0.654242 0.057039 0.109172
0 0.751930 0.672453 0.059570 0.122333
0 0.593648 0.969523 0.074164 0.060953
0 0.515773 0.292172 0.068687 0.106406
0 0.062078 0.707841 0.077789 0.115453
0 0.025881 0.246323 0.051762 0.100563
0 0.579330 0.616003 0.085434 0.083391
0 0.494973 0.732318 0.070773 0.107740
0 0.026600 0.339268 0.052059 0.095839
0 0.922936 0.930885 0.078520 0.106010
0 0.793816 0.972628 0.075125 0.054745
0 0.081297 0.020820 0.066719 0.041641
0 0.447553 0.781003 0.065457 0.091307
0 0.238777 0.253529 0.082406 0.093276
0 0.297910 0.146232 0.061984 0.087411
0 0.178400 0.522617 0.062332 0.100818
0 0.914918 0.453234 0.073680 0.092427
0 0.373176 0.783427 0.076914 0.088750
0 0.578422 0.269365 0.078289 0.101417
0 0.788885 0.133385 0.076988 0.105375
0 0.542793 0.692406 0.070992 0.115688
0 0.397006 0.638099 0.073387 0.113323
0 0.482736 0.215841 0.075324 0.100630
0 0.481699 0.595594 0.064516 0.096792
0 0.865789 0.239417 0.066156 0.096542
0 0.153543 0.157562 0.060414 0.091375
0 0.305727 0.423354 0.071180 0.106021
0 0.269879 0.333753 0.067836 0.110005
0 0.469082 0.362451 0.069875 0.086151
0 0.795609 0.238526 0.069289 0.087594
0 0.149793 0.880016 0.080242 0.111500
0 0.552500 0.157214 0.075383 0.100333
0 0.867920 0.077927 0.074887 0.100396
0 0.131076 0.452487 0.075340 0.089849
0 0.840453 0.884169 0.078430 0.098307
0 0.933363 0.562161 0.080961 0.095771
0 0.209430 0.906529 0.072273 0.115995
0 0.328949 0.288893 0.074289 0.102172
0 0.982154 0.893362 0.033137 0.093609
0 0.566398 0.538203 0.073539 0.085167
0 0.980371 0.494159 0.038039 0.103797
0 0.567525 0.883042 0.065879 0.119698
0 0.854680 0.769888 0.074031 0.092620
0 0.359932 0.128417 0.070918 0.095594
0 0.914375 0.829286 0.078320 0.091302
0 0.291791 0.770107 0.078895 0.086839
0 0.119076 0.068052 0.072121 0.091521
0 0.091469 0.612268 0.075945 0.102026
0 0.878633 0.683719 0.069039 0.106042
0 0.620260 0.040253 0.081957 0.080505
0 0.104527 0.241893 0.075180 0.102255
0 0.219523 0.172112 0.073742 0.092630
0 0.035912 0.857987 0.071824 0.085599
0 0.206746 0.722667 0.070102 0.091698
0 0.680061 0.191042 0.081324 0.096562
0 0.418809 0.095341 0.067391 0.092536
0 0.545023 0.057409 0.072336 0.089641
0 0.092924 0.146435 0.071613 0.098609
0 0.707896 0.259445 0.071160 0.093943
0 0.792707 0.455711 0.076727 0.113141
0 0.770424 0.840326 0.071324 0.090703
0 0.390816 0.940018 0.069516 0.093828
0 0.214832 0.361154 0.069133 0.098391
0 0.928994 0.211203 0.072879 0.095333
0 0.803621 0.666148 0.067539 0.092714
0 0.966980 0.274633 0.066039 0.098026
0 0.706682 0.626294 0.071660 0.109391
0 0.419096 0.180844 0.073840 0.092802
0 0.030537 0.116651 0.061074 0.101792
0 0.689809 0.840867 0.075000 0.103474
0 0.736441 0.758578 0.072781 0.092104
0 0.694555 0.097049 0.076953 0.112474
0 0.233135 0.814893 0.075785 0.109172
0 0.468740 0.047693 0.071566 0.095385
0 0.092969 0.781932 0.068812 0.094177
0 0.457998 0.937625 0.070918 0.095229
0 0.621041 0.858518 0.072637 0.107859
0 0.756971 0.920141 0.075770 0.082583
0 0.351342 0.042164 0.065574 0.084328
0 0.607645 0.693482 0.064687 0.092328
0 0.051002 0.409638 0.075145 0.089078
0 0.669994 0.962357 0.066957 0.075286
0 0.331184 0.850034 0.067008 0.088630
0 0.860619 0.507740 0.071629 0.097990
0 0.636600 0.127164 0.072848 0.101828
0 0.505385 0.830888 0.076699 0.103661
0 0.068529 0.481328 0.067371 0.089552
0 0.224980 0.081385 0.074719 0.089833
