0 0.207021 0.013521 0.086443 0.027042
1 0.957227 0.055715 0.085547 0.111431
0 0.993725 0.740889 0.011628 0.154704
1 0.536809 0.524095 0.094315 0.150968
0 0.707155 0.020282 0.092414 0.040565
1 0.438460 0.378949 0.085529 0.156667
0 0.014674 0.906653 0.029115 0.131231
0 0.852757 0.969176 0.100049 0.061065
0 0.794185 0.025810 0.097625 0.051620
0 0.373012 0.386002 0.069893 0.162329
0 0.525840 0.038715 0.096617 0.077431
0 0.266917 0.585775 0.094203 0.148903
0 0.016842 0.296868 0.033617 0.146606
0 0.476060 0.579611 0.088156 0.150231
0 0.613772 0.463109 0.100456 0.143884
0 0.316053 0.380421 0.071810 0.170176
0 0.520230 0.149155 0.092951 0.150116
0 0.349712 0.201641 0.089789 0.154264
0 0.208280 0.937838 0.078008 0.124324
0 0.299324 0.044285 0.082779 0.087245
0 0.451953 0.236715 0.081542 0.139625
0 0.375708 0.524109 0.098229 0.128634
0 0.977305 0.455970 0.045391 0.147986
0 0.787049 0.211069 0.078891 0.131657
0 0.838022 0.544213 0.101336 0.145046
0 0.226884 0.702572 0.096581 0.122986
0 0.537971 0.705248 0.095469 0.149375
0 0.397070 0.093308 0.089615 0.150366
0 0.420634 0.940312 0.085711 0.118903
0 0.664561 0.802285 0.086185 0.131866
0 0.501124 0.932255 0.092315 0.135491
0 0.764715 0.341194 0.093508 0.138676
0 0.657702 0.550324 0.099143 0.156157
0 0.274324 0.154620 0.095919 0.137898
0 0.882812 0.100491 0.101167 0.131278
0 0.701932 0.648118 0.092271 0.158681
0 0.876033 0.678306 0.087539 0.149481
0 0.284227 0.925931 0.087583 0.148139
0 0.759482 0.481488 0.076297 0.121366
0 0.029268 0.575264 0.058536 0.140389
0 0.872089 0.225100 0.080557 0.125144
0 0.253758 0.423072 0.077917 0.147273
0 0.702922 0.920185 0.086781 0.143287
0 0.978258 0.312322 0.043198 0.139681
0 0.038876 0.083847 0.077753 0.147009
0 0.688702 0.381104 0.078758 0.147727
0 0.542396 0.852502 0.083677 0.131144
0 0.200112 0.814644 0.090318 0.137806
0 0.358467 0.854106 0.088810 0.150833
0 0.789189 0.621384 0.091518 0.148741
0 0.035586 0.704507 0.070286 0.129810
0 0.186543 0.102262 0.081419 0.136079
0 0.381232 0.650234 0.099687 0.131079
0 0.620919 0.917660 0.087958 0.148106
0 0.971668 0.601831 0.056664 0.143866
0 0.111677 0.149970 0.085651 0.155458
0 0.429534 0.775674 0.086443 0.146773
0 0.074474 0.493646 0.088245 0.137153
0 0.175716 0.442646 0.084068 0.143532
0 0.761745 0.796266 0.093151 0.135449
0 0.958401 0.888060 0.083198 0.132852
0 0.219318 0.259171 0.089464 0.151769
0 0.928714 0.505704 0.089453 0.139981
0 0.830760 0.867137 0.101542 0.139579
0 0.848055 0.423655 0.085359 0.133736
0 0.145620 0.896894 0.092771 0.147954
0 0.905102 0.339194 0.095609 0.132157
0 0.083837 0.287065 0.095513 0.145315
0 0.108098 0.704178 0.086799 0.136718
0 0.945823 0.751956 0.093062 0.153153
1 0.151826 0.571660 0.100682 0.122329
