0 0.088645 0.362826 0.091924 0.159301
0 0.769012 0.023310 0.089180 0.046620
0 0.853197 0.036428 0.102138 0.072856
0 0.975087 0.979340 0.044940 0.037819
0 0.157483 0.914046 0.081977 0.131935
0 0.476805 0.024549 0.089417 0.049097
0 0.194043 0.022711 0.090117 0.045421
0 0.571184 0.981437 0.077049 0.034199
0 0.969523 0.490785 0.060953 0.158940
0 0.407566 0.024708 0.069523 0.049370
0 0.642780 0.964600 0.086695 0.070801
0 0.051599 0.620329 0.092937 0.167102
0 0.984384 0.910912 0.029586 0.126963
0 0.507566 0.147400 0.086815 0.142995
0 0.027115 0.786477 0.053224 0.152315
0 0.525564 0.945787 0.098190 0.108426
0 0.868030 0.971375 0.088195 0.057250
0 0.589622 0.044505 0.090229 0.089009
0 0.691215 0.052583 0.079164 0.105167
0 0.269315 0.048676 0.088922 0.097352
0 0.251777 0.954049 0.082357 0.091903
0 0.088557 0.809444 0.084943 0.151185
0 0.032161 0.287294 0.064323 0.147718
0 0.265029 0.720882 0.089068 0.146727
0 0.968956 0.792153 0.062089 0.166389
0 0.378518 0.421826 0.080719 0.143412
0 0.126831 0.691141 0.081109 0.151079
0 0.425178 0.266447 0.071201 0.175162
0 0.401452 0.808900 0.087664 0.166606
0 0.750042 0.092150 0.078516 0.135838
0 0.195083 0.731771 0.077307 0.154847
0 0.689764 0.547616 0.091695 0.165120
0 0.233635 0.108787 0.087297 0.148815
0 0.043340 0.480183 0.086680 0.142579
0 0.935337 0.944051 0.082232 0.107889
0 0.343995 0.040238 0.081641 0.079708
0 0.029197 0.053657 0.058393 0.107315
0 0.311012 0.148252 0.083190 0.165282
0 0.979102 0.674951 0.041495 0.125338
0 0.657809 0.661340 0.081508 0.145625
0 0.515344 0.622215 0.089193 0.162440
0 0.370247 0.538859 0.086703 0.124106
0 0.362043 0.665995 0.089362 0.157343
0 0.568768 0.370958 0.096219 0.158713
0 0.830132 0.861856 0.085909 0.158787
0 0.588535 0.240944 0.090935 0.155870
0 0.287207 0.616678 0.087680 0.152681
0 0.291396 0.348238 0.086740 0.158477
0 0.870749 0.626949 0.087768 0.163843
0 0.161620 0.222653 0.087151 0.154620
0 0.710335 0.789829 0.081482 0.142130
0 0.510374 0.841271 0.095044 0.155134
0 0.603964 0.903523 0.088141 0.154500
0 0.842398 0.164421 0.085417 0.148907
0 0.383971 0.149597 0.079026 0.145167
0 0.240513 0.240317 0.084094 0.139644
0 0.205651 0.548896 0.084453 0.146144
0 0.278372 0.488662 0.083042 0.139000
0 0.493030 0.267775 0.089893 0.147921
0 0.766801 0.559169 0.086513 0.151319
0 0.469612 0.395063 0.103339 0.143366
0 0.194423 0.389215 0.087456 0.160866
0 0.585490 0.642088 0.074687 0.167870
0 0.326547 0.793965 0.079625 0.150894
0 0.362280 0.284576 0.079549 0.154088
0 0.322576 0.928227 0.083693 0.142296
0 0.904969 0.862565 0.083214 0.163620
0 0.124730 0.108613 0.084633 0.149273
0 0.047853 0.156192 0.085492 0.152616
0 0.451397 0.521708 0.084789 0.152620
0 0.571560 0.766192 0.100224 0.155292
0 0.873254 0.328785 0.091102 0.154690
0 0.945452 0.574574 0.089898 0.150713
0 0.243952 0.840637 0.091378 0.147810
0 0.443615 0.103463 0.084844 0.141750
0 0.924492 0.717799 0.086995 0.153569
0 0.035023 0.905606 0.070047 0.125556
1 0.536132 0.490060 0.101326 0.158731
0 0.733669 0.946424 0.104005 0.107153
