0 0.818072 0.756690 0.075279 0.162972
0 0.712062 0.572044 0.081094 0.192310
0 0.523057 0.246384 0.096818 0.161778
0 0.354508 0.857039 0.086104 0.147856
0 0.380135 0.045174 0.086891 0.090347
0 0.047992 0.925231 0.095984 0.145278
0 0.572557 0.783725 0.078365 0.191116
0 0.530100 0.632653 0.093888 0.165843
0 0.815074 0.470475 0.103956 0.165718
0 0.514384 0.051252 0.085477 0.101199
0 0.281039 0.879512 0.092568 0.167375
0 0.951091 0.172282 0.094469 0.155046
0 0.197168 0.090361 0.098143 0.177009
0 0.951221 0.064519 0.087542 0.128852
0 0.826324 0.615523 0.090310 0.178157
0 0.402049 0.711389 0.078323 0.153028
0 0.850253 0.386213 0.098240 0.164009
0 0.875868 0.096926 0.090810 0.170065
0 0.920117 0.905579 0.090484 0.153972
0 0.536302 0.141727 0.090026 0.156370
0 0.804296 0.062361 0.088456 0.124722
0 0.598182 0.182660 0.084021 0.171977
0 0.603215 0.636877 0.084732 0.161782
0 0.460121 0.163458 0.090659 0.164833
0 0.562141 0.518817 0.095547 0.164690
0 0.470333 0.564991 0.083932 0.157759
0 0.889940 0.652727 0.079609 0.137028
0 0.832681 0.212016 0.091414 0.166449
0 0.508318 0.772752 0.086344 0.168856
0 0.643327 0.443530 0.094320 0.157514
0 0.578961 0.939275 0.085714 0.120634
0 0.409125 0.922454 0.091812 0.154343
0 0.892712 0.285333 0.094904 0.167139
0 0.958780 0.628245 0.082039 0.145870
0 0.757596 0.798331 0.092120 0.161931
0 0.737909 0.379729 0.092729 0.171069
0 0.501939 0.450630 0.084648 0.156065
0 0.642276 0.855331 0.093182 0.163227
0 0.399168 0.572319 0.089924 0.165685
0 0.917053 0.538296 0.087201 0.152759
0 0.847737 0.886190 0.082391 0.150963
0 0.667372 0.168231 0.088656 0.170028
0 0.707467 0.734398 0.081789 0.179148
0 0.639272 0.734806 0.096477 0.158944
0 0.786673 0.300773 0.096878 0.179648
0 0.336030 0.950627 0.090951 0.097792
0 0.184270 0.912306 0.097727 0.150685
0 0.447413 0.059331 0.084513 0.116958
0 0.656038 0.596259 0.077799 0.185111
0 0.767572 0.565220 0.070508 0.200218
0 0.009883 0.059315 0.019437 0.116620
0 0.989523 0.074273 0.020656 0.147824
0 0.112285 0.969102 0.091544 0.058602
0 0.987441 0.502461 0.025117 0.195060
3 0.466962 0.690007 0.086674 0.137884
0 0.693130 0.026428 0.100146 0.051847
0 0.973185 0.262586 0.053396 0.187792
0 0.292857 0.036523 0.090193 0.073009
0 0.157194 0.064757 0.122971 0.129514
0 0.018230 0.967519 0.035732 0.059611
0 0.051065 0.036928 0.095885 0.073495
0 0.253617 0.946255 0.092031 0.107491
0 0.141906 0.038312 0.096448 0.076625
