1 0.129423 0.928206 0.077294 0.133338
0 0.938759 0.309817 0.071461 0.142884
0 0.383267 0.439762 0.079029 0.167162
0 0.514171 0.858882 0.075456 0.146792
0 0.677349 0.842493 0.089292 0.131625
0 0.247451 0.303817 0.079557 0.151903
0 0.849391 0.753213 0.076099 0.129222
0 0.868043 0.224972 0.066773 0.139935
0 0.489982 0.739718 0.077714 0.125778
0 0.599078 0.069227 0.063042 0.115194
0 0.647424 0.152113 0.090865 0.131486
0 0.818277 0.537164 0.066883 0.131662
0 0.057193 0.054343 0.078693 0.108296
0 0.725090 0.372685 0.083216 0.156898
0 0.709684 0.747917 0.072112 0.138556
0 0.511586 0.315171 0.082292 0.142028
0 0.415444 0.705005 0.077966 0.150972
0 0.778997 0.800245 0.082844 0.145694
0 0.705908 0.563301 0.077169 0.149454
0 0.479005 0.078949 0.078307 0.157898
0 0.162815 0.261567 0.080526 0.165829
0 0.770195 0.668488 0.082099 0.135903
0 0.281880 0.184789 0.084568 0.147523
0 0.090320 0.213931 0.074359 0.167139
0 0.656142 0.661331 0.076674 0.144616
0 0.031474 0.156611 0.062771 0.147917
0 0.326482 0.085435 0.078245 0.139435
0 0.540936 0.196456 0.085060 0.156310
0 0.330406 0.290326 0.077443 0.162218
0 0.415440 0.574275 0.072922 0.134597
0 0.821082 0.902917 0.075716 0.134509
0 0.647996 0.460694 0.088503 0.165509
0 0.006639 0.028023 0.013279 0.053731
1 0.894518 0.059792 0.078094 0.117435
1 0.543747 0.044458 0.074068 0.087593
1 0.320561 0.835979 0.084487 0.135551
1 0.477310 0.421264 0.078193 0.135454
1 0.292042 0.408352 0.077880 0.137194
0 0.984120 0.296590 0.031594 0.142468
1 0.586500 0.700181 0.071906 0.149222
0 0.174164 0.642947 0.081021 0.134644
0 0.020676 0.384127 0.041143 0.161477
1 0.881271 0.374875 0.082854 0.137565
1 0.765811 0.472310 0.080779 0.162944
1 0.870939 0.634509 0.084836 0.139972
1 0.931632 0.174412 0.080039 0.143537
1 0.595475 0.905211 0.081102 0.154032
0 0.878411 0.965451 0.084542 0.068810
1 0.883954 0.502366 0.077201 0.134731
0 0.733919 0.032850 0.082089 0.065653
0 0.276926 0.936991 0.075758 0.125546
0 0.426236 0.942215 0.108195 0.115162
0 0.376246 0.036144 0.084914 0.071759
0 0.044288 0.930887 0.081044 0.136866
0 0.750257 0.241660 0.093268 0.131875
0 0.976922 0.068178 0.046089 0.129069
0 0.950211 0.544590 0.076203 0.136523
0 0.048358 0.602602 0.077846 0.163815
0 0.658951 0.048507 0.069885 0.096023
0 0.514555 0.634514 0.094328 0.129120
0 0.059191 0.771194 0.087190 0.153185
0 0.732829 0.132206 0.086841 0.147755
0 0.074109 0.419609 0.076953 0.145227
0 0.336128 0.562227 0.069115 0.119287
0 0.689625 0.941692 0.091859 0.116616
0 0.807721 0.061968 0.075203 0.123935
0 0.637777 0.986507 0.084872 0.025542
0 0.012973 0.523296 0.025945 0.148111
0 0.986926 0.439120 0.026148 0.141722
0 0.984797 0.169243 0.029833 0.135069
0 0.267089 0.549454 0.076604 0.136324
1 0.496057 0.540403 0.097000 0.130019
0 0.015143 0.833866 0.030286 0.140481
