0 0.332333 0.980648 0.085448 0.030944
0 0.240208 0.099991 0.081667 0.148500
0 0.083758 0.538185 0.089557 0.151111
0 0.516487 0.702222 0.084234 0.146907
0 0.540135 0.874148 0.078073 0.145963
0 0.609904 0.809940 0.087516 0.141231
0 0.269216 0.960611 0.087755 0.078778
0 0.892052 0.304764 0.087573 0.168694
0 0.041885 0.173583 0.083771 0.133981
0 0.734646 0.099593 0.103708 0.148426
0 0.183122 0.464981 0.097297 0.176500
0 0.493346 0.310986 0.099943 0.146028
0 0.118648 0.663194 0.096370 0.153537
0 0.159112 0.794157 0.090859 0.155019
0 0.748339 0.710282 0.101115 0.165472
0 0.472448 0.851583 0.081594 0.177463
0 0.763625 0.923708 0.092677 0.152583
0 0.445237 0.704681 0.074109 0.129787
0 0.033089 0.627898 0.066177 0.167593
0 0.868594 0.824750 0.084760 0.139778
0 0.757195 0.537134 0.085839 0.153065
0 0.254716 0.268940 0.086068 0.142398
0 0.381964 0.465292 0.078885 0.138269
0 0.583424 0.577676 0.083141 0.155759
0 0.683328 0.782611 0.083687 0.151759
0 0.070964 0.820190 0.085240 0.157343
0 0.404333 0.320241 0.089135 0.157796
0 0.525776 0.425019 0.090344 0.142056
0 0.889177 0.562269 0.103250 0.143111
0 0.927654 0.445449 0.097901 0.146287
0 0.449977 0.480269 0.081047 0.151463
0 0.202909 0.670380 0.087339 0.152944
0 0.809578 0.294838 0.088229 0.163176
0 0.304318 0.053324 0.075490 0.104833
0 0.638159 0.687171 0.092453 0.136972
0 0.647516 0.920319 0.092104 0.141694
0 0.974128 0.891764 0.049870 0.155009
0 0.408266 0.925514 0.102115 0.148972
0 0.272596 0.507708 0.084286 0.147380
0 0.411646 0.018306 0.088406 0.034241
0 0.055674 0.981005 0.086422 0.031065
0 0.624258 0.230829 0.083089 0.144269
0 0.483148 0.987972 0.077609 0.023037
0 0.293508 0.382681 0.087578 0.136657
0 0.942000 0.777875 0.074656 0.129472
0 0.980266 0.220690 0.036406 0.147287
0 0.019784 0.820106 0.039568 0.151380
0 0.744029 0.024273 0.095849 0.048546
0 0.262656 0.860074 0.081917 0.135389
0 0.827531 0.481556 0.086010 0.147352
0 0.917615 0.940319 0.093333 0.114917
0 0.690990 0.458477 0.105271 0.160731
0 0.626586 0.365764 0.100870 0.150380
0 0.036682 0.439569 0.073365 0.154546
0 0.277328 0.690579 0.086646 0.160009
0 0.734203 0.353088 0.091833 0.159454
0 0.478237 0.185227 0.087474 0.142454
0 0.928216 0.206801 0.081766 0.132102
0 0.582797 0.033139 0.083469 0.066278
0 0.517732 0.055125 0.077724 0.106454
0 0.034409 0.061333 0.066630 0.122667
0 0.310187 0.183903 0.088104 0.153231
0 0.206341 0.032778 0.089422 0.065556
0 0.672732 0.587519 0.094359 0.134556
0 0.120862 0.936032 0.089776 0.127935
0 0.116599 0.180565 0.085344 0.146111
0 0.871534 0.040736 0.086911 0.081472
0 0.563297 0.148995 0.087135 0.151491
0 0.959211 0.324560 0.081578 0.142713
0 0.032586 0.300296 0.065120 0.152889
0 0.763414 0.203481 0.090870 0.156167
0 0.900544 0.691301 0.107016 0.150343
0 0.659146 0.043347 0.078375 0.085917
0 0.421669 0.127005 0.081943 0.182602
0 0.374742 0.070944 0.084297 0.141889
0 0.169956 0.306148 0.087755 0.160500
0 0.987805 0.068431 0.024391 0.134083
0 0.940180 0.093532 0.087932 0.136343
2 0.397807 0.598009 0.090542 0.155907
