0 0.144521 0.615034 0.078863 0.106536
0 0.545346 0.953565 0.091027 0.092870
0 0.193984 0.644935 0.073773 0.113932
0 0.339270 0.945586 0.086000 0.107745
0 0.630635 0.881461 0.067613 0.095328
0 0.964238 0.673773 0.071523 0.088120
0 0.966475 0.183927 0.066684 0.105083
0 0.438934 0.944930 0.080484 0.105984
0 0.229859 0.954034 0.075813 0.091484
0 0.066193 0.511443 0.074965 0.094615
0 0.532648 0.263924 0.078602 0.101464
0 0.322369 0.519870 0.081652 0.107302
0 0.321674 0.084534 0.074480 0.096849
0 0.709436 0.125979 0.079332 0.113635
0 0.185637 0.480044 0.071742 0.090693
0 0.176203 0.042323 0.072227 0.084646
0 0.932416 0.311846 0.072629 0.104745
0 0.213879 0.258422 0.073484 0.098406
0 0.911170 0.896193 0.075285 0.095781
0 0.114805 0.889708 0.078953 0.103906
0 0.763750 0.922724 0.071453 0.097188
0 0.620582 0.145383 0.072836 0.091849
0 0.646732 0.787953 0.068871 0.102302
0 0.226455 0.354237 0.068285 0.098422
0 0.091848 0.793336 0.071922 0.095484
0 0.897025 0.710081 0.070184 0.099911
0 0.770270 0.189966 0.078289 0.104953
0 0.901553 0.621083 0.085488 0.086771
0 0.833152 0.894987 0.070656 0.100943
0 0.748621 0.704974 0.062727 0.096927
0 0.563494 0.861279 0.070285 0.097672
0 0.727615 0.347201 0.073004 0.097464
0 0.472955 0.371021 0.080723 0.101135
0 0.495342 0.878820 0.079254 0.096370
0 0.267480 0.778107 0.078625 0.091266
0 0.489928 0.471503 0.070949 0.091161
0 0.145410 0.715971 0.074477 0.095328
0 0.633418 0.429576 0.073906 0.096411
0 0.053100 0.128958 0.071965 0.081406
0 0.858199 0.806211 0.064539 0.087161
0 0.392127 0.562451 0.073426 0.101922
0 0.071561 0.614406 0.064582 0.092479
0 0.402324 0.159930 0.066070 0.091984
0 0.053166 0.214906 0.082293 0.094240
0 0.864639 0.298974 0.071090 0.095010
0 0.263617 0.609036 0.072469 0.103823
0 0.255619 0.042057 0.072902 0.083750
0 0.849270 0.548151 0.075859 0.091823
0 0.807146 0.754552 0.070223 0.095729
0 0.719889 0.854836 0.070191 0.095370
0 0.545328 0.771779 0.075227 0.086474
0 0.320570 0.178982 0.076266 0.098891
0 0.423129 0.248729 0.070234 0.098333
0 0.775354 0.089594 0.066254 0.097021
0 0.440051 0.711044 0.071391 0.091724
0 0.684248 0.932977 0.066871 0.082849
0 0.886242 0.037242 0.069633 0.074349
0 0.195648 0.870594 0.084078 0.120760
0 0.662898 0.581901 0.081508 0.119385
0 0.254574 0.690786 0.077937 0.092271
0 0.744162 0.614883 0.067457 0.086630
0 0.582236 0.341760 0.074051 0.105365
0 0.373637 0.736518 0.072539 0.110286
0 0.506609 0.697435 0.072648 0.098536
0 0.446301 0.799622 0.088047 0.103036
0 0.299879 0.231096 0.076602 0.100870
0 0.268400 0.872839 0.066980 0.097990
0 0.020844 0.763773 0.041586 0.084224
0 0.879209 0.215138 0.077762 0.086484
0 0.172355 0.375758 0.073531 0.108214
0 0.979965 0.281734 0.040070 0.093865
0 0.852297 0.095682 0.087742 0.114042
0 0.666664 0.233177 0.069961 0.076365
0 0.590689 0.035276 0.065496 0.070552
0 0.433287 0.496396 0.057941 0.079427
0 0.491187 0.143500 0.054031 0.078719
0 0.658650 0.355701 0.060395 0.072766
0 0.802164 0.671307 0.078227 0.078104
0 0.017430 0.909026 0.034859 0.099271
0 0.975211 0.764289 0.049578 0.098536
0 0.983135 0.390914 0.033309 0.090870
0 0.956738 0.564555 0.064000 0.098943
0 0.469127 0.024646 0.075715 0.049292
0 0.082311 0.031411 0.080441 0.061969
0 0.987111 0.889083 0.025777 0.092333
0 0.775832 0.019630 0.077977 0.038260
0 0.673498 0.986951 0.063973 0.026099
0 0.584227 0.230161 0.057992 0.083417
0 0.447717 0.625435 0.070215 0.088599
0 0.939273 0.971021 0.065984 0.056010
0 0.125127 0.566656 0.068746 0.090490
0 0.720371 0.981333 0.057437 0.035406
0 0.969072 0.469589 0.058934 0.082562
0 0.007158 0.230557 0.014316 0.097542
0 0.040428 0.398818 0.071152 0.107792
0 0.005986 0.831940 0.011480 0.080578
0 0.090191 0.992956 0.073609 0.013276
0 0.053783 0.009958 0.071996 0.019917
0 0.970621 0.968643 0.057508 0.062714
0 0.475711 0.625005 0.063172 0.086292
0 0.006283 0.143758 0.012426 0.084786
0 0.021920 0.979055 0.043840 0.039589
0 0.600426 0.983969 0.074898 0.031802
0 0.986896 0.499742 0.026207 0.110828
