0 0.843027 0.351083 0.080721 0.173167
0 0.471281 0.965729 0.086849 0.067338
0 0.979302 0.464030 0.041396 0.170310
0 0.761007 0.119713 0.087237 0.170380
0 0.227768 0.776632 0.082109 0.155394
0 0.056187 0.098218 0.083375 0.169704
0 0.154684 0.541282 0.080534 0.135806
0 0.122102 0.701826 0.080083 0.148616
1 0.742602 0.258363 0.085677 0.145412
0 0.774993 0.391819 0.083852 0.169407
0 0.188676 0.043634 0.079883 0.086870
0 0.709447 0.499819 0.088628 0.149444
1 0.944581 0.075706 0.078542 0.145477
0 0.690833 0.976681 0.076068 0.045630
0 0.422382 0.395130 0.075878 0.172426
0 0.096659 0.314030 0.073786 0.122671
0 0.607393 0.913704 0.079203 0.155824
0 0.243842 0.263090 0.075216 0.148181
0 0.216628 0.618493 0.084406 0.145477
0 0.251926 0.937396 0.067523 0.113319
0 0.906590 0.448831 0.077930 0.167755
0 0.680258 0.170646 0.075740 0.164347
0 0.619728 0.102438 0.072643 0.163505
0 0.383052 0.814688 0.080359 0.141847
0 0.857966 0.548653 0.092396 0.143093
0 0.539685 0.944627 0.068458 0.108977
0 0.496293 0.766558 0.089784 0.139208
0 0.823711 0.734285 0.076380 0.133329
0 0.905263 0.791243 0.077542 0.133032
0 0.095435 0.465113 0.086177 0.148190
0 0.031521 0.758498 0.063042 0.146644
0 0.964663 0.551690 0.070674 0.152500
0 0.995155 0.645632 0.009602 0.155236
0 0.306766 0.217049 0.072260 0.147782
0 0.612105 0.238741 0.076013 0.151713
0 0.216223 0.402194 0.091883 0.148120
0 0.657740 0.337310 0.097594 0.137315
0 0.416365 0.717257 0.084646 0.165329
0 0.456236 0.153100 0.083305 0.138236
0 0.825294 0.886120 0.084865 0.135380
0 0.477197 0.895113 0.080424 0.145477
0 0.888540 0.126069 0.088763 0.176491
0 0.613160 0.981352 0.081378 0.033556
0 0.034556 0.221336 0.069112 0.155829
0 0.465259 0.287296 0.079107 0.145676
0 0.223486 0.130833 0.076445 0.138417
0 0.993630 0.051019 0.012740 0.101074
0 0.489514 0.447192 0.079451 0.152329
0 0.193677 0.894419 0.071646 0.148032
0 0.672168 0.601190 0.083034 0.133667
0 0.128871 0.888752 0.077107 0.172699
0 0.687958 0.745426 0.088250 0.163593
0 0.063375 0.901280 0.072016 0.181171
0 0.465159 0.627979 0.081469 0.143116
0 0.155824 0.196956 0.077883 0.189829
0 0.531923 0.232005 0.080331 0.159685
0 0.462742 0.024537 0.091005 0.049056
0 0.754827 0.895699 0.082289 0.170741
0 0.391277 0.229961 0.078190 0.153292
0 0.327773 0.884206 0.073469 0.138079
0 0.182053 0.984535 0.074315 0.028940
0 0.900978 0.660826 0.086247 0.136301
0 0.676316 0.886160 0.071352 0.131190
0 0.862384 0.022428 0.088451 0.044727
0 0.019900 0.935428 0.039799 0.129069
