0 0.532685 0.364898 0.086349 0.196648
0 0.545500 0.517903 0.093635 0.148806
0 0.659594 0.522648 0.085417 0.138630
0 0.102544 0.948815 0.088203 0.101519
0 0.660635 0.871699 0.089740 0.159083
0 0.520615 0.689454 0.091229 0.188685
0 0.282062 0.951273 0.094396 0.091565
0 0.686258 0.271681 0.086953 0.156028
0 0.576008 0.167880 0.079880 0.169815
0 0.621310 0.282208 0.073297 0.194806
0 0.630133 0.595634 0.106870 0.156991
0 0.616273 0.113611 0.066224 0.168481
0 0.021323 0.896477 0.042385 0.134435
0 0.585609 0.043870 0.090781 0.087741
0 0.738753 0.898296 0.095214 0.180000
0 0.558211 0.288819 0.084255 0.197306
2 0.603159 0.443023 0.086661 0.172157
0 0.036229 0.956519 0.070708 0.084093
0 0.537656 0.942741 0.081083 0.114481
0 0.569484 0.658847 0.103896 0.157880
0 0.013443 0.768843 0.026781 0.169148
0 0.603734 0.928648 0.093542 0.142704
0 0.574857 0.813273 0.122359 0.178880
0 0.218242 0.978398 0.085797 0.038093
0 0.992729 0.953185 0.014542 0.093630
0 0.390539 0.976380 0.078620 0.042019
0 0.670583 0.122560 0.076187 0.182157
0 0.668716 0.396481 0.083672 0.143556
0 0.650714 0.725569 0.092990 0.144083
0 0.478331 0.807486 0.088432 0.212343
