0 0.050882 0.140162 0.087945 0.151806
0 0.358448 0.489817 0.091687 0.150449
0 0.402850 0.352789 0.086612 0.140208
0 0.147674 0.648215 0.081078 0.146014
0 0.065757 0.406389 0.082315 0.142472
0 0.242880 0.584368 0.084542 0.135856
0 0.170212 0.526405 0.080951 0.135681
0 0.414596 0.223072 0.082250 0.139079
0 0.499773 0.265035 0.088813 0.131856
0 0.091680 0.542664 0.081896 0.132801
0 0.052526 0.712623 0.090349 0.144495
0 0.212637 0.716116 0.083732 0.148870
0 0.705807 0.019975 0.091786 0.039949
0 0.555324 0.036248 0.091018 0.072495
0 0.454171 0.428067 0.082831 0.144440
0 0.475271 0.629806 0.077490 0.130204
0 0.036027 0.060910 0.072055 0.121616
0 0.425066 0.540056 0.082659 0.141926
0 0.641033 0.346396 0.088216 0.157505
0 0.292488 0.930523 0.082456 0.138954
0 0.456285 0.743940 0.088753 0.144611
0 0.938191 0.307771 0.099315 0.146153
0 0.759383 0.580981 0.091099 0.136593
0 0.266107 0.805762 0.082188 0.127319
0 0.784801 0.700046 0.076013 0.138722
0 0.521891 0.388856 0.077193 0.142343
0 0.876414 0.070222 0.079865 0.136676
0 0.626145 0.769947 0.074185 0.134773
0 0.834096 0.394773 0.084010 0.136963
0 0.957552 0.716164 0.084271 0.145106
0 0.144690 0.406056 0.089594 0.147259
0 0.331094 0.623308 0.071276 0.132597
0 0.702086 0.307965 0.078536 0.148468
0 0.837303 0.562750 0.085503 0.151028
0 0.762047 0.265079 0.075036 0.135426
0 0.965065 0.422560 0.069870 0.144315
0 0.149944 0.782565 0.080044 0.150843
0 0.377474 0.737514 0.083557 0.137648
0 0.395328 0.626185 0.073589 0.127380
0 0.256951 0.107461 0.085083 0.146153
0 0.217684 0.895743 0.086997 0.154736
0 0.402779 0.903755 0.082495 0.155000
0 0.510289 0.145287 0.091609 0.148602
0 0.026457 0.599484 0.052763 0.131579
0 0.212852 0.336451 0.077109 0.152995
0 0.118983 0.174833 0.080128 0.133889
0 0.589447 0.150447 0.086513 0.161153
0 0.510367 0.531458 0.082698 0.146120
0 0.184583 0.205486 0.076255 0.145231
0 0.901893 0.497697 0.087422 0.151699
0 0.082263 0.279822 0.084724 0.144968
0 0.890103 0.847072 0.090643 0.155181
0 0.286878 0.710694 0.081927 0.143556
0 0.744671 0.812500 0.078211 0.128111
0 0.642089 0.648023 0.078411 0.147741
0 0.465746 0.875139 0.073727 0.138954
0 0.175245 0.052243 0.090318 0.104486
4 0.279762 0.290028 0.089612 0.159824
0 0.992590 0.908937 0.014622 0.152569
0 0.984280 0.114361 0.031299 0.139019
0 0.745531 0.405537 0.079932 0.134130
0 0.388016 0.025315 0.097177 0.050630
0 0.804201 0.037900 0.081234 0.074329
0 0.624703 0.965678 0.080625 0.067921
0 0.283523 0.031062 0.082771 0.061773
0 0.101513 0.040028 0.081380 0.078417
0 0.767904 0.459523 0.081203 0.143370
0 0.981309 0.560245 0.037383 0.157241
0 0.350483 0.953458 0.082247 0.091824
0 0.880743 0.957435 0.086138 0.085130
0 0.016547 0.483331 0.033052 0.137014
0 0.692051 0.455032 0.080831 0.147213
0 0.561609 0.945528 0.077807 0.107759
0 0.696947 0.960072 0.083513 0.078977
0 0.691716 0.860713 0.068797 0.140167
0 0.700479 0.738444 0.090984 0.140213
0 0.395833 0.105361 0.076969 0.125722
0 0.941283 0.047169 0.083570 0.093588
0 0.822954 0.874028 0.073888 0.142472
0 0.512408 0.766282 0.082602 0.142130
0 0.719518 0.166940 0.077266 0.129870
0 0.754583 0.899741 0.082214 0.140694
0 0.172436 0.945863 0.070081 0.107634
0 0.777249 0.101681 0.090977 0.161880
0 0.470849 0.051833 0.087479 0.102213
0 0.835251 0.274065 0.088482 0.134259
0 0.024618 0.337488 0.049237 0.155051
0 0.932915 0.594894 0.089378 0.152306
0 0.963294 0.849088 0.073161 0.140759
0 0.646195 0.497000 0.084177 0.150389
0 0.846609 0.755188 0.081667 0.133866
0 0.727185 0.670106 0.068443 0.130491
0 0.845927 0.180000 0.091917 0.137213
0 0.669643 0.086688 0.081719 0.146236
0 0.951126 0.930058 0.088211 0.139449
0 0.301951 0.415347 0.083807 0.145278
0 0.338525 0.169178 0.078242 0.144569
0 0.651656 0.205433 0.079760 0.149671
0 0.035505 0.806581 0.071010 0.140023
0 0.042072 0.924535 0.084143 0.138875
0 0.575116 0.609454 0.084471 0.159028
0 0.593839 0.425181 0.081714 0.144176
0 0.877266 0.663970 0.089583 0.142106
0 0.524760 0.892241 0.080443 0.150676
0 0.652346 0.885208 0.081047 0.133417
0 0.103234 0.872417 0.077458 0.159269
0 0.932931 0.175454 0.093091 0.151019
