0 0.978281 0.633682 0.042719 0.082448
0 0.440490 0.599023 0.066340 0.077672
0 0.881342 0.145052 0.067426 0.091885
0 0.079646 0.011073 0.073809 0.022146
0 0.679951 0.946776 0.069145 0.102167
0 0.091953 0.375471 0.072516 0.093182
0 0.307287 0.105172 0.070598 0.097594
0 0.915391 0.229813 0.071078 0.101052
0 0.814658 0.487995 0.069324 0.098010
0 0.775408 0.215917 0.075020 0.101000
0 0.780646 0.637021 0.072199 0.095344
0 0.915953 0.073984 0.078305 0.092740
0 0.809326 0.735682 0.071551 0.086292
0 0.712410 0.676141 0.069211 0.123823
0 0.856557 0.138872 0.072277 0.102161
0 0.977646 0.273073 0.044707 0.099354
0 0.981627 0.510716 0.036746 0.086557
0 0.683643 0.391453 0.071473 0.079219
0 0.821180 0.073951 0.077570 0.106620
0 0.488525 0.092013 0.073520 0.101234
0 0.298684 0.324513 0.068000 0.082724
0 0.752049 0.185034 0.068504 0.079245
0 0.779102 0.540458 0.066187 0.088198
0 0.646807 0.263680 0.074895 0.090141
0 0.357486 0.446094 0.069270 0.105198
0 0.547447 0.948049 0.076512 0.099672
0 0.052178 0.105789 0.074746 0.105578
0 0.319400 0.237831 0.068730 0.092620
0 0.991078 0.957549 0.017844 0.084901
0 0.974287 0.547891 0.051098 0.090240
0 0.166779 0.026682 0.075066 0.052740
0 0.113213 0.595505 0.067207 0.082146
0 0.885395 0.554945 0.075711 0.094057
0 0.016410 0.569049 0.032820 0.092245
0 0.015412 0.887763 0.030652 0.095016
0 0.226707 0.271076 0.074016 0.089766
0 0.178340 0.194008 0.069437 0.092297
0 0.984910 0.876031 0.029422 0.089802
0 0.992912 0.174703 0.014176 0.080094
0 0.787301 0.022151 0.067469 0.044302
0 0.381891 0.287633 0.071180 0.096807
0 0.739961 0.457424 0.074102 0.078078
0 0.663094 0.853570 0.072773 0.084797
0 0.918098 0.008177 0.076820 0.016354
0 0.672383 0.577232 0.061297 0.085422
0 0.743402 0.868247 0.070656 0.092828
0 0.006711 0.789823 0.013227 0.097125
0 0.337086 0.973156 0.064094 0.052823
0 0.013313 0.028393 0.024750 0.054984
0 0.013039 0.377477 0.026078 0.096234
0 0.373375 0.129047 0.049180 0.082021
0 0.946180 0.225727 0.065125 0.098620
0 0.465355 0.337586 0.072086 0.081380
0 0.597525 0.022786 0.074238 0.044708
0 0.988572 0.256096 0.022473 0.087109
0 0.651449 0.053294 0.071117 0.084339
0 0.053557 0.209375 0.074957 0.098292
0 0.361783 0.388878 0.069027 0.080432
0 0.990629 0.713833 0.018430 0.091115
0 0.473982 0.959974 0.070176 0.080052
0 0.973033 0.041461 0.053934 0.080630
0 0.565369 0.371432 0.076996 0.098187
0 0.147832 0.992253 0.073109 0.014224
0 0.128793 0.748055 0.076641 0.091891
0 0.027686 0.292596 0.055371 0.087224
1 0.414635 0.484055 0.064918 0.102818
0 0.479180 0.367560 0.080820 0.093005
0 0.425137 0.038758 0.072984 0.077057
0 0.926814 0.473305 0.073715 0.086318
0 0.803953 0.951885 0.077461 0.092146
0 0.678711 0.342867 0.072695 0.089922
0 0.460148 0.787565 0.059273 0.105880
0 0.939518 0.348854 0.070793 0.096792
0 0.045400 0.908052 0.073254 0.091073
0 0.659359 0.715607 0.059609 0.131141
0 0.558170 0.455932 0.066059 0.084260
0 0.752857 0.102245 0.076598 0.087000
0 0.413195 0.712385 0.074477 0.093073
0 0.745908 0.966380 0.071934 0.067240
0 0.048455 0.782042 0.073879 0.097208
0 0.216078 0.392253 0.061141 0.081703
0 0.846262 0.818518 0.073781 0.086161
0 0.241332 0.121820 0.062383 0.083901
0 0.033982 0.717839 0.067676 0.085563
0 0.358812 0.776815 0.074609 0.097005
0 0.285873 0.503284 0.066738 0.083818
0 0.880916 0.731510 0.064848 0.107469
0 0.946311 0.732768 0.067715 0.086464
0 0.153045 0.210180 0.065441 0.097411
0 0.230729 0.664070 0.077410 0.091161
0 0.638805 0.421148 0.069875 0.090828
0 0.093770 0.634565 0.071578 0.091380
0 0.582732 0.794823 0.075480 0.097906
0 0.085318 0.512440 0.063605 0.098286
0 0.671387 0.204383 0.072977 0.103578
0 0.173104 0.098966 0.076996 0.092453
0 0.306818 0.911049 0.065941 0.082495
0 0.899096 0.904729 0.061973 0.085760
0 0.396285 0.933807 0.068609 0.090667
0 0.481365 0.449591 0.078090 0.084349
0 0.796244 0.307456 0.062762 0.084849
0 0.500936 0.524250 0.074059 0.085833
0 0.254154 0.862797 0.071395 0.091687
0 0.238641 0.038148 0.057977 0.072943
0 0.900588 0.974208 0.079285 0.051458
0 0.095889 0.853990 0.061645 0.078250
0 0.569887 0.056609 0.073438 0.094490
0 0.023664 0.967331 0.047148 0.064099
0 0.867391 0.370565 0.077828 0.095161
0 0.626102 0.207070 0.071812 0.100516
0 0.736867 0.266940 0.073828 0.085359
0 0.359889 0.644448 0.070535 0.090344
0 0.155451 0.411180 0.064059 0.090120
0 0.377648 0.556862 0.067633 0.085370
0 0.396785 0.830469 0.077297 0.102229
0 0.501471 0.706195 0.065418 0.091005
0 0.555451 0.264404 0.065848 0.085714
0 0.031074 0.605422 0.062148 0.090552
0 0.202967 0.808568 0.064840 0.082271
0 0.415854 0.195961 0.062809 0.104818
0 0.750611 0.028060 0.064910 0.055089
0 0.027730 0.478086 0.055461 0.091068
0 0.244773 0.752357 0.074453 0.083828
0 0.689518 0.527388 0.067910 0.095276
0 0.625127 0.513930 0.071590 0.093568
0 0.297354 0.027424 0.067121 0.054307
0 0.139369 0.453823 0.070770 0.090844
0 0.271430 0.343083 0.075516 0.089844
0 0.032619 0.422841 0.064270 0.093349
0 0.143330 0.575992 0.066043 0.087026
0 0.746732 0.500531 0.064699 0.089208
0 0.229549 0.947620 0.063816 0.085271
0 0.286947 0.972240 0.065441 0.054260
0 0.641328 0.100211 0.077281 0.103120
0 0.600727 0.755057 0.066344 0.087854
0 0.454809 0.638958 0.072570 0.093417
0 0.544088 0.148482 0.061707 0.090214
0 0.202076 0.499255 0.070473 0.086031
0 0.305561 0.820276 0.067801 0.086302
0 0.793480 0.396211 0.068500 0.087578
0 0.616975 0.942154 0.059191 0.095130
0 0.858340 0.903383 0.074437 0.084943
0 0.202117 0.969799 0.068070 0.060401
0 0.079686 0.290052 0.061059 0.079865
0 0.439238 0.240755 0.067500 0.090927
0 0.597803 0.615773 0.064129 0.095286
0 0.286033 0.425464 0.071621 0.087823
0 0.918084 0.641234 0.081301 0.098698
0 0.253012 0.579669 0.072320 0.089641
0 0.083594 0.971716 0.074313 0.055651
0 0.529521 0.606263 0.071918 0.090776
0 0.322094 0.619914 0.069938 0.093266
0 0.176430 0.663674 0.076672 0.099672
0 0.964984 0.813924 0.069859 0.079297
0 0.748975 0.370081 0.071152 0.094599
0 0.843168 0.241849 0.071469 0.104562
