1 0.812915 0.499000 0.089815 0.139676
0 0.945172 0.347706 0.089318 0.129486
0 0.746794 0.702069 0.089458 0.147750
0 0.577247 0.334412 0.089995 0.127870
0 0.745421 0.561852 0.092763 0.146130
0 0.560309 0.092019 0.084435 0.141944
0 0.279553 0.761275 0.090221 0.147995
0 0.553724 0.220259 0.094734 0.141759
0 0.043035 0.349243 0.081331 0.156440
0 0.613138 0.567419 0.086729 0.144051
0 0.029086 0.574692 0.058172 0.139542
0 0.371648 0.937664 0.099516 0.124671
0 0.408970 0.088035 0.090008 0.147727
0 0.111178 0.383898 0.089237 0.139898
0 0.623689 0.751965 0.082315 0.150458
0 0.680767 0.298699 0.089612 0.134481
0 0.379090 0.709660 0.090055 0.157755
0 0.254794 0.079956 0.097948 0.155319
0 0.679773 0.838002 0.089526 0.148819
0 0.673273 0.652900 0.082516 0.138792
0 0.268484 0.502211 0.092042 0.146708
0 0.129014 0.139655 0.088919 0.157505
0 0.656859 0.175648 0.094474 0.150213
0 0.560928 0.692243 0.084117 0.149838
0 0.940211 0.066678 0.089036 0.133356
0 0.084199 0.503083 0.086883 0.127315
0 0.577958 0.451421 0.095307 0.141259
0 0.155566 0.282560 0.086310 0.135722
0 0.202085 0.182067 0.088893 0.147273
0 0.049642 0.197692 0.091424 0.144431
0 0.233508 0.634817 0.088422 0.151495
0 0.160202 0.544088 0.090508 0.137565
0 0.069668 0.067398 0.082508 0.133731
0 0.423254 0.576671 0.080779 0.142759
0 0.478767 0.638396 0.087440 0.132977
0 0.420777 0.434394 0.096018 0.156472
0 0.358267 0.518606 0.091565 0.155343
0 0.310357 0.624676 0.085130 0.145278
0 0.332432 0.117220 0.085359 0.143588
0 0.300310 0.242319 0.090453 0.155444
0 0.531434 0.554535 0.094602 0.155532
0 0.988033 0.314227 0.023935 0.148630
0 0.982717 0.601125 0.034565 0.158861
0 0.008549 0.829998 0.016505 0.129903
0 0.629302 0.064227 0.105219 0.128454
0 0.009707 0.262120 0.019039 0.136028
0 0.913176 0.703660 0.090747 0.137838
0 0.010615 0.390375 0.020359 0.142657
0 0.941827 0.881641 0.090471 0.156116
0 0.981007 0.808190 0.037987 0.152259
0 0.574681 0.965132 0.093461 0.068606
0 0.371098 0.321021 0.091617 0.156829
0 0.791703 0.035431 0.096609 0.068676
0 0.504372 0.050813 0.082833 0.100097
0 0.843824 0.912109 0.096039 0.141912
0 0.832880 0.165549 0.088776 0.151403
0 0.710392 0.944546 0.094565 0.105713
0 0.929879 0.579727 0.088253 0.155102
0 0.780117 0.381486 0.092292 0.151556
0 0.287076 0.880363 0.094083 0.128875
0 0.212251 0.769935 0.083148 0.138426
0 0.851738 0.611859 0.087612 0.133014
0 0.009138 0.940144 0.017464 0.104500
0 0.850296 0.755391 0.090268 0.149532
0 0.464510 0.853671 0.091349 0.170435
0 0.930581 0.193905 0.090161 0.143921
0 0.408108 0.815671 0.074534 0.126815
0 0.264565 0.361523 0.086786 0.137009
0 0.133081 0.770646 0.085911 0.136153
0 0.017158 0.111340 0.034315 0.150644
0 0.459310 0.725870 0.098328 0.139676
0 0.862826 0.057488 0.082599 0.114977
0 0.701402 0.428924 0.092628 0.147301
0 0.504173 0.945088 0.081294 0.109824
0 0.104042 0.635035 0.094995 0.150449
