0 0.661452 0.331396 0.090523 0.136421
0 0.967842 0.827667 0.060310 0.147741
0 0.040168 0.624051 0.080336 0.128407
0 0.674371 0.444604 0.095102 0.154671
0 0.157406 0.086069 0.099057 0.140269
0 0.358717 0.908410 0.112346 0.149486
0 0.219219 0.671634 0.101542 0.150481
0 0.381988 0.197014 0.095065 0.135972
0 0.132238 0.691481 0.087586 0.155083
0 0.130646 0.186692 0.117354 0.119995
0 0.653413 0.872417 0.100055 0.122880
0 0.591017 0.158931 0.078784 0.129630
0 0.208523 0.038433 0.129833 0.076866
0 0.285410 0.535144 0.101289 0.134398
0 0.376109 0.653007 0.126151 0.104931
0 0.428598 0.555606 0.093003 0.152407
0 0.120586 0.527778 0.117865 0.132759
0 0.041857 0.197924 0.081953 0.140949
0 0.053827 0.301053 0.100367 0.114755
0 0.130254 0.382905 0.080112 0.104931
0 0.176755 0.343613 0.084714 0.121301
0 0.480624 0.243759 0.132596 0.157315
0 0.441027 0.289595 0.104971 0.137671
0 0.895447 0.837169 0.115102 0.136032
0 0.821323 0.874002 0.106812 0.140949
0 0.795539 0.648914 0.095766 0.136032
0 0.854471 0.648097 0.082875 0.124574
0 0.898671 0.064509 0.117862 0.126213
0 0.925835 0.155361 0.100367 0.134398
0 0.940566 0.278137 0.105893 0.140949
0 0.790935 0.130889 0.099448 0.183343
0 0.839279 0.120984 0.085635 0.137671
0 0.767915 0.216748 0.101289 0.145856
0 0.596646 0.261766 0.099448 0.114755
0 0.711746 0.222477 0.103133 0.134398
0 0.766995 0.368169 0.108656 0.144218
0 0.801525 0.482759 0.120628 0.101657
0 0.717271 0.818345 0.114182 0.127847
0 0.753182 0.710303 0.084714 0.140949
0 0.042798 0.860905 0.085596 0.144218
0 0.102630 0.818345 0.085635 0.121301
0 0.190107 0.899377 0.083792 0.139310
0 0.226018 0.828984 0.118786 0.136032
0 0.471879 0.955049 0.118794 0.089903
0 0.465889 0.871546 0.151013 0.103296
0 0.487068 0.799519 0.108656 0.106565
0 0.598486 0.823255 0.088398 0.140944
0 0.581452 0.523685 0.131674 0.134398
0 0.584674 0.423009 0.082875 0.126213
0 0.251801 0.583435 0.083794 0.126213
0 0.188266 0.498310 0.098526 0.116389
