0 0.008637 0.295810 0.017273 0.133620
1 0.247335 0.132387 0.101492 0.150606
0 0.128178 0.968655 0.102227 0.062690
0 0.351602 0.048958 0.086594 0.097917
1 0.363380 0.566866 0.086198 0.131704
1 0.190974 0.844326 0.084146 0.134708
0 0.061469 0.024234 0.103938 0.048468
1 0.568086 0.619574 0.084583 0.144519
0 0.828250 0.968451 0.082547 0.063097
0 0.959509 0.032167 0.080945 0.064333
0 0.332299 0.443197 0.089276 0.156079
0 0.844365 0.030354 0.087198 0.060708
0 0.971051 0.244789 0.057732 0.134884
0 0.148702 0.562609 0.087555 0.182569
0 0.990654 0.829812 0.017974 0.158384
0 0.975868 0.108000 0.047362 0.154250
0 0.977112 0.950398 0.044437 0.093954
0 0.402659 0.921692 0.093307 0.108282
0 0.045268 0.671132 0.089786 0.175088
0 0.839320 0.286757 0.083078 0.155431
0 0.571833 0.218088 0.095729 0.143389
0 0.667258 0.062634 0.083469 0.125269
0 0.730546 0.115569 0.090857 0.135093
0 0.881176 0.317306 0.068451 0.139157
0 0.277208 0.040116 0.083552 0.080231
0 0.537820 0.959475 0.078380 0.079792
0 0.939775 0.866222 0.093602 0.156704
0 0.603473 0.143919 0.094081 0.172736
0 0.468596 0.720412 0.083370 0.166167
0 0.967408 0.415002 0.065185 0.136968
0 0.881629 0.446755 0.098883 0.157843
0 0.194559 0.045606 0.077164 0.090694
0 0.020333 0.429134 0.040667 0.150667
0 0.914526 0.753451 0.091812 0.141190
0 0.189891 0.496301 0.090115 0.170444
0 0.681757 0.488567 0.088133 0.154394
0 0.884630 0.059523 0.089823 0.115370
0 0.255526 0.463484 0.079047 0.140569
0 0.550470 0.347706 0.087289 0.172579
0 0.042025 0.089986 0.083909 0.156056
0 0.794908 0.360484 0.082049 0.143032
0 0.937596 0.585639 0.088844 0.157750
0 0.083536 0.590370 0.084469 0.169250
0 0.815354 0.166539 0.092109 0.146903
0 0.155526 0.137789 0.091198 0.159727
0 0.309264 0.746382 0.083622 0.151829
0 0.228354 0.382688 0.079807 0.145375
0 0.591260 0.923211 0.099786 0.153245
0 0.458822 0.831912 0.089326 0.169000
0 0.792415 0.699074 0.086018 0.125065
0 0.314141 0.865289 0.094854 0.152894
0 0.387952 0.790917 0.077023 0.157028
0 0.617625 0.812484 0.090443 0.185856
0 0.849677 0.868829 0.094401 0.159231
0 0.095355 0.365678 0.097487 0.168579
0 0.492954 0.132667 0.086190 0.164241
0 0.160930 0.307039 0.084135 0.155208
0 0.807245 0.616259 0.090151 0.146028
0 0.037518 0.231329 0.074214 0.153611
0 0.545438 0.768743 0.081391 0.193986
0 0.412414 0.120287 0.087365 0.153528
0 0.099251 0.863458 0.076336 0.132083
0 0.216639 0.743597 0.088852 0.151176
0 0.709953 0.943275 0.089047 0.109051
0 0.607549 0.514998 0.093687 0.165153
0 0.647342 0.694595 0.088424 0.150319
0 0.495783 0.437903 0.090820 0.172148
0 0.440953 0.347907 0.089083 0.149917
0 0.753928 0.810565 0.091737 0.149139
0 0.430720 0.527042 0.076826 0.153843
0 0.265496 0.267972 0.104784 0.161074
0 0.621681 0.334609 0.083935 0.157162
0 0.115315 0.729375 0.090755 0.157157
0 0.891103 0.944109 0.079654 0.111255
