0 0.632536 0.279093 0.084552 0.146185
0 0.582919 0.068796 0.087974 0.137593
0 0.591336 0.181972 0.088318 0.136278
0 0.134185 0.211319 0.091276 0.138435
0 0.748844 0.834093 0.084240 0.151722
0 0.457474 0.565074 0.077896 0.163130
0 0.056190 0.118843 0.098453 0.130944
0 0.913323 0.598157 0.091437 0.156741
0 0.450932 0.926208 0.100135 0.135787
0 0.236221 0.513296 0.094286 0.140093
0 0.582836 0.517111 0.075130 0.129704
0 0.423706 0.447088 0.066307 0.142398
0 0.778089 0.100472 0.085667 0.153222
0 0.348422 0.735329 0.081833 0.140731
0 0.712792 0.056204 0.077240 0.110963
0 0.164628 0.666972 0.078193 0.151722
0 0.855049 0.276866 0.077151 0.159972
0 0.168565 0.096829 0.084099 0.130454
0 0.906958 0.171509 0.084667 0.134296
0 0.859245 0.423208 0.085604 0.151102
0 0.445667 0.711352 0.088531 0.138074
0 0.815620 0.236444 0.080094 0.145074
0 0.425018 0.858477 0.085151 0.128083
0 0.794500 0.924630 0.088854 0.122537
0 0.066849 0.366773 0.076437 0.136139
0 0.146477 0.045750 0.075839 0.090130
0 0.708557 0.404468 0.075885 0.160083
0 0.643513 0.592546 0.078068 0.135204
0 0.068292 0.448431 0.066167 0.123972
0 0.844875 0.040477 0.082781 0.076991
0 0.453773 0.067986 0.091953 0.135972
0 0.539568 0.962995 0.083385 0.073472
0 0.982307 0.800907 0.035115 0.148907
0 0.719294 0.947606 0.087797 0.104787
0 0.025323 0.219676 0.049708 0.123722
0 0.977380 0.121255 0.041802 0.155009
0 0.900081 0.098250 0.081995 0.128241
0 0.070411 0.034083 0.081083 0.066593
0 0.475240 0.127940 0.065167 0.128824
0 0.024456 0.290986 0.048682 0.135065
0 0.476245 0.755889 0.082531 0.129981
0 0.618128 0.877727 0.086026 0.157120
0 0.127742 0.519417 0.086005 0.147556
0 0.208930 0.382023 0.083964 0.153139
0 0.270805 0.295111 0.089641 0.161574
0 0.109992 0.647093 0.080526 0.139852
0 0.292831 0.947106 0.090630 0.104935
0 0.305750 0.095644 0.087000 0.132287
0 0.919451 0.348051 0.086432 0.152287
0 0.764216 0.497634 0.087776 0.154954
0 0.671630 0.353731 0.082469 0.140593
0 0.514156 0.229495 0.078792 0.117454
0 0.137398 0.338667 0.082609 0.141593
0 0.045156 0.559074 0.082896 0.138833
0 0.513747 0.491250 0.079786 0.143056
0 0.473875 0.361718 0.084583 0.162620
0 0.550414 0.755662 0.082057 0.151120
0 0.822885 0.597148 0.077771 0.141204
0 0.879039 0.935005 0.090443 0.129417
0 0.205102 0.749333 0.100547 0.124278
0 0.116773 0.913259 0.080245 0.156556
0 0.813977 0.755296 0.084495 0.142296
0 0.757216 0.343838 0.089620 0.184824
0 0.595690 0.392912 0.084120 0.143102
0 0.425911 0.200046 0.078979 0.141630
0 0.540107 0.610676 0.080964 0.135926
0 0.619229 0.729477 0.076052 0.166639
0 0.684456 0.778819 0.085547 0.151065
0 0.371312 0.371644 0.079292 0.149324
0 0.357714 0.223046 0.087292 0.171093
0 0.818615 0.963718 0.096479 0.072565
0 0.207734 0.970338 0.098073 0.059324
0 0.018617 0.414551 0.037234 0.159972
0 0.251089 0.053185 0.107406 0.106370
0 0.641479 0.973477 0.098635 0.053046
0 0.045758 0.707093 0.085870 0.161000
0 0.920065 0.809056 0.096255 0.159926
0 0.644055 0.024972 0.084224 0.045130
0 0.977802 0.256764 0.039375 0.149380
0 0.387276 0.974431 0.088792 0.051139
0 0.018260 0.812426 0.036521 0.154093
0 0.955573 0.981921 0.083396 0.033917
3 0.525917 0.129116 0.073479 0.128361
0 0.232229 0.596245 0.086625 0.155472
0 0.304172 0.626866 0.087656 0.130546
0 0.261010 0.791977 0.080406 0.145898
0 0.243917 0.215000 0.085917 0.139667
0 0.306638 0.453528 0.091807 0.137037
0 0.064042 0.846843 0.071281 0.155296
0 0.988169 0.944500 0.023661 0.108426
0 0.682482 0.647218 0.088120 0.142231
