0 0.675034 0.731546 0.108411 0.159481
0 0.604503 0.104852 0.096974 0.192148
0 0.418581 0.158671 0.104286 0.158065
0 0.567214 0.462139 0.095635 0.203093
0 0.473648 0.271963 0.116182 0.186963
0 0.104424 0.173296 0.104203 0.183370
0 0.904846 0.713616 0.109109 0.180009
0 0.653260 0.441463 0.101896 0.194611
2 0.370544 0.487019 0.094891 0.177704
0 0.039492 0.988403 0.078984 0.023194
0 0.010852 0.839551 0.021474 0.160472
0 0.636023 0.018829 0.102266 0.032639
0 0.977255 0.064736 0.041885 0.124046
0 0.011633 0.193486 0.023036 0.196287
0 0.458742 0.976000 0.108057 0.048000
0 0.119836 0.971773 0.121630 0.055398
0 0.092396 0.041583 0.114917 0.082833
0 0.284497 0.077292 0.103568 0.154583
0 0.757102 0.558181 0.104589 0.169380
0 0.972344 0.448352 0.055313 0.169815
0 0.750758 0.026810 0.094484 0.053620
0 0.982391 0.900833 0.034906 0.171093
0 0.170125 0.072880 0.101615 0.145759
0 0.976086 0.209495 0.045630 0.158898
0 0.771911 0.141069 0.098354 0.151176
0 0.017271 0.572065 0.034323 0.184944
0 0.275302 0.944722 0.102948 0.110556
0 0.365727 0.964282 0.106255 0.071435
0 0.701263 0.942856 0.088609 0.111620
0 0.037724 0.090394 0.075448 0.180787
0 0.095789 0.734111 0.121745 0.186444
0 0.362937 0.080444 0.077250 0.160889
0 0.480034 0.417819 0.145297 0.219787
0 0.430185 0.051778 0.102568 0.101944
0 0.586924 0.919810 0.110297 0.154676
0 0.780789 0.942657 0.090995 0.114685
0 0.181508 0.658352 0.095620 0.157611
0 0.965091 0.607375 0.069818 0.178917
0 0.834781 0.051806 0.093323 0.103519
0 0.675596 0.864130 0.103734 0.139056
0 0.222328 0.810194 0.099948 0.169204
0 0.795549 0.319222 0.095609 0.198944
0 0.733953 0.407116 0.090188 0.164972
0 0.124771 0.892551 0.117354 0.170324
0 0.873117 0.911755 0.107995 0.167602
0 0.457974 0.886069 0.100229 0.156528
0 0.638070 0.254046 0.092745 0.156259
0 0.686969 0.089468 0.092188 0.178935
0 0.883326 0.299236 0.102901 0.163102
0 0.784219 0.796389 0.111740 0.171907
0 0.330065 0.855116 0.121016 0.176380
0 0.636807 0.600944 0.103229 0.150926
0 0.314586 0.391204 0.104474 0.169630
0 0.092229 0.587801 0.121667 0.150880
0 0.905859 0.149343 0.108875 0.180407
0 0.330591 0.617866 0.105089 0.174491
0 0.518083 0.080796 0.105406 0.161593
0 0.280253 0.249171 0.109005 0.184231
0 0.424859 0.739713 0.109625 0.190796
