0 0.886320 0.431245 0.082635 0.143009
0 0.555733 0.306900 0.090284 0.157838
0 0.902753 0.865910 0.088474 0.152690
0 0.205661 0.751477 0.084266 0.140870
0 0.772936 0.749521 0.085826 0.144144
0 0.597960 0.889801 0.093122 0.154111
0 0.718404 0.830771 0.084740 0.144125
0 0.816909 0.482667 0.082073 0.142602
0 0.958759 0.784588 0.082482 0.147426
0 0.440583 0.873586 0.077901 0.129616
0 0.248327 0.889111 0.085815 0.134741
0 0.348410 0.525451 0.083820 0.145569
0 0.226908 0.425919 0.078971 0.126532
0 0.618137 0.745822 0.089060 0.136190
0 0.605402 0.615384 0.093341 0.135083
0 0.805380 0.343238 0.080188 0.139838
0 0.966342 0.926669 0.067315 0.146662
0 0.727987 0.625405 0.079432 0.149338
0 0.133296 0.554785 0.084258 0.139958
0 0.659293 0.087454 0.077320 0.137907
0 0.112483 0.773914 0.076346 0.139125
0 0.376535 0.629394 0.077961 0.136685
0 0.297829 0.378183 0.088273 0.142940
0 0.505172 0.946806 0.084141 0.106389
0 0.859294 0.627493 0.085714 0.140329
0 0.618605 0.473516 0.082555 0.156523
0 0.552784 0.472678 0.075797 0.139042
0 0.301303 0.702157 0.086732 0.149333
0 0.455108 0.596998 0.089299 0.129579
0 0.262488 0.545169 0.085878 0.136921
0 0.952257 0.355275 0.081456 0.151005
0 0.690354 0.939979 0.076677 0.117653
0 0.135842 0.188919 0.080497 0.151708
0 0.432221 0.196426 0.098036 0.158130
0 0.655865 0.218574 0.086068 0.136769
0 0.397789 0.414076 0.094568 0.144282
0 0.857613 0.192632 0.084701 0.137069
0 0.446292 0.465655 0.081385 0.150579
0 0.081202 0.108921 0.081529 0.161907
0 0.231706 0.040023 0.082365 0.079769
0 0.938759 0.160225 0.084086 0.151551
0 0.651624 0.339822 0.096674 0.137634
0 0.891277 0.258039 0.078534 0.138134
0 0.370857 0.910727 0.076557 0.143370
0 0.962185 0.559132 0.075490 0.135569
0 0.094477 0.442572 0.069562 0.138347
0 0.698517 0.433319 0.087117 0.131861
0 0.259184 0.140829 0.080815 0.117463
0 0.855219 0.963662 0.083328 0.071269
0 0.402888 0.302664 0.080724 0.119273
0 0.211182 0.223785 0.070880 0.177940
0 0.026620 0.082410 0.053240 0.142866
0 0.345069 0.117058 0.079128 0.132921
0 0.516251 0.670958 0.087034 0.138417
0 0.273229 0.259150 0.079307 0.170579
0 0.127832 0.647558 0.095815 0.130514
0 0.707161 0.160113 0.091672 0.147542
0 0.347777 0.204706 0.082372 0.115218
0 0.038108 0.457634 0.074914 0.137843
0 0.542792 0.064836 0.089052 0.127282
0 0.749180 0.078250 0.105276 0.156296
0 0.043835 0.302123 0.075674 0.178440
0 0.096901 0.281938 0.080224 0.190560
0 0.845935 0.053972 0.085031 0.107944
0 0.981013 0.642199 0.037974 0.135796
0 0.024096 0.342025 0.048193 0.138134
0 0.982902 0.453144 0.034195 0.157380
0 0.288579 0.963238 0.087727 0.071801
0 0.210811 0.973039 0.084216 0.051856
0 0.478236 0.144426 0.101987 0.145296
0 0.490943 0.093597 0.056516 0.095870
0 0.384376 0.019449 0.073138 0.038898
0 0.489447 0.743852 0.083586 0.155407
0 0.797552 0.064414 0.089526 0.118903
0 0.050484 0.015225 0.085661 0.030060
1 0.554052 0.784833 0.072703 0.136667
0 0.005526 0.620153 0.011052 0.135648
0 0.012495 0.484266 0.024990 0.131532
0 0.321909 0.013674 0.082219 0.026921
0 0.441376 0.985053 0.081367 0.025468
1 0.046091 0.805546 0.077474 0.140528
0 0.626702 0.980303 0.089487 0.038431
0 0.557087 0.019843 0.082596 0.039685
