0 0.014315 0.370005 0.028380 0.157222
0 0.985751 0.333947 0.028341 0.152755
0 0.016596 0.112542 0.032786 0.145472
3 0.580655 0.721299 0.078513 0.133106
0 0.850385 0.570597 0.097068 0.196657
0 0.147849 0.034056 0.085922 0.068111
0 0.981047 0.168201 0.037906 0.151847
0 0.065706 0.944910 0.083859 0.109727
0 0.483332 0.949044 0.096904 0.101912
0 0.282464 0.578410 0.097188 0.157662
0 0.193555 0.372602 0.081141 0.160824
0 0.701576 0.156850 0.078646 0.169190
0 0.973427 0.939169 0.053036 0.120468
0 0.682573 0.393111 0.068115 0.168074
0 0.069212 0.118616 0.073555 0.128000
0 0.385870 0.301220 0.096214 0.159968
0 0.648704 0.228887 0.068820 0.121042
0 0.399871 0.088280 0.089956 0.163542
0 0.286608 0.858572 0.089185 0.170847
0 0.026578 0.551843 0.052927 0.159028
0 0.662057 0.908211 0.096104 0.168153
0 0.446026 0.873199 0.092698 0.163648
0 0.791639 0.753252 0.075461 0.150255
0 0.611359 0.081014 0.078021 0.153028
0 0.926311 0.778727 0.084086 0.149704
0 0.227888 0.064947 0.083375 0.129894
0 0.742354 0.293431 0.084005 0.147852
0 0.691125 0.557306 0.071760 0.178287
0 0.234923 0.936986 0.092930 0.126028
0 0.060855 0.762294 0.083820 0.147412
0 0.824457 0.240449 0.082893 0.168843
0 0.618247 0.345699 0.078536 0.138213
0 0.087245 0.526262 0.082474 0.148690
0 0.606126 0.577519 0.087602 0.149120
0 0.848497 0.728421 0.081042 0.133722
0 0.256335 0.445255 0.088909 0.152694
0 0.160897 0.487315 0.080997 0.146194
0 0.099064 0.352296 0.084326 0.144769
0 0.942863 0.414093 0.080732 0.151111
0 0.310329 0.717641 0.086555 0.143181
0 0.363684 0.929400 0.077966 0.140412
0 0.745483 0.082194 0.090586 0.147991
0 0.766158 0.574900 0.082185 0.156245
0 0.966125 0.810671 0.067714 0.151009
0 0.308793 0.187579 0.083638 0.147361
0 0.151629 0.793486 0.081763 0.147880
0 0.786133 0.418704 0.082776 0.148889
0 0.470547 0.365833 0.075557 0.140676
0 0.790977 0.913981 0.095453 0.169676
0 0.205997 0.681792 0.083240 0.148204
0 0.501212 0.108963 0.089367 0.153991
0 0.946277 0.078581 0.088174 0.148542
0 0.535094 0.016706 0.087443 0.033412
0 0.905069 0.635620 0.081477 0.142889
0 0.518505 0.250174 0.087427 0.140616
0 0.388430 0.639736 0.081896 0.137963
0 0.039514 0.246618 0.079029 0.149218
0 0.190096 0.176336 0.087000 0.147773
0 0.428508 0.491035 0.085385 0.150245
0 0.844618 0.072611 0.085523 0.143481
0 0.967026 0.550836 0.065922 0.147338
0 0.868454 0.392049 0.082539 0.153866
0 0.470488 0.718014 0.092831 0.152120
0 0.534697 0.456648 0.091570 0.146944
0 0.913958 0.204919 0.085906 0.150023
0 0.525708 0.605125 0.088974 0.155852
0 0.281007 0.012500 0.088570 0.025000
0 0.691650 0.015225 0.073888 0.030449
0 0.439990 0.018056 0.065948 0.035352
0 0.849892 0.983074 0.087414 0.031981
