0 0.654273 0.256118 0.095182 0.157875
0 0.505630 0.475262 0.078620 0.127431
0 0.601572 0.771600 0.064190 0.128625
0 0.037943 0.178530 0.075885 0.145042
0 0.227014 0.134498 0.078581 0.123866
0 0.258743 0.242375 0.091492 0.131093
0 0.459268 0.582021 0.080484 0.134051
0 0.196997 0.545428 0.096104 0.107227
0 0.850737 0.939250 0.104802 0.120630
0 0.527434 0.745944 0.072227 0.103491
0 0.456285 0.162245 0.075805 0.129685
0 0.344570 0.944183 0.090776 0.111468
0 0.759655 0.101481 0.079154 0.118500
0 0.687033 0.692817 0.098664 0.136255
0 0.109803 0.182815 0.107070 0.145926
0 0.853456 0.076903 0.083120 0.126102
0 0.540654 0.351935 0.073036 0.115741
0 0.502470 0.341755 0.083508 0.137204
0 0.467319 0.465014 0.070810 0.121944
0 0.583400 0.909468 0.074206 0.145056
0 0.841667 0.180581 0.092714 0.172838
0 0.752283 0.344576 0.097487 0.156847
0 0.122620 0.395891 0.092563 0.153903
0 0.886607 0.713995 0.085891 0.141435
0 0.621331 0.129225 0.077969 0.116458
0 0.043714 0.493160 0.067286 0.132273
0 0.564043 0.239421 0.087909 0.149389
0 0.961669 0.418269 0.076495 0.131481
0 0.193613 0.416192 0.067669 0.126495
0 0.665320 0.515863 0.077568 0.127282
0 0.798620 0.448229 0.086167 0.134134
0 0.245798 0.648671 0.075674 0.138704
0 0.951350 0.552748 0.076758 0.146190
0 0.679535 0.799963 0.083753 0.146407
0 0.842691 0.344954 0.090055 0.143083
0 0.813665 0.642644 0.081935 0.132769
0 0.733915 0.914438 0.072768 0.122356
0 0.030143 0.833287 0.059932 0.126546
0 0.254298 0.909468 0.080029 0.125583
0 0.290814 0.872273 0.071695 0.126704
0 0.124003 0.613771 0.075714 0.122319
0 0.476117 0.859292 0.074385 0.156963
0 0.336786 0.274495 0.101562 0.164750
0 0.179582 0.939924 0.085732 0.120153
0 0.033594 0.307155 0.066859 0.137449
0 0.756655 0.603514 0.080914 0.140380
0 0.627809 0.884951 0.086570 0.115421
0 0.279113 0.519069 0.083258 0.126935
0 0.797056 0.829931 0.106346 0.133481
0 0.760344 0.961049 0.096156 0.077903
0 0.335762 0.506338 0.098753 0.138898
0 0.983699 0.662576 0.032466 0.142671
0 0.659505 0.399123 0.083776 0.141995
0 0.452820 0.245646 0.080292 0.153477
0 0.967049 0.784669 0.065901 0.134690
0 0.490221 0.976023 0.095521 0.046370
0 0.011083 0.936426 0.021911 0.118787
0 0.587203 0.468803 0.071339 0.097338
0 0.990342 0.263641 0.019315 0.131338
0 0.009701 0.426046 0.019401 0.121602
0 0.990723 0.573396 0.018471 0.123227
0 0.217379 0.042745 0.079857 0.084074
0 0.335943 0.022211 0.099385 0.043366
0 0.791034 0.034803 0.115984 0.066875
0 0.008228 0.756782 0.016456 0.125685
0 0.511530 0.813894 0.077617 0.120000
0 0.499422 0.013437 0.082677 0.026079
0 0.017146 0.320537 0.033703 0.122778
0 0.972316 0.042986 0.055367 0.085972
0 0.005957 0.033109 0.011164 0.064116
0 0.385327 0.823495 0.079862 0.144435
0 0.691516 0.059972 0.078266 0.118343
0 0.061832 0.697567 0.086430 0.169847
0 0.156263 0.663655 0.076891 0.130810
0 0.526509 0.590007 0.070799 0.122745
0 0.924401 0.306025 0.082521 0.129255
0 0.336030 0.109935 0.080867 0.168833
0 0.538486 0.887153 0.073529 0.131787
0 0.415839 0.569907 0.080193 0.122120
0 0.483180 0.114421 0.082625 0.126657
0 0.783839 0.561417 0.085786 0.128889
0 0.397434 0.378373 0.093357 0.176875
0 0.191501 0.771382 0.095951 0.123569
0 0.883447 0.448736 0.093841 0.144435
0 0.103642 0.563521 0.076669 0.126134
0 0.733544 0.204046 0.093510 0.156037
0 0.913617 0.830880 0.103307 0.141019
0 0.685563 0.922465 0.079802 0.137736
0 0.091690 0.835907 0.081932 0.131157
0 0.066109 0.061794 0.096755 0.123588
0 0.977063 0.933069 0.045609 0.129000
0 0.736772 0.717588 0.080602 0.143630
0 0.891639 0.637944 0.080768 0.119426
0 0.436501 0.731183 0.086357 0.157931
0 0.073096 0.953720 0.078682 0.091569
0 0.255753 0.378535 0.078500 0.159171
0 0.557053 0.077000 0.091013 0.148556
0 0.802678 0.746155 0.082544 0.143810
0 0.154105 0.054315 0.086742 0.107528
0 0.521574 0.666164 0.076378 0.117486
0 0.955113 0.158421 0.089773 0.159194
