0 0.594854 0.805719 0.072785 0.081354
0 0.516297 0.895961 0.063367 0.098026
0 0.898309 0.341078 0.063555 0.086906
0 0.803842 0.959211 0.065973 0.081370
0 0.942602 0.045846 0.069797 0.085589
0 0.090367 0.841659 0.067227 0.098974
0 0.477066 0.193510 0.071242 0.098427
0 0.514123 0.278513 0.074105 0.101745
0 0.198926 0.806865 0.070484 0.084104
0 0.970926 0.936409 0.058047 0.076245
0 0.508629 0.726573 0.064883 0.083885
0 0.026852 0.869768 0.053703 0.074734
0 0.707785 0.771656 0.070992 0.085302
0 0.445697 0.095771 0.063277 0.083563
0 0.271545 0.767990 0.062340 0.076583
0 0.465229 0.489583 0.067105 0.077063
0 0.381352 0.104536 0.060602 0.090979
0 0.313816 0.403409 0.061547 0.084151
0 0.549232 0.655721 0.062168 0.085036
0 0.416154 0.614544 0.071848 0.083724
0 0.314008 0.610609 0.068609 0.079677
0 0.895635 0.564964 0.066348 0.092031
0 0.262123 0.511766 0.072145 0.088885
0 0.336828 0.698211 0.069492 0.088391
0 0.483979 0.405299 0.062973 0.087891
0 0.952121 0.491357 0.057312 0.094943
0 0.845727 0.042424 0.062727 0.084401
0 0.861135 0.269372 0.064363 0.074036
0 0.606766 0.953945 0.061578 0.080297
0 0.107115 0.720578 0.064785 0.090729
0 0.269521 0.192107 0.065270 0.099047
0 0.676330 0.860021 0.073957 0.084687
0 0.712244 0.499349 0.055895 0.070573
0 0.961326 0.754818 0.056137 0.153854
0 0.680041 0.011654 0.059113 0.023307
0 0.587893 0.329289 0.050488 0.078849
0 0.538199 0.993438 0.056680 0.011760
0 0.004188 0.969969 0.008375 0.060062
0 0.133662 0.007289 0.068996 0.014578
0 0.913266 0.204563 0.060945 0.064896
0 0.019512 0.017328 0.039023 0.033781
0 0.581590 0.302549 0.059031 0.094536
0 0.016697 0.175956 0.033395 0.071286
0 0.003852 0.248414 0.007703 0.082547
0 0.610459 0.604398 0.055262 0.087141
0 0.018705 0.337990 0.037410 0.102073
0 0.991648 0.710622 0.016703 0.100380
0 0.634242 0.674068 0.063680 0.073260
0 0.363193 0.816927 0.058645 0.084229
0 0.689879 0.467682 0.069727 0.079833
0 0.975039 0.798471 0.049500 0.078974
0 0.574574 0.099703 0.052172 0.084292
0 0.475867 0.980146 0.061672 0.039073
0 0.840203 0.204586 0.054578 0.072797
0 0.603326 0.686964 0.054863 0.072417
0 0.555707 0.020854 0.062938 0.041708
0 0.782896 0.020484 0.072207 0.040500
0 0.693131 0.324839 0.058980 0.080292
0 0.225553 0.314398 0.059949 0.088130
0 0.424102 0.301297 0.064117 0.079562
0 0.329924 0.809099 0.059949 0.086302
0 0.179219 0.297482 0.071719 0.094984
0 0.198598 0.132836 0.056664 0.101932
0 0.324582 0.900185 0.070883 0.081036
0 0.188963 0.967638 0.073090 0.064724
0 0.328838 0.511445 0.061465 0.072141
0 0.982641 0.299034 0.034516 0.076557
0 0.249248 0.935104 0.066660 0.101938
0 0.904453 0.662398 0.073133 0.083245
0 0.041219 0.240555 0.059508 0.075026
0 0.021754 0.446922 0.042844 0.090219
0 0.122299 0.330229 0.055145 0.108854
0 0.724187 0.312656 0.059086 0.085271
0 0.711541 0.212219 0.056895 0.066813
0 0.982467 0.422990 0.035066 0.097448
0 0.159141 0.651380 0.063477 0.077792
0 0.554760 0.388872 0.070832 0.072818
0 0.620672 0.518216 0.057406 0.078057
0 0.393746 0.482922 0.067805 0.076208
0 0.066541 0.317880 0.061074 0.088083
0 0.784219 0.167151 0.063797 0.077729
0 0.868818 0.880182 0.088957 0.087354
0 0.024463 0.093409 0.048926 0.083589
0 0.053854 0.557576 0.065387 0.074411
0 0.100525 0.456344 0.063941 0.081354
0 0.264918 0.343039 0.058937 0.074005
0 0.724041 0.146263 0.053285 0.073953
0 0.195791 0.897875 0.057855 0.087490
0 0.569078 0.560552 0.061211 0.078677
0 0.413557 0.395841 0.061863 0.084286
0 0.806256 0.569341 0.057270 0.079474
0 0.587072 0.177701 0.066215 0.073370
0 0.589770 0.452549 0.060406 0.081068
0 0.345803 0.969484 0.066762 0.061031
0 0.785283 0.342695 0.062309 0.077453
0 0.676975 0.101240 0.062059 0.085083
0 0.075203 0.149826 0.077836 0.101682
0 0.758197 0.610617 0.058590 0.088609
0 0.422281 0.721424 0.059148 0.080599
0 0.032498 0.783755 0.062613 0.093552
0 0.023596 0.623437 0.046684 0.096604
0 0.953779 0.722466 0.058816 0.081026
0 0.291146 0.034117 0.069020 0.068234
0 0.523982 0.155083 0.058637 0.081219
0 0.105258 0.238628 0.067961 0.082474
0 0.795258 0.246430 0.061867 0.082786
0 0.890650 0.765555 0.072387 0.094818
0 0.103572 0.045844 0.064559 0.087948
0 0.846465 0.442544 0.062289 0.091057
0 0.264902 0.844854 0.065664 0.073031
0 0.641246 0.357370 0.057539 0.103865
0 0.509758 0.066857 0.059828 0.086620
0 0.317922 0.104453 0.061984 0.086906
0 0.458711 0.785128 0.057430 0.077036
0 0.244350 0.422635 0.071410 0.087115
0 0.652338 0.189526 0.059582 0.087333
0 0.114543 0.928984 0.063367 0.084885
0 0.937193 0.219820 0.063473 0.081682
0 0.182949 0.548359 0.063367 0.081510
0 0.877738 0.984070 0.065391 0.031859
0 0.157971 0.556969 0.059316 0.080979
0 0.670365 0.028346 0.062262 0.055661
