0 0.411303 0.859275 0.070961 0.125782
0 0.174685 0.975738 0.090302 0.047134
0 0.326008 0.211912 0.164286 0.132093
0 0.007275 0.046269 0.014216 0.092537
0 0.264341 0.972285 0.081271 0.053403
0 0.566952 0.014546 0.089273 0.028759
0 0.984708 0.041016 0.030448 0.080829
1 0.036835 0.109044 0.073398 0.133005
1 0.247628 0.612500 0.077141 0.132750
1 0.252763 0.877785 0.085974 0.145088
1 0.080630 0.302208 0.082240 0.150157
0 0.979089 0.271817 0.041823 0.132625
1 0.339328 0.913424 0.078573 0.142060
0 0.755453 0.967817 0.067391 0.063208
0 0.411561 0.042322 0.065680 0.084042
0 0.419323 0.956310 0.070245 0.086241
0 0.258919 0.101558 0.097245 0.142625
0 0.083385 0.957799 0.074547 0.082681
0 0.123013 0.053236 0.084448 0.105556
0 0.145435 0.902618 0.080120 0.118690
0 0.023122 0.349565 0.046042 0.148056
0 0.500676 0.949583 0.094924 0.099750
0 0.690039 0.952558 0.071385 0.093282
0 0.333806 0.082771 0.083935 0.157560
0 0.253784 0.739345 0.084234 0.141171
0 0.281634 0.491458 0.085055 0.123620
0 0.617586 0.940278 0.086208 0.119444
0 0.043215 0.539301 0.086430 0.142806
0 0.455143 0.076743 0.090104 0.152014
0 0.057996 0.870718 0.072888 0.119083
0 0.105889 0.758069 0.080107 0.131704
0 0.322181 0.625449 0.087383 0.144269
0 0.112150 0.169417 0.081086 0.139407
0 0.224553 0.387465 0.076799 0.155199
0 0.827991 0.936021 0.097862 0.125727
0 0.976145 0.935704 0.047534 0.126630
0 0.322419 0.748650 0.083995 0.141245
0 0.328332 0.311653 0.078383 0.128380
0 0.873017 0.606988 0.102617 0.145958
0 0.733625 0.052738 0.083781 0.104486
0 0.645283 0.543278 0.080128 0.119194
0 0.152372 0.265581 0.072411 0.124079
0 0.150772 0.451984 0.087565 0.145208
0 0.404141 0.347363 0.088464 0.137208
0 0.517658 0.840111 0.067445 0.124713
0 0.380001 0.489660 0.093357 0.146005
0 0.953124 0.687597 0.078576 0.128213
0 0.574012 0.376951 0.082409 0.145060
0 0.178980 0.804338 0.079456 0.141407
0 0.100168 0.624493 0.082195 0.143208
0 0.172195 0.581493 0.076964 0.132264
0 0.954969 0.819148 0.089948 0.131546
0 0.508690 0.581713 0.086339 0.138222
0 0.282919 0.222056 0.078328 0.139398
0 0.447573 0.665065 0.084323 0.138241
0 0.467642 0.450699 0.071148 0.132065
0 0.767133 0.590167 0.085823 0.141500
0 0.679698 0.418801 0.077990 0.153454
0 0.708626 0.217826 0.073117 0.168931
0 0.750911 0.358296 0.089661 0.136269
0 0.525630 0.714704 0.076547 0.132981
0 0.365711 0.197190 0.085823 0.142889
0 0.675720 0.672623 0.079862 0.145708
0 0.505633 0.162190 0.094318 0.145917
0 0.753207 0.482581 0.088372 0.126560
0 0.658673 0.813875 0.080982 0.151796
0 0.622005 0.066021 0.082120 0.132042
0 0.956612 0.175505 0.086776 0.153454
0 0.631095 0.315280 0.084914 0.146292
0 0.885660 0.475701 0.075794 0.131181
0 0.807083 0.265870 0.082859 0.155019
0 0.963303 0.527852 0.073294 0.151056
0 0.844658 0.372491 0.082716 0.129241
0 0.590758 0.187414 0.083052 0.138245
0 0.588668 0.849012 0.081164 0.125884
0 0.843267 0.077368 0.081721 0.142319
0 0.769786 0.148685 0.076057 0.138491
0 0.972016 0.386391 0.055969 0.136088
0 0.599792 0.652137 0.086729 0.146162
0 0.536451 0.470880 0.082422 0.129407
0 0.920020 0.335384 0.081122 0.142565
