4 0.630497 0.329125 0.083672 0.141602
0 0.354940 0.179542 0.099891 0.160176
0 0.665068 0.844648 0.078177 0.146111
0 0.482323 0.297074 0.087177 0.139796
0 0.943812 0.838458 0.096260 0.147843
0 0.241680 0.290583 0.088818 0.152778
0 0.376638 0.430282 0.083339 0.146583
0 0.228214 0.733625 0.090115 0.157380
0 0.536005 0.395731 0.075687 0.123241
0 0.445906 0.836745 0.080688 0.143713
0 0.320372 0.585481 0.080078 0.137389
0 0.586214 0.510833 0.075375 0.131370
0 0.178995 0.389139 0.088490 0.149944
0 0.450729 0.952250 0.081771 0.095500
0 0.147096 0.806824 0.072432 0.125778
0 0.563003 0.260412 0.076693 0.153435
0 0.600276 0.762694 0.080417 0.149537
0 0.402268 0.653278 0.075411 0.142593
0 0.861867 0.610255 0.080766 0.122213
0 0.374206 0.803356 0.076068 0.131213
0 0.142659 0.621315 0.076453 0.131074
0 0.865404 0.480699 0.080203 0.150620
0 0.065659 0.795903 0.081182 0.148176
0 0.059234 0.937347 0.082833 0.125306
0 0.090570 0.374569 0.082599 0.149435
0 0.919284 0.711361 0.076443 0.128852
0 0.667844 0.469301 0.078708 0.138435
0 0.572732 0.946458 0.082568 0.107065
0 0.266510 0.503338 0.077979 0.138083
0 0.717000 0.613310 0.070531 0.121398
0 0.766151 0.293426 0.086854 0.151481
0 0.274112 0.066019 0.081859 0.132037
0 0.111984 0.239579 0.073875 0.126157
0 0.084542 0.530014 0.081177 0.147583
0 0.651094 0.203255 0.083823 0.134009
0 0.386674 0.057602 0.075109 0.115204
0 0.966659 0.620551 0.066682 0.132454
0 0.870284 0.109514 0.087339 0.152620
0 0.104789 0.110884 0.076568 0.131583
0 0.728414 0.908171 0.071943 0.132380
0 0.965359 0.347551 0.069281 0.157361
0 0.176563 0.194750 0.075240 0.127944
0 0.963630 0.949208 0.072208 0.100787
0 0.840885 0.196625 0.086490 0.146954
0 0.923424 0.064282 0.071411 0.127713
0 0.173331 0.065139 0.076214 0.125759
0 0.027411 0.446745 0.054823 0.118065
0 0.026729 0.571505 0.053458 0.142231
0 0.727721 0.145694 0.079214 0.142593
0 0.794068 0.081792 0.070573 0.134954
0 0.060745 0.661718 0.065062 0.122991
0 0.499953 0.174898 0.082333 0.138222
0 0.803927 0.846806 0.087010 0.135315
0 0.865234 0.331194 0.074688 0.128463
0 0.026307 0.097995 0.052615 0.137787
0 0.805609 0.954694 0.090417 0.083111
0 0.187766 0.964032 0.071240 0.070176
0 0.733167 0.039750 0.088667 0.075481
0 0.038943 0.248667 0.076167 0.141907
0 0.608432 0.064375 0.095448 0.128380
0 0.932378 0.434537 0.078453 0.142111
0 0.073349 0.035343 0.071500 0.068500
0 0.018398 0.727380 0.036797 0.139444
0 0.834013 0.726954 0.089078 0.127704
0 0.673013 0.972722 0.080797 0.052407
0 0.992432 0.265019 0.015115 0.140352
0 0.118745 0.969394 0.071417 0.052139
0 0.013674 0.339301 0.027349 0.143028
0 0.993669 0.091134 0.012661 0.147917
0 0.291333 0.894565 0.080802 0.143870
