0 0.305600 0.864769 0.090104 0.119414
0 0.401663 0.220221 0.089606 0.112500
0 0.859877 0.943354 0.096373 0.113292
0 0.434228 0.317724 0.087631 0.115602
0 0.953025 0.546312 0.092978 0.114084
0 0.365338 0.740913 0.093183 0.118452
0 0.182423 0.061806 0.081366 0.111276
0 0.273709 0.050154 0.100274 0.100309
0 0.590743 0.609830 0.097164 0.123549
0 0.945129 0.102621 0.087396 0.122351
0 0.750295 0.679154 0.101377 0.118369
0 0.276705 0.377734 0.090440 0.117557
0 0.067986 0.755905 0.095795 0.122407
0 0.875054 0.306304 0.086165 0.116775
0 0.526410 0.129092 0.098962 0.117608
0 0.041590 0.618421 0.083179 0.118879
0 0.660347 0.673760 0.089522 0.114702
0 0.610060 0.166872 0.098299 0.130658
0 0.730741 0.455185 0.098110 0.127716
0 0.789716 0.327413 0.090968 0.114136
0 0.048156 0.145928 0.094074 0.121754
0 0.639564 0.772881 0.089745 0.106070
0 0.962089 0.907492 0.075806 0.126806
0 0.285343 0.772348 0.097870 0.125283
0 0.600199 0.494985 0.099826 0.126759
0 0.868530 0.554306 0.090278 0.123447
0 0.182193 0.713485 0.098970 0.115386
0 0.779331 0.779887 0.100845 0.120628
0 0.696867 0.124745 0.086836 0.124594
0 0.330702 0.636947 0.102909 0.123729
0 0.958272 0.676731 0.082870 0.111301
0 0.122245 0.493174 0.098989 0.128045
0 0.506451 0.445908 0.098256 0.123102
0 0.422309 0.592978 0.086717 0.116739
0 0.659153 0.049043 0.094279 0.097685
0 0.041769 0.280936 0.083137 0.109064
0 0.076128 0.401798 0.088900 0.125797
0 0.509014 0.340746 0.093229 0.115298
0 0.485882 0.551893 0.101485 0.127284
0 0.954902 0.311150 0.088738 0.110396
0 0.097826 0.083521 0.093090 0.106487
0 0.847139 0.196872 0.109294 0.129198
0 0.882413 0.055581 0.087010 0.111163
0 0.031682 0.458284 0.063341 0.108020
0 0.214282 0.232389 0.084321 0.112248
0 0.589354 0.747284 0.083522 0.104733
0 0.972778 0.176926 0.054444 0.117217
0 0.839633 0.480141 0.109931 0.125818
0 0.042469 0.849712 0.084938 0.115792
0 0.495569 0.225823 0.095667 0.124558
0 0.690594 0.863333 0.098819 0.119300
0 0.364549 0.067906 0.096312 0.109393
0 0.824659 0.099596 0.104911 0.109182
0 0.869688 0.833639 0.087191 0.120118
0 0.336555 0.150437 0.099992 0.132623
0 0.737353 0.197513 0.101157 0.118030
0 0.850147 0.725728 0.100532 0.124326
0 0.789142 0.035370 0.101825 0.069753
0 0.761717 0.891296 0.100856 0.121533
0 0.300847 0.248845 0.085567 0.105427
0 0.416514 0.692731 0.097874 0.112819
0 0.540100 0.044563 0.101690 0.089126
0 0.357677 0.363989 0.089020 0.127515
0 0.569568 0.857639 0.092261 0.111471
0 0.829271 0.383115 0.093410 0.113472
0 0.645258 0.271106 0.102215 0.133395
0 0.793360 0.588668 0.098441 0.134527
0 0.205083 0.812492 0.094610 0.111260
0 0.651140 0.388374 0.110544 0.107500
0 0.105505 0.297819 0.080556 0.107377
0 0.492564 0.793472 0.086678 0.104084
0 0.826358 0.658737 0.076011 0.098297
0 0.151480 0.335445 0.096709 0.127413
0 0.980961 0.608894 0.038079 0.112747
0 0.012897 0.240802 0.025795 0.123025
0 0.961462 0.978902 0.075478 0.041764
0 0.017299 0.730486 0.034599 0.120036
0 0.660704 0.565867 0.082365 0.131487
0 0.386273 0.030051 0.104306 0.060103
0 0.438420 0.972876 0.096408 0.053436
0 0.403333 0.887762 0.108866 0.131152
0 0.991694 0.079704 0.016605 0.110705
0 0.988436 0.507400 0.023129 0.112608
2 0.542463 0.677618 0.087735 0.100484
2 0.254389 0.152446 0.092373 0.123791
0 0.350598 0.533575 0.097153 0.120514
0 0.564334 0.305085 0.113044 0.100828
0 0.007785 0.547307 0.015571 0.128236
0 0.345158 0.988076 0.103002 0.023848
0 0.588329 0.013104 0.094136 0.025736
0 0.229261 0.058832 0.178345 0.106523
0 0.098239 0.948390 0.098985 0.102829
0 0.109406 0.035383 0.081096 0.070766
0 0.358818 0.447657 0.095166 0.107731
0 0.177091 0.960604 0.092353 0.078791
0 0.617635 0.967299 0.105540 0.065401
0 0.133443 0.582649 0.104225 0.101965
0 0.779780 0.966754 0.087492 0.066245
0 0.225050 0.907132 0.101134 0.114234
0 0.142097 0.233259 0.080166 0.113513
0 0.898021 0.395710 0.081088 0.118920
0 0.242122 0.555126 0.091883 0.123493
0 0.701981 0.574871 0.097766 0.109805
0 0.084639 0.888269 0.086100 0.107968
0 0.457531 0.035687 0.078395 0.071373
0 0.020033 0.356399 0.040066 0.120597
0 0.530565 0.956793 0.093939 0.085273
0 0.973131 0.441677 0.053152 0.120103
0 0.190037 0.432667 0.097319 0.113061
0 0.018509 0.049493 0.036802 0.098987
0 0.123248 0.645782 0.091698 0.116471
