0 0.463276 0.917384 0.097635 0.144528
0 0.564154 0.376620 0.085682 0.166556
3 0.232956 0.407458 0.081464 0.136954
3 0.544315 0.277375 0.077078 0.137991
0 0.070187 0.198315 0.084594 0.173130
0 0.751859 0.482833 0.090542 0.153278
0 0.715617 0.209153 0.085891 0.151380
0 0.051234 0.927681 0.090802 0.144639
0 0.244167 0.272394 0.107000 0.148287
0 0.759094 0.328551 0.091396 0.168213
0 0.281211 0.661889 0.076536 0.195852
0 0.611927 0.094259 0.064740 0.188519
0 0.294318 0.929644 0.082948 0.140713
0 0.541047 0.820116 0.092281 0.153009
0 0.111719 0.377667 0.074354 0.166981
0 0.796542 0.165685 0.076406 0.209407
0 0.559943 0.070931 0.081240 0.141861
0 0.369956 0.905907 0.090359 0.158796
0 0.473831 0.400426 0.077786 0.151481
0 0.812659 0.593398 0.092870 0.152889
0 0.107773 0.709269 0.070922 0.152907
0 0.167943 0.675644 0.074177 0.172120
0 0.347122 0.518657 0.109984 0.178981
0 0.862221 0.110671 0.073609 0.153250
0 0.063188 0.516301 0.095354 0.160972
0 0.461435 0.252352 0.098464 0.129944
0 0.282857 0.057486 0.073516 0.114972
0 0.429734 0.509444 0.082354 0.159241
0 0.136609 0.912000 0.083479 0.158741
0 0.541917 0.940028 0.073812 0.115130
0 0.247828 0.117912 0.078729 0.197176
0 0.673174 0.267491 0.098672 0.196574
0 0.651219 0.546565 0.080146 0.166593
0 0.372708 0.107139 0.070490 0.197370
0 0.042245 0.373028 0.077542 0.140148
0 0.941240 0.174597 0.089792 0.143769
0 0.906654 0.706023 0.091401 0.176713
0 0.160378 0.451611 0.069464 0.178093
0 0.710682 0.677144 0.109542 0.127639
0 0.636219 0.694880 0.080323 0.163370
0 0.178549 0.303597 0.091422 0.148454
0 0.409435 0.701079 0.091901 0.143176
0 0.331792 0.708898 0.085958 0.201370
0 0.323135 0.112935 0.062479 0.219963
0 0.414534 0.338736 0.074536 0.181194
0 0.874477 0.239778 0.090391 0.158796
0 0.869474 0.542681 0.093854 0.176083
0 0.839729 0.366097 0.103281 0.150194
0 0.676914 0.451245 0.079266 0.167139
0 0.906281 0.442338 0.077000 0.199546
0 0.780862 0.040282 0.082047 0.078324
0 0.924518 0.062861 0.113682 0.125722
0 0.583378 0.651380 0.097234 0.163833
0 0.017323 0.742190 0.034125 0.178046
0 0.961734 0.302301 0.076510 0.171324
0 0.088250 0.041139 0.104927 0.082278
0 0.465966 0.139583 0.098901 0.150019
0 0.220984 0.794815 0.082687 0.175519
0 0.615451 0.293787 0.075984 0.231537
0 0.385909 0.597611 0.090911 0.163759
0 0.972844 0.869481 0.054312 0.136815
0 0.966042 0.946032 0.065531 0.107935
0 0.989818 0.512671 0.020365 0.160250
0 0.132841 0.577032 0.090130 0.174824
0 0.041148 0.659403 0.077880 0.175806
0 0.332654 0.837718 0.077422 0.103806
0 0.990771 0.352139 0.016812 0.112593
0 0.202117 0.117745 0.064672 0.235491
0 0.367003 0.243389 0.106839 0.152796
0 0.010667 0.198162 0.020760 0.149694
0 0.593120 0.958667 0.085646 0.082667
0 0.603065 0.847528 0.065557 0.175407
0 0.010849 0.089181 0.020833 0.161176
0 0.989266 0.063167 0.020208 0.119648
0 0.974536 0.752657 0.050927 0.194111
0 0.834826 0.030042 0.071349 0.060083
0 0.018568 0.331787 0.036010 0.138056
0 0.958367 0.425014 0.075641 0.159843
0 0.466938 0.616694 0.085812 0.170963
0 0.218646 0.915690 0.095646 0.133824
