0 0.004194 0.086991 0.008112 0.136583
0 0.353385 0.012905 0.082932 0.024958
0 0.567576 0.980514 0.086224 0.037176
0 0.121049 0.054407 0.076854 0.108815
0 0.048255 0.961028 0.087281 0.075750
0 0.427352 0.423743 0.087089 0.153505
0 0.869210 0.033384 0.086940 0.066769
0 0.980517 0.737458 0.038966 0.137398
0 0.020477 0.371458 0.040516 0.141537
0 0.580628 0.037118 0.088750 0.074236
0 0.963417 0.666565 0.073167 0.133917
0 0.879914 0.455919 0.075531 0.133514
0 0.289228 0.217678 0.081341 0.139449
0 0.585362 0.430861 0.083214 0.138694
0 0.021462 0.565160 0.042924 0.139440
0 0.549191 0.542282 0.076242 0.141491
0 0.234286 0.898387 0.091573 0.159597
0 0.148965 0.314653 0.078539 0.138241
0 0.223754 0.297912 0.080096 0.157852
0 0.174617 0.074025 0.083151 0.148051
0 0.684043 0.916264 0.082711 0.139611
0 0.340480 0.845292 0.085143 0.147185
0 0.099745 0.908306 0.079266 0.132889
0 0.933658 0.169606 0.084174 0.145898
0 0.286865 0.631498 0.087818 0.139329
0 0.779212 0.058326 0.082216 0.116245
0 0.054122 0.732493 0.090401 0.154440
0 0.126014 0.686565 0.077570 0.157056
0 0.954767 0.938155 0.084570 0.123690
0 0.306276 0.408921 0.084130 0.126130
0 0.394535 0.804653 0.074003 0.132852
0 0.945792 0.307546 0.085943 0.139148
0 0.036082 0.841706 0.072112 0.154745
0 0.826102 0.429067 0.081729 0.141301
0 0.668081 0.776176 0.084807 0.145102
0 0.749573 0.802375 0.083042 0.151380
0 0.833547 0.589102 0.082432 0.146954
0 0.726406 0.343537 0.085880 0.158204
0 0.050773 0.438685 0.084089 0.147574
0 0.332298 0.085352 0.081018 0.134259
0 0.696997 0.565093 0.083240 0.136639
0 0.687189 0.063928 0.088997 0.127856
0 0.766331 0.933537 0.083880 0.132315
0 0.045449 0.061653 0.084091 0.122926
0 0.100526 0.263646 0.081859 0.135116
0 0.253779 0.090479 0.081927 0.148384
0 0.956448 0.534440 0.087104 0.136657
0 0.810460 0.208155 0.081206 0.145727
0 0.493919 0.354215 0.081917 0.143421
0 0.512533 0.765236 0.084826 0.135972
0 0.351346 0.298025 0.093089 0.155199
0 0.926650 0.817488 0.087846 0.149486
0 0.195132 0.443137 0.083445 0.143319
0 0.031151 0.226222 0.062302 0.158204
0 0.357618 0.496211 0.077669 0.126125
0 0.125885 0.489771 0.080339 0.138866
0 0.348529 0.707065 0.074156 0.138565
0 0.146402 0.826368 0.078029 0.131171
0 0.617016 0.616810 0.085818 0.146583
0 0.533509 0.897493 0.088648 0.142458
0 0.222193 0.736845 0.085187 0.142394
0 0.834063 0.737479 0.087245 0.151662
0 0.185982 0.604137 0.079255 0.136560
0 0.579750 0.147231 0.085880 0.148694
0 0.708259 0.195331 0.084273 0.140356
0 0.513121 0.222218 0.083815 0.138981
0 0.602615 0.295049 0.086714 0.143644
0 0.666250 0.448095 0.085109 0.142329
0 0.484102 0.086417 0.087818 0.146639
0 0.427487 0.221012 0.090526 0.157653
0 0.463428 0.652356 0.094232 0.148111
