0 0.896926 0.019229 0.047211 0.038458
0 0.418670 0.969974 0.076527 0.060052
0 0.927510 0.067008 0.059207 0.094349
0 0.636801 0.271359 0.075922 0.106646
0 0.319199 0.448776 0.077906 0.115687
0 0.840234 0.938849 0.076234 0.100292
0 0.096453 0.763177 0.075398 0.099698
0 0.731043 0.575909 0.071984 0.103859
0 0.436049 0.795120 0.077598 0.094000
0 0.131279 0.145711 0.076355 0.096714
0 0.916982 0.856651 0.067426 0.096177
0 0.389393 0.459979 0.067371 0.120062
0 0.061350 0.059729 0.068605 0.119458
0 0.964580 0.263021 0.070840 0.095417
0 0.199100 0.111669 0.071535 0.101328
0 0.582639 0.382706 0.075434 0.119203
0 0.440703 0.378409 0.075953 0.098901
0 0.551303 0.827320 0.077098 0.106161
0 0.037451 0.226695 0.067941 0.087401
0 0.777287 0.408690 0.071684 0.112859
0 0.208762 0.563964 0.074453 0.102229
0 0.192740 0.315557 0.075746 0.096917
0 0.103635 0.938102 0.070309 0.094026
0 0.846146 0.341398 0.076551 0.101984
0 0.696688 0.964013 0.084234 0.071974
0 0.619611 0.911036 0.073691 0.101760
0 0.657275 0.134299 0.067660 0.089568
0 0.961297 0.737651 0.071680 0.104667
0 0.982246 0.831758 0.035344 0.105911
0 0.192850 0.855281 0.075215 0.091438
0 0.330828 0.123609 0.070172 0.108719
0 0.689818 0.816018 0.066426 0.123745
0 0.030633 0.311302 0.060789 0.104698
0 0.697180 0.645797 0.074250 0.109667
0 0.507289 0.776742 0.076836 0.096391
0 0.368834 0.948086 0.084527 0.103828
0 0.634906 0.597255 0.063773 0.114958
0 0.553801 0.077922 0.084953 0.119344
0 0.964377 0.552383 0.070316 0.110109
0 0.252822 0.808352 0.059676 0.093599
0 0.793422 0.192732 0.087875 0.078807
0 0.738262 0.872099 0.062383 0.091969
0 0.703691 0.261766 0.070836 0.093448
0 0.050496 0.153138 0.093609 0.106109
0 0.028201 0.108122 0.053785 0.097286
0 0.430355 0.511846 0.081453 0.086203
0 0.800035 0.547589 0.086125 0.102302
0 0.913727 0.700404 0.071445 0.092995
0 0.955867 0.488857 0.083445 0.088036
0 0.839846 0.260055 0.069816 0.098422
0 0.480652 0.041729 0.075953 0.083458
0 0.114104 0.056102 0.060199 0.110620
0 0.925080 0.440555 0.087277 0.124672
0 0.219629 0.969026 0.073594 0.061948
0 0.035980 0.747630 0.071961 0.099542
0 0.254547 0.461445 0.069945 0.117818
0 0.179619 0.710958 0.064293 0.082760
0 0.874025 0.420969 0.061887 0.101448
0 0.147816 0.661779 0.085406 0.114026
0 0.435867 0.581958 0.078820 0.096667
0 0.063748 0.970542 0.073277 0.058417
0 0.589291 0.662612 0.072043 0.093339
0 0.801217 0.871828 0.074566 0.099844
0 0.517936 0.358672 0.070887 0.116323
0 0.625822 0.514219 0.086199 0.091854
0 0.943957 0.154688 0.087805 0.123677
0 0.842238 0.485771 0.069781 0.087323
0 0.817199 0.658917 0.067016 0.093458
0 0.017385 0.616172 0.033105 0.113760
0 0.857604 0.854940 0.064910 0.077516
0 0.576150 0.022383 0.078207 0.044766
0 0.989199 0.051276 0.021602 0.086302
0 0.030937 0.393956 0.060664 0.120057
0 0.900785 0.335500 0.076141 0.093021
0 0.991209 0.425846 0.016652 0.109370
0 0.819748 0.596836 0.089684 0.089984
0 0.134492 0.986940 0.095992 0.024078
0 0.631412 0.010456 0.067223 0.020911
0 0.993240 0.597174 0.013520 0.073349
0 0.991945 0.668414 0.014891 0.096901
0 0.302811 0.008807 0.079848 0.017615
0 0.007105 0.433354 0.012070 0.097104
0 0.007414 0.800872 0.011484 0.098339
0 0.133553 0.011492 0.077738 0.022755
0 0.946598 0.992349 0.082266 0.015302
0 0.482422 0.991755 0.075594 0.016490
0 0.991912 0.180104 0.016113 0.131688
0 0.992676 0.071073 0.012984 0.102146
0 0.138074 0.276013 0.071555 0.130026
0 0.789639 0.273964 0.071543 0.102052
0 0.775418 0.083773 0.085375 0.112286
0 0.847400 0.036354 0.065473 0.072708
0 0.100275 0.849794 0.086137 0.093641
0 0.226564 0.173049 0.077590 0.119443
0 0.451338 0.229987 0.066121 0.103307
0 0.876879 0.108518 0.058664 0.114745
0 0.807672 0.130221 0.083547 0.090589
0 0.896844 0.533354 0.078063 0.095750
0 0.974883 0.017919 0.047617 0.035839
0 0.911758 0.615107 0.069453 0.075755
0 0.184240 0.047727 0.091449 0.095453
0 0.377771 0.174596 0.074676 0.098901
0 0.431813 0.898695 0.074109 0.116943
0 0.769877 0.954365 0.067684 0.091271
0 0.558615 0.475182 0.070504 0.122927
0 0.166996 0.948190 0.077922 0.097578
0 0.491008 0.914930 0.070688 0.095661
0 0.406787 0.706909 0.073051 0.100245
0 0.528115 0.254263 0.080660 0.110807
0 0.344639 0.743505 0.075105 0.090198
0 0.403758 0.317794 0.072422 0.122974
3 0.667059 0.205703 0.070586 0.090490
3 0.277752 0.660734 0.070020 0.089969
0 0.819652 0.983534 0.093984 0.030078
0 0.475766 0.718273 0.080414 0.097984
0 0.348547 0.336302 0.069516 0.119010
0 0.816734 0.792352 0.079281 0.105359
0 0.652553 0.365549 0.083527 0.107547
0 0.857750 0.746919 0.070164 0.089547
0 0.302814 0.262625 0.070082 0.109021
0 0.375811 0.029625 0.075637 0.055854
0 0.920910 0.207901 0.069219 0.100437
0 0.603432 0.144633 0.064918 0.121203
0 0.503904 0.533549 0.069738 0.096651
0 0.742336 0.668547 0.074680 0.104708
0 0.670459 0.440060 0.079176 0.092734
0 0.532422 0.138107 0.089094 0.129932
0 0.275473 0.140018 0.067328 0.111516
0 0.204404 0.393602 0.079465 0.127651
0 0.342557 0.824695 0.075582 0.091151
0 0.284664 0.353776 0.077687 0.103885
0 0.768004 0.740185 0.079187 0.094724
0 0.109750 0.472221 0.079172 0.103505
0 0.072164 0.339458 0.076008 0.120250
0 0.560838 0.955792 0.074926 0.088417
0 0.057680 0.666583 0.078961 0.093042
0 0.905459 0.948737 0.072996 0.094682
0 0.295773 0.950839 0.079430 0.098323
0 0.522279 0.624333 0.074598 0.097937
0 0.711086 0.045026 0.074445 0.090052
