0 0.111887 0.896005 0.083367 0.147722
0 0.783828 0.821301 0.081161 0.161917
0 0.324271 0.025727 0.092068 0.051454
0 0.301193 0.736917 0.075031 0.144824
0 0.825263 0.683928 0.070224 0.146949
0 0.030313 0.205961 0.060625 0.136532
0 0.106542 0.072160 0.080677 0.137597
0 0.063590 0.807412 0.086055 0.148824
0 0.963616 0.412678 0.072768 0.129727
0 0.037724 0.544583 0.074740 0.187000
0 0.528303 0.660049 0.079180 0.158384
0 0.272965 0.984060 0.088362 0.028074
0 0.260253 0.057104 0.077755 0.113032
0 0.947151 0.236322 0.088500 0.132116
0 0.100077 0.541458 0.074654 0.131806
0 0.532682 0.370046 0.076302 0.127102
0 0.450898 0.900412 0.081354 0.146917
0 0.136221 0.686731 0.106651 0.150981
0 0.588918 0.463002 0.076289 0.131208
0 0.409874 0.404889 0.089076 0.131926
0 0.989681 0.315815 0.020638 0.143602
0 0.313978 0.897363 0.077138 0.164931
0 0.967387 0.524875 0.060945 0.128139
0 0.077510 0.963014 0.078172 0.070796
0 0.773426 0.393956 0.071721 0.123190
0 0.709553 0.854745 0.075836 0.141667
0 0.504883 0.803160 0.077901 0.135273
0 0.471247 0.461852 0.079984 0.145713
0 0.941380 0.052201 0.073125 0.104403
0 0.349888 0.619655 0.076661 0.129060
0 0.711889 0.964919 0.075862 0.070162
0 0.950443 0.764289 0.082620 0.147403
0 0.869030 0.752954 0.074648 0.127435
0 0.734501 0.714787 0.080570 0.142000
0 0.216370 0.507970 0.096661 0.160634
1 0.505879 0.550949 0.074841 0.129528
0 0.792615 0.945271 0.072974 0.109458
0 0.103324 0.664245 0.081893 0.140778
0 0.734232 0.170303 0.084115 0.152514
0 0.029659 0.706063 0.059318 0.147838
0 0.984551 0.963072 0.030898 0.073856
0 0.013469 0.105162 0.025286 0.136556
0 0.510557 0.261609 0.083302 0.132782
0 0.642896 0.892257 0.098583 0.129829
0 0.388951 0.514882 0.083292 0.135588
0 0.008267 0.828060 0.016534 0.132556
0 0.884388 0.462403 0.082135 0.128426
0 0.658418 0.214588 0.078628 0.132130
0 0.642422 0.968028 0.081208 0.061907
0 0.015932 0.447373 0.031057 0.149181
0 0.879073 0.048350 0.080938 0.096699
0 0.906770 0.341405 0.092138 0.150542
0 0.862273 0.972053 0.091682 0.050616
0 0.202354 0.637120 0.074302 0.130259
0 0.182975 0.850678 0.086242 0.160523
0 0.275909 0.594454 0.085010 0.144704
0 0.819850 0.071171 0.081430 0.136481
0 0.802178 0.172773 0.071284 0.136565
0 0.433951 0.295512 0.088016 0.133421
0 0.144669 0.447213 0.081052 0.145213
0 0.163221 0.720273 0.081542 0.147222
0 0.195975 0.071576 0.083867 0.143153
0 0.408835 0.977683 0.086789 0.041931
0 0.389484 0.721972 0.079557 0.138278
0 0.887913 0.148650 0.079872 0.132606
0 0.234555 0.761611 0.076182 0.134380
0 0.654089 0.766674 0.084010 0.152301
0 0.819500 0.517150 0.089130 0.159940
0 0.316428 0.463164 0.087951 0.152958
0 0.046845 0.045951 0.084352 0.091903
0 0.242581 0.924104 0.082302 0.145153
0 0.437096 0.062602 0.079005 0.121037
0 0.918996 0.638563 0.086471 0.146014
0 0.727875 0.478076 0.090021 0.140023
0 0.979633 0.160660 0.040734 0.126856
0 0.591596 0.285442 0.081594 0.159153
0 0.431746 0.175560 0.091435 0.134500
0 0.499499 0.038512 0.073753 0.076181
0 0.754283 0.584252 0.077924 0.135764
0 0.460224 0.716169 0.079078 0.163329
0 0.156857 0.150451 0.084839 0.150958
0 0.641833 0.647229 0.091833 0.142218
0 0.901500 0.910083 0.092995 0.168833
0 0.035007 0.332560 0.069164 0.140009
0 0.649632 0.505000 0.070674 0.140278
0 0.384811 0.851528 0.081701 0.139722
0 0.959522 0.892493 0.079362 0.145773
1 0.091029 0.197083 0.075250 0.145713
1 0.580275 0.584944 0.079388 0.143315
1 0.023458 0.933373 0.046443 0.130921
1 0.505680 0.144347 0.086734 0.156074
1 0.660760 0.342278 0.080323 0.148704
