0 0.183309 0.234367 0.104367 0.146464
0 0.047746 0.637099 0.095492 0.159177
0 0.443137 0.436602 0.137234 0.162984
0 0.568537 0.459096 0.113449 0.146328
0 0.618031 0.208646 0.109250 0.148573
0 0.476459 0.759659 0.114645 0.149547
0 0.047143 0.223339 0.094285 0.145542
0 0.057084 0.085698 0.105051 0.149969
0 0.946117 0.053659 0.107766 0.107068
0 0.180186 0.058982 0.106066 0.117693
0 0.706164 0.170992 0.124969 0.187151
0 0.213768 0.553544 0.119184 0.130057
0 0.614395 0.575253 0.099195 0.126880
0 0.701791 0.925083 0.101066 0.131073
0 0.241107 0.136964 0.122973 0.146583
0 0.863383 0.800404 0.097555 0.134505
0 0.240318 0.677016 0.105895 0.112083
0 0.917459 0.174500 0.116027 0.137469
0 0.443625 0.941044 0.108641 0.117307
0 0.131453 0.336466 0.127586 0.144724
0 0.547117 0.920823 0.109102 0.138031
0 0.898686 0.925729 0.120777 0.148542
0 0.783773 0.424060 0.136055 0.144203
0 0.711193 0.802930 0.121363 0.147255
0 0.314275 0.374854 0.117660 0.150250
0 0.388861 0.705453 0.122293 0.152437
0 0.940465 0.759245 0.089844 0.148167
0 0.150178 0.741992 0.113145 0.142349
0 0.448982 0.209159 0.116965 0.157786
0 0.211053 0.422745 0.120574 0.156729
0 0.721447 0.538883 0.115355 0.151349
0 0.695543 0.666711 0.109359 0.132974
0 0.150414 0.960417 0.093625 0.078167
0 0.082670 0.535940 0.116645 0.170641
0 0.494529 0.347755 0.131730 0.139969
0 0.038180 0.933466 0.076359 0.131734
0 0.044674 0.457214 0.089348 0.155313
0 0.311932 0.590583 0.101020 0.153208
0 0.854238 0.084685 0.107039 0.149609
0 0.293334 0.897263 0.112941 0.136349
0 0.300078 0.046560 0.122320 0.092849
0 0.935453 0.496281 0.125953 0.157542
0 0.601320 0.865354 0.121367 0.191073
0 0.791127 0.880000 0.105027 0.153948
0 0.821992 0.304719 0.120500 0.132583
0 0.288695 0.738919 0.114781 0.134547
0 0.350582 0.863331 0.103195 0.176464
0 0.796635 0.971904 0.108629 0.056151
0 0.977291 0.696437 0.044957 0.155167
0 0.980010 0.560109 0.039691 0.141177
0 0.294187 0.980057 0.106477 0.039885
0 0.012178 0.728583 0.024090 0.135458
0 0.545705 0.276464 0.115199 0.151823
0 0.246605 0.010544 0.106555 0.020901
