0 0.314646 0.248574 0.078214 0.148991
0 0.578363 0.310553 0.075279 0.126051
0 0.687891 0.097947 0.078630 0.150495
0 0.077035 0.015352 0.091133 0.029907
0 0.128477 0.886699 0.081656 0.135500
0 0.267547 0.095509 0.081234 0.144491
0 0.598810 0.691764 0.073990 0.123000
0 0.095211 0.970255 0.076490 0.059491
0 0.951267 0.274306 0.081862 0.136361
0 0.521474 0.671646 0.080990 0.135699
0 0.249214 0.303812 0.079938 0.157801
0 0.332788 0.409405 0.068299 0.137773
0 0.973350 0.133248 0.053013 0.140181
0 0.803081 0.292287 0.080135 0.136861
0 0.059975 0.330641 0.081419 0.133023
0 0.326113 0.859171 0.079956 0.137926
0 0.151957 0.629063 0.080367 0.152023
0 0.030572 0.731602 0.060919 0.134231
0 0.974753 0.583079 0.050401 0.143667
0 0.829913 0.421132 0.070320 0.134542
0 0.106551 0.234282 0.082789 0.148074
0 0.119090 0.082808 0.074023 0.129681
0 0.492973 0.044979 0.074680 0.089560
0 0.188111 0.048525 0.076888 0.095866
0 0.992281 0.963468 0.015286 0.071620
0 0.030212 0.910454 0.060346 0.138954
0 0.754281 0.770579 0.076203 0.150324
0 0.194717 0.946995 0.071284 0.106009
0 0.560566 0.800660 0.080789 0.127282
0 0.133681 0.438718 0.072706 0.148130
0 0.726430 0.387391 0.080146 0.139523
0 0.870853 0.211296 0.082773 0.143889
0 0.539788 0.193245 0.082362 0.144639
0 0.380837 0.812095 0.083315 0.141458
0 0.034297 0.148356 0.068339 0.138824
0 0.397126 0.402523 0.079935 0.135000
0 0.888987 0.071324 0.077651 0.137796
0 0.621473 0.170238 0.082971 0.133940
0 0.077440 0.498072 0.074193 0.129718
0 0.004685 0.438657 0.009370 0.123778
0 0.383810 0.517685 0.081255 0.112324
0 0.773219 0.904081 0.078521 0.128903
0 0.913818 0.730556 0.068974 0.126620
0 0.840238 0.729072 0.078560 0.140255
0 0.087492 0.828613 0.088026 0.136560
0 0.182977 0.776981 0.081818 0.146241
0 0.618615 0.893046 0.077443 0.138722
0 0.416566 0.272491 0.088669 0.137991
0 0.909103 0.873123 0.082362 0.152958
0 0.568182 0.064808 0.072859 0.129245
0 0.941434 0.958498 0.081232 0.081292
0 0.337650 0.969354 0.089258 0.060440
0 0.978313 0.741498 0.042891 0.147616
0 0.835702 0.018560 0.080310 0.035731
0 0.503902 0.317493 0.075586 0.134227
0 0.606846 0.982306 0.085786 0.034889
0 0.022053 0.568488 0.044107 0.136681
0 0.416509 0.050134 0.073742 0.099815
0 0.611301 0.514160 0.085826 0.142079
0 0.877284 0.608887 0.081135 0.130505
0 0.650346 0.394428 0.073969 0.139523
0 0.027822 0.438259 0.055560 0.126657
0 0.756896 0.048127 0.079354 0.095014
0 0.815753 0.975164 0.089917 0.048310
0 0.401217 0.610817 0.077253 0.137116
0 0.692427 0.962752 0.081354 0.073847
0 0.372297 0.637738 0.073708 0.138097
0 0.445914 0.428419 0.075161 0.120884
0 0.165637 0.417303 0.072591 0.143532
0 0.481276 0.441625 0.077151 0.117639
0 0.249359 0.855660 0.072224 0.146236
0 0.539035 0.929178 0.083732 0.138690
0 0.255659 0.722764 0.075891 0.133880
0 0.191064 0.174836 0.086206 0.145662
0 0.873042 0.923961 0.078094 0.148412
0 0.688589 0.766218 0.081734 0.142898
0 0.481014 0.577576 0.083039 0.148375
0 0.826770 0.521352 0.078570 0.144167
0 0.688094 0.612493 0.084099 0.157838
0 0.956650 0.505606 0.086701 0.140157
0 0.459070 0.139380 0.081208 0.119667
0 0.905577 0.400292 0.086987 0.146213
0 0.746467 0.510315 0.081617 0.148148
0 0.375421 0.147852 0.076435 0.161046
0 0.723663 0.247597 0.080081 0.137759
0 0.325780 0.715218 0.072706 0.141889
0 0.978422 0.058373 0.043156 0.116745
