1 0.231819 0.621023 0.077221 0.106778
0 0.291527 0.014023 0.088081 0.028046
0 0.402828 0.977799 0.080979 0.044403
0 0.041311 0.016419 0.082622 0.031634
0 0.113943 0.020641 0.096094 0.041282
0 0.328832 0.546965 0.076607 0.134884
0 0.179997 0.971620 0.085380 0.056759
0 0.988693 0.078002 0.022615 0.151505
1 0.493544 0.906687 0.083266 0.149579
1 0.261063 0.095405 0.085109 0.146727
0 0.643995 0.026604 0.079557 0.053069
0 0.021650 0.952502 0.043299 0.094486
0 0.378527 0.025560 0.080596 0.051120
1 0.606832 0.744931 0.087924 0.144583
0 0.390880 0.509986 0.084990 0.115602
0 0.284780 0.528792 0.076951 0.143176
1 0.428560 0.146833 0.079896 0.146204
1 0.917758 0.832176 0.082609 0.148741
1 0.046451 0.447306 0.087568 0.148769
1 0.527980 0.124773 0.082893 0.151083
0 0.979891 0.645259 0.040219 0.123306
0 0.808448 0.960507 0.086057 0.078412
0 0.492784 0.037637 0.090292 0.075273
1 0.720417 0.745069 0.091958 0.150139
0 0.327841 0.961456 0.077057 0.076245
0 0.931896 0.231234 0.081964 0.149319
0 0.895085 0.401259 0.080560 0.135463
0 0.598816 0.867444 0.093711 0.129722
0 0.149764 0.714197 0.092508 0.140218
0 0.946789 0.950171 0.082557 0.098231
0 0.297991 0.670440 0.069404 0.132398
0 0.087605 0.661773 0.075784 0.133602
0 0.256083 0.942942 0.073901 0.114116
0 0.874706 0.536861 0.085984 0.136917
0 0.225109 0.860699 0.081208 0.140824
0 0.403672 0.385162 0.082005 0.141102
0 0.023889 0.796331 0.047487 0.140912
0 0.357514 0.271405 0.081143 0.118903
0 0.023224 0.650727 0.046427 0.155102
0 0.488896 0.354042 0.082375 0.142574
0 0.229656 0.396238 0.079089 0.127264
0 0.947893 0.565174 0.065562 0.111625
0 0.094914 0.948764 0.088380 0.101926
0 0.299781 0.833873 0.074609 0.149218
0 0.836870 0.355933 0.088901 0.154995
0 0.413357 0.890509 0.072120 0.124333
0 0.178874 0.170567 0.077372 0.163690
0 0.169158 0.572243 0.083909 0.145884
0 0.967036 0.380241 0.065927 0.147426
0 0.412141 0.733824 0.086250 0.161944
0 0.144987 0.855771 0.082802 0.148588
0 0.653773 0.952127 0.085297 0.095560
0 0.305038 0.376593 0.080154 0.151481
0 0.452305 0.281394 0.081115 0.133426
0 0.722323 0.437509 0.082521 0.157815
0 0.155216 0.431111 0.080141 0.153769
0 0.035654 0.299542 0.071214 0.148630
0 0.102658 0.168352 0.080971 0.150806
0 0.508919 0.498546 0.090740 0.144000
0 0.038685 0.104479 0.077281 0.145273
0 0.902975 0.681887 0.080617 0.151690
0 0.835646 0.768502 0.075979 0.136912
0 0.624531 0.159574 0.080333 0.134185
0 0.543500 0.640833 0.083375 0.152806
0 0.937238 0.071220 0.081612 0.139431
0 0.726197 0.070488 0.081008 0.140745
0 0.602598 0.487072 0.079763 0.137301
0 0.606516 0.331019 0.088646 0.151444
0 0.836331 0.130852 0.078016 0.145630
0 0.117125 0.312745 0.091094 0.148556
0 0.782081 0.239106 0.089901 0.155481
0 0.635826 0.632326 0.075135 0.128644
0 0.789948 0.537646 0.081182 0.152319
0 0.344089 0.136889 0.088052 0.149352
0 0.693514 0.232734 0.084904 0.147514
0 0.791488 0.864308 0.079336 0.122579
