0 0.568295 0.040854 0.087392 0.080802
0 0.929938 0.053786 0.101273 0.107171
0 0.076161 0.024676 0.092693 0.048889
1 0.679070 0.347212 0.097793 0.123529
0 0.477978 0.405309 0.084128 0.116698
0 0.152602 0.492199 0.093839 0.122495
0 0.224504 0.810039 0.090945 0.122618
0 0.306856 0.519954 0.094498 0.121173
0 0.402589 0.390995 0.083881 0.105314
0 0.730253 0.919455 0.090081 0.115689
0 0.796074 0.514789 0.084417 0.124763
0 0.395899 0.805859 0.086605 0.107387
0 0.260235 0.149534 0.095787 0.112269
0 0.802926 0.723904 0.090243 0.119743
0 0.197886 0.288220 0.097469 0.121574
0 0.734514 0.473387 0.082515 0.135087
0 0.934599 0.265069 0.086991 0.133956
0 0.347309 0.109028 0.104356 0.125288
0 0.093166 0.666857 0.090613 0.124115
0 0.828409 0.885360 0.095691 0.117469
0 0.251128 0.439982 0.106779 0.123400
0 0.459288 0.759655 0.075073 0.124280
0 0.871711 0.096924 0.118360 0.125401
0 0.419703 0.297523 0.099367 0.104861
0 0.563814 0.706950 0.083160 0.150977
0 0.307037 0.881373 0.095039 0.157119
0 0.561827 0.303719 0.093214 0.108611
0 0.207280 0.956091 0.090802 0.087459
0 0.416049 0.888871 0.102245 0.122731
0 0.758202 0.347618 0.080741 0.122315
0 0.854948 0.600427 0.105629 0.144311
0 0.429603 0.204506 0.079745 0.142994
0 0.632162 0.651924 0.103893 0.115391
0 0.428223 0.969048 0.088916 0.061852
0 0.876335 0.733521 0.076620 0.136373
0 0.801292 0.639172 0.104120 0.109002
0 0.841235 0.254185 0.105887 0.082186
0 0.024635 0.284498 0.048576 0.160365
0 0.664736 0.508691 0.090814 0.163884
0 0.949063 0.962958 0.101566 0.073323
0 0.633299 0.452016 0.098310 0.107562
0 0.022749 0.623647 0.045312 0.131656
0 0.296977 0.246530 0.115289 0.110612
1 0.517784 0.499480 0.090282 0.122407
0 0.970733 0.024236 0.058534 0.048092
0 0.982861 0.236834 0.033746 0.125694
0 0.984010 0.091690 0.031979 0.116970
1 0.496809 0.258477 0.086096 0.146646
1 0.501649 0.693161 0.073654 0.116960
1 0.505409 0.810262 0.084722 0.142099
1 0.350937 0.217135 0.090833 0.117058
0 0.620853 0.012991 0.088611 0.025941
0 0.703324 0.259177 0.112982 0.116008
1 0.720343 0.714812 0.083179 0.111713
1 0.711950 0.613089 0.078769 0.108873
1 0.278715 0.331350 0.103133 0.114532
1 0.584776 0.392603 0.105664 0.123374
1 0.845652 0.340815 0.103742 0.121003
1 0.615787 0.799210 0.083102 0.108225
1 0.596127 0.542590 0.099182 0.129882
1 0.842423 0.170368 0.103511 0.107701
