0 0.033086 0.726833 0.065836 0.106167
0 0.821945 0.149456 0.083758 0.106599
0 0.496826 0.950763 0.077301 0.098474
0 0.667980 0.836698 0.085906 0.110562
0 0.702896 0.407016 0.087777 0.102333
0 0.334320 0.155141 0.076094 0.102646
0 0.336965 0.946612 0.085070 0.106776
0 0.288891 0.744055 0.081648 0.105422
0 0.892070 0.873914 0.090922 0.099964
0 0.753316 0.646596 0.085070 0.106464
0 0.217215 0.771313 0.080687 0.100719
0 0.552443 0.307490 0.087816 0.108417
0 0.054680 0.072328 0.082281 0.107531
0 0.678666 0.081755 0.086590 0.106406
0 0.526049 0.470305 0.077660 0.105120
0 0.620912 0.135477 0.076105 0.097849
0 0.736029 0.211747 0.087707 0.116328
0 0.071656 0.446341 0.086539 0.117818
0 0.399922 0.190701 0.074711 0.106557
0 0.062041 0.320331 0.077801 0.096297
0 0.272377 0.451823 0.084066 0.099385
0 0.846021 0.458073 0.083590 0.120677
0 0.304256 0.637654 0.087371 0.112807
0 0.197211 0.579810 0.085687 0.114724
0 0.146803 0.874654 0.077191 0.100984
0 0.895285 0.125836 0.083953 0.102651
0 0.897494 0.379331 0.084957 0.113016
0 0.534633 0.159234 0.076938 0.104469
0 0.172092 0.042732 0.086215 0.083464
0 0.155678 0.271888 0.089270 0.107526
0 0.959988 0.269956 0.079984 0.110089
0 0.798053 0.552146 0.082074 0.108000
0 0.361281 0.589734 0.070078 0.100552
0 0.583801 0.541599 0.076828 0.111583
0 0.147652 0.174544 0.075984 0.097245
0 0.517455 0.633099 0.085660 0.109729
0 0.942666 0.523154 0.079855 0.110547
0 0.455021 0.456677 0.082262 0.110958
0 0.835494 0.321937 0.074941 0.109052
0 0.867611 0.043745 0.085746 0.087427
0 0.594650 0.393146 0.079199 0.104479
0 0.527863 0.731427 0.084031 0.105917
0 0.678039 0.715669 0.075680 0.111234
0 0.138375 0.487422 0.082656 0.120677
0 0.460871 0.142534 0.084891 0.108443
0 0.555783 0.888807 0.085199 0.126240
0 0.290988 0.535544 0.073703 0.087839
0 0.179688 0.950909 0.083898 0.096953
0 0.315854 0.237451 0.096730 0.099286
0 0.285730 0.083930 0.105617 0.125943
0 0.482189 0.365745 0.093879 0.109542
0 0.068430 0.928010 0.086070 0.119729
0 0.396564 0.794638 0.084441 0.078661
0 0.049746 0.610531 0.099492 0.112146
0 0.899713 0.579659 0.088684 0.102182
0 0.338881 0.033104 0.079605 0.065094
0 0.549594 0.082607 0.091938 0.091443
0 0.887516 0.957344 0.084570 0.083427
0 0.373172 0.868344 0.085086 0.105771
0 0.780061 0.041159 0.085121 0.082036
0 0.979074 0.955260 0.041852 0.086448
0 0.350674 0.431862 0.083340 0.112536
0 0.031615 0.243669 0.062652 0.111078
0 0.970748 0.723255 0.058348 0.113219
0 0.546439 0.024706 0.085238 0.049286
0 0.642006 0.024784 0.083238 0.047620
0 0.298654 0.333581 0.085559 0.117380
0 0.443471 0.028185 0.103965 0.055151
0 0.270281 0.971701 0.089898 0.055568
0 0.015512 0.933930 0.030383 0.115349
0 0.396941 0.979633 0.086969 0.040151
0 0.009992 0.505773 0.019984 0.106755
0 0.984889 0.850656 0.030223 0.110167
0 0.796096 0.976245 0.093496 0.047510
0 0.073979 0.167258 0.058965 0.091922
0 0.008174 0.390591 0.015957 0.101141
0 0.087402 0.990813 0.083109 0.017427
0 0.006488 0.096365 0.012977 0.083198
0 0.212787 0.991240 0.079699 0.017031
0 0.244348 0.146969 0.067586 0.085885
