0 0.975643 0.051329 0.048714 0.101676
0 0.905703 0.332222 0.075094 0.139630
0 0.615594 0.357000 0.067906 0.126185
0 0.382102 0.428329 0.075599 0.131250
0 0.218576 0.082616 0.071526 0.120991
0 0.682167 0.447713 0.075021 0.137741
0 0.051464 0.951120 0.089000 0.097759
0 0.634375 0.760565 0.086969 0.155796
0 0.978831 0.745171 0.042245 0.133972
0 0.256060 0.022898 0.073932 0.045796
0 0.009378 0.390778 0.017724 0.150463
0 0.632510 0.615551 0.087125 0.147528
0 0.068875 0.201792 0.082104 0.135694
0 0.328805 0.066745 0.073870 0.133491
0 0.121430 0.558560 0.078016 0.126824
0 0.555898 0.773579 0.081526 0.145602
0 0.049661 0.824255 0.082323 0.153861
0 0.973109 0.169931 0.053781 0.144880
0 0.987396 0.926338 0.024760 0.132824
0 0.962234 0.416199 0.075531 0.147250
0 0.360771 0.854542 0.075740 0.135324
0 0.882599 0.951000 0.080698 0.098000
0 0.762594 0.731292 0.092552 0.161046
0 0.382010 0.139287 0.078229 0.126704
0 0.697596 0.310389 0.083182 0.143019
0 0.744234 0.497486 0.076813 0.149194
0 0.908609 0.185505 0.079687 0.140194
0 0.309828 0.731625 0.077875 0.135806
0 0.864201 0.829866 0.083234 0.143972
0 0.580750 0.475463 0.079031 0.134389
0 0.772029 0.166894 0.083349 0.139139
0 0.802591 0.560750 0.080901 0.153130
0 0.210279 0.488815 0.079109 0.137389
0 0.441958 0.216144 0.094396 0.169769
0 0.018164 0.900699 0.036224 0.118806
0 0.435909 0.894088 0.084807 0.143898
0 0.764005 0.949144 0.076312 0.098787
0 0.333763 0.322116 0.077391 0.139028
0 0.181674 0.024042 0.078724 0.048083
0 0.279336 0.207829 0.067911 0.122380
0 0.027417 0.673625 0.054562 0.140657
0 0.863216 0.699597 0.079453 0.127324
0 0.653563 0.073014 0.080521 0.146028
0 0.484826 0.674375 0.073568 0.130546
0 0.139229 0.673454 0.084542 0.125759
0 0.141049 0.094801 0.085516 0.144176
0 0.553490 0.627375 0.069771 0.120898
0 0.472539 0.428921 0.077078 0.139361
0 0.045737 0.340583 0.077391 0.142333
0 0.260174 0.823269 0.073026 0.135222
0 0.052857 0.489583 0.075307 0.146667
0 0.254208 0.356824 0.083917 0.145204
0 0.501951 0.967255 0.075630 0.065491
0 0.799161 0.054593 0.080323 0.109185
0 0.448406 0.070343 0.082344 0.137241
0 0.659432 0.965440 0.082687 0.067417
0 0.016000 0.541236 0.031896 0.143991
0 0.561609 0.060023 0.083719 0.120046
0 0.387990 0.720204 0.076771 0.129574
0 0.119807 0.349611 0.072312 0.126500
0 0.032995 0.086495 0.065990 0.143287
0 0.784018 0.358329 0.079078 0.139213
0 0.428703 0.536741 0.077812 0.135315
0 0.325070 0.556940 0.073005 0.126565
0 0.260370 0.976222 0.084969 0.044463
0 0.724812 0.060579 0.074656 0.121120
0 0.106846 0.764917 0.082891 0.144481
4 0.538138 0.354935 0.075734 0.156611
