4 0.658576 0.213301 0.093922 0.159269
0 0.566273 0.772125 0.092849 0.136602
0 0.572313 0.936292 0.076792 0.127417
0 0.111276 0.482778 0.085990 0.145185
0 0.032753 0.280694 0.065359 0.162056
0 0.254107 0.753296 0.082453 0.150241
0 0.940625 0.618083 0.087552 0.145574
0 0.231271 0.236546 0.081906 0.164037
0 0.926484 0.936458 0.076010 0.123898
0 0.422089 0.907926 0.079958 0.151241
0 0.027737 0.430194 0.055474 0.157241
0 0.961021 0.398611 0.077958 0.140870
0 0.600383 0.535727 0.093964 0.150565
0 0.620214 0.843602 0.086792 0.157611
0 0.077273 0.179366 0.089401 0.150009
0 0.954766 0.748935 0.085292 0.147667
0 0.365732 0.107398 0.083995 0.160352
0 0.689995 0.804319 0.078135 0.148694
0 0.340570 0.359412 0.086432 0.152250
0 0.158953 0.400032 0.086302 0.140713
0 0.070878 0.725972 0.081255 0.146759
0 0.719435 0.633736 0.087641 0.151231
0 0.143003 0.913074 0.081130 0.146926
0 0.917526 0.184606 0.090917 0.148657
0 0.755232 0.739458 0.081922 0.139176
0 0.571180 0.650833 0.081141 0.138889
0 0.375391 0.244894 0.085344 0.137880
0 0.217870 0.655542 0.079990 0.135843
0 0.144432 0.660324 0.084698 0.150981
0 0.433451 0.511347 0.085599 0.139139
0 0.847445 0.127139 0.085005 0.149407
0 0.743940 0.906731 0.078182 0.141796
0 0.431721 0.643569 0.079755 0.142472
0 0.891049 0.433403 0.086151 0.127139
0 0.355128 0.657042 0.095370 0.149676
0 0.278219 0.423366 0.090417 0.159194
0 0.325695 0.914176 0.085089 0.139889
0 0.298375 0.150898 0.085292 0.140500
0 0.504164 0.943468 0.077870 0.112454
0 0.877313 0.560236 0.083073 0.141657
0 0.326701 0.776019 0.086182 0.157630
0 0.666266 0.942065 0.089750 0.114481
0 0.096299 0.311944 0.084568 0.147389
0 0.234409 0.533412 0.092089 0.149231
0 0.414940 0.376093 0.084401 0.155796
0 0.207443 0.061412 0.080271 0.121009
0 0.194346 0.839903 0.090120 0.146139
0 0.811685 0.632097 0.090401 0.144194
0 0.834544 0.750852 0.090120 0.146241
0 0.740747 0.146764 0.086005 0.145250
0 0.596497 0.041718 0.089266 0.083435
0 0.978799 0.127292 0.042401 0.139491
0 0.603883 0.410421 0.086057 0.129102
0 0.085576 0.049421 0.080203 0.095917
0 0.733948 0.045588 0.088833 0.088343
0 0.398112 0.767662 0.076453 0.140454
0 0.015523 0.569917 0.030193 0.137833
0 0.098792 0.965903 0.084042 0.068194
0 0.028151 0.814903 0.056302 0.137694
0 0.990292 0.700000 0.018833 0.161444
0 0.733641 0.276694 0.085979 0.141352
0 0.031990 0.956296 0.063427 0.087407
0 0.173833 0.185389 0.079938 0.149130
0 0.560974 0.161481 0.083458 0.144185
0 0.506284 0.075292 0.082036 0.141713
0 0.436542 0.099671 0.072750 0.140472
0 0.674339 0.088370 0.078750 0.131204
0 0.022203 0.697259 0.043687 0.135481
0 0.972701 0.032741 0.054599 0.065481
0 0.502719 0.649125 0.077760 0.180361
0 0.690042 0.502315 0.082583 0.134889
0 0.064552 0.596282 0.081365 0.132046
0 0.592883 0.284227 0.083266 0.143213
0 0.977836 0.920125 0.043807 0.140806
0 0.136495 0.079014 0.084625 0.153472
0 0.202729 0.956449 0.087948 0.087102
0 0.901125 0.811407 0.081833 0.156852
0 0.667331 0.355907 0.082109 0.146333
0 0.462466 0.021301 0.084641 0.042602
0 0.297997 0.274111 0.085307 0.134556
0 0.911005 0.318773 0.090062 0.141954
0 0.976586 0.263995 0.046828 0.142306
0 0.646732 0.617657 0.078964 0.152907
