0 0.010632 0.193965 0.021107 0.167532
0 0.528276 0.964150 0.094531 0.071699
0 0.029729 0.019970 0.058786 0.039940
0 0.009042 0.844016 0.017703 0.160218
0 0.362165 0.021623 0.103284 0.043245
0 0.648534 0.971144 0.099536 0.057120
3 0.455960 0.869264 0.084081 0.140574
0 0.016647 0.670713 0.033294 0.169917
0 0.909917 0.030725 0.094349 0.061449
0 0.486530 0.035331 0.087258 0.070227
0 0.452490 0.956516 0.090563 0.086968
0 0.968872 0.830606 0.062255 0.166185
0 0.662430 0.336375 0.083484 0.149370
0 0.972841 0.221181 0.053865 0.171750
0 0.975202 0.935690 0.049289 0.127713
0 0.103529 0.685613 0.115682 0.134810
0 0.390064 0.881109 0.087690 0.174477
0 0.410159 0.066824 0.093547 0.133648
0 0.254323 0.538792 0.111734 0.146926
0 0.518957 0.532014 0.078034 0.196148
0 0.302376 0.926067 0.095273 0.133995
0 0.617944 0.114030 0.096966 0.181681
0 0.085328 0.053734 0.091495 0.107468
0 0.042467 0.830537 0.076221 0.181824
0 0.106944 0.559271 0.113654 0.164940
0 0.664909 0.891424 0.096187 0.151218
0 0.456443 0.590537 0.082932 0.152343
0 0.862490 0.790245 0.092578 0.152611
0 0.431669 0.747671 0.092859 0.171028
0 0.042813 0.530678 0.085625 0.185931
0 0.971813 0.588970 0.056026 0.159468
0 0.303918 0.446373 0.102523 0.149903
0 0.943734 0.744588 0.097026 0.161250
0 0.166043 0.069051 0.087081 0.138102
0 0.861859 0.658859 0.094854 0.154532
0 0.728854 0.068597 0.087927 0.136926
0 0.443154 0.276310 0.092229 0.170731
0 0.240768 0.070028 0.088870 0.139815
0 0.164249 0.838900 0.093784 0.186745
0 0.033615 0.365514 0.066797 0.164009
0 0.858850 0.091086 0.090862 0.162468
0 0.104932 0.803067 0.085552 0.153505
0 0.497163 0.383935 0.087445 0.193500
0 0.546661 0.082160 0.091911 0.164319
0 0.087624 0.425106 0.096591 0.167435
0 0.957408 0.093361 0.085185 0.175963
0 0.531370 0.869215 0.089536 0.147894
0 0.201193 0.427308 0.085568 0.161736
0 0.513272 0.723470 0.091195 0.168088
0 0.191112 0.184192 0.096437 0.168412
0 0.921348 0.296801 0.086003 0.166130
0 0.652493 0.601697 0.085810 0.158764
0 0.474056 0.127255 0.086857 0.152806
0 0.095658 0.271382 0.096227 0.168681
0 0.239911 0.817475 0.088146 0.155014
0 0.262462 0.218979 0.090409 0.167662
0 0.265406 0.357991 0.096120 0.158472
0 0.905266 0.557153 0.091172 0.159046
0 0.429415 0.483537 0.091706 0.158028
0 0.649130 0.745722 0.080828 0.136731
0 0.578260 0.617738 0.088760 0.167542
0 0.661286 0.190970 0.108677 0.186245
0 0.211535 0.673162 0.095768 0.162574
0 0.545850 0.227021 0.085664 0.161875
0 0.789357 0.156264 0.093812 0.183500
0 0.312557 0.814171 0.083833 0.146565
