0 0.147635 0.627456 0.089551 0.099443
0 0.454621 0.938380 0.067609 0.087781
0 0.428750 0.134898 0.067273 0.085151
0 0.964357 0.470479 0.071012 0.090062
0 0.136363 0.078419 0.072961 0.093464
0 0.206889 0.289646 0.079973 0.099031
0 0.864154 0.474273 0.071449 0.093005
0 0.832994 0.893336 0.071824 0.091734
0 0.217359 0.056484 0.069750 0.090208
0 0.042629 0.755523 0.074531 0.099036
0 0.389289 0.272227 0.072242 0.096505
0 0.485266 0.179589 0.085578 0.098437
0 0.551475 0.042599 0.073105 0.085198
0 0.286910 0.057859 0.077711 0.103500
0 0.232709 0.144521 0.077691 0.096177
0 0.066514 0.465677 0.082762 0.103885
0 0.329824 0.194289 0.083484 0.097318
0 0.584816 0.496424 0.083266 0.086901
0 0.293074 0.773544 0.071484 0.092151
0 0.637891 0.654560 0.078758 0.096911
0 0.108965 0.876974 0.077008 0.091760
0 0.370369 0.667117 0.068480 0.093734
0 0.911797 0.037216 0.084219 0.074432
0 0.072668 0.552354 0.067047 0.080323
0 0.734518 0.882297 0.077137 0.092104
0 0.565416 0.961523 0.066473 0.076266
0 0.851123 0.347109 0.070527 0.080510
0 0.498939 0.391154 0.077168 0.108224
0 0.695941 0.790500 0.077891 0.092313
0 0.980791 0.401471 0.038418 0.089203
0 0.809555 0.281336 0.068516 0.079370
0 0.648531 0.558792 0.077438 0.106792
0 0.717883 0.539937 0.082859 0.093687
0 0.397994 0.501891 0.068488 0.089865
0 0.152557 0.468070 0.083543 0.089068
0 0.195238 0.709167 0.073312 0.083052
0 0.398102 0.920919 0.069914 0.101214
0 0.308689 0.358331 0.074270 0.091589
0 0.954471 0.639922 0.087723 0.109312
0 0.819561 0.532831 0.070691 0.091349
0 0.758422 0.223518 0.075250 0.083609
0 0.630311 0.227419 0.083285 0.101641
0 0.256699 0.505909 0.077719 0.101536
0 0.373064 0.057768 0.073902 0.101349
0 0.326852 0.606419 0.072719 0.094036
0 0.081744 0.367122 0.068488 0.101526
0 0.589367 0.285052 0.081523 0.096417
0 0.317535 0.458716 0.073797 0.093682
0 0.436436 0.549060 0.067918 0.089922
0 0.603650 0.730268 0.075137 0.092495
0 0.338385 0.743464 0.080426 0.099667
0 0.953705 0.134242 0.076652 0.090359
0 0.177334 0.888622 0.075785 0.081557
0 0.648156 0.055221 0.070922 0.078505
0 0.480766 0.080461 0.070477 0.094578
0 0.137828 0.392526 0.063586 0.100760
0 0.903051 0.678065 0.079617 0.094453
0 0.334562 0.939456 0.070891 0.093266
0 0.422719 0.042552 0.068062 0.084990
0 0.734740 0.139208 0.074168 0.105958
0 0.936096 0.399109 0.075113 0.096312
0 0.131674 0.955096 0.082676 0.088266
0 0.799227 0.402505 0.075875 0.091469
0 0.582232 0.108867 0.087996 0.097214
0 0.899975 0.925456 0.080270 0.090547
0 0.154588 0.811479 0.079863 0.090208
0 0.204885 0.380000 0.076207 0.088917
0 0.886012 0.974362 0.074656 0.051276
0 0.011998 0.260331 0.023996 0.090214
0 0.739631 0.009117 0.076199 0.017214
0 0.254707 0.013339 0.070414 0.026448
0 0.993473 0.134888 0.012680 0.082641
0 0.986314 0.926510 0.027215 0.084135
0 0.098982 0.979503 0.079207 0.040484
0 0.526406 0.625206 0.069055 0.100193
0 0.658854 0.016401 0.075957 0.032802
0 0.205850 0.429987 0.081613 0.091464
4 0.565625 0.349099 0.111016 0.087448
0 0.768932 0.976216 0.074598 0.047495
0 0.297828 0.973122 0.073609 0.052630
0 0.422064 0.636279 0.072965 0.096380
0 0.486098 0.034516 0.069687 0.069031
0 0.713498 0.617781 0.086918 0.089781
0 0.075646 0.832568 0.074129 0.093292
0 0.746104 0.035010 0.083621 0.070021
0 0.839957 0.971344 0.066141 0.056802
0 0.190250 0.584279 0.075492 0.083151
0 0.541926 0.566198 0.081937 0.082333
0 0.487020 0.581990 0.068187 0.100875
0 0.157133 0.542279 0.085133 0.083839
0 0.019889 0.683781 0.039777 0.098635
0 0.075582 0.616148 0.067711 0.088234
0 0.964838 0.832547 0.069582 0.115552
0 0.459287 0.660505 0.087199 0.094698
0 0.571766 0.416721 0.084633 0.080839
0 0.616410 0.917448 0.081805 0.086490
0 0.867266 0.747042 0.084258 0.082552
0 0.781691 0.132315 0.076625 0.085536
0 0.877260 0.827122 0.065176 0.082411
0 0.427924 0.730164 0.100051 0.097734
0 0.118463 0.766029 0.081113 0.081703
0 0.202617 0.975039 0.073000 0.049922
0 0.586836 0.637836 0.064656 0.096161
0 0.480904 0.858672 0.078332 0.084406
0 0.978348 0.299245 0.043305 0.102937
0 0.121844 0.684896 0.089930 0.093021
0 0.527596 0.812201 0.087980 0.083089
0 0.180025 0.029167 0.080879 0.058333
0 0.669342 0.904302 0.072496 0.097531
0 0.953602 0.217052 0.077953 0.084604
0 0.177621 0.133964 0.062320 0.096667
0 0.428963 0.806901 0.080027 0.085354
