1 0.288173 0.473019 0.062617 0.135870
0 0.184486 0.875370 0.080232 0.129380
0 0.543138 0.349310 0.080240 0.132593
0 0.042326 0.080595 0.084646 0.141162
0 0.509958 0.705477 0.078573 0.131037
0 0.801443 0.603868 0.068682 0.129532
0 0.842411 0.496211 0.071302 0.142829
0 0.962801 0.280806 0.074221 0.131833
0 0.030105 0.566755 0.060211 0.114130
0 0.440387 0.520111 0.071029 0.133213
0 0.632842 0.389979 0.074919 0.138662
0 0.704155 0.352530 0.075044 0.124421
0 0.436221 0.772845 0.080245 0.149042
0 0.592366 0.055076 0.076430 0.109282
0 0.065529 0.328944 0.073979 0.139759
0 0.814711 0.060215 0.076849 0.118894
0 0.526396 0.122963 0.080964 0.132833
0 0.285767 0.183944 0.084742 0.146009
0 0.135137 0.338472 0.069799 0.131315
0 0.665070 0.827523 0.073521 0.128870
0 0.846301 0.712868 0.073570 0.141801
0 0.466270 0.383625 0.077284 0.142796
0 0.562460 0.481796 0.081018 0.142574
0 0.096797 0.191403 0.088682 0.142472
0 0.607141 0.579905 0.083208 0.137403
0 0.903154 0.174405 0.072276 0.121171
0 0.626712 0.221581 0.080872 0.159190
0 0.837277 0.214870 0.072878 0.134528
0 0.919682 0.748718 0.077583 0.146648
0 0.241216 0.770113 0.080823 0.127347
0 0.734650 0.613012 0.071456 0.137060
0 0.966109 0.418449 0.066932 0.137963
0 0.785514 0.302660 0.064898 0.136579
0 0.922971 0.063715 0.078583 0.125181
0 0.912432 0.485512 0.078599 0.142199
0 0.535480 0.816891 0.068076 0.127384
0 0.518772 0.247535 0.065128 0.117875
0 0.547831 0.977400 0.077187 0.044662
0 0.991284 0.504567 0.017432 0.122995
0 0.986863 0.177062 0.025060 0.130968
0 0.710056 0.050581 0.081154 0.101162
0 0.461974 0.212079 0.065448 0.132389
0 0.449863 0.966023 0.083914 0.067130
0 0.724202 0.233032 0.079008 0.128481
0 0.016322 0.311458 0.032643 0.139870
0 0.974617 0.611711 0.050766 0.106097
0 0.978350 0.949794 0.042940 0.097634
0 0.098758 0.960442 0.086682 0.078375
0 0.746462 0.124639 0.083643 0.135148
0 0.220647 0.960947 0.079878 0.076597
0 0.306581 0.957720 0.073219 0.081514
0 0.764443 0.952380 0.084104 0.095241
0 0.363306 0.261137 0.075732 0.124394
0 0.979707 0.048623 0.040586 0.097245
0 0.338471 0.380465 0.085062 0.120801
0 0.975594 0.755676 0.048813 0.153056
0 0.344878 0.722613 0.077755 0.122727
0 0.330207 0.604850 0.066029 0.131338
0 0.298677 0.293537 0.075333 0.124583
0 0.228862 0.528319 0.075964 0.121111
0 0.897556 0.923706 0.088732 0.129968
0 0.381833 0.564819 0.063760 0.126194
0 0.403112 0.076449 0.089906 0.128963
0 0.665217 0.489250 0.077721 0.114352
0 0.048052 0.865491 0.074078 0.127620
0 0.157066 0.766072 0.074128 0.123181
0 0.590479 0.770389 0.062062 0.114065
0 0.595141 0.879218 0.069573 0.113676
0 0.250382 0.067150 0.077648 0.127940
0 0.368579 0.898262 0.074086 0.130532
0 0.848427 0.352602 0.073698 0.133491
0 0.634115 0.699338 0.073438 0.125083
0 0.187643 0.050373 0.075547 0.100282
0 0.785779 0.820162 0.074094 0.123222
0 0.862915 0.833917 0.071763 0.117917
0 0.081896 0.507759 0.073385 0.134639
0 0.180087 0.639706 0.067664 0.150356
0 0.391854 0.431593 0.077729 0.139722
0 0.395229 0.182866 0.085339 0.121852
0 0.258659 0.634197 0.080339 0.141273
0 0.116846 0.671248 0.069005 0.137190
0 0.766632 0.432301 0.074138 0.125176
0 0.205663 0.220924 0.082034 0.137153
0 0.194430 0.415266 0.078453 0.128079
0 0.045917 0.705338 0.072813 0.129713
0 0.700701 0.712562 0.071208 0.134653
