0 0.856555 0.919682 0.064625 0.082760
0 0.686027 0.090630 0.067430 0.087740
0 0.030721 0.093901 0.061441 0.084500
0 0.076617 0.239706 0.082273 0.107526
0 0.392014 0.852042 0.070801 0.109125
0 0.519959 0.032357 0.062309 0.062328
0 0.177881 0.530904 0.072762 0.122641
0 0.974525 0.903820 0.050949 0.082484
0 0.810299 0.221872 0.067793 0.075151
0 0.742398 0.822893 0.075867 0.088568
0 0.392441 0.769383 0.066688 0.087464
0 0.272709 0.167651 0.064012 0.079906
0 0.925518 0.904641 0.066918 0.084146
0 0.330031 0.949878 0.070477 0.088547
0 0.813119 0.605940 0.065613 0.080047
0 0.760988 0.175281 0.067070 0.082083
0 0.751020 0.704125 0.069414 0.087313
0 0.399105 0.687529 0.061508 0.072568
0 0.643123 0.137865 0.069223 0.094594
0 0.431697 0.179859 0.066676 0.087521
0 0.756209 0.055792 0.075371 0.088958
0 0.686586 0.304716 0.068547 0.085432
0 0.908717 0.743250 0.065980 0.102083
0 0.759510 0.915602 0.066980 0.089672
0 0.458686 0.522214 0.064090 0.093323
0 0.102070 0.063255 0.068195 0.086958
0 0.604215 0.758156 0.064992 0.079854
0 0.491742 0.611648 0.062812 0.079307
0 0.118580 0.969044 0.068027 0.061911
0 0.863113 0.165279 0.073172 0.101068
0 0.759135 0.496680 0.079551 0.088422
0 0.315516 0.813216 0.070641 0.089089
0 0.585805 0.257221 0.082523 0.086859
0 0.436354 0.370490 0.065027 0.088917
0 0.980482 0.381445 0.038176 0.097255
0 0.500375 0.742742 0.073734 0.090089
0 0.932852 0.216164 0.066586 0.112495
0 0.151891 0.473076 0.056344 0.082724
0 0.143283 0.657698 0.071801 0.080833
0 0.994568 0.611232 0.010863 0.084068
0 0.833352 0.399659 0.071758 0.099109
0 0.323590 0.572656 0.064352 0.097385
0 0.554572 0.097839 0.076410 0.097479
0 0.341102 0.407115 0.063664 0.083604
0 0.985508 0.495849 0.028094 0.094188
0 0.107074 0.603068 0.067852 0.083740
0 0.643406 0.054495 0.067141 0.088656
0 0.129057 0.837081 0.069184 0.079786
0 0.166172 0.065977 0.069734 0.095005
0 0.022242 0.667539 0.044180 0.078682
0 0.948193 0.318669 0.074074 0.079255
0 0.751455 0.010687 0.072332 0.021375
0 0.227129 0.253479 0.078031 0.111094
0 0.752941 0.351365 0.068906 0.089375
0 0.934965 0.027781 0.062664 0.055563
0 0.731414 0.342245 0.056172 0.077896
0 0.885871 0.839247 0.066852 0.096495
0 0.280135 0.248513 0.067277 0.112755
0 0.034437 0.466141 0.067938 0.080781
0 0.243512 0.664820 0.064602 0.085953
0 0.249533 0.075107 0.062238 0.120755
0 0.083240 0.759419 0.064559 0.098234
0 0.009557 0.801531 0.019113 0.092583
0 0.430625 0.063263 0.064711 0.095234
0 0.338754 0.605208 0.066523 0.089354
0 0.805084 0.545604 0.067457 0.080021
0 0.719953 0.546010 0.066203 0.081865
0 0.131131 0.019549 0.072762 0.039099
0 0.422752 0.012940 0.056855 0.025307
0 0.034836 0.824544 0.066367 0.087859
0 0.367568 0.232133 0.068816 0.114203
0 0.164953 0.668500 0.068008 0.082562
0 0.527457 0.789109 0.055047 0.075146
0 0.333197 0.492885 0.070145 0.078656
0 0.369637 0.391818 0.062516 0.082979
0 0.438162 0.463888 0.070254 0.086078
0 0.679822 0.450766 0.066762 0.088583
0 0.576771 0.568799 0.059520 0.082818
0 0.021654 0.987076 0.041738 0.024307
0 0.991736 0.764068 0.014676 0.084208
0 0.221969 0.681005 0.065398 0.085073
0 0.302482 0.021625 0.075285 0.042281
0 0.091213 0.946479 0.063340 0.094385
0 0.607150 0.084724 0.061285 0.086396
0 0.261521 0.610828 0.077379 0.086448
0 0.970506 0.113893 0.058988 0.087255
0 0.114039 0.311617 0.069031 0.100161
0 0.141973 0.444070 0.068437 0.092380
0 0.085082 0.399357 0.063820 0.087984
0 0.080439 0.020039 0.064801 0.039651
0 0.399514 0.505701 0.067121 0.079995
0 0.515746 0.252055 0.071859 0.082724
0 0.467760 0.121852 0.064691 0.096839
0 0.566225 0.817063 0.068129 0.089063
0 0.650033 0.231456 0.079730 0.083109
0 0.471262 0.329776 0.075531 0.092469
0 0.904322 0.304576 0.073941 0.095182
0 0.718668 0.429576 0.072195 0.078578
0 0.911574 0.643534 0.066539 0.101547
0 0.802557 0.965156 0.068043 0.067563
0 0.487416 0.987719 0.059645 0.024563
0 0.514605 0.951826 0.066219 0.092547
0 0.696645 0.521156 0.055031 0.076250
0 0.981775 0.524279 0.035926 0.093870
0 0.020037 0.422083 0.039480 0.094302
0 0.340674 0.696102 0.064238 0.100651
0 0.805197 0.031833 0.067793 0.062885
0 0.810619 0.505701 0.078418 0.082859
0 0.959150 0.073052 0.058082 0.079427
0 0.047068 0.565234 0.066816 0.078281
0 0.607430 0.573464 0.062727 0.085427
0 0.696404 0.756724 0.075590 0.100260
0 0.087113 0.455654 0.052875 0.079411
0 0.879818 0.600380 0.071246 0.108594
0 0.778893 0.276620 0.060824 0.088448
0 0.659982 0.504255 0.056520 0.078875
0 0.636404 0.949107 0.069879 0.100193
0 0.979566 0.025648 0.040867 0.048849
0 0.533748 0.865141 0.069223 0.107927
0 0.605934 0.529258 0.068109 0.096453
0 0.122102 0.889953 0.064180 0.081115
