0 0.990974 0.234539 0.018052 0.155051
1 0.335449 0.106081 0.100102 0.158125
0 0.736879 0.726954 0.098617 0.165148
0 0.764240 0.036829 0.096422 0.073269
0 0.959706 0.128171 0.080589 0.154852
1 0.193889 0.061708 0.087258 0.121333
0 0.945234 0.249859 0.095818 0.160699
0 0.298568 0.491137 0.088161 0.174208
0 0.044096 0.258194 0.088193 0.149843
0 0.300298 0.694688 0.098049 0.173236
0 0.024340 0.627926 0.047867 0.167102
0 0.205581 0.848428 0.093229 0.143949
0 0.258957 0.918062 0.085716 0.163875
0 0.532052 0.125662 0.099161 0.161259
0 0.073202 0.677579 0.090185 0.147972
0 0.100835 0.456977 0.090982 0.153093
0 0.187316 0.950535 0.084565 0.098718
0 0.674958 0.116789 0.124161 0.140773
0 0.350651 0.236125 0.090859 0.151935
0 0.951090 0.607444 0.097820 0.171056
0 0.126279 0.596488 0.101380 0.163486
1 0.688402 0.223174 0.091013 0.145560
0 0.052396 0.068637 0.095104 0.135088
1 0.042206 0.380722 0.080266 0.132731
0 0.377290 0.429000 0.098497 0.175620
0 0.272126 0.047215 0.096279 0.093551
0 0.510332 0.265449 0.084878 0.151731
0 0.428646 0.320009 0.102870 0.155194
0 0.506846 0.528699 0.101359 0.167407
0 0.249615 0.148301 0.095974 0.154981
0 0.349711 0.570410 0.101969 0.164644
0 0.015617 0.154176 0.031234 0.153870
0 0.666832 0.041069 0.122966 0.081278
0 0.539922 0.403215 0.106057 0.161616
0 0.531474 0.031822 0.100135 0.063644
0 0.589561 0.296931 0.091237 0.137148
0 0.237969 0.591146 0.092776 0.153977
0 0.500146 0.672808 0.094703 0.156264
0 0.014478 0.490646 0.028956 0.136681
0 0.319014 0.849238 0.094268 0.165273
0 0.699243 0.858836 0.108883 0.148542
0 0.389854 0.753549 0.096063 0.152718
0 0.611259 0.961097 0.086555 0.076556
0 0.246706 0.281454 0.099036 0.152074
0 0.667507 0.354896 0.093852 0.160912
0 0.628622 0.457961 0.096203 0.158449
0 0.919375 0.050926 0.092115 0.099509
0 0.144592 0.190521 0.101034 0.159014
0 0.174816 0.697678 0.102799 0.155449
0 0.931629 0.951500 0.092482 0.094454
0 0.751701 0.308836 0.098479 0.176801
0 0.479521 0.951449 0.092250 0.092157
0 0.167564 0.333014 0.093898 0.156315
0 0.863596 0.554134 0.086932 0.141565
0 0.581121 0.573377 0.082971 0.164551
0 0.780612 0.918954 0.091896 0.157648
0 0.906826 0.355081 0.089156 0.152921
0 0.732824 0.484405 0.084581 0.137634
0 0.224255 0.431752 0.104302 0.157949
0 0.875387 0.671942 0.104857 0.148412
0 0.789023 0.609148 0.100422 0.166463
0 0.832815 0.398322 0.090057 0.142995
0 0.820215 0.109032 0.089648 0.166704
0 0.985555 0.682532 0.028703 0.172481
0 0.612913 0.707926 0.090826 0.155463
0 0.920329 0.481509 0.095216 0.154204
0 0.878767 0.802333 0.101341 0.150546
0 0.481211 0.835914 0.101552 0.177949
0 0.546096 0.773729 0.089219 0.165375
0 0.855215 0.927106 0.089622 0.145787
0 0.657888 0.599606 0.095573 0.156843
1 0.174919 0.511225 0.090099 0.156356
