0 0.036159 0.802593 0.071010 0.156444
0 0.655714 0.659644 0.081438 0.146037
0 0.305503 0.730222 0.075557 0.137694
0 0.789529 0.370764 0.091115 0.143167
0 0.461913 0.929836 0.079341 0.133171
0 0.359629 0.633167 0.076659 0.134380
0 0.565122 0.371329 0.084682 0.146898
0 0.315488 0.462662 0.081789 0.143046
0 0.265866 0.579530 0.087039 0.147218
0 0.422682 0.729396 0.081714 0.154079
0 0.946318 0.757500 0.091036 0.143556
0 0.239868 0.934822 0.078508 0.129449
0 0.495625 0.794880 0.080385 0.149296
0 0.720474 0.261296 0.090083 0.148611
0 0.279161 0.332405 0.084870 0.142347
0 0.110434 0.808433 0.087164 0.150505
0 0.515753 0.628778 0.079609 0.130037
0 0.516497 0.490472 0.089417 0.144315
0 0.992854 0.765968 0.013193 0.153898
0 0.577298 0.803826 0.078971 0.141014
1 0.760961 0.494921 0.080146 0.141741
0 0.387181 0.490238 0.068982 0.133088
0 0.989064 0.633269 0.021872 0.154222
1 0.213568 0.109178 0.081495 0.155375
0 0.987219 0.348509 0.024964 0.134852
0 0.017036 0.390009 0.034073 0.125880
0 0.015581 0.527296 0.030401 0.148926
0 0.948036 0.457442 0.087490 0.143449
0 0.648579 0.028771 0.088669 0.057542
0 0.897714 0.183493 0.081531 0.167921
0 0.564207 0.040347 0.081914 0.080694
0 0.967908 0.169979 0.064185 0.162588
0 0.765622 0.052801 0.096104 0.097667
0 0.170853 0.953123 0.084810 0.091606
0 0.828126 0.259002 0.089378 0.145282
0 0.025764 0.254662 0.051185 0.160167
0 0.289260 0.056685 0.087349 0.112417
0 0.502604 0.280884 0.077078 0.134028
0 0.767577 0.167475 0.088435 0.143912
0 0.181194 0.819903 0.081523 0.165343
0 0.567100 0.218551 0.077867 0.166741
0 0.967762 0.888912 0.062586 0.156389
0 0.875921 0.589407 0.089242 0.166991
0 0.379880 0.041174 0.081620 0.081949
0 0.340777 0.110340 0.099107 0.132245
0 0.080530 0.292597 0.081836 0.174769
0 0.841461 0.110361 0.075589 0.145009
0 0.162695 0.317660 0.091250 0.150273
0 0.946418 0.621155 0.078029 0.140264
0 0.062730 0.535870 0.078315 0.152981
0 0.140939 0.183317 0.092445 0.133412
0 0.843562 0.472157 0.092271 0.162380
0 0.933964 0.316093 0.090698 0.143463
0 0.423685 0.214692 0.077911 0.133949
0 0.650142 0.815581 0.079346 0.156051
0 0.143426 0.062271 0.095195 0.124542
0 0.200176 0.495662 0.077690 0.143361
0 0.643930 0.947352 0.084792 0.102296
0 0.135654 0.554097 0.082891 0.145287
0 0.253204 0.799829 0.087174 0.150620
0 0.032990 0.656461 0.065542 0.135384
0 0.636371 0.239530 0.079201 0.148384
0 0.327951 0.237435 0.087734 0.144148
0 0.114734 0.422000 0.085047 0.129398
0 0.129211 0.684759 0.091281 0.121778
0 0.564318 0.954831 0.076099 0.089412
0 0.382811 0.346588 0.085169 0.149028
0 0.703766 0.392743 0.088521 0.128329
0 0.579470 0.665771 0.072544 0.134273
0 0.606880 0.104100 0.093021 0.144097
0 0.684469 0.525519 0.087880 0.149019
