0 0.052842 0.386162 0.087268 0.166556
0 0.685150 0.678486 0.090628 0.153491
0 0.401565 0.800657 0.087505 0.168602
0 0.643382 0.144032 0.091513 0.152481
0 0.791122 0.848822 0.084422 0.146106
0 0.433685 0.930211 0.085469 0.136199
0 0.651635 0.537067 0.086349 0.153801
0 0.287599 0.448067 0.081938 0.163819
0 0.521823 0.154083 0.084786 0.157611
0 0.832523 0.650167 0.086984 0.142315
0 0.441371 0.153056 0.094461 0.165370
0 0.123770 0.563190 0.080971 0.144574
0 0.127837 0.419868 0.100878 0.160144
0 0.260237 0.869435 0.088385 0.172630
0 0.746542 0.394183 0.091620 0.213894
0 0.242475 0.643440 0.082971 0.158620
0 0.602116 0.273218 0.082299 0.143833
0 0.546646 0.941042 0.083573 0.113704
0 0.302125 0.739218 0.087443 0.164944
0 0.763510 0.953579 0.084635 0.092843
0 0.966284 0.836359 0.067219 0.137032
0 0.030491 0.805465 0.060482 0.187662
0 0.535753 0.424007 0.080979 0.130569
0 0.354307 0.359856 0.090021 0.178222
0 0.513776 0.544525 0.092219 0.145671
0 0.464538 0.047824 0.083586 0.092352
0 0.482253 0.663831 0.085849 0.164671
0 0.981464 0.564850 0.037073 0.146662
0 0.976538 0.144963 0.046924 0.177398
0 0.983273 0.297595 0.032391 0.160894
0 0.016757 0.565685 0.033133 0.152194
0 0.023896 0.059701 0.047792 0.114532
0 0.279327 0.287426 0.084393 0.182722
0 0.360882 0.483532 0.098143 0.168713
0 0.021740 0.285000 0.043479 0.185176
0 0.015109 0.432419 0.028813 0.157255
0 0.543503 0.326387 0.068448 0.106181
0 0.015784 0.688604 0.031042 0.133069
0 0.428937 0.640125 0.080240 0.143231
0 0.971603 0.706454 0.055852 0.166472
0 0.978164 0.965625 0.043417 0.066787
0 0.364633 0.646928 0.103854 0.174810
0 0.630802 0.039424 0.065771 0.077542
0 0.854273 0.047655 0.083401 0.095310
1 0.427828 0.516245 0.089255 0.162556
0 0.609988 0.962366 0.088445 0.075269
0 0.366262 0.215252 0.092815 0.146236
0 0.224082 0.772528 0.078227 0.133574
0 0.955689 0.474164 0.087872 0.164819
0 0.942611 0.247852 0.079685 0.147833
0 0.869233 0.405569 0.081383 0.144509
0 0.928105 0.616431 0.083898 0.145259
0 0.704247 0.219660 0.095750 0.155190
0 0.212145 0.464111 0.087315 0.172574
0 0.684164 0.357093 0.083813 0.152426
0 0.943474 0.076762 0.094792 0.153523
0 0.080526 0.827389 0.086948 0.174657
0 0.727492 0.561912 0.089984 0.155407
0 0.795128 0.505451 0.082141 0.164347
0 0.880322 0.173498 0.098638 0.167940
0 0.673858 0.818861 0.088143 0.158648
