0 0.914770 0.409803 0.100419 0.149264
0 0.295072 0.751028 0.092622 0.149722
0 0.238676 0.342917 0.095659 0.159750
0 0.526397 0.432009 0.092680 0.142620
0 0.041914 0.323620 0.083167 0.140361
0 0.019465 0.204366 0.038930 0.158157
0 0.355526 0.377243 0.095729 0.149190
0 0.591007 0.341275 0.096237 0.146856
0 0.912658 0.602866 0.082201 0.157639
0 0.441361 0.154646 0.085768 0.141273
0 0.155978 0.431074 0.097982 0.153296
0 0.970311 0.647956 0.059378 0.149866
0 0.689788 0.465042 0.087180 0.153574
0 0.670017 0.324863 0.079857 0.145403
0 0.375953 0.249868 0.082234 0.152181
0 0.059984 0.450875 0.091000 0.153426
0 0.105483 0.527479 0.096388 0.147792
0 0.947628 0.316859 0.103911 0.136329
0 0.993685 0.949549 0.012630 0.100903
0 0.993611 0.089023 0.012779 0.148074
0 0.492527 0.559384 0.087128 0.146120
0 0.185180 0.744938 0.086339 0.147755
0 0.752604 0.526775 0.092026 0.150282
0 0.876264 0.964713 0.092388 0.070361
0 0.961310 0.025600 0.077380 0.051199
0 0.108003 0.063206 0.092979 0.125801
0 0.802823 0.944400 0.092839 0.108792
0 0.309044 0.274313 0.087469 0.198810
0 0.818283 0.300694 0.085258 0.153426
0 0.857576 0.653641 0.088036 0.169606
0 0.103704 0.941391 0.084388 0.115292
0 0.582432 0.831380 0.097635 0.132000
0 0.947260 0.944035 0.094401 0.111412
0 0.228633 0.947771 0.090448 0.104171
0 0.910064 0.830074 0.094586 0.162583
0 0.602503 0.222799 0.095260 0.136079
0 0.678085 0.192907 0.086617 0.145148
0 0.883634 0.255100 0.086945 0.165847
0 0.375289 0.840000 0.094292 0.147361
0 0.714419 0.634813 0.084266 0.144644
0 0.173229 0.611880 0.098276 0.161407
0 0.346905 0.648602 0.095977 0.158769
0 0.571389 0.518292 0.083919 0.144426
0 0.429229 0.443854 0.082714 0.141560
0 0.177883 0.251914 0.091240 0.145125
0 0.256418 0.209509 0.090138 0.153185
0 0.505797 0.319299 0.085516 0.143625
0 0.601437 0.717326 0.095849 0.148755
0 0.099966 0.650329 0.091943 0.148046
0 0.744914 0.332479 0.090812 0.160958
0 0.014551 0.461961 0.029102 0.150671
0 0.108753 0.771062 0.094328 0.138181
0 0.484372 0.693002 0.088307 0.153505
0 0.113470 0.314333 0.086612 0.156602
0 0.465096 0.848458 0.087177 0.153417
0 0.830844 0.528720 0.089276 0.147856
0 0.424240 0.605484 0.089182 0.153699
0 0.242815 0.474350 0.092495 0.141042
0 0.047052 0.868898 0.093339 0.163019
0 0.627449 0.597012 0.101065 0.153588
0 0.790728 0.645639 0.090982 0.152222
0 0.569509 0.060773 0.095612 0.121546
0 0.955262 0.506657 0.089477 0.149278
0 0.952600 0.210900 0.085867 0.143940
0 0.562453 0.937125 0.089807 0.125583
0 0.818493 0.763535 0.095185 0.144116
0 0.307591 0.933019 0.086156 0.133546
0 0.500240 0.090815 0.084401 0.150704
0 0.517225 0.205127 0.093268 0.135190
0 0.836316 0.878618 0.098904 0.140745
0 0.948678 0.091343 0.095768 0.140167
0 0.051553 0.118442 0.096419 0.156199
0 0.386242 0.948785 0.089844 0.102431
0 0.435775 0.052245 0.097758 0.103944
0 0.613842 0.458704 0.093102 0.156417
0 0.618887 0.119639 0.086076 0.133806
0 0.229945 0.069306 0.088125 0.138167
0 0.988728 0.229752 0.022440 0.168977
1 0.413435 0.734319 0.089219 0.147583
0 0.495315 0.956245 0.082271 0.087491
0 0.042520 0.032220 0.085039 0.064440
0 0.990225 0.436167 0.019544 0.145222
0 0.776431 0.211435 0.105956 0.140074
0 0.238320 0.836148 0.092432 0.153611
0 0.441867 0.282343 0.083656 0.154157
0 0.361276 0.078477 0.076813 0.133898
