0 0.093967 0.027789 0.096934 0.055245
0 0.851010 0.412266 0.112801 0.140260
0 0.384805 0.158240 0.109227 0.134365
0 0.345930 0.270727 0.111398 0.125682
0 0.280418 0.615159 0.104484 0.142672
0 0.845727 0.959141 0.097508 0.081719
0 0.468098 0.249414 0.122078 0.161932
0 0.721336 0.079964 0.094852 0.142604
0 0.046049 0.275221 0.092098 0.137599
0 0.055910 0.401607 0.096992 0.139672
0 0.294523 0.951844 0.112242 0.096031
0 0.176924 0.764526 0.089918 0.116229
0 0.841600 0.045341 0.088902 0.090682
0 0.614439 0.347875 0.108926 0.138812
0 0.422768 0.413091 0.100074 0.132057
0 0.569590 0.938906 0.099031 0.121656
0 0.395004 0.866969 0.105828 0.140719
0 0.110420 0.650917 0.113137 0.141531
0 0.141725 0.249703 0.117348 0.151698
0 0.258873 0.069417 0.099270 0.138240
0 0.841014 0.647310 0.099184 0.132172
0 0.881246 0.892464 0.100859 0.134906
0 0.129186 0.120703 0.097074 0.133958
0 0.926656 0.606326 0.090844 0.120870
0 0.378049 0.605008 0.105965 0.145359
0 0.723596 0.518828 0.105832 0.142646
0 0.689961 0.202578 0.102062 0.131760
0 0.573025 0.099232 0.106707 0.135672
0 0.807639 0.115482 0.103504 0.119318
0 0.605293 0.716813 0.099375 0.128010
0 0.053791 0.540758 0.101145 0.129859
0 0.941486 0.254862 0.108793 0.153724
0 0.254021 0.194516 0.105941 0.137375
0 0.255656 0.740224 0.096961 0.133687
0 0.454588 0.537016 0.109660 0.145208
0 0.593564 0.223026 0.103465 0.139063
0 0.087805 0.842930 0.105211 0.136161
0 0.708494 0.651924 0.098387 0.150401
0 0.401912 0.053534 0.113496 0.107016
0 0.206611 0.010995 0.106160 0.021344
0 0.434881 0.956034 0.112598 0.087932
0 0.759025 0.859500 0.110637 0.153927
0 0.158246 0.985172 0.093984 0.029615
0 0.909408 0.025924 0.098082 0.051411
0 0.628348 0.471771 0.108703 0.130500
0 0.505973 0.987076 0.102570 0.025849
0 0.977670 0.983500 0.043848 0.033000
0 0.026242 0.781818 0.052367 0.143573
0 0.756807 0.015115 0.095668 0.029490
0 0.763375 0.960456 0.093438 0.079089
3 0.505580 0.800893 0.080332 0.120047
0 0.046037 0.131461 0.092074 0.170099
0 0.975922 0.902971 0.048133 0.147599
0 0.454764 0.710625 0.108520 0.138063
0 0.972949 0.023333 0.054102 0.046177
0 0.895471 0.146453 0.104387 0.123781
0 0.042668 0.974971 0.085312 0.050057
0 0.984143 0.190424 0.031465 0.134099
0 0.632646 0.597349 0.101777 0.143375
0 0.562467 0.818865 0.085941 0.120000
0 0.223107 0.900898 0.098434 0.115714
0 0.972646 0.773409 0.054652 0.133807
