0 0.314482 0.413273 0.076199 0.085474
0 0.989043 0.697581 0.021789 0.109297
0 0.657936 0.715367 0.064496 0.087286
0 0.416621 0.129323 0.067711 0.086542
0 0.204900 0.971724 0.066465 0.055927
0 0.665500 0.435398 0.060055 0.076568
0 0.699955 0.030437 0.060246 0.060875
0 0.154076 0.781018 0.070762 0.088245
0 0.025795 0.030557 0.051254 0.061115
0 0.861658 0.052492 0.064316 0.104984
0 0.330291 0.897771 0.076832 0.085063
0 0.386672 0.705568 0.063234 0.082896
0 0.048061 0.104281 0.076043 0.089917
0 0.583092 0.010924 0.078395 0.021849
0 0.190256 0.691182 0.061902 0.093323
0 0.989742 0.379714 0.020516 0.089490
0 0.345156 0.986482 0.069813 0.027036
0 0.058580 0.148232 0.072574 0.087922
0 0.013891 0.427612 0.027781 0.097432
0 0.139203 0.868844 0.057742 0.084677
0 0.175547 0.795612 0.081188 0.096734
0 0.249980 0.177263 0.066398 0.068484
0 0.214938 0.455643 0.083422 0.090974
0 0.236240 0.279607 0.066809 0.126693
0 0.670293 0.990945 0.073984 0.018109
0 0.993477 0.970779 0.013047 0.058443
0 0.010770 0.609534 0.021539 0.080443
0 0.077645 0.008299 0.075961 0.016599
0 0.439902 0.751901 0.070672 0.094750
0 0.061223 0.232005 0.061875 0.094771
0 0.500854 0.743107 0.061949 0.079734
0 0.016348 0.226542 0.032695 0.098813
0 0.994277 0.298271 0.009273 0.078854
0 0.967137 0.111995 0.065727 0.082521
0 0.907086 0.008234 0.066992 0.015313
0 0.577268 0.182159 0.123816 0.084786
2 0.250330 0.231609 0.064043 0.083875
0 0.327809 0.018992 0.097469 0.035755
0 0.242609 0.448966 0.065422 0.091193
0 0.057199 0.422966 0.067320 0.094766
0 0.075471 0.347529 0.062957 0.098786
0 0.771545 0.921813 0.068723 0.086823
0 0.822918 0.390852 0.065250 0.090057
0 0.943533 0.262943 0.078113 0.083125
0 0.880750 0.792419 0.069672 0.086724
0 0.067779 0.861682 0.074059 0.086396
0 0.863324 0.567773 0.078609 0.095734
0 0.780027 0.135961 0.069594 0.084370
0 0.090459 0.923898 0.068863 0.086495
0 0.745541 0.660370 0.064965 0.083229
0 0.878846 0.662409 0.073629 0.092172
0 0.755561 0.741341 0.068754 0.076932
0 0.604336 0.566518 0.073125 0.096099
0 0.657451 0.313643 0.063098 0.083703
0 0.882285 0.307612 0.072773 0.090609
0 0.546576 0.193836 0.061762 0.082776
0 0.709115 0.135375 0.063301 0.087906
0 0.159014 0.907289 0.066152 0.093193
0 0.367338 0.075526 0.069840 0.086698
0 0.547414 0.950044 0.062969 0.089349
0 0.678271 0.223477 0.067129 0.084734
0 0.922523 0.506714 0.070844 0.083604
0 0.656436 0.874253 0.071480 0.084505
0 0.189527 0.029216 0.053852 0.055536
0 0.983223 0.105846 0.032883 0.088797
0 0.605563 0.169398 0.069875 0.087224
0 0.656813 0.520784 0.066641 0.085464
0 0.589434 0.075289 0.070023 0.095589
0 0.967826 0.456716 0.064348 0.094026
0 0.832484 0.203148 0.066023 0.086286
0 0.526270 0.104508 0.067758 0.094047
0 0.905496 0.405896 0.069469 0.097406
0 0.445877 0.912487 0.072059 0.090193
0 0.966826 0.363711 0.066348 0.092484
0 0.909227 0.907875 0.065195 0.088875
0 0.762168 0.442294 0.066578 0.082797
0 0.729637 0.289896 0.066773 0.077719
0 0.746316 0.208622 0.070688 0.088224
0 0.842650 0.114065 0.068027 0.088953
0 0.912908 0.191701 0.076723 0.084401
0 0.792197 0.048242 0.065590 0.092151
0 0.969852 0.798370 0.060297 0.096115
0 0.581467 0.428125 0.066176 0.084615
0 0.654906 0.096740 0.070578 0.094063
0 0.358480 0.563372 0.068172 0.119870
0 0.453252 0.210935 0.067254 0.082557
0 0.631859 0.026602 0.067203 0.052870
0 0.509764 0.330940 0.073590 0.081411
0 0.830777 0.874240 0.063969 0.087260
0 0.797725 0.301456 0.072168 0.102599
0 0.978236 0.894211 0.043488 0.087911
0 0.694139 0.356677 0.067676 0.082240
0 0.728182 0.049734 0.062340 0.081167
0 0.960490 0.039974 0.071098 0.079948
0 0.390496 0.461732 0.068289 0.081130
0 0.937555 0.123508 0.063203 0.077151
0 0.615459 0.268151 0.068637 0.096656
0 0.843941 0.925865 0.064523 0.084198
0 0.327195 0.746260 0.068914 0.095625
0 0.479762 0.658417 0.067734 0.079802
0 0.460596 0.067966 0.069262 0.095568
0 0.360898 0.192185 0.061734 0.088745
0 0.751799 0.395336 0.063043 0.082953
0 0.519986 0.663083 0.068926 0.087500
0 0.978682 0.197661 0.042020 0.083396
0 0.746445 0.537797 0.064281 0.084375
0 0.514322 0.879133 0.062082 0.075380
0 0.213904 0.725083 0.075020 0.092698
0 0.789875 0.514594 0.064859 0.089875
0 0.381482 0.295031 0.069402 0.095271
0 0.853365 0.469258 0.066020 0.091724
0 0.631916 0.947635 0.073160 0.085812
0 0.950463 0.592279 0.070277 0.088620
0 0.532160 0.573195 0.066266 0.089036
0 0.551719 0.272495 0.061672 0.077115
0 0.521240 0.480294 0.078777 0.087807
0 0.079252 0.745641 0.064348 0.081479
0 0.186471 0.098552 0.069488 0.073979
0 0.270586 0.653195 0.064602 0.081495
0 0.023943 0.335276 0.045293 0.084458
0 0.035311 0.508253 0.070270 0.120620
0 0.242014 0.640690 0.062246 0.082328
0 0.016912 0.972096 0.033824 0.055807
0 0.625273 0.485964 0.064750 0.081250
0 0.392121 0.379594 0.072383 0.075385
0 0.104937 0.435641 0.069141 0.075531
0 0.316941 0.464240 0.059422 0.084292
0 0.236416 0.899083 0.088699 0.117344
0 0.302959 0.081195 0.070730 0.085224
0 0.369504 0.669479 0.072805 0.092354
0 0.422840 0.583612 0.067555 0.115828
0 0.840031 0.657990 0.063398 0.085448
0 0.757398 0.825799 0.073047 0.086068
0 0.130486 0.598286 0.080332 0.108760
0 0.194666 0.179844 0.063434 0.086865
0 0.789516 0.601305 0.065836 0.072818
0 0.262314 0.120922 0.078652 0.080719
0 0.945842 0.830573 0.068027 0.086708
0 0.559410 0.347281 0.069031 0.075885
0 0.284422 0.307404 0.062984 0.073401
0 0.911244 0.065948 0.063699 0.083969
0 0.694443 0.455964 0.059207 0.089208
0 0.743391 0.845797 0.074836 0.079948
0 0.094900 0.983216 0.081973 0.033568
0 0.118420 0.487273 0.071574 0.092422
0 0.623795 0.830398 0.059340 0.091922
0 0.930623 0.723797 0.069379 0.082542
0 0.691687 0.715479 0.065523 0.085771
0 0.844512 0.782036 0.068516 0.092792
0 0.601441 0.915182 0.065062 0.082104
0 0.810941 0.980482 0.072820 0.039036
0 0.419527 0.301906 0.064234 0.089083
0 0.278871 0.507786 0.068469 0.088437
0 0.501143 0.791906 0.064363 0.090083
0 0.063080 0.643198 0.071816 0.119354
0 0.431658 0.483365 0.071879 0.083292
0 0.889199 0.980258 0.068234 0.039484
0 0.318090 0.862599 0.073180 0.089844
0 0.189518 0.408659 0.069918 0.085943
0 0.455859 0.976974 0.070539 0.046052
0 0.312596 0.234487 0.062113 0.077349
0 0.484184 0.228904 0.068883 0.090057
0 0.682199 0.805872 0.061078 0.073214
0 0.426848 0.389005 0.061937 0.078313
0 0.955057 0.967370 0.061332 0.065260
0 0.712387 0.955161 0.082094 0.089677
0 0.575002 0.720393 0.066895 0.084818
0 0.250383 0.037456 0.060531 0.074839
0 0.517826 0.030187 0.066809 0.057802
0 0.506645 0.400750 0.075773 0.074208
0 0.382258 0.940112 0.059430 0.087745
0 0.669307 0.612641 0.065457 0.075885
0 0.184248 0.549604 0.063762 0.079979
0 0.025832 0.793432 0.051664 0.101750
0 0.271252 0.801888 0.072410 0.088641
0 0.410568 0.028836 0.052910 0.057422
0 0.489859 0.568164 0.073234 0.091214
0 0.414570 0.843029 0.093750 0.088828
0 0.547400 0.858508 0.071715 0.089422
0 0.123908 0.040214 0.072434 0.080427
0 0.021219 0.691177 0.042438 0.089021
