0 0.788462 0.575988 0.078518 0.210931
0 0.107716 0.245350 0.090807 0.160856
0 0.014367 0.323213 0.028734 0.161380
0 0.022382 0.531975 0.044763 0.153125
0 0.450924 0.959993 0.105818 0.080014
0 0.945504 0.964028 0.090253 0.070352
0 0.018181 0.661146 0.036362 0.156125
0 0.138591 0.048868 0.092578 0.097384
0 0.185579 0.184014 0.110794 0.161657
0 0.255757 0.358512 0.095674 0.146819
0 0.963066 0.158407 0.073867 0.151111
0 0.370758 0.358389 0.122240 0.116083
0 0.891612 0.946583 0.095193 0.105463
0 0.882208 0.712655 0.106813 0.158644
0 0.598870 0.617211 0.104953 0.154736
0 0.049685 0.041315 0.099370 0.082037
3 0.369431 0.448954 0.091872 0.152102
0 0.188350 0.317866 0.101945 0.170954
0 0.444905 0.459935 0.099341 0.149685
0 0.680535 0.687743 0.095924 0.145134
0 0.394846 0.277299 0.091500 0.145727
0 0.963767 0.054502 0.072466 0.107671
0 0.408117 0.677431 0.108521 0.175398
0 0.250724 0.216137 0.093188 0.179505
0 0.948400 0.543479 0.103154 0.154292
0 0.903922 0.020713 0.098911 0.037148
0 0.410021 0.547979 0.096833 0.138384
0 0.037686 0.432211 0.075258 0.169560
0 0.093906 0.087613 0.082484 0.146319
0 0.346526 0.636046 0.093604 0.148259
0 0.881212 0.836157 0.110190 0.172954
0 0.829293 0.882475 0.085591 0.166005
0 0.829835 0.646766 0.081659 0.167032
0 0.325612 0.529139 0.095750 0.169972
0 0.627850 0.502738 0.092456 0.178477
0 0.873962 0.560218 0.087112 0.172694
0 0.147607 0.387745 0.097578 0.174028
0 0.825833 0.475993 0.075734 0.192042
0 0.141960 0.142634 0.097357 0.146852
0 0.832642 0.974623 0.082763 0.050755
0 0.080078 0.369648 0.098927 0.164009
0 0.980246 0.276454 0.039508 0.183426
0 0.731773 0.869507 0.082271 0.167301
0 0.548895 0.723604 0.090492 0.183931
0 0.459949 0.324731 0.087305 0.179954
0 0.448040 0.868576 0.100695 0.145884
0 0.506339 0.612544 0.104411 0.160292
0 0.045112 0.138100 0.090224 0.160171
0 0.509270 0.490611 0.081742 0.133500
0 0.617499 0.753451 0.082143 0.187681
0 0.891422 0.427963 0.086870 0.164787
0 0.959655 0.436338 0.080690 0.149435
0 0.676464 0.808398 0.096500 0.160759
0 0.945658 0.332669 0.108685 0.163745
0 0.215611 0.065676 0.097872 0.130296
0 0.521909 0.357192 0.089833 0.191125
0 0.905492 0.092646 0.097464 0.152523
0 0.953566 0.791215 0.079576 0.189199
0 0.322150 0.254972 0.089258 0.164704
0 0.914753 0.226019 0.110771 0.165167
0 0.355690 0.133472 0.087036 0.182259
0 0.097695 0.506775 0.101031 0.138949
0 0.193522 0.489463 0.091008 0.163148
0 0.735158 0.598556 0.071414 0.190241
0 0.443940 0.739708 0.103776 0.164481
0 0.283092 0.106359 0.091409 0.167106
0 0.042380 0.266910 0.084661 0.154097
0 0.514257 0.815993 0.093701 0.181477
0 0.264895 0.477169 0.088060 0.168810
0 0.748762 0.738220 0.086336 0.148329
0 0.422939 0.178319 0.093372 0.162806
0 0.672973 0.576350 0.082310 0.134819
0 0.928074 0.650523 0.089617 0.142676
0 0.573016 0.452178 0.087922 0.171884
