0 0.082398 0.024692 0.063594 0.049384
1 0.134827 0.173819 0.083956 0.137287
1 0.654531 0.678178 0.086859 0.141495
1 0.546891 0.073931 0.075214 0.144870
0 0.380457 0.055266 0.076289 0.108644
0 0.208124 0.953588 0.070185 0.091000
0 0.142569 0.951660 0.070529 0.093708
0 0.745771 0.032676 0.090635 0.065352
0 0.609103 0.775808 0.078628 0.141514
0 0.577689 0.923220 0.080430 0.139745
0 0.732053 0.865956 0.073023 0.135375
0 0.670820 0.842370 0.068458 0.179111
0 0.358301 0.955912 0.079388 0.088009
0 0.507641 0.953303 0.078516 0.091171
0 0.481928 0.702025 0.065940 0.175736
0 0.413634 0.743859 0.083060 0.138514
0 0.052042 0.952632 0.074255 0.092440
0 0.262296 0.769938 0.091534 0.138801
0 0.425431 0.622301 0.074221 0.135546
0 0.007030 0.044539 0.014060 0.088347
0 0.228374 0.865704 0.081638 0.120593
0 0.687397 0.427667 0.081279 0.129185
0 0.155775 0.818940 0.076612 0.125528
0 0.355546 0.836639 0.082648 0.152565
0 0.585773 0.630458 0.067047 0.157352
0 0.050336 0.842218 0.081906 0.135713
0 0.189319 0.723625 0.073534 0.149009
0 0.285147 0.983160 0.082039 0.031782
0 0.065565 0.256961 0.081422 0.135310
0 0.325591 0.716194 0.080156 0.144204
0 0.619964 0.470477 0.072995 0.152102
0 0.011385 0.876641 0.022771 0.178310
0 0.961418 0.534419 0.077164 0.151486
0 0.950753 0.031468 0.082453 0.061231
1 0.654227 0.245743 0.087448 0.139856
1 0.380352 0.055243 0.076000 0.107838
0 0.838194 0.988021 0.084826 0.021597
0 0.475712 0.204113 0.091169 0.156958
0 0.475600 0.064972 0.079565 0.129435
0 0.649530 0.111384 0.084706 0.136213
0 0.519802 0.606671 0.075724 0.155880
0 0.304176 0.064359 0.084065 0.128718
0 0.543400 0.462391 0.081831 0.149384
0 0.577924 0.309315 0.096234 0.150593
0 0.368531 0.161012 0.084698 0.122162
