0 0.459945 0.148602 0.073214 0.132611
0 0.124042 0.859097 0.081896 0.138778
0 0.959642 0.661005 0.080232 0.149685
0 0.094359 0.509236 0.079859 0.140093
0 0.751866 0.895947 0.084935 0.146116
0 0.954928 0.805394 0.088841 0.158352
0 0.947707 0.397333 0.089930 0.146037
0 0.927125 0.525002 0.082406 0.136236
0 0.883090 0.299725 0.083305 0.143847
0 0.222406 0.145458 0.086547 0.144769
0 0.579486 0.394167 0.083482 0.138685
0 0.053689 0.098873 0.089701 0.148551
0 0.206833 0.557319 0.082464 0.153130
0 0.859307 0.853234 0.089307 0.158931
0 0.041591 0.853340 0.082688 0.142347
0 0.118189 0.704549 0.083982 0.152218
0 0.520917 0.199060 0.083052 0.145778
0 0.715573 0.626331 0.081599 0.141023
0 0.065868 0.227528 0.086893 0.140741
0 0.622924 0.577009 0.079401 0.141269
0 0.804794 0.292139 0.088979 0.159139
0 0.362945 0.582324 0.080781 0.142824
0 0.626451 0.842829 0.080818 0.123935
0 0.650617 0.326039 0.083224 0.136495
0 0.662596 0.453597 0.085547 0.141880
0 0.151249 0.396317 0.088018 0.143125
0 0.197053 0.921412 0.088555 0.147009
0 0.202286 0.282384 0.085062 0.147620
0 0.530676 0.931153 0.083628 0.137537
0 0.203971 0.719755 0.090172 0.164741
0 0.276932 0.614194 0.085078 0.138370
0 0.372141 0.371729 0.080120 0.140653
0 0.299012 0.488454 0.084898 0.144741
0 0.142391 0.205009 0.078437 0.148556
0 0.773436 0.533875 0.081680 0.143815
0 0.445178 0.599646 0.094367 0.146023
0 0.040844 0.711065 0.081687 0.158917
0 0.611906 0.715484 0.084438 0.153356
0 0.384776 0.114516 0.091818 0.156699
0 0.510475 0.454456 0.076320 0.138338
0 0.584918 0.262720 0.080904 0.141069
0 0.423283 0.475745 0.089279 0.136620
0 0.293406 0.819442 0.094083 0.150292
0 0.547850 0.586729 0.085711 0.151394
0 0.754402 0.115484 0.083654 0.143782
0 0.844901 0.164736 0.091312 0.148398
0 0.434798 0.284421 0.089060 0.150657
0 0.339352 0.233419 0.087969 0.157792
0 0.691064 0.770234 0.083471 0.146745
0 0.941770 0.194106 0.086888 0.149593
0 0.673538 0.171725 0.092289 0.159819
0 0.503477 0.690262 0.079130 0.117301
0 0.695147 0.052507 0.081055 0.104875
0 0.450249 0.921521 0.090326 0.154032
0 0.030766 0.475498 0.061531 0.153264
0 0.850378 0.522961 0.082021 0.140995
0 0.012539 0.051155 0.024615 0.100403
0 0.013414 0.214558 0.026687 0.140208
0 0.985061 0.108998 0.029810 0.142616
0 0.021434 0.359822 0.042867 0.141931
0 0.447029 0.023623 0.081542 0.046736
0 0.616263 0.968505 0.092208 0.061685
0 0.017698 0.945037 0.035391 0.108685
0 0.798776 0.034819 0.081839 0.069639
0 0.152495 0.040160 0.092401 0.079051
0 0.516559 0.046912 0.082018 0.092546
0 0.348866 0.050620 0.085289 0.100694
0 0.270837 0.056576 0.091289 0.111977
0 0.431056 0.710896 0.085138 0.136449
0 0.603307 0.053840 0.084198 0.107681
0 0.779852 0.767188 0.106807 0.151773
0 0.273719 0.948667 0.092464 0.102000
0 0.871234 0.052016 0.080224 0.103449
0 0.886839 0.639192 0.077849 0.127718
0 0.122221 0.980873 0.094365 0.035431
0 0.859408 0.984266 0.090174 0.028181
0 0.006831 0.665750 0.013661 0.148398
0 0.991557 0.579053 0.016620 0.156755
0 0.774854 0.978845 0.096417 0.041171
0 0.358345 0.983164 0.095034 0.030847
