0 0.948893 0.342755 0.075551 0.111083
0 0.380432 0.021703 0.091770 0.038552
2 0.324230 0.409107 0.064820 0.101922
0 0.260598 0.897510 0.067547 0.090969
0 0.504078 0.628667 0.074453 0.096750
0 0.007693 0.662924 0.014973 0.069922
0 0.468672 0.992396 0.079859 0.015135
0 0.393924 0.991641 0.070309 0.016604
0 0.005689 0.147943 0.011379 0.078698
0 0.880652 0.008331 0.077016 0.015078
0 0.994658 0.190836 0.010066 0.079266
0 0.800994 0.011307 0.080621 0.020146
0 0.947109 0.010229 0.077086 0.020458
0 0.005502 0.734979 0.010980 0.086073
0 0.251137 0.985458 0.074086 0.028260
0 0.014021 0.956872 0.027465 0.082349
0 0.987975 0.378885 0.024051 0.089740
0 0.692826 0.015690 0.069723 0.031380
0 0.282182 0.013221 0.075012 0.026443
0 0.032984 0.981646 0.065969 0.036708
0 0.825875 0.984474 0.074195 0.030802
0 0.216838 0.014266 0.079113 0.028531
0 0.075396 0.587333 0.068691 0.087104
0 0.602477 0.967510 0.073875 0.064281
0 0.106719 0.986294 0.076750 0.027411
0 0.149678 0.693932 0.080145 0.091812
0 0.367225 0.863424 0.062113 0.096516
0 0.043803 0.661521 0.061098 0.108083
0 0.986951 0.838883 0.025504 0.122068
0 0.676979 0.371479 0.079582 0.096083
0 0.633996 0.022510 0.075586 0.045021
0 0.572805 0.833997 0.068523 0.099641
0 0.334990 0.979560 0.071543 0.040880
0 0.750660 0.406138 0.076781 0.086120
0 0.978385 0.481156 0.041957 0.107844
0 0.974393 0.584372 0.051215 0.109411
0 0.028203 0.099370 0.056406 0.092760
0 0.873895 0.196607 0.074555 0.083505
0 0.822029 0.708685 0.064684 0.102245
0 0.984830 0.119245 0.030270 0.093750
0 0.823543 0.314427 0.062203 0.105260
0 0.460721 0.029898 0.079340 0.056578
0 0.203320 0.065898 0.075867 0.095714
0 0.787957 0.279128 0.072242 0.098714
0 0.424424 0.585172 0.064941 0.098521
0 0.883326 0.971435 0.074410 0.057130
0 0.980834 0.284128 0.038332 0.102745
0 0.256365 0.190997 0.069598 0.117505
0 0.256020 0.381016 0.077641 0.091635
0 0.057934 0.133568 0.066477 0.102792
0 0.685584 0.722687 0.064121 0.094458
0 0.023512 0.247844 0.047023 0.093896
0 0.526209 0.968005 0.074957 0.061823
0 0.383207 0.554901 0.062773 0.094229
0 0.814320 0.819875 0.084789 0.107479
0 0.529334 0.052193 0.072082 0.084708
0 0.851613 0.651214 0.086937 0.096646
0 0.473322 0.170490 0.077574 0.082469
0 0.096461 0.655896 0.063594 0.092729
0 0.305809 0.209583 0.075508 0.100865
0 0.622262 0.340378 0.062047 0.133182
0 0.627289 0.714747 0.074578 0.101703
0 0.389682 0.201549 0.064574 0.109828
0 0.601299 0.787060 0.079340 0.093755
0 0.627145 0.471677 0.077680 0.099000
0 0.153482 0.069505 0.069152 0.113188
0 0.090953 0.937211 0.084070 0.087672
0 0.235250 0.613198 0.063430 0.085354
0 0.028379 0.905060 0.056758 0.090068
0 0.193674 0.414674 0.077387 0.083557
0 0.450293 0.523107 0.073734 0.097234
0 0.069123 0.042505 0.072113 0.083521
0 0.452227 0.217565 0.069891 0.098568
0 0.967797 0.932312 0.063820 0.091906
0 0.187840 0.336849 0.069234 0.086531
0 0.715352 0.970234 0.073039 0.056156
0 0.594391 0.152234 0.061789 0.085052
0 0.143289 0.229117 0.069750 0.084370
0 0.124596 0.443630 0.091090 0.090115
0 0.791535 0.574099 0.073352 0.085177
0 0.135318 0.522164 0.079941 0.101964
0 0.291795 0.797083 0.063207 0.083500
0 0.694561 0.453203 0.065441 0.093708
0 0.347152 0.312185 0.065281 0.096328
0 0.822787 0.211643 0.066746 0.089297
0 0.880268 0.721758 0.074676 0.113453
0 0.203592 0.478055 0.073535 0.092443
0 0.078662 0.372260 0.062613 0.086531
0 0.418379 0.407320 0.069422 0.095609
0 0.489008 0.480172 0.070070 0.090406
0 0.120615 0.151648 0.069824 0.092016
0 0.032633 0.335495 0.065266 0.092958
0 0.728145 0.240323 0.075023 0.104479
0 0.027260 0.515979 0.054520 0.096302
0 0.923195 0.508599 0.069766 0.095344
0 0.918248 0.604391 0.076207 0.109979
0 0.738625 0.037839 0.072898 0.075427
0 0.850842 0.558237 0.067191 0.106620
0 0.164521 0.871305 0.078027 0.100359
0 0.298574 0.090760 0.077125 0.093938
0 0.394898 0.677174 0.065719 0.083578
0 0.321045 0.911154 0.068777 0.094807
0 0.920141 0.420255 0.069000 0.085656
0 0.744102 0.114242 0.076523 0.090495
0 0.191582 0.165674 0.080992 0.102859
0 0.832268 0.038958 0.086762 0.076271
0 0.276041 0.549479 0.067770 0.116187
0 0.356127 0.157919 0.073707 0.097109
0 0.137143 0.752682 0.077168 0.090302
0 0.023303 0.421885 0.046605 0.092406
0 0.378262 0.454286 0.069750 0.110646
0 0.482980 0.093534 0.080500 0.087266
0 0.480125 0.394315 0.080102 0.095557
0 0.537672 0.531375 0.073789 0.093083
0 0.515422 0.833260 0.069094 0.085344
0 0.309262 0.726109 0.076672 0.108125
0 0.491061 0.307674 0.077637 0.096047
0 0.590432 0.077958 0.078691 0.096198
0 0.205396 0.257695 0.071785 0.093266
0 0.040252 0.827846 0.077152 0.103547
0 0.944381 0.179227 0.078254 0.105380
0 0.383893 0.077003 0.082941 0.087453
0 0.315223 0.489964 0.073781 0.086219
0 0.562553 0.361130 0.075059 0.087323
0 0.104330 0.821844 0.076066 0.101323
0 0.410049 0.308891 0.075176 0.106052
0 0.952869 0.783964 0.076184 0.113240
0 0.337426 0.574490 0.070859 0.105490
0 0.241230 0.694643 0.069320 0.083964
0 0.168840 0.610391 0.074031 0.092479
0 0.076920 0.258828 0.075965 0.107708
0 0.557164 0.440138 0.074250 0.098141
0 0.577535 0.280023 0.072219 0.093286
0 0.133336 0.305521 0.078930 0.080458
0 0.285818 0.299464 0.078160 0.099104
0 0.771555 0.494036 0.068687 0.091417
0 0.752566 0.335581 0.076469 0.081828
0 0.533578 0.213148 0.071383 0.094828
0 0.468205 0.908737 0.065176 0.115359
0 0.428846 0.841615 0.069410 0.094479
0 0.662975 0.633495 0.084316 0.103708
0 0.233900 0.775398 0.076480 0.087922
0 0.419930 0.753901 0.073031 0.087583
0 0.640689 0.232104 0.069410 0.109469
0 0.545818 0.704919 0.078902 0.094880
0 0.191092 0.956091 0.074035 0.087818
0 0.715471 0.900474 0.073762 0.092729
0 0.664734 0.083706 0.078359 0.099536
0 0.932863 0.078885 0.069047 0.087958
0 0.490889 0.758766 0.074535 0.092510
0 0.745266 0.759747 0.071945 0.095078
0 0.928947 0.946021 0.071691 0.103396
0 0.644611 0.860471 0.074996 0.098443
0 0.957771 0.688211 0.080965 0.094328
0 0.821693 0.438922 0.075387 0.091292
0 0.914939 0.825779 0.082199 0.111661
0 0.417699 0.954122 0.077438 0.091755
0 0.643051 0.949885 0.071312 0.100229
0 0.766773 0.166734 0.074117 0.083990
0 0.327656 0.659461 0.080250 0.110724
0 0.863553 0.110932 0.075152 0.088167
0 0.681615 0.536138 0.086848 0.086599
0 0.569914 0.012286 0.072922 0.024042
0 0.878799 0.355591 0.067895 0.109349
0 0.133543 0.013565 0.077516 0.026141
0 0.681527 0.292245 0.071352 0.084344
