0 0.972191 0.976102 0.053836 0.047797
0 0.729748 0.571229 0.073199 0.095917
0 0.497125 0.221622 0.061727 0.099099
0 0.787338 0.376013 0.084105 0.106870
0 0.445814 0.187484 0.068738 0.092635
0 0.590930 0.652357 0.074281 0.092964
0 0.517059 0.437529 0.081289 0.090391
0 0.833646 0.371880 0.072129 0.091771
0 0.900465 0.871380 0.063125 0.088604
0 0.060428 0.272831 0.074801 0.093620
0 0.487748 0.801630 0.075645 0.090062
0 0.352773 0.876469 0.068945 0.091948
0 0.479020 0.676836 0.070781 0.094182
0 0.716561 0.732729 0.097629 0.101740
0 0.037477 0.156661 0.073227 0.094917
0 0.172424 0.287263 0.064387 0.080453
0 0.525387 0.778646 0.067781 0.091135
0 0.091441 0.796872 0.062000 0.081141
0 0.975359 0.476773 0.049281 0.102276
0 0.187510 0.923854 0.067480 0.095917
0 0.117131 0.229422 0.075652 0.121365
0 0.312770 0.651508 0.074547 0.082026
0 0.175850 0.114914 0.074480 0.088807
0 0.039795 0.468430 0.079590 0.105859
0 0.338287 0.518977 0.067668 0.085161
0 0.541129 0.681049 0.079383 0.101453
0 0.755934 0.041068 0.068930 0.082135
0 0.664496 0.580734 0.072187 0.096625
0 0.607279 0.947859 0.086488 0.096021
0 0.738863 0.464974 0.080086 0.099135
0 0.623828 0.190388 0.079266 0.098807
0 0.076373 0.740102 0.067863 0.077766
0 0.849467 0.278807 0.068738 0.096542
0 0.389613 0.397958 0.075422 0.098250
0 0.605350 0.737758 0.074871 0.092547
0 0.296697 0.954745 0.067676 0.089438
0 0.364834 0.484430 0.069520 0.093953
0 0.370094 0.795427 0.077430 0.088562
0 0.409658 0.925891 0.068965 0.096510
0 0.896207 0.375917 0.073578 0.097927
0 0.816115 0.772865 0.064996 0.087969
0 0.902875 0.507148 0.078922 0.091786
0 0.126252 0.856086 0.069199 0.088089
0 0.253979 0.831464 0.066762 0.084219
0 0.920277 0.789128 0.084313 0.094693
0 0.288174 0.765904 0.074801 0.090693
0 0.936350 0.906854 0.076301 0.106125
0 0.233811 0.928229 0.066645 0.095875
0 0.488430 0.887529 0.084586 0.100047
0 0.556078 0.571646 0.064969 0.086219
0 0.838484 0.575464 0.074063 0.098531
0 0.598156 0.551398 0.073430 0.096255
0 0.277438 0.440164 0.077117 0.111672
0 0.138957 0.941349 0.059797 0.082229
0 0.582502 0.251956 0.072293 0.085870
0 0.647559 0.694404 0.074109 0.102307
0 0.930850 0.439969 0.070160 0.091760
0 0.850699 0.445852 0.077539 0.101859
0 0.403326 0.311466 0.089676 0.101568
0 0.482801 0.512708 0.074203 0.106792
0 0.909020 0.035839 0.069734 0.070260
0 0.877334 0.947654 0.060262 0.082401
0 0.777975 0.589708 0.072746 0.079479
0 0.646775 0.105112 0.076262 0.103005
0 0.664117 0.904289 0.084859 0.099911
0 0.401746 0.725552 0.064477 0.111052
0 0.669326 0.298255 0.072809 0.094385
0 0.879377 0.205578 0.070512 0.082906
0 0.154408 0.184102 0.070020 0.090568
0 0.314410 0.382068 0.081648 0.111542
0 0.802004 0.086185 0.079148 0.095016
0 0.056107 0.066245 0.071801 0.098667
0 0.695736 0.055456 0.064449 0.085974
0 0.248385 0.692956 0.066941 0.089630
0 0.571672 0.842086 0.072242 0.088536
0 0.268443 0.572393 0.090574 0.108703
0 0.038102 0.387305 0.072305 0.100224
0 0.977215 0.347380 0.045570 0.093031
0 0.522537 0.953383 0.075582 0.093234
0 0.171533 0.416586 0.077145 0.095391
0 0.944109 0.126117 0.071531 0.120234
0 0.218451 0.028531 0.072535 0.057063
0 0.646641 0.385836 0.067023 0.099599
0 0.978938 0.184518 0.041609 0.107901
0 0.933732 0.235951 0.068988 0.084036
0 0.563334 0.308523 0.069371 0.084599
0 0.161369 0.038737 0.078605 0.077474
0 0.158877 0.733607 0.089598 0.103036
0 0.427471 0.437089 0.085309 0.120990
0 0.968408 0.042990 0.061512 0.083198
0 0.977285 0.768690 0.045430 0.097120
0 0.976373 0.930521 0.047254 0.080063
0 0.960947 0.846807 0.074582 0.097073
0 0.043320 0.922693 0.057906 0.085417
0 0.658445 0.821073 0.083164 0.096875
0 0.711307 0.647297 0.079715 0.086177
0 0.289660 0.902766 0.071102 0.089969
0 0.343252 0.980164 0.064973 0.039026
0 0.134635 0.518432 0.094027 0.110250
0 0.503367 0.044815 0.073180 0.082068
0 0.334473 0.027615 0.074898 0.054667
0 0.014303 0.077583 0.027973 0.102813
0 0.320592 0.109214 0.077426 0.097313
0 0.537627 0.149802 0.071801 0.100656
0 0.899695 0.692747 0.096016 0.131370
0 0.764906 0.978185 0.079359 0.042682
0 0.475492 0.104888 0.080930 0.124922
0 0.353543 0.931414 0.062109 0.067130
0 0.194053 0.690440 0.066246 0.089641
0 0.815238 0.242591 0.078414 0.113349
0 0.201203 0.825076 0.055672 0.073755
0 0.609590 0.829445 0.076758 0.088620
0 0.115990 0.645451 0.075207 0.101328
0 0.599406 0.454005 0.079484 0.086135
0 0.034813 0.559826 0.069625 0.090693
0 0.400357 0.634221 0.072902 0.084526
0 0.841164 0.042609 0.079172 0.085219
0 0.717996 0.021615 0.066547 0.043125
0 0.540861 0.079250 0.064488 0.076542
0 0.303496 0.166628 0.085563 0.086839
0 0.880289 0.586383 0.068016 0.074016
0 0.838053 0.516716 0.066027 0.081047
0 0.020947 0.180576 0.040902 0.099182
0 0.802918 0.857487 0.087398 0.093141
0 0.704680 0.390099 0.069758 0.078500
0 0.919516 0.986557 0.070922 0.026167
0 0.581666 0.065961 0.070027 0.091089
0 0.746301 0.356979 0.069695 0.105219
0 0.750439 0.837737 0.075098 0.124682
0 0.290797 0.041383 0.075828 0.079703
0 0.296139 0.242604 0.087520 0.097427
0 0.197715 0.563154 0.060555 0.099641
0 0.981199 0.600641 0.037602 0.096667
0 0.210959 0.213336 0.077723 0.100453
0 0.558479 0.936901 0.079223 0.093573
0 0.915455 0.280029 0.080176 0.095026
0 0.989426 0.849393 0.021148 0.096526
0 0.201170 0.981190 0.068098 0.037620
0 0.713352 0.261279 0.067523 0.069266
0 0.238908 0.129227 0.097379 0.088672
0 0.669967 0.991253 0.080355 0.016859
0 0.036424 0.622961 0.072848 0.107432
0 0.984332 0.541547 0.031336 0.084333
0 0.452463 0.584401 0.074629 0.098187
0 0.022510 0.982573 0.042816 0.034073
0 0.566012 0.374844 0.101547 0.115958
0 0.708846 0.319461 0.064910 0.090255
0 0.982352 0.102826 0.034648 0.097495
0 0.671707 0.485518 0.064883 0.091922
0 0.691104 0.448612 0.072809 0.079328
0 0.199430 0.638891 0.069203 0.083573
0 0.025678 0.261586 0.048848 0.090630
0 0.092631 0.030781 0.083715 0.061562
0 0.981719 0.387638 0.036562 0.097474
0 0.066943 0.989016 0.064121 0.020844
0 0.097914 0.422576 0.087539 0.129234
0 0.010066 0.702167 0.019938 0.096552
0 0.955672 0.636576 0.069813 0.110432
0 0.029855 0.731591 0.059711 0.104901
0 0.573672 0.018437 0.076516 0.035885
0 0.991334 0.285755 0.017332 0.093042
0 0.029266 0.304388 0.058531 0.101016
0 0.062668 0.665953 0.062531 0.088208
0 0.479254 0.607344 0.063953 0.091781
0 0.013977 0.907435 0.027352 0.105818
0 0.217443 0.297555 0.066074 0.097453
0 0.695812 0.186406 0.072438 0.095625
0 0.269486 0.012018 0.079137 0.023432
0 0.372193 0.640740 0.063215 0.084937
0 0.268170 0.990271 0.065379 0.018354
0 0.980580 0.674607 0.038840 0.094932
0 0.361635 0.836438 0.070793 0.169500
0 0.018789 0.713945 0.032148 0.100568
0 0.253070 0.656737 0.064750 0.083349
0 0.225445 0.256799 0.062945 0.093609
0 0.968949 0.018240 0.059508 0.029813
