0 0.976734 0.151926 0.045552 0.165852
2 0.655307 0.165250 0.094792 0.152185
0 0.881909 0.466556 0.085453 0.134574
0 0.615865 0.055829 0.089698 0.107713
0 0.671958 0.614843 0.078552 0.138167
0 0.670786 0.309495 0.085250 0.161657
0 0.394341 0.203176 0.088797 0.173722
0 0.785883 0.812560 0.080974 0.150620
0 0.469547 0.216551 0.086865 0.178009
0 0.536029 0.562722 0.105401 0.150963
0 0.599109 0.645593 0.080938 0.160463
0 0.586286 0.269741 0.087427 0.154593
0 0.856151 0.165940 0.096729 0.139806
0 0.517682 0.925417 0.089240 0.137093
0 0.519490 0.793472 0.079927 0.147741
0 0.843586 0.579412 0.083495 0.164028
0 0.718549 0.815384 0.077609 0.171750
0 0.608693 0.393917 0.092917 0.125259
0 0.836867 0.329731 0.085276 0.167889
0 0.740841 0.483241 0.092161 0.149796
0 0.460201 0.449528 0.083109 0.157815
0 0.770372 0.066606 0.086828 0.129806
0 0.387146 0.044269 0.082938 0.088241
0 0.145073 0.197384 0.093708 0.139787
0 0.112159 0.492792 0.093651 0.161361
0 0.177005 0.772551 0.079010 0.163120
0 0.432747 0.986458 0.076578 0.024639
0 0.880867 0.980759 0.085245 0.035574
0 0.694690 0.018236 0.086224 0.031546
0 0.337313 0.951722 0.092833 0.096556
0 0.975474 0.927782 0.049052 0.144435
0 0.264240 0.076088 0.092563 0.152176
0 0.208909 0.907954 0.085203 0.159833
0 0.874245 0.075912 0.093135 0.151824
0 0.779789 0.701944 0.098370 0.136704
0 0.517422 0.022384 0.096260 0.039935
0 0.155357 0.974546 0.100016 0.049963
0 0.651039 0.498815 0.081016 0.147148
0 0.147747 0.313991 0.088453 0.134574
0 0.337453 0.618815 0.090042 0.170907
0 0.108521 0.375792 0.102313 0.149417
0 0.313490 0.502412 0.103354 0.131269
0 0.947724 0.856662 0.098042 0.187528
0 0.154859 0.633694 0.088646 0.144185
0 0.316479 0.033245 0.074104 0.062398
0 0.036646 0.442509 0.073292 0.165037
0 0.027539 0.099310 0.055078 0.129454
0 0.940896 0.262282 0.096167 0.177861
0 0.776862 0.953542 0.092630 0.092917
0 0.935417 0.040681 0.079948 0.077991
0 0.058490 0.045574 0.090740 0.086333
0 0.225367 0.391801 0.081141 0.166583
0 0.851417 0.766565 0.068448 0.181259
0 0.916263 0.741681 0.081464 0.132028
0 0.661859 0.742199 0.088021 0.143676
0 0.760380 0.177194 0.097021 0.132907
0 0.756609 0.576944 0.107417 0.135593
0 0.758724 0.302213 0.083677 0.140278
0 0.421203 0.593639 0.087250 0.143093
0 0.345745 0.759792 0.085031 0.132528
0 0.240935 0.737227 0.078203 0.168583
0 0.972172 0.398519 0.052833 0.147222
0 0.393831 0.875213 0.087224 0.159722
0 0.151398 0.070639 0.087328 0.141278
0 0.102378 0.748917 0.086422 0.173444
0 0.043914 0.864398 0.085411 0.158685
0 0.471547 0.671329 0.082552 0.148731
0 0.239932 0.584833 0.089344 0.155444
0 0.405682 0.352509 0.091854 0.147019
0 0.519544 0.336898 0.079589 0.162611
0 0.290404 0.222884 0.086464 0.157454
0 0.301469 0.383634 0.085448 0.141750
0 0.284990 0.837977 0.075729 0.142917
