0 0.511232 0.408484 0.078027 0.106125
0 0.032635 0.477326 0.064996 0.099349
0 0.916609 0.044073 0.068266 0.087969
0 0.602586 0.117760 0.071008 0.093500
0 0.023010 0.210779 0.045582 0.092401
0 0.100713 0.377979 0.067309 0.086885
0 0.243729 0.030826 0.081762 0.061651
0 0.679238 0.318190 0.079766 0.097953
0 0.981479 0.330714 0.037043 0.078385
0 0.264895 0.373396 0.061914 0.090615
0 0.479254 0.841857 0.072352 0.192422
0 0.985682 0.982591 0.028340 0.034818
0 0.735967 0.986318 0.071598 0.027156
0 0.013180 0.746328 0.026008 0.075229
0 0.990992 0.675227 0.017891 0.088068
0 0.499676 0.984396 0.073453 0.030812
0 0.159359 0.501815 0.074055 0.093380
0 0.155916 0.909813 0.064793 0.095615
0 0.008924 0.857292 0.017676 0.087948
0 0.775314 0.160445 0.074910 0.095630
0 0.235504 0.188255 0.062453 0.079552
0 0.319404 0.017794 0.070074 0.035536
0 0.852719 0.035883 0.063305 0.071714
0 0.126869 0.918232 0.077020 0.100786
0 0.658023 0.282682 0.064031 0.079687
0 0.240895 0.362589 0.065063 0.080063
0 0.518705 0.023135 0.073418 0.046260
0 0.211867 0.221536 0.073867 0.094688
0 0.228059 0.679146 0.068828 0.089552
0 0.656035 0.493513 0.062922 0.085474
0 0.309195 0.852695 0.074781 0.104714
0 0.263816 0.863607 0.074242 0.087828
0 0.738924 0.027055 0.073895 0.053432
0 0.611262 0.964924 0.074031 0.069724
0 0.583775 0.266997 0.068762 0.082703
0 0.100908 0.240021 0.066246 0.083438
0 0.259215 0.282042 0.061563 0.084552
0 0.743807 0.276799 0.068020 0.093495
0 0.481666 0.789667 0.071465 0.090979
0 0.418000 0.377789 0.084305 0.092734
0 0.489029 0.155253 0.079574 0.099703
0 0.394676 0.524034 0.073453 0.089943
0 0.677084 0.774133 0.070277 0.089724
0 0.098041 0.622982 0.078824 0.101099
0 0.448129 0.042977 0.081320 0.085745
0 0.470148 0.890063 0.080313 0.102865
0 0.814223 0.361190 0.079430 0.101286
0 0.566189 0.820297 0.072113 0.100458
0 0.055783 0.094880 0.067152 0.087010
0 0.917865 0.135760 0.079395 0.095177
0 0.169779 0.176388 0.066512 0.090755
0 0.385170 0.269534 0.080652 0.105589
0 0.926900 0.955458 0.068996 0.088656
0 0.685445 0.184708 0.076680 0.093500
0 0.428646 0.622229 0.068980 0.094927
0 0.347000 0.180891 0.068555 0.086719
0 0.610428 0.034745 0.069230 0.069344
0 0.888770 0.219536 0.074383 0.093948
0 0.828975 0.070047 0.075496 0.105000
0 0.675916 0.864513 0.081535 0.095453
0 0.856418 0.687940 0.066492 0.085099
0 0.605406 0.662674 0.061945 0.076266
0 0.979658 0.214081 0.040684 0.089109
0 0.285062 0.112813 0.062141 0.077083
0 0.617838 0.538979 0.063863 0.078760
0 0.022152 0.675263 0.044305 0.087224
0 0.227561 0.960484 0.076379 0.079031
0 0.911770 0.636617 0.072789 0.094495
0 0.117395 0.044633 0.089570 0.089266
0 0.842412 0.895555 0.065816 0.085474
0 0.836920 0.496792 0.066379 0.082990
0 0.708937 0.504148 0.065445 0.085422
0 0.562041 0.481185 0.064848 0.081339
0 0.202662 0.705576 0.071449 0.090370
0 0.170871 0.625159 0.061664 0.078984
0 0.949686 0.392742 0.070332 0.092214
0 0.802914 0.602901 0.076117 0.108792
