0 0.339240 0.935935 0.100729 0.128130
0 0.244568 0.928704 0.098656 0.140259
2 0.572383 0.692412 0.105109 0.177528
0 0.028180 0.714255 0.054849 0.173731
0 0.075828 0.252792 0.106687 0.189287
0 0.274211 0.500444 0.107734 0.185537
0 0.148005 0.166671 0.092625 0.176991
0 0.255503 0.152685 0.108484 0.184426
0 0.451875 0.477912 0.104688 0.167046
0 0.946135 0.228481 0.093396 0.173907
0 0.961174 0.576306 0.077651 0.177870
0 0.318615 0.025620 0.104260 0.051241
0 0.409242 0.272458 0.100818 0.188676
0 0.254753 0.327528 0.106828 0.194963
0 0.882180 0.555856 0.103953 0.158380
0 0.536154 0.971769 0.115286 0.056463
0 0.013562 0.224134 0.026271 0.177639
0 0.989336 0.184796 0.020328 0.175704
0 0.070721 0.350190 0.104068 0.148343
0 0.259771 0.837532 0.112438 0.181250
0 0.070469 0.077204 0.107292 0.154407
0 0.987297 0.308014 0.023927 0.170120
0 0.091065 0.510009 0.102870 0.185778
0 0.956279 0.824685 0.087443 0.179556
0 0.198055 0.062829 0.108578 0.121472
0 0.980633 0.892625 0.036901 0.190324
0 0.845172 0.306653 0.101479 0.166472
0 0.467635 0.539144 0.096479 0.160472
0 0.934617 0.333861 0.092870 0.154685
0 0.784953 0.338042 0.098344 0.187454
0 0.744406 0.951218 0.113260 0.097565
0 0.356836 0.584995 0.100766 0.178380
0 0.642945 0.066093 0.101047 0.132185
0 0.539156 0.075431 0.110510 0.150694
0 0.164135 0.390486 0.102448 0.199972
0 0.966766 0.455574 0.066469 0.161148
0 0.042018 0.491907 0.082786 0.179500
0 0.909750 0.701806 0.113969 0.185426
0 0.865977 0.438222 0.100339 0.183000
0 0.178831 0.800065 0.116130 0.190870
0 0.454523 0.885153 0.100099 0.183472
0 0.620974 0.428704 0.093062 0.186407
0 0.128474 0.931120 0.103177 0.137759
0 0.696474 0.286843 0.101490 0.173426
0 0.229945 0.647315 0.111484 0.188519
0 0.730198 0.828884 0.095010 0.174769
0 0.796607 0.544116 0.107818 0.170620
0 0.655333 0.763782 0.100573 0.199491
0 0.345102 0.391093 0.101505 0.183296
0 0.396154 0.823264 0.104880 0.175972
0 0.618836 0.211356 0.101818 0.186102
0 0.401461 0.084046 0.108255 0.167056
0 0.542682 0.835852 0.100781 0.185333
0 0.723643 0.672458 0.099536 0.169435
0 0.502008 0.223403 0.114276 0.186694
0 0.109992 0.671727 0.107745 0.186139
0 0.665620 0.584037 0.105260 0.183796
0 0.817302 0.928926 0.095781 0.139093
0 0.330346 0.668074 0.101089 0.179815
0 0.713125 0.406000 0.111000 0.188407
0 0.471656 0.713778 0.109198 0.189389
