2 0.319732 0.569406 0.119348 0.157125
0 0.265473 0.989086 0.111352 0.021807
0 0.474787 0.985182 0.099012 0.029615
0 0.987883 0.947003 0.024078 0.105891
0 0.018951 0.782003 0.037895 0.123755
0 0.024789 0.341529 0.049344 0.123484
0 0.027502 0.133154 0.054816 0.142109
0 0.050221 0.165016 0.092777 0.130031
0 0.019064 0.954404 0.038129 0.091193
0 0.889004 0.901568 0.086906 0.127333
0 0.130645 0.052193 0.097719 0.103458
0 0.145871 0.108974 0.096875 0.120042
0 0.946234 0.566289 0.091117 0.137214
0 0.964930 0.488586 0.070023 0.115391
0 0.815814 0.737922 0.096332 0.100990
0 0.900061 0.212568 0.091621 0.129917
0 0.735260 0.648633 0.099051 0.129786
0 0.948594 0.694469 0.100984 0.134656
0 0.784160 0.299409 0.099422 0.128859
0 0.957221 0.380609 0.085527 0.119104
0 0.035715 0.397500 0.071430 0.111281
0 0.683104 0.060648 0.111004 0.121255
0 0.892811 0.785654 0.091441 0.123359
0 0.199219 0.698135 0.086711 0.118125
0 0.683742 0.440182 0.099922 0.126615
0 0.808066 0.068732 0.102937 0.135422
0 0.408717 0.598680 0.096379 0.137130
0 0.642266 0.676279 0.101445 0.136995
0 0.493381 0.825404 0.104691 0.135370
0 0.372914 0.953945 0.105305 0.092109
0 0.175203 0.828164 0.090281 0.124089
0 0.621908 0.935708 0.102160 0.127990
0 0.165264 0.471380 0.102441 0.132698
0 0.617184 0.085534 0.106078 0.146661
0 0.131617 0.929068 0.104383 0.134875
0 0.458295 0.123547 0.105363 0.135323
0 0.943086 0.056828 0.112156 0.113635
0 0.256717 0.275622 0.100926 0.135661
0 0.439686 0.370867 0.100137 0.128349
0 0.185059 0.214589 0.086055 0.112948
0 0.465490 0.529906 0.085473 0.108635
0 0.559584 0.472234 0.111832 0.143698
0 0.332836 0.429424 0.097437 0.138599
0 0.560211 0.235125 0.097305 0.126260
0 0.108809 0.440599 0.094211 0.112656
0 0.572264 0.349518 0.093770 0.121568
0 0.339125 0.081089 0.108406 0.142542
0 0.214879 0.583451 0.091859 0.130234
0 0.697855 0.182682 0.112719 0.140844
0 0.266477 0.767602 0.112805 0.154078
0 0.249305 0.137779 0.101930 0.133578
0 0.139336 0.319833 0.114742 0.152812
0 0.382629 0.809214 0.106055 0.122687
