0 0.984340 0.915831 0.031320 0.161894
1 0.403643 0.371579 0.086266 0.152250
0 0.726849 0.015051 0.084286 0.029389
0 0.015102 0.247854 0.030203 0.125440
0 0.168708 0.022347 0.089266 0.043694
0 0.017423 0.509093 0.034846 0.169148
0 0.813062 0.026769 0.090130 0.053537
0 0.122372 0.979639 0.088302 0.038315
0 0.005414 0.939678 0.010651 0.120644
0 0.801152 0.243194 0.085893 0.144806
0 0.743263 0.834817 0.094104 0.143903
0 0.007773 0.351873 0.015547 0.137931
0 0.942861 0.409840 0.095310 0.164273
0 0.120296 0.635139 0.085706 0.157491
0 0.171935 0.498329 0.099901 0.123417
0 0.240522 0.058479 0.076320 0.115755
0 0.184475 0.943947 0.095805 0.111764
0 0.559789 0.765384 0.095219 0.146917
0 0.671789 0.374646 0.087906 0.150032
0 0.287549 0.177970 0.083438 0.142384
0 0.309600 0.931688 0.089721 0.135616
0 0.209898 0.851581 0.087786 0.135801
0 0.247319 0.592678 0.089320 0.160366
0 0.163329 0.098542 0.078508 0.129167
0 0.130556 0.381856 0.089570 0.145102
0 0.057698 0.561644 0.088240 0.161639
0 0.254311 0.744062 0.090461 0.148690
0 0.031359 0.758560 0.062687 0.137019
0 0.517479 0.679935 0.088432 0.140963
0 0.323199 0.808442 0.083247 0.152931
0 0.318174 0.636245 0.084141 0.150796
0 0.143100 0.783625 0.088159 0.159880
0 0.318082 0.322639 0.077794 0.161009
0 0.094363 0.903678 0.085201 0.137755
0 0.082233 0.160530 0.085534 0.151477
0 0.052587 0.423431 0.088669 0.142685
0 0.872176 0.581231 0.079227 0.104991
0 0.603156 0.319141 0.086073 0.151995
0 0.387602 0.539970 0.084344 0.149097
0 0.448448 0.609477 0.079214 0.155620
0 0.406283 0.925988 0.085503 0.144088
0 0.576759 0.931829 0.077971 0.134259
0 0.232379 0.387738 0.088388 0.157588
0 0.147892 0.226789 0.089992 0.155681
0 0.632669 0.117928 0.083682 0.155255
0 0.311591 0.482495 0.084411 0.138454
0 0.477548 0.159882 0.080586 0.154847
0 0.469397 0.409074 0.071555 0.136204
0 0.810806 0.944720 0.081919 0.109440
0 0.519996 0.554722 0.087706 0.146667
0 0.406509 0.122676 0.092352 0.148065
0 0.710280 0.933081 0.083148 0.132745
0 0.396992 0.246815 0.078115 0.124787
0 0.552176 0.076796 0.081388 0.136315
0 0.597964 0.638405 0.085823 0.146949
0 0.772499 0.074787 0.079852 0.144315
0 0.904074 0.165178 0.074852 0.131014
0 0.818568 0.778162 0.083375 0.149074
0 0.018818 0.092088 0.037635 0.143407
0 0.970126 0.257741 0.059747 0.140852
0 0.883733 0.282794 0.073773 0.129912
0 0.557561 0.430782 0.083628 0.145833
0 0.759036 0.559905 0.084792 0.158255
0 0.950018 0.561644 0.083422 0.152472
0 0.427438 0.035354 0.079604 0.069579
0 0.881629 0.901438 0.090549 0.161875
0 0.859984 0.422803 0.088953 0.143236
0 0.765332 0.411197 0.085315 0.151477
0 0.306975 0.048877 0.080133 0.097005
0 0.716757 0.181208 0.088331 0.148241
0 0.671952 0.657188 0.080039 0.142403
0 0.626322 0.506178 0.079367 0.145903
0 0.033911 0.872789 0.067823 0.153032
0 0.971707 0.754613 0.056081 0.154042
0 0.069319 0.051083 0.080904 0.099972
0 0.597616 0.020949 0.076430 0.041898
