0 0.291180 0.403993 0.078000 0.141894
0 0.888945 0.593120 0.080547 0.135935
0 0.186410 0.890382 0.077086 0.161532
0 0.257335 0.646403 0.090008 0.156148
0 0.356454 0.273431 0.083622 0.144676
1 0.632639 0.755435 0.085836 0.135333
0 0.994134 0.919338 0.011732 0.133722
0 0.091199 0.051331 0.076284 0.099523
0 0.238904 0.974062 0.092396 0.046144
0 0.704249 0.440796 0.082784 0.158926
0 0.875048 0.053794 0.096742 0.107588
0 0.573616 0.039204 0.092888 0.078407
0 0.031318 0.063859 0.062625 0.126514
0 0.259052 0.049940 0.084917 0.099880
0 0.422754 0.049042 0.078674 0.097981
0 0.024777 0.753926 0.048898 0.170167
0 0.273453 0.229914 0.079141 0.131931
0 0.253337 0.503312 0.073477 0.134588
0 0.781141 0.446688 0.088323 0.161412
0 0.556922 0.720039 0.085052 0.193329
0 0.042004 0.942187 0.079320 0.114236
0 0.831943 0.746449 0.069021 0.124481
0 0.664853 0.568910 0.097221 0.153375
0 0.512214 0.792630 0.077953 0.157315
0 0.652514 0.862812 0.095674 0.126986
0 0.758654 0.165257 0.094146 0.171116
0 0.365613 0.131178 0.078148 0.136449
0 0.328129 0.866657 0.090336 0.167333
0 0.623069 0.459398 0.087273 0.146917
0 0.881826 0.447347 0.089057 0.153917
0 0.544314 0.256421 0.084414 0.141343
0 0.387203 0.487488 0.085984 0.153282
0 0.048395 0.626461 0.087924 0.152273
0 0.815867 0.352417 0.089177 0.148407
0 0.455983 0.695694 0.087940 0.147704
0 0.929673 0.933199 0.085987 0.131787
0 0.771987 0.579850 0.089135 0.134625
0 0.903772 0.798912 0.087810 0.148093
0 0.259161 0.885859 0.077042 0.157069
0 0.635599 0.315197 0.082406 0.137523
0 0.605431 0.639058 0.080404 0.140569
0 0.585182 0.927387 0.094484 0.145227
