0 0.404512 0.020361 0.085227 0.040500
0 0.674628 0.065697 0.104052 0.118745
0 0.248048 0.963231 0.104143 0.072806
0 0.892737 0.956338 0.090661 0.085370
0 0.987577 0.876641 0.023857 0.142588
0 0.355020 0.038748 0.070268 0.073671
0 0.433513 0.385944 0.088406 0.143843
0 0.790951 0.954896 0.080339 0.090208
0 0.708703 0.950215 0.084354 0.097940
0 0.011917 0.086940 0.023833 0.144130
0 0.629099 0.197259 0.083755 0.186491
0 0.986168 0.662502 0.027664 0.151671
0 0.290081 0.036016 0.082740 0.070597
0 0.327734 0.117815 0.079193 0.132981
0 0.362143 0.361236 0.091047 0.158556
0 0.971944 0.232366 0.054253 0.205861
0 0.758155 0.037644 0.091331 0.074194
0 0.330613 0.736563 0.098878 0.145190
0 0.401880 0.251076 0.099146 0.160051
0 0.451081 0.511995 0.091474 0.143444
0 0.175124 0.946169 0.094211 0.103412
0 0.237375 0.245394 0.100005 0.149491
0 0.234530 0.414690 0.113049 0.175574
0 0.924035 0.206449 0.081091 0.196833
0 0.332495 0.873574 0.086385 0.185028
0 0.856760 0.274394 0.083161 0.156426
0 0.729921 0.298067 0.086065 0.202699
0 0.313970 0.472062 0.093622 0.136912
0 0.462824 0.884421 0.079430 0.186093
0 0.673427 0.752354 0.090104 0.132023
0 0.257585 0.127826 0.089362 0.149097
0 0.967529 0.946248 0.064943 0.104560
0 0.500483 0.316252 0.101383 0.172014
0 0.339467 0.593442 0.086961 0.141069
0 0.827448 0.123535 0.071073 0.205431
0 0.378148 0.952856 0.090964 0.094287
0 0.584544 0.925100 0.081740 0.149106
0 0.517773 0.898201 0.074698 0.170134
0 0.903171 0.759157 0.088247 0.150500
0 0.526219 0.146312 0.084198 0.135264
0 0.760469 0.637440 0.095250 0.164815
0 0.456875 0.054502 0.067547 0.103856
0 0.604845 0.068741 0.077086 0.136843
0 0.844999 0.381986 0.096409 0.142778
0 0.918792 0.881806 0.094885 0.131685
0 0.268280 0.863884 0.082539 0.143426
0 0.725016 0.702984 0.073495 0.144847
0 0.569085 0.808051 0.088794 0.139861
0 0.606182 0.666269 0.074125 0.184315
0 0.121033 0.893257 0.085336 0.139662
0 0.770405 0.795238 0.077148 0.168995
0 0.793056 0.267618 0.077180 0.139708
0 0.768014 0.138389 0.070956 0.174037
0 0.838643 0.907086 0.081016 0.140495
0 0.294671 0.342701 0.102982 0.157745
0 0.499892 0.432873 0.073284 0.128116
0 0.408681 0.130352 0.088628 0.137269
0 0.548228 0.697396 0.075758 0.157532
0 0.197624 0.848516 0.079315 0.134847
0 0.664246 0.299433 0.072128 0.167810
0 0.656191 0.869769 0.088154 0.158241
0 0.043208 0.933951 0.086417 0.130894
0 0.073828 0.826868 0.079786 0.138699
0 0.989288 0.362007 0.021060 0.134931
0 0.193121 0.641539 0.090263 0.152403
0 0.022964 0.823769 0.044578 0.174148
0 0.063163 0.097123 0.086997 0.149282
0 0.189305 0.327896 0.094823 0.125366
0 0.583510 0.559611 0.095635 0.139852
0 0.564311 0.472806 0.087471 0.135324
0 0.257124 0.551144 0.098878 0.156074
0 0.699658 0.515188 0.074924 0.152523
0 0.469680 0.234546 0.087969 0.162639
0 0.929911 0.353933 0.091182 0.137819
0 0.483750 0.730463 0.073656 0.139269
0 0.121151 0.063708 0.091708 0.127417
0 0.413690 0.622012 0.095422 0.159671
0 0.839521 0.652961 0.092807 0.164542
0 0.770540 0.378113 0.083117 0.133403
0 0.041289 0.025669 0.082578 0.051338
0 0.155921 0.218824 0.085216 0.150083
0 0.944902 0.559678 0.091659 0.145412
0 0.185984 0.512634 0.075615 0.135463
0 0.566624 0.236185 0.090747 0.167000
0 0.575313 0.360072 0.090833 0.126884
0 0.120422 0.672660 0.099005 0.127829
0 0.114779 0.547373 0.095203 0.130977
0 0.327983 0.236359 0.087711 0.138014
0 0.671070 0.624884 0.080661 0.166639
0 0.770234 0.508069 0.088318 0.142889
0 0.050565 0.708817 0.082464 0.138745
0 0.739451 0.891685 0.084188 0.162898
0 0.082283 0.220391 0.090857 0.163106
0 0.898684 0.448132 0.105789 0.119606
0 0.861922 0.527875 0.089484 0.139343
0 0.881484 0.152928 0.078115 0.165838
0 0.264214 0.702539 0.095911 0.206801
1 0.500743 0.596032 0.090049 0.167333
0 0.139207 0.432160 0.087357 0.137218
0 0.110284 0.327032 0.101187 0.150519
0 0.835888 0.782199 0.089234 0.149056
0 0.532141 0.051850 0.110807 0.098384
0 0.179290 0.120477 0.101909 0.136037
0 0.925055 0.649241 0.106729 0.155630
0 0.210493 0.043201 0.095732 0.082069
0 0.274440 0.653377 0.091193 0.116708
0 0.142085 0.772435 0.119924 0.141259
0 0.413225 0.744900 0.092487 0.120569
0 0.968273 0.767002 0.063359 0.161477
0 0.252365 0.751222 0.101214 0.112583
0 0.378802 0.497086 0.091745 0.159681
0 0.403355 0.855775 0.085029 0.143782
