0 0.164789 0.741350 0.087130 0.142968
0 0.974479 0.527201 0.050177 0.139523
0 0.971849 0.590449 0.056068 0.119278
0 0.969000 0.673014 0.062000 0.144231
0 0.816118 0.415447 0.099039 0.170866
0 0.008518 0.240100 0.017036 0.141264
0 0.338072 0.731764 0.099596 0.167861
0 0.756475 0.715630 0.088831 0.135204
0 0.509043 0.781780 0.073148 0.123199
0 0.205204 0.929856 0.089128 0.138787
0 0.927628 0.084106 0.083896 0.150676
0 0.967923 0.180493 0.064128 0.143505
0 0.979788 0.322113 0.040185 0.146949
0 0.701063 0.928440 0.079875 0.141444
0 0.912432 0.945630 0.089458 0.108741
0 0.057430 0.578775 0.074313 0.148023
0 0.579751 0.654428 0.081773 0.147079
0 0.816352 0.582535 0.087932 0.141625
0 0.229766 0.165998 0.080094 0.159671
0 0.639085 0.798870 0.085159 0.153157
0 0.763730 0.775720 0.088404 0.154644
0 0.101283 0.954315 0.094898 0.091370
0 0.785991 0.051292 0.116357 0.100722
0 0.482419 0.592910 0.076417 0.148394
0 0.840798 0.549694 0.080622 0.119972
0 0.303956 0.028933 0.071932 0.057106
0 0.270431 0.483826 0.079898 0.129375
0 0.214710 0.855150 0.083617 0.118616
0 0.842322 0.681220 0.083549 0.144940
0 0.119573 0.047359 0.101177 0.093718
0 0.385107 0.279725 0.078547 0.147329
0 0.082997 0.750769 0.088677 0.153370
0 0.638783 0.058333 0.072211 0.114306
0 0.591680 0.333549 0.071281 0.119755
0 0.035436 0.032468 0.070872 0.064935
0 0.748374 0.522609 0.078799 0.131162
0 0.725393 0.264618 0.077500 0.141894
0 0.846121 0.100218 0.091346 0.158213
0 0.227172 0.680993 0.079474 0.144903
0 0.741814 0.131569 0.096081 0.151028
0 0.467245 0.229076 0.099292 0.182588
0 0.093298 0.612738 0.089003 0.161819
0 0.226128 0.044326 0.097734 0.086894
0 0.807316 0.262289 0.096341 0.165097
0 0.390762 0.406081 0.090456 0.157856
0 0.340512 0.586741 0.086492 0.144713
0 0.174988 0.429579 0.082799 0.130954
0 0.787090 0.933433 0.091409 0.133134
0 0.232266 0.577829 0.094641 0.117630
0 0.669944 0.847442 0.092367 0.147949
0 0.683937 0.453178 0.088198 0.161773
0 0.137572 0.522028 0.085466 0.151130
0 0.053569 0.348593 0.086487 0.151870
0 0.139072 0.870576 0.076612 0.124921
0 0.020658 0.331324 0.041315 0.146250
0 0.540004 0.273984 0.076721 0.143894
0 0.390277 0.130900 0.084122 0.166338
0 0.274393 0.972488 0.085797 0.053736
0 0.653443 0.286111 0.079964 0.140898
0 0.553891 0.575609 0.082141 0.147995
0 0.314960 0.212421 0.097701 0.165380
0 0.926788 0.293697 0.085341 0.153856
0 0.626516 0.537164 0.083750 0.149255
0 0.684371 0.593338 0.075398 0.133278
0 0.168352 0.357755 0.091437 0.138333
0 0.027182 0.949435 0.054365 0.101130
0 0.383225 0.863266 0.094398 0.160319
0 0.955473 0.041144 0.084372 0.079343
0 0.827682 0.903153 0.078505 0.147250
0 0.011388 0.625542 0.022776 0.150574
0 0.660884 0.111773 0.087148 0.165250
0 0.456991 0.068354 0.080388 0.134856
0 0.856608 0.355650 0.085659 0.151662
0 0.087862 0.150111 0.079932 0.138861
0 0.302133 0.364461 0.087141 0.141245
0 0.981475 0.119093 0.037049 0.136769
0 0.378531 0.970530 0.084755 0.058264
0 0.579490 0.202171 0.090026 0.157056
4 0.482237 0.717065 0.109031 0.176722
0 0.032113 0.102412 0.063346 0.144750
0 0.463672 0.923977 0.096094 0.151361
0 0.038148 0.549181 0.076188 0.162907
0 0.916389 0.660516 0.080388 0.137745
0 0.961711 0.451382 0.075932 0.148727
0 0.264452 0.120650 0.092977 0.157986
0 0.614695 0.949546 0.086641 0.100907
0 0.959646 0.859991 0.080708 0.165806
0 0.540457 0.933831 0.075523 0.130949
0 0.177042 0.199127 0.097677 0.180644
0 0.586277 0.048896 0.098810 0.097792
