0 0.937221 0.182514 0.091656 0.157407
0 0.112792 0.406350 0.079818 0.144218
0 0.032786 0.603428 0.065000 0.138060
0 0.383690 0.347488 0.089089 0.150597
0 0.281091 0.615667 0.089812 0.157083
0 0.089509 0.276359 0.087477 0.156486
0 0.547682 0.076449 0.094161 0.151639
0 0.820832 0.379181 0.078419 0.132019
0 0.385328 0.662088 0.080375 0.140880
0 0.577003 0.642838 0.083630 0.137972
0 0.182216 0.380109 0.074120 0.147245
0 0.641404 0.865861 0.085807 0.147676
0 0.004613 0.395137 0.009159 0.145273
0 0.735738 0.581690 0.077581 0.140176
0 0.422799 0.134931 0.070734 0.126741
0 0.461827 0.742002 0.077914 0.144773
0 0.795444 0.148505 0.081393 0.140537
0 0.076618 0.676558 0.077971 0.145819
0 0.515059 0.918444 0.082117 0.142722
0 0.411113 0.820535 0.078758 0.138227
0 0.275009 0.750407 0.076398 0.129870
0 0.161242 0.503896 0.071526 0.122718
0 0.050823 0.958731 0.074214 0.080694
0 0.604521 0.515583 0.069073 0.129519
0 0.414027 0.545063 0.085044 0.138005
0 0.311750 0.397273 0.078542 0.153944
0 0.602564 0.757806 0.084732 0.136815
0 0.195970 0.968563 0.087055 0.062875
0 0.529697 0.786655 0.079081 0.146394
0 0.966215 0.751053 0.067419 0.137560
0 0.507383 0.355204 0.082609 0.147269
0 0.213036 0.556322 0.087344 0.148199
0 0.968303 0.297817 0.063393 0.132181
0 0.484310 0.202690 0.085286 0.153843
0 0.449781 0.039690 0.073370 0.078037
0 0.789342 0.052373 0.086487 0.104625
0 0.514755 0.015394 0.080906 0.030787
0 0.032691 0.037160 0.065211 0.073829
0 0.827544 0.869968 0.081443 0.131926
0 0.980465 0.411370 0.038471 0.137685
0 0.292879 0.132937 0.077799 0.136116
0 0.973987 0.954512 0.051875 0.090634
0 0.251452 0.270829 0.082659 0.132713
0 0.698730 0.785067 0.080930 0.142792
0 0.935241 0.458544 0.079805 0.174931
0 0.244482 0.386880 0.070094 0.120926
0 0.842568 0.745963 0.080339 0.124111
0 0.144022 0.914579 0.080924 0.148287
0 0.531819 0.510546 0.086362 0.147278
0 0.967799 0.617139 0.064401 0.142972
0 0.894978 0.048602 0.076201 0.095028
0 0.422915 0.950442 0.076414 0.098616
0 0.695746 0.946178 0.084419 0.105412
0 0.863161 0.949197 0.084146 0.100616
0 0.343904 0.058822 0.085427 0.116134
0 0.773987 0.787653 0.079990 0.149380
0 0.871841 0.442502 0.082062 0.157838
0 0.955234 0.874477 0.084734 0.132148
0 0.344906 0.763856 0.077198 0.153491
0 0.296042 0.856431 0.073401 0.121787
0 0.027646 0.854287 0.055292 0.143907
0 0.081272 0.835583 0.075440 0.148000
0 0.334931 0.522912 0.083961 0.127676
4 0.350187 0.224213 0.093521 0.177333
0 0.543841 0.973755 0.091573 0.050417
0 0.006125 0.527037 0.012016 0.146565
0 0.743559 0.030382 0.070508 0.058653
0 0.434443 0.421900 0.074188 0.134190
0 0.208560 0.827079 0.083052 0.142583
0 0.668340 0.658630 0.095279 0.151713
0 0.805009 0.637097 0.083034 0.148037
0 0.040961 0.419419 0.076198 0.134708
0 0.745126 0.380387 0.082430 0.128144
0 0.031366 0.130419 0.062732 0.142236
0 0.883589 0.614461 0.085703 0.145875
0 0.672885 0.522757 0.080719 0.142903
