0 0.363869 0.465214 0.082746 0.103469
0 0.035338 0.400568 0.067699 0.115094
2 0.488156 0.425716 0.085789 0.106203
0 0.153375 0.853529 0.070187 0.110172
0 0.472135 0.927865 0.081934 0.093646
0 0.656037 0.029620 0.079230 0.057635
0 0.067279 0.761508 0.074168 0.116609
0 0.614994 0.085727 0.078176 0.099672
0 0.345475 0.037432 0.079230 0.074865
0 0.653836 0.866536 0.079125 0.111698
0 0.310633 0.781240 0.077961 0.113115
0 0.963086 0.673685 0.073828 0.105203
0 0.475146 0.847344 0.092324 0.117365
0 0.921381 0.528320 0.076395 0.091703
0 0.317762 0.585615 0.065945 0.110188
0 0.856705 0.653758 0.080809 0.101474
0 0.267811 0.361401 0.074746 0.097083
0 0.166824 0.480206 0.080078 0.098693
0 0.621283 0.948438 0.082832 0.098938
0 0.503270 0.058445 0.075359 0.103391
0 0.566215 0.336313 0.073445 0.098302
0 0.429713 0.724799 0.082723 0.107766
0 0.758354 0.208031 0.072730 0.100979
0 0.406561 0.951729 0.076746 0.096542
0 0.095098 0.181846 0.074367 0.103255
0 0.945143 0.207346 0.078348 0.103651
0 0.567465 0.164229 0.069531 0.094760
0 0.275818 0.090273 0.078137 0.101391
0 0.334170 0.674503 0.073809 0.106380
0 0.050811 0.495076 0.080910 0.103484
0 0.739316 0.826870 0.073445 0.133146
0 0.428246 0.814464 0.090508 0.097167
0 0.602633 0.778174 0.083570 0.096016
0 0.052932 0.116380 0.083848 0.098479
0 0.688039 0.938870 0.070336 0.109333
0 0.452873 0.274133 0.075941 0.105526
0 0.558252 0.249464 0.079387 0.095885
0 0.168750 0.362227 0.077609 0.107224
0 0.504117 0.147719 0.074789 0.098021
0 0.681525 0.093076 0.066699 0.101380
0 0.440568 0.187641 0.082434 0.096167
0 0.222459 0.527862 0.086652 0.110609
0 0.447447 0.589633 0.080926 0.096526
0 0.831676 0.889284 0.074961 0.100995
0 0.454021 0.363927 0.094645 0.108615
0 0.754201 0.095672 0.076879 0.099625
0 0.808119 0.162393 0.078566 0.113505
0 0.218129 0.416552 0.078523 0.104760
0 0.501115 0.556807 0.072480 0.124646
0 0.443561 0.104971 0.084020 0.100807
0 0.540535 0.864138 0.077289 0.116297
0 0.130115 0.760081 0.071566 0.102724
0 0.170297 0.096924 0.080422 0.099286
0 0.756186 0.696849 0.072152 0.101531
0 0.383875 0.291521 0.081469 0.110792
0 0.534816 0.955792 0.079211 0.088417
0 0.930404 0.961633 0.071223 0.076734
0 0.805729 0.953807 0.060848 0.092385
0 0.493699 0.736435 0.068797 0.105203
0 0.987482 0.176156 0.025035 0.092698
0 0.097762 0.358055 0.084430 0.109057
0 0.549148 0.629211 0.088789 0.110630
0 0.904871 0.039813 0.076594 0.079625
0 0.322172 0.220411 0.077820 0.100719
0 0.959422 0.765583 0.081156 0.110490
0 0.449773 0.035206 0.091219 0.070411
0 0.951496 0.465187 0.080867 0.110937
0 0.354895 0.169258 0.090266 0.097630
0 0.563682 0.537154 0.080059 0.115911
0 0.845934 0.305065 0.080391 0.108974
0 0.624428 0.183904 0.074254 0.119380
0 0.600277 0.713828 0.112688 0.098271
0 0.072928 0.619596 0.066465 0.088724
0 0.474229 0.974799 0.086293 0.050401
0 0.153508 0.675352 0.090547 0.120547
0 0.627672 0.403263 0.083617 0.091724
0 0.226088 0.822542 0.087598 0.124906
0 0.243967 0.157503 0.074957 0.102255
0 0.787777 0.641547 0.072008 0.104771
0 0.973770 0.111503 0.052461 0.079245
0 0.027391 0.970273 0.051273 0.059453
0 0.698008 0.753581 0.088586 0.093901
0 0.901348 0.606867 0.081031 0.114172
0 0.451137 0.661185 0.090406 0.083797
0 0.248143 0.278523 0.074121 0.092099
0 0.993703 0.890758 0.011008 0.075089
0 0.755371 0.545169 0.105883 0.126276
0 0.810922 0.258792 0.067695 0.101427
0 0.133053 0.007997 0.082293 0.015995
0 0.992373 0.566492 0.015254 0.086745
0 0.987025 0.331169 0.024793 0.089484
0 0.681359 0.381268 0.074898 0.099901
0 0.148273 0.948750 0.063664 0.092948
0 0.295836 0.509255 0.077969 0.104260
0 0.830514 0.229404 0.090793 0.106870
0 0.851795 0.112172 0.083285 0.095438
0 0.862682 0.965578 0.083098 0.067531
0 0.367539 0.094036 0.080227 0.096521
0 0.683096 0.481247 0.075918 0.107964
0 0.115375 0.945232 0.087234 0.108995
0 0.607607 0.985344 0.094574 0.028594
0 0.248246 0.763461 0.072664 0.125453
0 0.864781 0.838464 0.086977 0.112156
0 0.652096 0.463331 0.085988 0.091807
0 0.628627 0.335206 0.075199 0.081786
0 0.263951 0.678701 0.078629 0.089016
0 0.043320 0.048635 0.086641 0.090594
0 0.200994 0.975492 0.076316 0.049016
0 0.987680 0.634987 0.024641 0.096755
0 0.926811 0.069383 0.075793 0.113901
0 0.722039 0.661667 0.074906 0.117760
0 0.975277 0.840680 0.049445 0.130536
0 0.817775 0.054466 0.089973 0.098089
0 0.686277 0.206443 0.088969 0.122937
0 0.641707 0.261461 0.094602 0.105276
0 0.392094 0.888734 0.107336 0.096208
0 0.753756 0.282216 0.083168 0.081432
0 0.027166 0.797068 0.054332 0.099625
0 0.825152 0.578674 0.078305 0.120953
0 0.012945 0.462802 0.025891 0.120177
0 0.746260 0.029159 0.086980 0.058318
0 0.981529 0.412602 0.036941 0.111526
0 0.900945 0.168398 0.090266 0.122953
0 0.985877 0.493357 0.028246 0.101214
0 0.588859 0.017523 0.076500 0.035047
0 0.258730 0.603378 0.083242 0.108484
0 0.186764 0.282117 0.069824 0.103599
0 0.962170 0.581117 0.070254 0.101995
0 0.267523 0.965943 0.084195 0.068115
0 0.023816 0.880198 0.047633 0.096219
0 0.346682 0.364349 0.097715 0.115365
0 0.595525 0.590578 0.079723 0.122958
0 0.210865 0.207469 0.091340 0.113281
0 0.015869 0.213883 0.030332 0.116141
0 0.699215 0.304112 0.080156 0.098516
0 0.198832 0.891810 0.075039 0.107401
0 0.526895 0.690120 0.072656 0.111969
0 0.354988 0.837409 0.073992 0.103099
0 0.673328 0.688003 0.065227 0.088630
0 0.645334 0.550797 0.068301 0.099833
0 0.270227 0.024620 0.076891 0.047625
0 0.200887 0.042031 0.084305 0.081542
0 0.152051 0.169792 0.086648 0.106760
0 0.242850 0.930016 0.096504 0.115375
0 0.389037 0.554807 0.083996 0.109354
0 0.627908 0.650932 0.071426 0.100667
0 0.681102 0.812367 0.075555 0.103109
0 0.581086 0.464799 0.082992 0.120141
0 0.063666 0.265172 0.081098 0.105198
0 0.913717 0.908302 0.100441 0.088521
0 0.031820 0.314596 0.062844 0.099380
0 0.966037 0.265688 0.067926 0.114875
0 0.899666 0.732651 0.078980 0.129021
0 0.754557 0.917099 0.069316 0.106740
0 0.972545 0.046005 0.054910 0.090333
0 0.035092 0.693888 0.070184 0.107995
0 0.956771 0.367156 0.077793 0.116698
0 0.756270 0.978708 0.077805 0.042583
0 0.896797 0.263969 0.074961 0.093396
0 0.108701 0.050596 0.075035 0.096922
0 0.194500 0.621018 0.084461 0.126401
0 0.055928 0.937232 0.072910 0.108797
0 0.290029 0.862398 0.069957 0.094776
0 0.086666 0.849068 0.072816 0.111604
0 0.373303 0.613495 0.075855 0.106573
0 0.452521 0.501107 0.080012 0.107224
0 0.376264 0.754188 0.075668 0.096740
0 0.894980 0.357768 0.079289 0.114432
0 0.128002 0.285901 0.073980 0.108760
0 0.930352 0.831086 0.071312 0.095682
0 0.036629 0.591500 0.073258 0.110260
0 0.120973 0.577240 0.079180 0.118198
0 0.310305 0.422297 0.072289 0.094594
0 0.984396 0.957583 0.029223 0.084833
0 0.834695 0.737562 0.075734 0.123031
0 0.703881 0.578862 0.077035 0.104911
0 0.510242 0.292940 0.073984 0.113214
0 0.195707 0.720773 0.070187 0.116807
0 0.790289 0.785349 0.070414 0.112354
