0 0.031715 0.582073 0.063273 0.139719
0 0.504682 0.035635 0.110934 0.071271
0 0.516379 0.973055 0.104586 0.053620
1 0.414090 0.866911 0.108383 0.150333
0 0.955080 0.674471 0.089840 0.159953
0 0.522297 0.363815 0.080617 0.189182
1 0.113715 0.623018 0.109867 0.153047
0 0.689260 0.303471 0.122066 0.160422
0 0.955627 0.976398 0.087395 0.047203
0 0.156084 0.018195 0.109402 0.036391
0 0.986000 0.336036 0.027758 0.140594
0 0.983432 0.105865 0.033137 0.135073
0 0.761477 0.984755 0.106156 0.030365
1 0.487338 0.137010 0.154699 0.149417
0 0.410500 0.009021 0.107937 0.018042
0 0.993535 0.943177 0.012930 0.113646
1 0.970549 0.829917 0.058566 0.132677
0 0.970473 0.829555 0.058898 0.133609
0 0.601135 0.575549 0.103941 0.150328
0 0.286572 0.089914 0.097426 0.135578
0 0.642869 0.458586 0.100449 0.143714
0 0.424822 0.582911 0.100379 0.154219
0 0.439395 0.294187 0.096391 0.134156
0 0.679484 0.648859 0.102242 0.153365
0 0.312088 0.862612 0.106590 0.132526
0 0.505201 0.503424 0.113770 0.130161
0 0.726148 0.421966 0.099758 0.124286
0 0.734654 0.248919 0.095496 0.143536
0 0.326416 0.749315 0.115371 0.130453
0 0.211904 0.948846 0.111035 0.102307
0 0.274727 0.653063 0.122242 0.130365
0 0.780395 0.068138 0.119398 0.136276
0 0.775037 0.599568 0.108027 0.151979
0 0.029568 0.935711 0.059137 0.128578
0 0.819154 0.913232 0.090480 0.136766
0 0.049334 0.040143 0.098551 0.080286
0 0.740260 0.915758 0.091879 0.111693
0 0.786801 0.458880 0.113000 0.150302
0 0.418869 0.964396 0.113152 0.071208
0 0.876791 0.952401 0.098449 0.095198
0 0.595080 0.351654 0.102285 0.167766
0 0.388832 0.073922 0.121984 0.127281
0 0.094467 0.959786 0.098309 0.080427
0 0.225736 0.447458 0.108785 0.138823
0 0.840850 0.363206 0.111223 0.130734
0 0.938867 0.275727 0.112672 0.161130
0 0.168676 0.555802 0.093773 0.130094
0 0.192990 0.303513 0.108645 0.139328
0 0.296486 0.358107 0.099324 0.132849
0 0.371539 0.448411 0.103211 0.147094
0 0.940811 0.421982 0.101059 0.139922
0 0.644877 0.169766 0.110395 0.125615
0 0.356145 0.265229 0.104281 0.142688
0 0.857350 0.615768 0.107629 0.141328
0 0.445307 0.714383 0.114559 0.141995
0 0.106006 0.235914 0.109770 0.154734
0 0.634385 0.938187 0.122137 0.123385
0 0.304115 0.539354 0.115871 0.152917
0 0.054043 0.128148 0.107492 0.120130
0 0.194963 0.078458 0.105301 0.147229
0 0.153000 0.747896 0.096789 0.124823
0 0.106408 0.386982 0.111684 0.148172
0 0.533727 0.774362 0.109813 0.136891
0 0.686076 0.072768 0.110965 0.145536
0 0.851576 0.217529 0.106215 0.162880
0 0.793051 0.747815 0.115461 0.146776
0 0.634115 0.815258 0.094168 0.143703
0 0.055236 0.709823 0.109402 0.145812
0 0.056225 0.484563 0.104652 0.151677
0 0.531637 0.650026 0.103727 0.136677
0 0.214836 0.837737 0.104547 0.137974
0 0.570709 0.208198 0.111113 0.182437
0 0.967938 0.592299 0.064125 0.152776
0 0.930498 0.753133 0.128730 0.124755
0 0.028902 0.810609 0.057805 0.136740
0 0.724986 0.815279 0.107746 0.127193
0 0.871730 0.492721 0.109023 0.131672
