0 0.832820 0.661472 0.080193 0.138463
0 0.731323 0.480750 0.085302 0.158519
0 0.874956 0.483579 0.081891 0.123639
0 0.205013 0.311083 0.082557 0.132704
0 0.397768 0.927440 0.083266 0.141009
0 0.278771 0.215426 0.073177 0.128667
0 0.970497 0.817509 0.059005 0.156370
0 0.908727 0.752259 0.077224 0.133741
0 0.852687 0.804995 0.075625 0.127194
0 0.541406 0.403347 0.085229 0.130343
0 0.568547 0.754231 0.074802 0.141315
0 0.390633 0.784954 0.086057 0.144074
0 0.749661 0.684273 0.092240 0.132602
0 0.883674 0.362231 0.083911 0.133944
0 0.746208 0.179269 0.080406 0.139889
0 0.593992 0.162292 0.108734 0.127324
0 0.666766 0.724685 0.081990 0.139963
0 0.086128 0.937463 0.088016 0.114370
0 0.082047 0.514116 0.077812 0.135065
0 0.110068 0.632273 0.078969 0.127602
0 0.170182 0.929458 0.072115 0.124361
0 0.767268 0.775755 0.079859 0.103824
0 0.205307 0.859782 0.081500 0.139157
0 0.413521 0.652000 0.074427 0.127889
0 0.369083 0.062986 0.076094 0.124583
0 0.474969 0.957509 0.071073 0.084981
0 0.322807 0.919269 0.078948 0.161463
0 0.128052 0.766426 0.075490 0.139704
0 0.275628 0.815060 0.081557 0.180083
0 0.419682 0.522292 0.076510 0.132583
0 0.301737 0.047458 0.078245 0.094194
0 0.908664 0.186963 0.090391 0.156111
0 0.679003 0.127338 0.068849 0.163954
0 0.265549 0.950602 0.085089 0.098796
0 0.032859 0.065574 0.065646 0.129463
0 0.730951 0.048917 0.077839 0.097833
0 0.052031 0.365500 0.067667 0.176259
0 0.962148 0.293370 0.073630 0.142352
0 0.629490 0.054792 0.071188 0.109528
0 0.501599 0.821116 0.081125 0.143991
0 0.655227 0.398574 0.084693 0.148148
0 0.524807 0.266338 0.078344 0.145843
0 0.141365 0.451625 0.096094 0.138417
0 0.395214 0.152699 0.092844 0.156935
0 0.605021 0.885708 0.091438 0.146324
0 0.039539 0.664884 0.078495 0.155657
0 0.205161 0.176625 0.087229 0.148676
0 0.780409 0.878370 0.084995 0.127593
0 0.405479 0.385231 0.084792 0.155037
0 0.609333 0.267792 0.081563 0.152583
0 0.790266 0.557241 0.079115 0.141056
4 0.649107 0.576597 0.083974 0.160454
0 0.946990 0.897588 0.086281 0.137769
0 0.748380 0.965597 0.074854 0.068806
0 0.966362 0.099329 0.067276 0.140380
0 0.978893 0.631833 0.042214 0.146537
0 0.087646 0.034690 0.077906 0.069380
0 0.486286 0.024898 0.064854 0.047204
0 0.272604 0.505384 0.084719 0.147528
0 0.019724 0.962009 0.039448 0.072685
0 0.976112 0.457407 0.047089 0.159833
0 0.862042 0.035532 0.088708 0.070750
0 0.016065 0.280861 0.032130 0.135222
0 0.588362 0.505648 0.088734 0.140963
0 0.537943 0.983444 0.071021 0.033111
0 0.015323 0.421019 0.030031 0.145148
0 0.933503 0.974454 0.086214 0.051093
0 0.679958 0.985255 0.073583 0.029417
0 0.845117 0.982060 0.083661 0.035880
0 0.587479 0.025685 0.053844 0.045574
0 0.014206 0.154329 0.027318 0.129454
0 0.984315 0.956972 0.027849 0.086056
0 0.691424 0.883579 0.082120 0.142046
0 0.989789 0.195208 0.019141 0.140694
0 0.011435 0.861787 0.022870 0.132907
0 0.121344 0.338134 0.086146 0.144009
0 0.484344 0.597245 0.080917 0.141157
0 0.067701 0.835157 0.091203 0.150722
0 0.327516 0.287727 0.083656 0.123620
0 0.432573 0.240273 0.081917 0.134287
0 0.195185 0.721940 0.075109 0.151676
0 0.472477 0.128171 0.073359 0.164361
0 0.321339 0.416435 0.084396 0.143444
0 0.536091 0.097935 0.083214 0.158130
0 0.911396 0.625463 0.089531 0.153556
0 0.804935 0.242889 0.091526 0.136315
0 0.804305 0.374755 0.084693 0.138472
0 0.103917 0.159634 0.079333 0.135676
