0 0.389801 0.778971 0.053492 0.078620
2 0.420443 0.459159 0.090059 0.111193
0 0.377687 0.988682 0.077523 0.021385
0 0.282873 0.011977 0.074426 0.023953
0 0.806695 0.502031 0.068805 0.099812
0 0.545895 0.613268 0.064727 0.083703
0 0.743887 0.677786 0.068047 0.060979
0 0.989408 0.944362 0.021184 0.080526
0 0.352025 0.676242 0.072301 0.099849
0 0.989008 0.433815 0.021398 0.109589
0 0.400867 0.033510 0.077578 0.065885
0 0.701379 0.644003 0.069453 0.084141
0 0.579797 0.212201 0.068406 0.096922
0 0.694693 0.502242 0.067520 0.100568
0 0.440146 0.918102 0.069223 0.095672
0 0.162709 0.988659 0.073262 0.022682
0 0.989033 0.528815 0.021934 0.090807
0 0.649645 0.034409 0.065445 0.068818
0 0.629887 0.294849 0.070695 0.080385
0 0.432166 0.964190 0.075527 0.071620
0 0.014998 0.339151 0.029996 0.112427
0 0.029453 0.442073 0.058906 0.099167
0 0.015334 0.783422 0.030668 0.091740
0 0.018914 0.230133 0.037828 0.118526
0 0.486238 0.020135 0.073352 0.040271
0 0.654322 0.466125 0.082652 0.094635
0 0.072627 0.117430 0.091496 0.098422
0 0.531082 0.571466 0.064414 0.094297
0 0.819840 0.228867 0.064555 0.093151
0 0.648525 0.336557 0.069535 0.094573
0 0.722031 0.737344 0.074156 0.094198
0 0.665363 0.646299 0.071711 0.090391
0 0.739268 0.793245 0.063809 0.081792
0 0.016844 0.132526 0.033125 0.081885
0 0.643008 0.251060 0.068078 0.084682
0 0.763480 0.153938 0.086445 0.093219
0 0.161398 0.502620 0.084234 0.100167
0 0.017396 0.558521 0.034793 0.098656
0 0.509768 0.407307 0.079879 0.104469
0 0.365248 0.315044 0.090105 0.098224
0 0.609885 0.119237 0.064902 0.079141
0 0.126229 0.429792 0.060301 0.080521
0 0.766592 0.472570 0.077676 0.102589
0 0.083953 0.481208 0.076305 0.104990
0 0.971131 0.719779 0.057285 0.102828
0 0.294434 0.089148 0.081617 0.117464
0 0.859771 0.135339 0.090082 0.091948
0 0.339775 0.615068 0.072918 0.090375
0 0.763971 0.636885 0.068816 0.091198
0 0.976795 0.857901 0.045621 0.100594
0 0.128273 0.728852 0.061047 0.076266
0 0.165457 0.093057 0.072180 0.114771
0 0.257904 0.350841 0.086137 0.093943
0 0.470191 0.575307 0.080477 0.097802
0 0.906803 0.562070 0.079184 0.107693
0 0.471748 0.493286 0.062199 0.086333
0 0.413773 0.542396 0.065844 0.078010
0 0.692426 0.166810 0.088820 0.110911
0 0.855787 0.053255 0.089793 0.093781
0 0.344420 0.958294 0.071074 0.083411
0 0.212410 0.430268 0.075453 0.114484
0 0.286576 0.975318 0.069855 0.048375
0 0.966809 0.030388 0.066383 0.060370
0 0.066713 0.569370 0.074809 0.095917
0 0.562645 0.814719 0.081656 0.103177
0 0.081932 0.040943 0.095043 0.081552
0 0.189938 0.226984 0.067328 0.085865
0 0.640889 0.967880 0.076137 0.061615
0 0.419330 0.240672 0.077902 0.116240
0 0.199459 0.578958 0.076262 0.097531
0 0.245395 0.260414 0.063906 0.090089
0 0.533516 0.287099 0.085977 0.119146
0 0.464025 0.333148 0.073191 0.090807
0 0.309744 0.535005 0.073395 0.115521
0 0.486881 0.146099 0.075504 0.118885
0 0.277432 0.444318 0.062574 0.083375
0 0.532824 0.492823 0.072828 0.086490
0 0.791420 0.356693 0.079465 0.094448
0 0.951834 0.946023 0.067629 0.085307
0 0.686508 0.400896 0.063773 0.081271
0 0.771770 0.266122 0.079664 0.089693
0 0.538436 0.934510 0.085918 0.101771
0 0.134861 0.584070 0.061410 0.083391
0 0.236100 0.035195 0.072363 0.070391
0 0.080133 0.194115 0.068813 0.080990
0 0.814361 0.585258 0.063551 0.084151
0 0.721172 0.339846 0.063438 0.089745
0 0.418865 0.143844 0.077277 0.106167
0 0.944322 0.788810 0.071566 0.087818
0 0.228293 0.124719 0.067492 0.086479
0 0.298803 0.914003 0.070730 0.090266
0 0.904930 0.222695 0.068375 0.093891
0 0.266801 0.851297 0.068086 0.078250
0 0.864902 0.311026 0.082578 0.101990
0 0.359373 0.105211 0.065746 0.083047
0 0.656023 0.562893 0.070734 0.092797
0 0.589947 0.044154 0.070371 0.085870
0 0.838117 0.659526 0.066383 0.089188
0 0.282279 0.761435 0.072113 0.114943
0 0.837213 0.819362 0.064746 0.080484
0 0.427572 0.718685 0.067863 0.087870
0 0.447340 0.068076 0.069773 0.082797
0 0.335172 0.836039 0.076383 0.109255
0 0.501723 0.694034 0.070883 0.098797
0 0.490990 0.784120 0.068254 0.087750
0 0.073820 0.390029 0.070164 0.090172
0 0.140979 0.187297 0.066730 0.084208
0 0.785117 0.035073 0.069602 0.070146
0 0.564146 0.687049 0.069566 0.086307
0 0.696236 0.855828 0.068168 0.082573
0 0.250443 0.510690 0.068801 0.080089
0 0.592734 0.559609 0.073258 0.109677
0 0.915262 0.361802 0.069453 0.086438
0 0.064033 0.807659 0.063809 0.099432
0 0.796699 0.712135 0.063438 0.084521
0 0.951723 0.494185 0.069734 0.087349
0 0.867496 0.494641 0.064734 0.086531
0 0.583295 0.376130 0.084020 0.097115
0 0.233270 0.946104 0.065312 0.083552
0 0.860859 0.393086 0.071570 0.083464
0 0.186619 0.719932 0.066605 0.087667
0 0.969758 0.190115 0.060398 0.092083
0 0.116576 0.304927 0.070723 0.095135
0 0.170541 0.939266 0.068145 0.087427
0 0.905957 0.854586 0.080305 0.118620
0 0.635152 0.893786 0.077352 0.094115
0 0.276309 0.185206 0.074641 0.095484
0 0.066221 0.265685 0.069746 0.084547
0 0.153871 0.794258 0.071766 0.092036
0 0.896631 0.643414 0.074895 0.093786
0 0.218451 0.792367 0.065457 0.087599
0 0.967406 0.622513 0.064609 0.087818
0 0.706020 0.245305 0.065930 0.081099
0 0.956721 0.107909 0.086098 0.105953
0 0.780617 0.856794 0.073641 0.087266
0 0.342662 0.180109 0.064465 0.095573
0 0.121256 0.871477 0.072410 0.101161
0 0.247295 0.624112 0.072012 0.085589
0 0.406066 0.616456 0.076547 0.102370
0 0.347062 0.759388 0.061766 0.089276
0 0.627369 0.815031 0.059535 0.079354
0 0.034277 0.943716 0.068555 0.111245
0 0.693627 0.946255 0.075629 0.107490
0 0.722689 0.574602 0.073340 0.085922
0 0.991496 0.139547 0.017008 0.087635
0 0.858432 0.946031 0.078520 0.101063
0 0.910016 0.440495 0.067469 0.086792
0 0.076359 0.993776 0.074359 0.012448
0 0.082248 0.679576 0.076285 0.100380
