0 0.497479 0.774590 0.086943 0.149264
0 0.416673 0.778340 0.082706 0.156032
0 0.604197 0.472271 0.083753 0.151579
0 0.546329 0.852683 0.082435 0.152310
0 0.552378 0.362884 0.081828 0.153944
0 0.729161 0.472144 0.083703 0.135713
0 0.287624 0.621951 0.089393 0.156023
0 0.525954 0.513882 0.086513 0.152884
0 0.490486 0.646238 0.080424 0.139227
0 0.305482 0.487225 0.089271 0.144551
0 0.336189 0.182600 0.071878 0.124227
0 0.452727 0.214847 0.095115 0.152463
0 0.264543 0.170280 0.079966 0.154986
0 0.906413 0.699465 0.087893 0.148125
0 0.359868 0.573502 0.080117 0.161810
0 0.461633 0.089625 0.086495 0.147667
0 0.279193 0.364032 0.084047 0.146528
0 0.374952 0.084234 0.085940 0.137458
0 0.880277 0.415968 0.093190 0.134157
0 0.894758 0.294470 0.090922 0.138634
0 0.436247 0.348641 0.095505 0.147347
0 0.751284 0.814692 0.083510 0.156069
0 0.966305 0.400697 0.067297 0.150431
0 0.386905 0.259037 0.077534 0.164157
0 0.839160 0.610789 0.094508 0.156005
0 0.219828 0.854454 0.088469 0.149843
0 0.609122 0.793887 0.080031 0.134569
0 0.785986 0.708942 0.075169 0.146134
0 0.202990 0.207400 0.087542 0.167884
0 0.155667 0.074380 0.091766 0.148759
0 0.321346 0.300340 0.084932 0.157644
0 0.272051 0.766690 0.088148 0.156917
0 0.488805 0.937988 0.080740 0.121005
0 0.846171 0.755380 0.080956 0.168852
0 0.917982 0.177167 0.093641 0.159481
0 0.944034 0.595097 0.093906 0.171370
0 0.564875 0.672796 0.072375 0.154204
0 0.878770 0.065558 0.076326 0.128514
0 0.296897 0.891366 0.076539 0.141565
0 0.340577 0.713063 0.093492 0.144708
0 0.515142 0.050687 0.087180 0.101375
0 0.953603 0.073525 0.091904 0.146218
0 0.343850 0.944778 0.079576 0.109435
0 0.679484 0.812572 0.080766 0.166458
0 0.743499 0.594067 0.096576 0.131958
0 0.970704 0.813838 0.058591 0.131676
0 0.129095 0.953442 0.085034 0.093116
0 0.667039 0.540523 0.075380 0.137259
0 0.717816 0.690609 0.079794 0.154088
0 0.224687 0.063146 0.086156 0.126218
0 0.415380 0.945484 0.076786 0.107810
0 0.888919 0.540144 0.097474 0.142898
0 0.415529 0.634912 0.071031 0.179991
0 0.977400 0.181199 0.045201 0.172676
0 0.975182 0.691942 0.049635 0.145616
0 0.348115 0.831546 0.098880 0.153806
0 0.011831 0.850410 0.023661 0.143005
0 0.206361 0.958718 0.072216 0.081954
0 0.992410 0.579896 0.015180 0.148829
2 0.637811 0.691863 0.101258 0.161069
0 0.614669 0.586144 0.116667 0.121944
