0 0.049396 0.417248 0.098792 0.185921
0 0.992465 0.370157 0.014237 0.149593
0 0.984428 0.972086 0.030372 0.054671
0 0.011030 0.510620 0.022060 0.143343
0 0.011616 0.272199 0.023227 0.133889
0 0.720466 0.015896 0.088365 0.030866
0 0.988525 0.249410 0.022951 0.152042
0 0.546568 0.017949 0.091214 0.034509
0 0.236051 0.021088 0.082148 0.041056
2 0.587677 0.678486 0.088063 0.149769
0 0.913618 0.024021 0.086201 0.048042
0 0.018840 0.039176 0.037190 0.076074
0 0.069552 0.030289 0.073542 0.058690
0 0.981917 0.751648 0.035979 0.149713
0 0.150622 0.598090 0.085620 0.162616
0 0.251852 0.398153 0.084891 0.142130
0 0.718293 0.779472 0.094878 0.165694
0 0.773717 0.607072 0.095154 0.158394
0 0.359022 0.363625 0.080878 0.141676
0 0.207089 0.691745 0.086578 0.147889
0 0.157908 0.439072 0.086753 0.143514
0 0.678669 0.453181 0.090469 0.162639
0 0.540275 0.218146 0.089258 0.149403
0 0.832379 0.204130 0.093216 0.155250
0 0.842233 0.672507 0.090773 0.147134
0 0.851717 0.450109 0.093122 0.144486
0 0.887210 0.308863 0.091909 0.152282
0 0.958431 0.564674 0.082216 0.159264
0 0.973803 0.043859 0.052227 0.085634
0 0.648669 0.038771 0.079552 0.076051
0 0.150193 0.049433 0.100016 0.096486
0 0.386977 0.043056 0.081786 0.085120
0 0.269026 0.775102 0.090745 0.153565
0 0.910318 0.947472 0.095938 0.104481
0 0.968016 0.910729 0.063969 0.135884
0 0.791185 0.954940 0.087615 0.089546
0 0.703616 0.946792 0.096435 0.105796
0 0.429680 0.792676 0.092958 0.146074
0 0.282438 0.635690 0.100536 0.154759
0 0.313223 0.055639 0.085534 0.109796
0 0.221113 0.939093 0.092060 0.121074
0 0.646759 0.577523 0.079018 0.145231
0 0.879751 0.566937 0.100846 0.165699
0 0.469924 0.057560 0.082948 0.113444
0 0.834777 0.845470 0.089544 0.162329
0 0.853466 0.076201 0.084859 0.136505
0 0.724488 0.309993 0.094622 0.138662
0 0.307581 0.470928 0.089255 0.126375
0 0.585266 0.088921 0.094578 0.158259
0 0.760501 0.076935 0.098190 0.153685
0 0.247993 0.218907 0.097482 0.157176
0 0.906245 0.820326 0.093823 0.175069
0 0.028616 0.384424 0.056977 0.162542
0 0.921105 0.685553 0.085034 0.142644
0 0.408695 0.247604 0.088568 0.156968
0 0.059874 0.553748 0.094013 0.136329
0 0.578875 0.531977 0.084427 0.163593
0 0.291290 0.909782 0.098753 0.163315
0 0.347837 0.822928 0.091643 0.173134
0 0.611878 0.796150 0.093552 0.162847
0 0.076326 0.444243 0.090854 0.148171
0 0.639279 0.284447 0.086318 0.167560
0 0.966060 0.422414 0.067880 0.154032
0 0.659186 0.880868 0.086164 0.152319
0 0.463908 0.177875 0.089794 0.155278
0 0.745827 0.492743 0.074721 0.130301
0 0.966674 0.159375 0.066651 0.167583
0 0.044743 0.155387 0.089487 0.155190
0 0.335549 0.190306 0.092052 0.161361
0 0.196316 0.314153 0.097227 0.157370
0 0.903544 0.148414 0.083849 0.149801
