2 0.435108 0.617484 0.079221 0.147051
0 0.010436 0.101243 0.020471 0.140653
0 0.984904 0.236630 0.030042 0.133019
0 0.383164 0.363178 0.080354 0.270856
0 0.493251 0.024484 0.083185 0.048968
0 0.680590 0.984532 0.085596 0.028769
0 0.008671 0.725949 0.017148 0.126250
0 0.600840 0.152965 0.082909 0.152745
0 0.149591 0.046544 0.091885 0.091829
0 0.730432 0.053007 0.081781 0.103514
0 0.280938 0.943475 0.089464 0.111088
0 0.323758 0.666745 0.070073 0.158759
0 0.019237 0.933519 0.038474 0.131398
0 0.262750 0.729565 0.085479 0.163463
0 0.376437 0.933296 0.084984 0.133407
0 0.383855 0.668613 0.064674 0.151319
0 0.462668 0.760338 0.080419 0.150657
0 0.800371 0.858400 0.088414 0.155542
0 0.773775 0.413391 0.083107 0.147718
0 0.330276 0.522176 0.079297 0.134222
0 0.379937 0.805613 0.077974 0.126190
0 0.352592 0.036639 0.090148 0.072741
0 0.844646 0.425910 0.069099 0.159542
0 0.154889 0.963440 0.090044 0.071898
0 0.732676 0.298877 0.090445 0.157708
0 0.305237 0.835898 0.089036 0.150157
0 0.970145 0.446197 0.059711 0.147977
0 0.800853 0.078437 0.076888 0.141977
0 0.375346 0.426113 0.080234 0.139134
0 0.437780 0.473463 0.080586 0.151759
0 0.833589 0.967755 0.083766 0.064491
0 0.983257 0.817870 0.033487 0.144880
0 0.632132 0.042347 0.085732 0.084417
0 0.430257 0.049674 0.074768 0.097171
0 0.063667 0.159609 0.103406 0.159782
0 0.057745 0.046905 0.088297 0.093264
0 0.078492 0.853725 0.090917 0.149106
0 0.223560 0.890975 0.077745 0.163819
0 0.962934 0.319100 0.074133 0.133921
0 0.097786 0.405986 0.080099 0.126593
0 0.055507 0.750069 0.086836 0.135796
0 0.674759 0.114069 0.078508 0.134398
0 0.775189 0.556662 0.076852 0.142741
0 0.901780 0.902736 0.083456 0.160620
0 0.516118 0.395549 0.081273 0.137829
0 0.505387 0.534699 0.086674 0.149259
0 0.040286 0.271539 0.080557 0.150264
0 0.881116 0.739715 0.080076 0.148708
0 0.507216 0.211116 0.086229 0.153454
0 0.138483 0.149907 0.083971 0.133083
0 0.393393 0.295699 0.089057 0.140852
0 0.534397 0.811086 0.079648 0.137171
0 0.242781 0.153986 0.086422 0.146009
0 0.039128 0.616688 0.078255 0.143366
0 0.522014 0.671537 0.084966 0.143407
0 0.122042 0.688565 0.077182 0.136833
0 0.151868 0.861120 0.075362 0.137176
0 0.473496 0.908442 0.090617 0.147514
0 0.289523 0.260935 0.077172 0.130333
0 0.910576 0.404819 0.075182 0.155861
0 0.873784 0.129694 0.085760 0.154324
0 0.773664 0.199931 0.076016 0.123639
0 0.430513 0.169676 0.080865 0.145750
0 0.334625 0.157979 0.081807 0.144718
0 0.578987 0.929532 0.091052 0.140889
0 0.957237 0.138794 0.082964 0.141125
0 0.834956 0.272303 0.081396 0.136875
0 0.840672 0.587801 0.067891 0.133537
0 0.807690 0.715051 0.080510 0.139056
0 0.115921 0.540350 0.089523 0.154319
0 0.658406 0.252044 0.091052 0.153875
0 0.545445 0.073567 0.085172 0.142727
0 0.127732 0.281803 0.078385 0.132014
