0 0.579113 0.342023 0.085643 0.175269
0 0.840250 0.124343 0.082911 0.168417
0 0.453237 0.100597 0.087568 0.201194
0 0.022859 0.699067 0.045516 0.142634
0 0.163484 0.390058 0.063630 0.112218
0 0.700655 0.692373 0.096049 0.141986
0 0.235000 0.179852 0.083391 0.152787
0 0.036048 0.120833 0.062003 0.109954
0 0.946342 0.090894 0.107159 0.147009
0 0.117327 0.110782 0.081060 0.149750
0 0.670249 0.916921 0.077888 0.144472
0 0.618870 0.120796 0.084797 0.146454
0 0.743560 0.451199 0.097703 0.169750
0 0.660676 0.227806 0.072227 0.131167
0 0.369715 0.891905 0.081669 0.125819
0 0.370725 0.075602 0.089638 0.151204
0 0.764214 0.194995 0.095755 0.172111
0 0.567789 0.892850 0.100219 0.160394
0 0.916307 0.967039 0.078177 0.065125
0 0.346368 0.975160 0.090003 0.049079
0 0.584725 0.981106 0.075862 0.036139
0 0.022849 0.514289 0.045276 0.152106
0 0.014805 0.981542 0.029609 0.035083
0 0.852313 0.016255 0.073042 0.032509
0 0.030173 0.227968 0.059872 0.130213
0 0.982335 0.206387 0.035247 0.158051
0 0.139880 0.673597 0.109042 0.116537
0 0.477858 0.223259 0.081992 0.145500
0 0.424457 0.781444 0.074867 0.172944
0 0.247122 0.557745 0.077354 0.137259
0 0.298001 0.358329 0.097154 0.171343
0 0.050277 0.566525 0.084836 0.156532
0 0.032751 0.363884 0.065503 0.153843
0 0.930137 0.502556 0.105549 0.171880
0 0.837551 0.618475 0.090258 0.159986
0 0.471717 0.880257 0.090049 0.157579
0 0.690669 0.570905 0.088214 0.142810
0 0.365885 0.710919 0.085302 0.166884
0 0.961350 0.673176 0.077237 0.148667
0 0.885299 0.307567 0.093141 0.160218
0 0.151590 0.256787 0.097273 0.162815
0 0.607066 0.537755 0.076523 0.150611
0 0.306844 0.625829 0.091109 0.163417
0 0.138292 0.796551 0.088573 0.141454
0 0.957478 0.890604 0.084674 0.157384
0 0.612077 0.738773 0.095685 0.158306
0 0.248706 0.765650 0.091542 0.168597
0 0.443380 0.617428 0.085828 0.147144
0 0.436602 0.464972 0.103990 0.164241
