0 0.793677 0.914993 0.096016 0.160551
0 0.542486 0.456009 0.092305 0.149528
0 0.494960 0.329025 0.085102 0.155588
0 0.498866 0.928472 0.089518 0.143056
0 0.598824 0.911025 0.084831 0.151356
0 0.635836 0.708954 0.084495 0.153231
0 0.122255 0.469051 0.090901 0.155167
0 0.637385 0.467225 0.086448 0.149273
0 0.910439 0.557211 0.091508 0.163060
0 0.357615 0.210729 0.087880 0.144403
0 0.721005 0.694676 0.086901 0.151176
0 0.123661 0.218722 0.075922 0.131565
0 0.045776 0.545627 0.086328 0.164551
0 0.553107 0.720771 0.078979 0.129958
0 0.508618 0.585306 0.082888 0.150648
0 0.915919 0.719567 0.085370 0.157042
0 0.518129 0.180477 0.084930 0.147657
0 0.370563 0.400819 0.091734 0.150556
0 0.438691 0.185326 0.082586 0.144708
0 0.788757 0.245773 0.078128 0.148269
0 0.453853 0.679773 0.089659 0.162306
0 0.067927 0.798713 0.080786 0.146731
0 0.181128 0.573850 0.088745 0.147468
0 0.761624 0.428130 0.091055 0.155481
0 0.715413 0.258979 0.075159 0.148718
0 0.327617 0.522481 0.090745 0.139046
0 0.214296 0.778845 0.077831 0.142736
0 0.247919 0.504025 0.081927 0.133968
0 0.139014 0.729336 0.085034 0.164162
0 0.333586 0.662775 0.081109 0.147125
0 0.176941 0.083958 0.079549 0.154278
0 0.201813 0.276537 0.088109 0.153315
0 0.338611 0.814657 0.086904 0.145778
0 0.859081 0.282731 0.081630 0.160796
0 0.129173 0.343611 0.094956 0.130389
0 0.714888 0.538863 0.073365 0.148116
0 0.771936 0.106433 0.095779 0.150949
1 0.935979 0.232935 0.082479 0.160759
0 0.059465 0.967347 0.093143 0.062852
0 0.447937 0.475245 0.081927 0.146046
0 0.008738 0.191280 0.017477 0.156495
1 0.279518 0.139766 0.092536 0.141458
0 0.017137 0.017275 0.034273 0.034551
0 0.400297 0.937725 0.097052 0.124106
0 0.271624 0.368968 0.101857 0.163759
0 0.605794 0.062273 0.087870 0.122306
0 0.855007 0.153581 0.086237 0.131384
0 0.512997 0.057056 0.079635 0.113204
0 0.972732 0.512910 0.054536 0.140792
0 0.443112 0.044590 0.076505 0.089125
0 0.933561 0.410030 0.095341 0.143884
0 0.968880 0.056801 0.062052 0.113602
0 0.241018 0.679069 0.104672 0.145167
0 0.979897 0.760632 0.040206 0.164875
0 0.019958 0.707894 0.039917 0.159667
0 0.364053 0.039634 0.085711 0.076991
0 0.599311 0.321771 0.086076 0.138542
0 0.244031 0.034174 0.105224 0.068292
0 0.855889 0.029563 0.099555 0.058736
1 0.118255 0.909588 0.092922 0.156028
0 0.859962 0.971352 0.089393 0.056324
0 0.747189 0.026600 0.097211 0.052301
0 0.982897 0.189887 0.034206 0.156218
1 0.977281 0.331444 0.045438 0.143667
