0 0.182639 0.751057 0.067293 0.097719
0 0.286072 0.226128 0.073332 0.086422
0 0.659967 0.387729 0.060449 0.079948
0 0.156736 0.343232 0.067082 0.078401
0 0.709945 0.445299 0.067500 0.092724
0 0.837010 0.489852 0.067340 0.080484
0 0.865447 0.093008 0.069309 0.094630
0 0.680480 0.047607 0.070172 0.089964
0 0.226932 0.439339 0.082199 0.091250
0 0.332387 0.525130 0.076148 0.093938
0 0.629352 0.228604 0.066336 0.083615
0 0.804557 0.096344 0.064387 0.079802
0 0.117109 0.292477 0.076211 0.082339
0 0.201697 0.039047 0.067785 0.077552
0 0.258918 0.620115 0.069781 0.091448
0 0.172533 0.914904 0.074012 0.089453
0 0.236523 0.328865 0.061898 0.082208
0 0.833896 0.373292 0.068816 0.081146
0 0.327783 0.298630 0.075887 0.087802
0 0.391006 0.469047 0.068379 0.105135
0 0.432137 0.273714 0.059664 0.082698
0 0.395787 0.063547 0.062387 0.081000
0 0.043271 0.223839 0.059465 0.080542
0 0.085672 0.222628 0.059055 0.086693
0 0.945145 0.398193 0.063766 0.084146
0 0.281146 0.369987 0.073785 0.087307
0 0.605326 0.903604 0.076793 0.095458
0 0.735781 0.095224 0.066469 0.096240
0 0.843547 0.167628 0.075078 0.090016
0 0.886885 0.842706 0.057066 0.075682
0 0.078682 0.358734 0.064441 0.087750
0 0.729102 0.538219 0.069016 0.099729
0 0.450574 0.187023 0.072406 0.080057
0 0.920900 0.179911 0.069566 0.083292
0 0.595926 0.368880 0.075563 0.091750
0 0.029945 0.879927 0.059258 0.086438
0 0.063295 0.418049 0.081504 0.103401
0 0.897156 0.503784 0.079328 0.091005
0 0.903416 0.964948 0.060121 0.070104
0 0.291762 0.668299 0.057758 0.076547
0 0.413129 0.123690 0.065867 0.098609
0 0.447010 0.980284 0.062230 0.039328
0 0.773977 0.247888 0.069930 0.096745
0 0.166641 0.572781 0.064797 0.088948
0 0.907961 0.690917 0.072133 0.103000
0 0.714189 0.635935 0.064441 0.096578
0 0.977961 0.140495 0.044078 0.082302
0 0.773035 0.409167 0.080758 0.098677
0 0.327969 0.617294 0.067492 0.098745
0 0.621748 0.972992 0.068840 0.054016
0 0.365482 0.705021 0.078551 0.095875
0 0.508795 0.019396 0.068723 0.038771
0 0.242789 0.149549 0.081789 0.087339
0 0.091738 0.099112 0.085492 0.077214
0 0.093113 0.019294 0.053664 0.038099
0 0.553721 0.726971 0.074121 0.114151
0 0.249635 0.744810 0.075895 0.105568
0 0.445475 0.769214 0.068832 0.090427
0 0.475307 0.881268 0.073629 0.097922
0 0.419318 0.719664 0.067730 0.074641
0 0.487141 0.287768 0.083234 0.089745
0 0.533514 0.637328 0.075926 0.082021
0 0.845080 0.986513 0.065777 0.026276
0 0.165811 0.016297 0.067980 0.032594
0 0.224023 0.961609 0.075555 0.076781
0 0.986072 0.424029 0.026543 0.081453
0 0.491881 0.432667 0.071559 0.116354
0 0.429832 0.831727 0.068586 0.098411
0 0.936971 0.648315 0.065637 0.088641
0 0.843631 0.723424 0.072199 0.084099
0 0.989656 0.612745 0.020688 0.077427
0 0.988518 0.060664 0.021777 0.089443
0 0.251289 0.017060 0.068055 0.033630
0 0.523545 0.383836 0.064785 0.082516
0 0.359525 0.012112 0.080152 0.024224
0 0.483311 0.125203 0.072762 0.091875
0 0.048014 0.536951 0.059637 0.086724
0 0.838195 0.935992 0.065078 0.088005
0 0.085375 0.601596 0.065508 0.104714
0 0.106943 0.964529 0.078184 0.070943
0 0.010752 0.524237 0.021504 0.090432
0 0.973375 0.205758 0.052703 0.082922
0 0.763057 0.920742 0.081934 0.091286
0 0.366334 0.935979 0.072918 0.100240
0 0.955572 0.608620 0.060215 0.068885
0 0.005762 0.162052 0.011445 0.088240
0 0.043580 0.495216 0.071137 0.082370
0 0.685887 0.847458 0.069102 0.084188
0 0.042719 0.939049 0.067094 0.080953
0 0.157104 0.982490 0.062621 0.035021
0 0.763115 0.321891 0.065707 0.100177
0 0.464980 0.643190 0.078805 0.093057
0 0.802848 0.782339 0.067336 0.092813
0 0.395719 0.232247 0.074219 0.087516
0 0.987506 0.250690 0.023215 0.086724
0 0.610715 0.300052 0.071516 0.083083
0 0.133027 0.069401 0.071211 0.082677
0 0.636141 0.667529 0.063805 0.088318
0 0.239992 0.551896 0.070422 0.088063
0 0.137412 0.630003 0.062855 0.081318
0 0.902215 0.373685 0.059195 0.076953
0 0.583125 0.590992 0.064797 0.081974
0 0.825590 0.647781 0.073477 0.111625
0 0.829385 0.303034 0.069285 0.094714
0 0.170549 0.484805 0.076074 0.083953
0 0.715619 0.784943 0.066637 0.106500
0 0.621834 0.042594 0.070949 0.085187
0 0.666727 0.019016 0.060367 0.035000
0 0.022035 0.013315 0.042297 0.025880
0 0.370119 0.978854 0.077590 0.042062
0 0.625936 0.636284 0.062707 0.086391
0 0.380219 0.210362 0.070844 0.096536
0 0.604885 0.020599 0.064699 0.036312
0 0.022627 0.788378 0.042965 0.103224
0 0.562848 0.101760 0.076617 0.084104
0 0.510311 0.541490 0.080441 0.106885
0 0.265986 0.910734 0.069035 0.085198
0 0.849629 0.897211 0.057141 0.072234
0 0.039256 0.009310 0.066410 0.018620
0 0.964033 0.015221 0.069238 0.028839
0 0.106049 0.700562 0.068129 0.096125
0 0.778225 0.023870 0.063426 0.047740
0 0.170541 0.139966 0.082645 0.084286
0 0.419736 0.908813 0.061598 0.078802
0 0.703965 0.902078 0.064953 0.082990
0 0.963799 0.980674 0.067910 0.038651
