0 0.982617 0.696312 0.034766 0.136625
0 0.015697 0.315306 0.031393 0.144102
0 0.325467 0.972646 0.096846 0.053875
0 0.006228 0.560331 0.012424 0.134375
0 0.820087 0.986912 0.092914 0.026176
0 0.995988 0.556009 0.008023 0.135880
0 0.716480 0.811486 0.092924 0.147296
0 0.801872 0.900201 0.081630 0.146912
0 0.504581 0.203523 0.084036 0.146685
0 0.353516 0.400113 0.086531 0.152968
0 0.136724 0.723551 0.085083 0.150278
0 0.903711 0.078069 0.082651 0.148556
0 0.339583 0.563778 0.086786 0.155370
0 0.645417 0.701044 0.077000 0.138264
0 0.593615 0.811231 0.079953 0.141019
0 0.403215 0.806153 0.086424 0.154120
0 0.486596 0.766532 0.083927 0.144111
0 0.682893 0.422757 0.094203 0.155829
0 0.024885 0.023718 0.049771 0.047435
0 0.976240 0.203606 0.047521 0.143565
0 0.169441 0.023752 0.097768 0.047505
0 0.988508 0.862843 0.022984 0.167093
0 0.029900 0.974771 0.059799 0.049569
0 0.269367 0.368627 0.081187 0.145356
0 0.824161 0.651201 0.078578 0.155014
0 0.542780 0.493565 0.082445 0.143694
0 0.073547 0.624690 0.090052 0.161843
0 0.032957 0.462900 0.065914 0.133995
0 0.871221 0.820750 0.089740 0.151954
0 0.891490 0.689421 0.071188 0.122037
0 0.218620 0.746843 0.081021 0.145259
0 0.638327 0.286812 0.091966 0.161301
0 0.386578 0.228375 0.081370 0.144944
0 0.192602 0.321194 0.085656 0.154898
0 0.079309 0.820873 0.085805 0.148634
0 0.471152 0.628567 0.081466 0.137884
0 0.311332 0.873799 0.089419 0.149162
0 0.337930 0.714854 0.081286 0.139486
0 0.761418 0.579662 0.083602 0.161898
0 0.276664 0.182148 0.084411 0.153972
0 0.820021 0.337169 0.076115 0.140088
0 0.090728 0.319118 0.094294 0.146718
0 0.062385 0.069130 0.090922 0.137667
0 0.847141 0.191875 0.084177 0.154639
0 0.891839 0.370935 0.084177 0.154278
0 0.951531 0.809486 0.073573 0.151556
0 0.460068 0.938613 0.082760 0.120810
0 0.694043 0.174743 0.097872 0.144023
0 0.101719 0.180368 0.098750 0.145014
0 0.095646 0.946667 0.082771 0.106667
0 0.665357 0.951681 0.080214 0.096620
0 0.912479 0.949854 0.082500 0.100292
0 0.669526 0.070477 0.099167 0.139333
0 0.722178 0.289669 0.084820 0.149014
0 0.476033 0.056600 0.086315 0.111875
0 0.969556 0.074521 0.060888 0.149042
0 0.774461 0.044831 0.093828 0.089662
1 0.470934 0.381331 0.088279 0.159708
1 0.650758 0.555322 0.082099 0.136616
