0 0.726146 0.195218 0.077635 0.155324
0 0.248737 0.364255 0.079917 0.135444
0 0.810665 0.673368 0.085951 0.137569
0 0.525052 0.940595 0.089219 0.118199
0 0.348266 0.015037 0.087182 0.030074
0 0.028086 0.021801 0.056172 0.042481
0 0.994789 0.844065 0.010422 0.151454
0 0.713958 0.963914 0.083802 0.072171
0 0.840415 0.369794 0.088977 0.145634
0 0.013723 0.579218 0.027445 0.119389
0 0.006535 0.234275 0.013070 0.126245
0 0.009263 0.334336 0.018276 0.124477
0 0.577113 0.078447 0.076992 0.150977
0 0.066066 0.963331 0.089831 0.073264
0 0.822220 0.026729 0.088815 0.053421
0 0.499206 0.027632 0.081005 0.055264
0 0.356440 0.359938 0.085687 0.162264
0 0.256781 0.859590 0.104401 0.132847
0 0.150728 0.215310 0.071185 0.168657
0 0.491469 0.405120 0.086214 0.141213
0 0.751751 0.066940 0.083258 0.133880
0 0.095185 0.748824 0.068474 0.131352
0 0.819997 0.981067 0.091250 0.032884
0 0.132797 0.514604 0.085026 0.139986
0 0.676236 0.325187 0.085992 0.145106
0 0.029928 0.082662 0.059857 0.147009
0 0.797952 0.779590 0.084852 0.132236
0 0.222426 0.237917 0.082331 0.159639
0 0.737495 0.874951 0.084422 0.136505
0 0.637833 0.078310 0.093406 0.156620
0 0.030263 0.890898 0.060526 0.149407
0 0.309363 0.445562 0.072529 0.170875
0 0.276421 0.177935 0.078461 0.134750
0 0.646522 0.189079 0.095086 0.154556
0 0.146833 0.068681 0.092677 0.136500
0 0.335690 0.085301 0.074302 0.130389
0 0.158958 0.697681 0.084531 0.166102
0 0.231743 0.075000 0.087711 0.145713
0 0.492738 0.531685 0.090070 0.131046
0 0.470181 0.815970 0.094539 0.143486
0 0.967628 0.780954 0.064432 0.151361
0 0.917374 0.882745 0.088836 0.152093
0 0.421247 0.013861 0.081271 0.027722
0 0.750608 0.613880 0.074846 0.122870
0 0.907807 0.704868 0.087750 0.163162
0 0.616917 0.516502 0.081109 0.144042
0 0.550165 0.758310 0.078732 0.146417
0 0.077962 0.326678 0.084221 0.138097
0 0.641823 0.749310 0.080432 0.148889
0 0.904086 0.070755 0.085224 0.141426
0 0.911865 0.433157 0.086823 0.167269
0 0.800372 0.116417 0.086854 0.146028
0 0.519199 0.283259 0.087258 0.138750
0 0.347474 0.941049 0.092432 0.116116
0 0.198155 0.958285 0.083148 0.083431
0 0.266219 0.563521 0.090016 0.171532
0 0.975586 0.443634 0.048828 0.144111
0 0.978857 0.944442 0.042286 0.110495
0 0.132452 0.919884 0.076805 0.157370
0 0.387065 0.776563 0.094802 0.167236
0 0.413460 0.463336 0.087513 0.151940
0 0.016113 0.708250 0.032227 0.158602
0 0.055543 0.501762 0.072112 0.141514
0 0.508783 0.152451 0.078086 0.138671
0 0.981626 0.068437 0.036201 0.124125
0 0.979836 0.312741 0.040328 0.138991
0 0.352770 0.214197 0.087565 0.143458
0 0.590552 0.881157 0.083219 0.146009
0 0.157701 0.394111 0.075297 0.125102
0 0.440068 0.220042 0.082328 0.151787
0 0.474630 0.653775 0.091177 0.148208
0 0.713764 0.786391 0.084352 0.156968
0 0.812247 0.904998 0.088750 0.147856
0 0.722240 0.527449 0.084750 0.143852
0 0.226893 0.692090 0.073328 0.121514
0 0.781730 0.281255 0.084924 0.140639
0 0.828805 0.510898 0.097625 0.156046
0 0.858655 0.224493 0.087440 0.146986
0 0.008629 0.456303 0.017258 0.134060
0 0.071870 0.183667 0.094016 0.157287
0 0.967962 0.620218 0.064076 0.151389
0 0.564173 0.611956 0.078143 0.138875
0 0.597447 0.317009 0.076148 0.136380
0 0.406100 0.087845 0.078549 0.139449
4 0.305043 0.712803 0.095727 0.173616
