0 0.966901 0.085671 0.066198 0.161787
0 0.987128 0.488926 0.025745 0.173204
0 0.857682 0.012389 0.080240 0.024778
0 0.642396 0.975931 0.072281 0.039824
0 0.435477 0.977347 0.088036 0.045306
0 0.986732 0.230398 0.025724 0.149185
0 0.990010 0.751227 0.019979 0.177046
0 0.915070 0.943718 0.087661 0.110657
0 0.022310 0.408407 0.044047 0.140130
0 0.708401 0.919852 0.094729 0.159370
0 0.214336 0.426662 0.099380 0.125065
0 0.104932 0.311731 0.102344 0.159593
0 0.701549 0.065347 0.083766 0.130694
0 0.237268 0.613736 0.088505 0.150194
0 0.117906 0.697579 0.075323 0.138250
0 0.563326 0.273102 0.103724 0.121500
0 0.143656 0.941736 0.095604 0.116528
0 0.107039 0.846648 0.097359 0.158074
0 0.282341 0.954764 0.092661 0.090472
0 0.089883 0.200583 0.088172 0.152204
0 0.686089 0.194653 0.098469 0.149787
0 0.284747 0.502157 0.082870 0.160426
0 0.330628 0.152463 0.092318 0.176481
0 0.855638 0.797625 0.088266 0.170009
0 0.410375 0.894292 0.082385 0.142102
0 0.331727 0.383722 0.093224 0.144056
0 0.617393 0.393602 0.083370 0.153204
0 0.558456 0.145218 0.090495 0.179861
0 0.554091 0.521505 0.075953 0.145213
0 0.094375 0.452505 0.097625 0.145139
0 0.402716 0.183963 0.082193 0.161389
0 0.457771 0.273630 0.091167 0.160574
0 0.954849 0.410944 0.084625 0.157685
0 0.820513 0.166352 0.079922 0.144981
0 0.873047 0.403120 0.074740 0.143796
0 0.765586 0.327986 0.082693 0.169472
0 0.930898 0.788880 0.081328 0.152759
0 0.524383 0.383444 0.083255 0.150296
0 0.315669 0.847491 0.092286 0.149704
0 0.872023 0.612880 0.084484 0.208074
0 0.232487 0.320764 0.074672 0.133750
0 0.167440 0.535134 0.080724 0.133620
0 0.770766 0.507060 0.079698 0.138509
0 0.310919 0.056361 0.081714 0.112722
0 0.266328 0.746926 0.087708 0.140759
0 0.482328 0.061454 0.091823 0.121685
0 0.548354 0.947940 0.084917 0.104120
0 0.682792 0.650954 0.081844 0.194000
0 0.918461 0.283005 0.091245 0.186157
0 0.633065 0.535315 0.093974 0.172704
0 0.443333 0.710083 0.072313 0.190315
0 0.423242 0.403421 0.091286 0.148880
0 0.044081 0.665398 0.082099 0.170926
0 0.617750 0.731690 0.086906 0.160843
0 0.353297 0.569421 0.078146 0.146509
0 0.678516 0.330148 0.098979 0.154704
3 0.374023 0.688602 0.086068 0.152870
