2 0.433738 0.219326 0.098174 0.148810
0 0.414340 0.984514 0.088779 0.028667
0 0.994695 0.632412 0.010552 0.146481
0 0.737427 0.014000 0.087010 0.028000
0 0.554033 0.014269 0.090773 0.027806
0 0.989667 0.956535 0.020667 0.084440
0 0.369275 0.014169 0.077987 0.028338
0 0.266562 0.976725 0.084490 0.042366
0 0.231645 0.026674 0.067560 0.052718
0 0.012241 0.063861 0.024466 0.125306
0 0.173117 0.028359 0.080552 0.056375
0 0.014444 0.453847 0.028727 0.141250
0 0.566564 0.966389 0.073753 0.066639
0 0.961542 0.037565 0.076865 0.074167
0 0.325764 0.206701 0.095477 0.119282
0 0.713237 0.954005 0.083672 0.090259
0 0.782440 0.069963 0.089453 0.121537
0 0.831523 0.945139 0.078458 0.106685
0 0.336552 0.944238 0.075391 0.110208
0 0.972417 0.466296 0.054625 0.139898
0 0.862897 0.070444 0.084409 0.140889
0 0.452301 0.926484 0.073893 0.128208
0 0.070641 0.058854 0.083167 0.116431
0 0.745818 0.182907 0.082458 0.154000
0 0.978009 0.225037 0.043638 0.143111
0 0.079263 0.942368 0.086833 0.113616
0 0.207743 0.325347 0.072596 0.147685
0 0.224243 0.520109 0.081622 0.143866
0 0.632816 0.936123 0.077773 0.127023
0 0.584576 0.732081 0.076344 0.149588
0 0.140374 0.281014 0.077201 0.123037
0 0.081995 0.640410 0.078083 0.140625
0 0.782152 0.338278 0.071508 0.127407
0 0.279060 0.421681 0.082094 0.128324
0 0.842736 0.417146 0.086857 0.136838
0 0.444717 0.438958 0.078336 0.145843
0 0.323852 0.610766 0.082745 0.142551
0 0.157915 0.653769 0.071659 0.136083
0 0.036870 0.851646 0.073740 0.142292
0 0.380078 0.106262 0.075771 0.132782
0 0.268741 0.865868 0.084055 0.145616
0 0.023648 0.686500 0.046802 0.131537
0 0.908353 0.612025 0.084508 0.144190
0 0.211898 0.129394 0.080542 0.139861
0 0.823444 0.220477 0.084112 0.141352
0 0.510764 0.157685 0.080206 0.149852
0 0.210620 0.755894 0.078776 0.136685
0 0.649165 0.509613 0.081221 0.137662
0 0.120008 0.414583 0.084719 0.138306
0 0.772909 0.671866 0.078307 0.134028
0 0.035473 0.309162 0.070945 0.138278
0 0.285590 0.095225 0.081477 0.137597
0 0.804861 0.806269 0.084242 0.145176
0 0.654443 0.668414 0.081010 0.138347
0 0.497148 0.322428 0.080203 0.135319
0 0.926760 0.356111 0.084224 0.155139
0 0.581747 0.225850 0.085010 0.146681
0 0.168314 0.869875 0.090154 0.149259
0 0.602362 0.373778 0.081104 0.137759
0 0.650839 0.806824 0.085464 0.128037
0 0.465339 0.587968 0.084010 0.141852
0 0.502108 0.831861 0.081914 0.139454
0 0.291375 0.300525 0.095932 0.139060
0 0.406698 0.712484 0.082917 0.143699
