3 0.739363 0.540157 0.072841 0.161296
0 0.312026 0.741685 0.094130 0.178222
0 0.006401 0.368380 0.012802 0.133083
0 0.576103 0.867285 0.078258 0.152847
0 0.807941 0.384796 0.083732 0.129417
0 0.967258 0.020019 0.065484 0.038306
0 0.011451 0.438676 0.022828 0.137815
0 0.013956 0.973697 0.027911 0.050884
0 0.571172 0.058630 0.072255 0.112157
0 0.858237 0.217718 0.083589 0.121046
0 0.981725 0.963315 0.036138 0.072444
0 0.011195 0.125944 0.022109 0.140065
0 0.256997 0.572486 0.092568 0.171713
0 0.214225 0.209058 0.090414 0.141958
0 0.253350 0.981363 0.084096 0.035153
0 0.168362 0.980220 0.081500 0.037440
0 0.770863 0.606674 0.079492 0.165560
0 0.523125 0.695130 0.099745 0.182102
0 0.639776 0.807780 0.085708 0.127505
0 0.366169 0.478491 0.088500 0.134259
0 0.943139 0.964259 0.093419 0.070481
0 0.026594 0.039039 0.053188 0.078079
0 0.749587 0.285211 0.082331 0.119440
0 0.979960 0.077431 0.039727 0.135167
0 0.811400 0.318234 0.083477 0.141051
0 0.873507 0.266539 0.094846 0.154088
0 0.017854 0.630505 0.035469 0.149759
0 0.551948 0.459731 0.099245 0.181037
0 0.537768 0.844137 0.092115 0.137838
0 0.898061 0.530935 0.100112 0.162102
0 0.805264 0.583194 0.080128 0.147213
0 0.727634 0.957359 0.075523 0.082949
0 0.812909 0.107505 0.096255 0.178815
0 0.377182 0.702597 0.079635 0.160889
0 0.206767 0.039403 0.092924 0.077324
0 0.677990 0.958778 0.084745 0.081139
0 0.228189 0.265870 0.093346 0.159000
0 0.381352 0.532782 0.093802 0.162667
0 0.709816 0.654074 0.080003 0.152630
0 0.978264 0.584769 0.043424 0.147778
0 0.500003 0.237155 0.079641 0.140625
0 0.443374 0.227785 0.095992 0.134347
0 0.885350 0.371461 0.081299 0.149819
0 0.907208 0.074891 0.083099 0.137894
0 0.759977 0.867407 0.094271 0.168278
0 0.370444 0.958595 0.080732 0.080282
0 0.632155 0.046037 0.085706 0.091583
0 0.963155 0.257623 0.073690 0.159579
0 0.979815 0.849752 0.040146 0.164579
0 0.631927 0.500884 0.107589 0.184713
0 0.294628 0.046639 0.084354 0.093120
0 0.053069 0.788937 0.086143 0.169208
0 0.936385 0.895727 0.095760 0.149250
0 0.036089 0.576012 0.072177 0.171116
0 0.732585 0.339356 0.090133 0.138472
0 0.517160 0.059100 0.088664 0.117505
0 0.125480 0.436701 0.078945 0.128949
0 0.444725 0.945530 0.086414 0.108940
0 0.923089 0.156750 0.092766 0.165231
0 0.798505 0.455949 0.091354 0.150343
0 0.177603 0.570164 0.082659 0.148301
0 0.573792 0.142329 0.086453 0.147778
0 0.680887 0.195549 0.091669 0.155181
0 0.651454 0.868993 0.091721 0.151921
0 0.531936 0.944935 0.082466 0.107380
0 0.443605 0.613014 0.094055 0.144731
0 0.958900 0.477613 0.080737 0.158394
0 0.416564 0.095620 0.101956 0.165972
0 0.424648 0.706060 0.083635 0.154537
0 0.545443 0.316657 0.083359 0.146000
0 0.335112 0.705294 0.078375 0.148023
0 0.830581 0.929343 0.084839 0.141315
0 0.306727 0.155926 0.085703 0.156435
0 0.595404 0.294639 0.077151 0.140019
0 0.076163 0.234984 0.094810 0.153810
0 0.445427 0.311160 0.086516 0.144551
0 0.325254 0.902590 0.079549 0.140708
0 0.087796 0.630847 0.081034 0.162074
0 0.084599 0.056664 0.076552 0.111958
0 0.372901 0.278889 0.081531 0.163639
0 0.205622 0.764574 0.083828 0.168407
0 0.330414 0.391271 0.098057 0.152569
0 0.645298 0.646125 0.087008 0.151148
0 0.100854 0.793569 0.087073 0.151213
0 0.661155 0.325537 0.079867 0.149102
0 0.119510 0.287035 0.087891 0.150801
0 0.131694 0.529317 0.084841 0.157097
0 0.708919 0.770602 0.093526 0.158602
0 0.080362 0.929146 0.094349 0.141708
0 0.485891 0.539981 0.084469 0.148120
0 0.228904 0.899632 0.089339 0.151671
0 0.282475 0.792824 0.092273 0.160278
0 0.734691 0.073324 0.087018 0.142472
0 0.196578 0.386468 0.089260 0.142352
