0 0.787141 0.780615 0.068180 0.086333
0 0.779250 0.654331 0.059969 0.102786
0 0.076197 0.534888 0.077770 0.103391
0 0.772930 0.012849 0.072008 0.025698
0 0.152957 0.964643 0.056883 0.068224
0 0.773609 0.205094 0.062594 0.084000
0 0.017684 0.846260 0.035367 0.090354
0 0.017658 0.409690 0.033387 0.091547
0 0.925129 0.574221 0.079766 0.098109
0 0.953098 0.114880 0.085352 0.106896
0 0.634734 0.866107 0.079461 0.103328
0 0.405633 0.225359 0.074789 0.089875
0 0.898025 0.290482 0.079613 0.084307
0 0.947768 0.803516 0.067246 0.088604
0 0.488303 0.784820 0.070910 0.098307
0 0.820301 0.076680 0.073680 0.088099
0 0.266951 0.468471 0.068777 0.092182
0 0.237523 0.135500 0.076555 0.102198
0 0.024867 0.323891 0.048664 0.077677
0 0.736809 0.431565 0.082273 0.107349
0 0.345863 0.723013 0.064172 0.111318
0 0.294084 0.969352 0.067551 0.061297
0 0.896385 0.868279 0.070082 0.088307
0 0.549844 0.913307 0.063742 0.092448
0 0.680516 0.904721 0.075742 0.112182
0 0.937334 0.483893 0.074402 0.081807
0 0.912617 0.677784 0.074773 0.098068
0 0.843258 0.659013 0.067383 0.090328
0 0.524102 0.340865 0.077617 0.105417
0 0.778863 0.519023 0.095992 0.097453
0 0.570066 0.210682 0.072797 0.090177
0 0.077566 0.906852 0.061586 0.077401
0 0.294619 0.886763 0.072809 0.097359
0 0.423568 0.908216 0.071605 0.092724
0 0.337914 0.581445 0.075258 0.106120
0 0.176303 0.188771 0.066996 0.084448
0 0.084572 0.654263 0.068879 0.085328
0 0.113215 0.315398 0.081563 0.104734
0 0.199082 0.618648 0.075703 0.097057
0 0.550188 0.056393 0.069414 0.094880
0 0.493559 0.012411 0.069508 0.024823
0 0.011035 0.740599 0.021523 0.085625
0 0.078535 0.012732 0.067477 0.025464
0 0.470803 0.277510 0.067691 0.114115
0 0.158297 0.007612 0.053602 0.015224
0 0.030164 0.587516 0.058922 0.082073
0 0.009639 0.938203 0.019223 0.085771
0 0.079090 0.990729 0.067172 0.017844
0 0.026430 0.617771 0.051375 0.084333
0 0.420424 0.612198 0.058137 0.076156
0 0.771457 0.168385 0.065211 0.087823
0 0.977764 0.288500 0.044270 0.099875
0 0.533643 0.592911 0.072973 0.103948
0 0.036521 0.506576 0.066301 0.086349
0 0.312758 0.041005 0.080234 0.080469
0 0.468049 0.477859 0.080473 0.104135
0 0.864166 0.021974 0.074082 0.043260
0 0.766668 0.855635 0.052797 0.091396
0 0.143391 0.103805 0.052609 0.091047
0 0.876412 0.568073 0.077723 0.101260
0 0.843412 0.357146 0.086957 0.106479
0 0.618816 0.024758 0.069437 0.049214
0 0.029441 0.708266 0.057563 0.090646
0 0.939586 0.028026 0.078422 0.053604
0 0.626914 0.384461 0.078711 0.093849
0 0.622887 0.098669 0.073430 0.091203
0 0.164211 0.395951 0.079563 0.095203
0 0.295000 0.596698 0.061805 0.079198
0 0.333293 0.817016 0.056109 0.081677
0 0.578410 0.270424 0.072273 0.092339
0 0.703727 0.190315 0.073328 0.120172
0 0.268029 0.044232 0.074105 0.085995
0 0.844832 0.203490 0.074727 0.097417
0 0.714566 0.820690 0.062633 0.078818
0 0.307740 0.207320 0.075770 0.097036
0 0.458801 0.601628 0.075078 0.098609
0 0.608838 0.723023 0.078512 0.105766
0 0.837707 0.827307 0.068977 0.091802
0 0.022885 0.171365 0.045168 0.085990
0 0.072424 0.756232 0.074090 0.099182
0 0.287455 0.266763 0.070324 0.089349
0 0.245178 0.713922 0.078801 0.096979
0 0.439762 0.508768 0.072094 0.094911
0 0.046777 0.042687 0.078484 0.085375
0 0.064895 0.394977 0.065125 0.084099
0 0.164639 0.494419 0.084105 0.105714
0 0.239650 0.941753 0.062746 0.084578
0 0.484057 0.944076 0.075184 0.104734
0 0.419305 0.741323 0.078633 0.107385
0 0.861305 0.467232 0.075406 0.092703
0 0.061557 0.244029 0.070605 0.095411
0 0.133229 0.839487 0.086895 0.114516
0 0.648699 0.193625 0.081430 0.108344
