1 0.330451 0.459488 0.093241 0.111065
0 0.136680 0.038153 0.086300 0.076307
0 0.028769 0.654936 0.057415 0.113616
0 0.502643 0.115538 0.083943 0.118606
0 0.502542 0.958447 0.091273 0.083107
0 0.374707 0.087649 0.084630 0.116924
0 0.044581 0.152747 0.084155 0.104918
0 0.738682 0.286489 0.089325 0.108421
0 0.698090 0.718457 0.080826 0.107366
0 0.783133 0.786867 0.085849 0.110988
0 0.422593 0.225556 0.080494 0.106687
0 0.935042 0.128825 0.087029 0.122721
0 0.161092 0.136224 0.091219 0.109856
0 0.093615 0.922274 0.093472 0.113230
0 0.926427 0.707801 0.078873 0.105622
0 0.087278 0.649213 0.073059 0.098652
0 0.933395 0.849740 0.095015 0.111590
0 0.967083 0.337955 0.065486 0.112948
0 0.139761 0.863356 0.082222 0.106672
0 0.069770 0.825736 0.087442 0.120113
0 0.554392 0.827551 0.086578 0.098508
0 0.759389 0.201862 0.087419 0.110833
0 0.903289 0.624043 0.087890 0.099095
0 0.360901 0.898673 0.092527 0.125144
0 0.105802 0.514943 0.085733 0.100813
0 0.580451 0.730183 0.083812 0.109429
0 0.467184 0.312948 0.095378 0.119434
0 0.220422 0.891551 0.086547 0.121620
0 0.453877 0.919324 0.093480 0.115417
0 0.619306 0.604722 0.084429 0.115586
0 0.102660 0.382580 0.083893 0.112515
0 0.733030 0.558848 0.091671 0.117294
0 0.475774 0.588984 0.083870 0.107927
0 0.147888 0.589823 0.081269 0.107052
0 0.293036 0.545844 0.085756 0.097881
0 0.185457 0.389190 0.076755 0.112011
0 0.224078 0.587708 0.072654 0.102351
0 0.378615 0.737153 0.081435 0.112958
0 0.482417 0.469838 0.088970 0.125149
0 0.857635 0.974252 0.078449 0.051497
0 0.818960 0.917497 0.094371 0.072433
0 0.351165 0.992680 0.091474 0.014640
0 0.006676 0.213032 0.013299 0.115725
0 0.487178 0.010417 0.080467 0.020833
0 0.008823 0.955404 0.017647 0.089162
0 0.967178 0.924612 0.065050 0.109943
0 0.819361 0.885903 0.100876 0.101394
0 0.010806 0.379473 0.021335 0.111085
0 0.988546 0.720363 0.022909 0.100365
0 0.988908 0.462950 0.021998 0.109892
0 0.571119 0.413377 0.087346 0.110766
0 0.985149 0.109277 0.029456 0.110643
0 0.773191 0.086006 0.094606 0.113524
0 0.319323 0.384326 0.088314 0.094342
0 0.623744 0.435396 0.095667 0.125391
0 0.808316 0.488099 0.088654 0.093699
0 0.052770 0.332166 0.086003 0.077984
0 0.021182 0.117618 0.042357 0.114177
0 0.161264 0.960301 0.081686 0.079398
0 0.914228 0.486175 0.089113 0.108585
0 0.641485 0.911381 0.085247 0.096219
0 0.210110 0.972677 0.086562 0.054532
0 0.670949 0.976433 0.088326 0.047135
0 0.769761 0.022968 0.094483 0.045730
0 0.930990 0.033025 0.082712 0.065504
0 0.626038 0.827492 0.077353 0.100406
0 0.125280 0.705123 0.088924 0.100905
0 0.035206 0.034833 0.069518 0.069491
0 0.849145 0.103660 0.096755 0.124686
0 0.956271 0.549931 0.083808 0.114769
0 0.644533 0.060141 0.093418 0.119501
0 0.755853 0.686435 0.090664 0.116049
0 0.749053 0.418688 0.089495 0.111358
0 0.706028 0.821301 0.089217 0.109177
0 0.922612 0.947593 0.084799 0.101461
0 0.284817 0.039846 0.089734 0.079691
0 0.821431 0.304457 0.086775 0.108606
0 0.113684 0.225957 0.085216 0.115741
0 0.214421 0.238449 0.094776 0.116980
0 0.302901 0.212382 0.090525 0.109362
0 0.553175 0.174180 0.091937 0.122577
0 0.699547 0.190309 0.077419 0.112901
0 0.648135 0.151600 0.095567 0.109681
0 0.750887 0.944925 0.081906 0.110149
0 0.904510 0.377791 0.088542 0.113359
0 0.545096 0.628948 0.091188 0.137186
0 0.272922 0.305892 0.087002 0.104285
0 0.033881 0.746842 0.067407 0.108128
0 0.570274 0.052091 0.091721 0.104182
0 0.838227 0.693894 0.087573 0.123272
0 0.395343 0.558310 0.083102 0.108616
0 0.457481 0.758675 0.079298 0.113884
0 0.276437 0.733318 0.084865 0.116399
0 0.556487 0.316649 0.087751 0.112258
