0 0.826957 0.012356 0.074185 0.024713
1 0.526513 0.398345 0.090302 0.142606
0 0.534384 0.970525 0.095685 0.054625
0 0.008249 0.335155 0.015841 0.176866
0 0.011974 0.798447 0.023073 0.132764
0 0.044845 0.970019 0.089690 0.054130
0 0.540492 0.025019 0.082891 0.050037
0 0.650053 0.976109 0.097680 0.045144
0 0.706203 0.034407 0.106099 0.068815
0 0.137249 0.963762 0.084315 0.071764
0 0.384245 0.962530 0.108036 0.072014
0 0.160878 0.213394 0.094198 0.148259
0 0.109771 0.384565 0.068635 0.133176
0 0.462775 0.921204 0.081966 0.157593
0 0.229414 0.064565 0.081568 0.129130
0 0.732974 0.956632 0.078505 0.085319
0 0.827835 0.419028 0.074232 0.152843
0 0.977298 0.896896 0.044784 0.147255
0 0.886934 0.948028 0.070935 0.099509
0 0.282689 0.295933 0.084784 0.168736
0 0.441241 0.446662 0.086581 0.166000
0 0.927229 0.148465 0.108458 0.139227
0 0.731513 0.127213 0.090104 0.149917
0 0.609587 0.507699 0.091201 0.152157
0 0.438182 0.224794 0.089651 0.169606
0 0.397754 0.876748 0.088799 0.140736
0 0.435960 0.614431 0.074492 0.158917
0 0.761992 0.381113 0.077906 0.180412
0 0.191924 0.369796 0.100005 0.148620
0 0.046741 0.409060 0.081143 0.134324
0 0.933434 0.271887 0.101237 0.127745
0 0.410602 0.130604 0.079755 0.141884
0 0.504930 0.270273 0.104349 0.150167
0 0.307014 0.066586 0.075326 0.128597
0 0.377333 0.532472 0.073750 0.154843
0 0.108522 0.260484 0.089596 0.143153
0 0.816069 0.650303 0.083367 0.145125
0 0.470785 0.068597 0.087393 0.137194
0 0.055625 0.543174 0.093484 0.146792
0 0.038885 0.674806 0.077599 0.170620
0 0.389559 0.721574 0.079966 0.136963
0 0.899402 0.387498 0.084883 0.155801
0 0.957297 0.680088 0.085406 0.135130
0 0.285600 0.714634 0.091466 0.195028
0 0.964878 0.069062 0.070245 0.137199
0 0.038354 0.069771 0.076708 0.137736
0 0.684479 0.453444 0.081620 0.147176
0 0.719326 0.284701 0.081844 0.145162
0 0.277122 0.882199 0.082724 0.139389
0 0.685747 0.791042 0.084354 0.165657
0 0.157215 0.823243 0.079086 0.142282
0 0.306784 0.512137 0.077906 0.146505
0 0.544331 0.609051 0.076641 0.147639
0 0.579062 0.127449 0.085125 0.175556
0 0.960259 0.552317 0.077174 0.135394
0 0.183599 0.111560 0.084161 0.131944
0 0.931596 0.785903 0.083359 0.154083
0 0.106262 0.713211 0.079628 0.159375
0 0.608219 0.900093 0.088005 0.162222
0 0.656736 0.214720 0.082336 0.141431
0 0.485771 0.727236 0.082349 0.156120
0 0.576227 0.753870 0.089474 0.164454
0 0.810253 0.890887 0.086797 0.162634
0 0.356740 0.238345 0.078620 0.166551
0 0.832016 0.140868 0.086849 0.163153
0 0.769270 0.784102 0.089716 0.140361
0 0.172706 0.488241 0.089005 0.148398
0 0.217826 0.635535 0.091021 0.163681
0 0.382738 0.014919 0.097112 0.029838
0 0.151867 0.014764 0.085380 0.029528
0 0.994415 0.255493 0.010826 0.137718
