0 0.427791 0.539807 0.076069 0.142474
0 0.254360 0.964730 0.088657 0.070273
0 0.994471 0.753681 0.011057 0.124172
0 0.948333 0.834195 0.102585 0.150026
0 0.686958 0.010347 0.092990 0.020540
0 0.992432 0.039025 0.015135 0.078050
0 0.880419 0.769005 0.094109 0.122598
0 0.159963 0.974437 0.096609 0.051127
0 0.013873 0.268822 0.027747 0.115031
0 0.385147 0.018128 0.087307 0.036255
0 0.430465 0.974491 0.097242 0.051019
0 0.011319 0.376610 0.022623 0.116224
0 0.739880 0.956088 0.103688 0.086836
0 0.978476 0.224483 0.043048 0.126013
0 0.946429 0.019771 0.082326 0.039450
0 0.666123 0.485255 0.100332 0.123555
0 0.900934 0.959180 0.100394 0.081250
0 0.587130 0.607415 0.096358 0.132659
0 0.755089 0.042431 0.101543 0.084861
0 0.859485 0.877479 0.102689 0.159115
0 0.685885 0.276906 0.071825 0.135057
0 0.023571 0.524249 0.047141 0.123189
0 0.483142 0.170399 0.086123 0.112968
0 0.125883 0.183727 0.094460 0.144594
0 0.309774 0.631553 0.097758 0.102212
0 0.698050 0.554424 0.103600 0.119702
0 0.493999 0.277757 0.096701 0.120432
0 0.846728 0.545643 0.105802 0.106142
0 0.046979 0.970725 0.093958 0.058549
0 0.346001 0.960291 0.096061 0.079419
0 0.864699 0.649385 0.104861 0.136229
0 0.252766 0.846561 0.103873 0.126425
1 0.042224 0.777060 0.084387 0.116764
1 0.572191 0.921680 0.104082 0.127238
1 0.465160 0.387515 0.106601 0.131975
1 0.760681 0.280334 0.097149 0.126492
1 0.594306 0.779956 0.097670 0.117227
1 0.202870 0.567593 0.094298 0.116245
1 0.043943 0.186489 0.087793 0.131600
0 0.385720 0.350784 0.088823 0.140242
0 0.052012 0.897780 0.102149 0.105221
0 0.465143 0.910360 0.101520 0.101101
0 0.798860 0.658760 0.084225 0.115792
0 0.550727 0.043135 0.095444 0.086271
0 0.627386 0.665473 0.097002 0.114938
0 0.605322 0.261885 0.092064 0.124861
0 0.221130 0.174138 0.092978 0.119110
0 0.767286 0.778925 0.094379 0.148693
0 0.859635 0.046556 0.096215 0.092659
0 0.970775 0.572204 0.058449 0.124408
0 0.572556 0.161816 0.099217 0.114475
0 0.321233 0.737796 0.084379 0.127299
0 0.874005 0.169396 0.096350 0.135077
0 0.177733 0.261556 0.098353 0.134974
0 0.760841 0.135327 0.105880 0.122094
0 0.400750 0.818794 0.101763 0.110108
0 0.929248 0.308470 0.097415 0.138647
0 0.758665 0.471896 0.081852 0.118431
0 0.209155 0.756001 0.106914 0.132495
0 0.609589 0.387541 0.107473 0.133488
0 0.637307 0.064887 0.091574 0.126924
0 0.443428 0.708241 0.100320 0.121728
0 0.129468 0.675769 0.092832 0.129151
0 0.087255 0.567299 0.087820 0.119969
0 0.112039 0.045579 0.090791 0.091127
0 0.393590 0.200502 0.092473 0.117546
0 0.535449 0.489660 0.103746 0.135772
0 0.167560 0.461034 0.103615 0.125895
0 0.073646 0.448230 0.088248 0.126749
0 0.804063 0.364853 0.102670 0.118318
0 0.143819 0.846942 0.088542 0.139799
0 0.030206 0.646034 0.060413 0.127942
0 0.073171 0.333182 0.091613 0.118020
0 0.492000 0.607101 0.098492 0.138215
0 0.498387 0.811265 0.095887 0.129321
0 0.307066 0.391934 0.101215 0.121317
0 0.272656 0.491530 0.096671 0.119943
0 0.839934 0.436319 0.092261 0.125149
0 0.355762 0.561996 0.088546 0.121070
0 0.934398 0.480098 0.092037 0.142212
0 0.290959 0.257981 0.103029 0.131929
0 0.034828 0.066662 0.069657 0.124660
0 0.460691 0.055797 0.091034 0.111595
0 0.684527 0.842132 0.099556 0.130067
0 0.960025 0.107469 0.079626 0.128158
0 0.295959 0.084624 0.093229 0.126646
0 0.807895 0.934542 0.090120 0.129506
0 0.185208 0.057266 0.084074 0.113040
