0 0.815074 0.014112 0.064758 0.028224
0 0.272654 0.771854 0.043020 0.073979
0 0.809238 0.986578 0.067391 0.025552
0 0.243127 0.981714 0.068949 0.036573
0 0.593449 0.017604 0.068195 0.033802
0 0.731187 0.018245 0.073070 0.034875
0 0.442430 0.505190 0.044414 0.105745
0 0.017498 0.307122 0.034473 0.094922
0 0.985795 0.063531 0.028410 0.098094
0 0.475055 0.033318 0.057008 0.066271
0 0.974904 0.732065 0.049738 0.092786
0 0.986357 0.576177 0.026980 0.093052
0 0.015336 0.145003 0.030227 0.075839
0 0.925297 0.862633 0.057859 0.088130
0 0.018764 0.457990 0.036754 0.093938
0 0.891396 0.882857 0.067934 0.071995
0 0.659428 0.024224 0.060082 0.047063
0 0.528656 0.974930 0.063641 0.048536
0 0.951373 0.502125 0.066090 0.080104
0 0.399297 0.205805 0.071086 0.087474
0 0.379525 0.361339 0.058340 0.087052
0 0.599939 0.276289 0.061590 0.080370
0 0.372463 0.278820 0.063348 0.071161
0 0.321734 0.405396 0.070969 0.084771
0 0.021041 0.885091 0.041535 0.077328
0 0.482871 0.448141 0.058781 0.084146
0 0.552920 0.464786 0.066012 0.086292
0 0.416855 0.029195 0.063148 0.058391
0 0.663932 0.973039 0.055785 0.053922
0 0.281709 0.703190 0.059395 0.084036
0 0.709770 0.607148 0.063219 0.080380
0 0.513834 0.198604 0.060543 0.085760
0 0.839361 0.684479 0.059926 0.084844
0 0.584666 0.595990 0.075801 0.072104
0 0.306453 0.340763 0.071477 0.082516
0 0.216303 0.260044 0.053863 0.095089
0 0.445342 0.124628 0.064434 0.087859
0 0.071602 0.517432 0.076727 0.095187
0 0.658855 0.868591 0.065023 0.081870
0 0.267498 0.226409 0.056629 0.087724
0 0.257213 0.034659 0.072840 0.068391
0 0.177133 0.372474 0.058602 0.080469
0 0.589646 0.520232 0.068824 0.078099
0 0.026918 0.215776 0.052867 0.079365
0 0.929084 0.265299 0.065301 0.091161
0 0.943008 0.602310 0.064258 0.083964
0 0.132871 0.708516 0.055391 0.091188
0 0.239777 0.408359 0.066766 0.098323
0 0.503658 0.766448 0.061918 0.091542
0 0.836148 0.325109 0.060422 0.096542
0 0.426414 0.596086 0.070164 0.090672
0 0.326506 0.179013 0.058230 0.107703
0 0.322232 0.496414 0.069262 0.090245
0 0.506986 0.605352 0.067707 0.084391
0 0.076574 0.424898 0.064172 0.086380
0 0.406566 0.437427 0.069992 0.088917
0 0.191471 0.125479 0.068973 0.092333
0 0.159420 0.903969 0.063918 0.097469
0 0.602363 0.663826 0.065469 0.089870
0 0.170693 0.501456 0.074051 0.095307
0 0.392793 0.938164 0.066961 0.092495
0 0.673918 0.415492 0.072523 0.091755
0 0.875910 0.804781 0.060937 0.083260
0 0.578930 0.190234 0.068984 0.081177
0 0.895152 0.714695 0.065570 0.087120
0 0.170426 0.624784 0.066570 0.099922
0 0.031010 0.065326 0.060402 0.101016
0 0.524217 0.905320 0.071816 0.084682
0 0.619350 0.921930 0.064473 0.085661
0 0.176701 0.802057 0.064277 0.086958
0 0.995678 0.798990 0.008645 0.077229
0 0.729174 0.477214 0.068543 0.090427
0 0.522062 0.363279 0.072000 0.088349
0 0.377576 0.115901 0.068316 0.093854
0 0.322037 0.628648 0.072355 0.082932
0 0.223084 0.880721 0.068363 0.093068
0 0.889143 0.439164 0.064230 0.080526
0 0.398600 0.746885 0.075559 0.102677
0 0.746631 0.779299 0.067902 0.088578
0 0.838914 0.938490 0.059133 0.085958
0 0.065607 0.838948 0.062566 0.100667
0 0.720316 0.924945 0.076547 0.104797
0 0.839602 0.517143 0.069586 0.095859
0 0.376732 0.844000 0.072957 0.092042
0 0.688113 0.087742 0.069586 0.087630
0 0.994793 0.516320 0.010414 0.083484
0 0.972682 0.196318 0.053582 0.092229
0 0.078137 0.128747 0.073688 0.095536
0 0.565783 0.077307 0.064738 0.107490
0 0.312898 0.882555 0.067883 0.091734
0 0.029080 0.722810 0.058160 0.089349
0 0.966926 0.925685 0.066148 0.089422
0 0.089574 0.289867 0.073516 0.095036
0 0.097762 0.008763 0.062523 0.017526
0 0.970949 0.384667 0.058102 0.085146
0 0.675324 0.291076 0.077875 0.105453
0 0.766975 0.127060 0.076098 0.103828
0 0.190320 0.038359 0.063008 0.076719
0 0.665668 0.769932 0.062789 0.087750
0 0.589824 0.764078 0.074500 0.091552
0 0.203828 0.381276 0.116703 0.085250
