0 0.966440 0.333634 0.050281 0.160565
0 0.633017 0.372264 0.070904 0.188417
0 0.476699 0.254900 0.077518 0.143542
0 0.960749 0.601553 0.078503 0.162727
0 0.460375 0.341153 0.080693 0.158204
0 0.918638 0.373924 0.077714 0.164634
0 0.443247 0.564947 0.083464 0.160764
0 0.274236 0.496000 0.077518 0.150028
0 0.296362 0.941451 0.087839 0.117097
0 0.782552 0.461581 0.087323 0.161773
0 0.205154 0.763713 0.070682 0.177213
0 0.502169 0.834812 0.086531 0.149375
0 0.605164 0.861755 0.072219 0.136676
0 0.445158 0.450815 0.091539 0.164722
0 0.590529 0.558252 0.076672 0.167606
0 0.069572 0.109174 0.090065 0.144116
0 0.093017 0.309731 0.080581 0.155000
0 0.914755 0.929039 0.085542 0.134856
0 0.827542 0.384389 0.069849 0.161056
0 0.241181 0.627264 0.082164 0.156361
0 0.829254 0.593449 0.073070 0.176231
0 0.306973 0.424039 0.074701 0.136301
0 0.807990 0.051708 0.082479 0.103083
0 0.737263 0.527218 0.086943 0.146611
0 0.319885 0.602713 0.080370 0.144759
0 0.723395 0.185095 0.072201 0.144699
0 0.591465 0.080319 0.078503 0.135806
0 0.629104 0.935315 0.077109 0.118796
0 0.212967 0.426516 0.091971 0.140366
0 0.293807 0.053556 0.085719 0.107111
0 0.346382 0.726484 0.076784 0.155106
0 0.359271 0.523637 0.073385 0.171079
0 0.691672 0.800933 0.088385 0.138366
0 0.688169 0.307704 0.080177 0.147306
0 0.434596 0.762528 0.085818 0.146009
0 0.975474 0.113785 0.049052 0.144088
0 0.263811 0.883338 0.080872 0.123435
0 0.553326 0.220222 0.077766 0.154806
0 0.523723 0.355162 0.062596 0.178444
0 0.280773 0.746859 0.070526 0.161245
0 0.364357 0.278523 0.085599 0.145778
0 0.751104 0.662037 0.086750 0.148815
0 0.335391 0.845199 0.083984 0.151852
0 0.798249 0.762560 0.078034 0.129796
0 0.910460 0.146900 0.072799 0.126079
0 0.296862 0.298525 0.082099 0.149116
0 0.691626 0.912697 0.085940 0.146236
0 0.398868 0.644377 0.070878 0.149866
0 0.961892 0.461495 0.076216 0.152583
0 0.729266 0.062609 0.079354 0.125218
0 0.924746 0.249331 0.088164 0.134069
0 0.872143 0.469310 0.070943 0.142787
0 0.819688 0.248174 0.088214 0.154921
0 0.802047 0.912947 0.074448 0.159458
0 0.227445 0.316213 0.083219 0.160944
0 0.746809 0.860044 0.078169 0.155968
0 0.298427 0.160998 0.085068 0.152375
0 0.680617 0.427884 0.082005 0.158574
0 0.510522 0.731704 0.093977 0.146454
0 0.558659 0.856088 0.066292 0.172722
0 0.144047 0.895986 0.084849 0.151583
0 0.394389 0.947905 0.081867 0.103801
0 0.531069 0.617808 0.083216 0.152394
0 0.282801 0.612789 0.163492 0.144069
0 0.006622 0.053919 0.013245 0.105394
0 0.633133 0.173868 0.103516 0.168060
0 0.843979 0.945245 0.075490 0.098167
0 0.107129 0.819074 0.072357 0.165278
0 0.026344 0.783206 0.050240 0.169819
0 0.986069 0.730042 0.027565 0.156315
0 0.082004 0.033535 0.089846 0.066856
0 0.535461 0.511762 0.084708 0.138245
0 0.987768 0.260572 0.023771 0.176523
0 0.023085 0.909062 0.045820 0.159014
0 0.028426 0.378373 0.056852 0.155421
0 0.078951 0.428822 0.078672 0.139532
0 0.035171 0.506458 0.070341 0.176370
0 0.586393 0.432685 0.080510 0.131889
0 0.240210 0.119625 0.069831 0.166241
0 0.152100 0.756382 0.075299 0.161394
0 0.859689 0.137843 0.079398 0.168630
0 0.187775 0.962609 0.072711 0.074782
0 0.970482 0.951701 0.059036 0.091662
0 0.068406 0.921646 0.082833 0.154523
0 0.170962 0.534618 0.087893 0.195745
