0 0.035247 0.534014 0.070495 0.129787
0 0.093992 0.847412 0.094016 0.146843
0 0.909813 0.116315 0.084208 0.123389
0 0.703393 0.939625 0.079682 0.120750
0 0.794589 0.554333 0.072865 0.111019
0 0.063638 0.403741 0.085828 0.138074
0 0.759208 0.108810 0.083792 0.127954
0 0.186247 0.431995 0.081714 0.147583
0 0.288018 0.626986 0.063547 0.111972
0 0.692138 0.669995 0.081089 0.144880
0 0.734083 0.220079 0.076771 0.142935
0 0.627359 0.877731 0.076792 0.137426
0 0.494799 0.150338 0.081818 0.131028
0 0.618076 0.625926 0.082693 0.126648
0 0.427469 0.652250 0.086344 0.121259
0 0.828974 0.184370 0.080385 0.128704
0 0.837854 0.350171 0.080292 0.147880
0 0.773135 0.930102 0.076135 0.131981
0 0.291016 0.283912 0.086698 0.138231
0 0.411445 0.423884 0.086661 0.131213
0 0.326685 0.204255 0.079724 0.135546
0 0.461576 0.817301 0.088589 0.151972
0 0.573688 0.637727 0.078740 0.132102
0 0.225375 0.603528 0.072479 0.127296
0 0.635255 0.198278 0.077979 0.140037
0 0.258747 0.425829 0.077755 0.123306
0 0.058979 0.624597 0.082906 0.139880
0 0.451794 0.212676 0.073911 0.115352
0 0.883414 0.582130 0.080641 0.119833
0 0.498047 0.948907 0.081208 0.102185
0 0.158435 0.810231 0.074859 0.155019
0 0.176508 0.348472 0.077411 0.131130
0 0.790875 0.291273 0.072104 0.130954
0 0.031701 0.047542 0.063401 0.095083
0 0.720693 0.536111 0.087177 0.149000
0 0.187966 0.693708 0.101422 0.143898
0 0.174125 0.046685 0.075531 0.093204
0 0.832693 0.846898 0.079844 0.140241
0 0.869911 0.062319 0.077490 0.124639
0 0.861630 0.709625 0.079177 0.122787
0 0.730451 0.042894 0.087276 0.084806
0 0.919833 0.387681 0.075292 0.137046
0 0.701688 0.806991 0.067594 0.119407
0 0.350005 0.676833 0.074865 0.111204
0 0.290255 0.940301 0.081771 0.119398
0 0.397232 0.195602 0.069911 0.114167
0 0.298128 0.762852 0.063599 0.114630
0 0.954617 0.736829 0.073953 0.133139
0 0.031042 0.753704 0.062083 0.142426
0 0.278547 0.712481 0.073615 0.119741
0 0.583763 0.099329 0.072984 0.132694
0 0.735063 0.827014 0.071000 0.124287
0 0.030852 0.957606 0.060922 0.084787
0 0.163034 0.563532 0.076703 0.143306
0 0.446448 0.094944 0.085073 0.150611
0 0.550596 0.868384 0.095901 0.150583
0 0.124398 0.738343 0.064182 0.119685
0 0.825622 0.493148 0.076609 0.125574
0 0.544802 0.535565 0.081167 0.126222
0 0.931401 0.796634 0.078521 0.130806
0 0.518057 0.061593 0.069781 0.118444
0 0.118987 0.500657 0.085224 0.120963
0 0.271383 0.538338 0.070516 0.118824
0 0.981096 0.244213 0.037807 0.134519
0 0.285198 0.102144 0.091083 0.142213
0 0.571247 0.304537 0.082411 0.139296
0 0.352151 0.563421 0.084667 0.144417
0 0.984237 0.049995 0.029495 0.097787
0 0.879453 0.657144 0.076813 0.117287
0 0.062872 0.189551 0.095151 0.145139
0 0.807469 0.033079 0.092823 0.066157
0 0.426904 0.582310 0.083266 0.082880
0 0.644115 0.519269 0.072573 0.132981
0 0.889685 0.812472 0.077255 0.136815
4 0.411909 0.297222 0.081099 0.121796
0 0.235195 0.210722 0.080859 0.130519
0 0.914406 0.228431 0.082396 0.129306
0 0.300302 0.401519 0.080885 0.119426
0 0.067641 0.323681 0.076344 0.099324
0 0.663875 0.024602 0.071760 0.049204
0 0.372654 0.882083 0.074568 0.125907
0 0.201417 0.092907 0.075906 0.133833
0 0.866599 0.495588 0.075563 0.119731
0 0.536544 0.407773 0.080078 0.130250
0 0.645315 0.422046 0.079203 0.115815
0 0.970440 0.435542 0.058526 0.129861
0 0.406378 0.931231 0.077224 0.132148
0 0.947130 0.617861 0.075781 0.121648
0 0.939391 0.933468 0.083719 0.129565
0 0.670292 0.184727 0.080250 0.133769
0 0.571909 0.046995 0.075318 0.093602
0 0.816690 0.312972 0.102828 0.150963
0 0.209201 0.330287 0.071953 0.129944
0 0.488898 0.433185 0.084297 0.139963
0 0.652589 0.114505 0.089656 0.090824
0 0.317964 0.503181 0.072865 0.125028
0 0.760448 0.307912 0.070187 0.132694
0 0.987578 0.315954 0.023646 0.125815
0 0.991589 0.693199 0.016823 0.165157
0 0.204216 0.922324 0.076964 0.137259
0 0.325279 0.035602 0.081745 0.071204
0 0.089505 0.619306 0.071667 0.135389
0 0.104448 0.966250 0.082854 0.067500
0 0.781729 0.664389 0.076563 0.126167
0 0.965057 0.953542 0.069885 0.092917
0 0.354849 0.512139 0.073292 0.102333
0 0.382281 0.036810 0.084208 0.073620
0 0.414070 0.512329 0.072766 0.098213
0 0.501437 0.568472 0.084937 0.136037
0 0.575253 0.520204 0.072068 0.125704
0 0.536456 0.743144 0.079922 0.136213
