0 0.950602 0.018117 0.090523 0.036099
0 0.627029 0.014328 0.094824 0.028167
0 0.161395 0.990529 0.098602 0.018943
0 0.012553 0.251302 0.025066 0.127083
0 0.990367 0.908576 0.019078 0.142745
0 0.013250 0.536706 0.026500 0.146401
0 0.987543 0.224003 0.024680 0.129370
0 0.540760 0.016344 0.102738 0.032688
4 0.569555 0.545432 0.104695 0.184219
0 0.017178 0.041841 0.034355 0.083682
0 0.809920 0.664133 0.109098 0.138182
0 0.403930 0.687799 0.106617 0.139828
0 0.755219 0.537302 0.107109 0.136187
0 0.495090 0.455346 0.101828 0.135651
0 0.484744 0.311156 0.105387 0.123010
0 0.421252 0.804523 0.104207 0.129120
0 0.651812 0.698919 0.107695 0.141641
0 0.618711 0.950042 0.094547 0.099323
0 0.288131 0.660229 0.095848 0.127490
0 0.458348 0.071138 0.099492 0.123516
0 0.559639 0.731456 0.100551 0.135276
0 0.345801 0.952703 0.096109 0.094479
0 0.759693 0.931961 0.115324 0.136078
0 0.408281 0.382776 0.099703 0.128135
0 0.502404 0.645995 0.100199 0.122073
0 0.601678 0.843565 0.095215 0.125609
0 0.692949 0.815185 0.097891 0.133891
0 0.547625 0.085961 0.095117 0.125599
0 0.435953 0.973370 0.105891 0.053198
0 0.023355 0.132852 0.046648 0.122422
0 0.066807 0.054693 0.094543 0.109385
0 0.882641 0.038729 0.088938 0.077458
0 0.975717 0.345169 0.048504 0.139630
0 0.759734 0.036151 0.082570 0.072292
0 0.249574 0.033292 0.107664 0.066448
0 0.436648 0.589893 0.090891 0.140422
0 0.062592 0.966839 0.110910 0.066323
0 0.085199 0.405625 0.103383 0.137021
0 0.244463 0.964542 0.102504 0.070031
0 0.039307 0.349021 0.078613 0.139104
0 0.137293 0.078841 0.101125 0.131922
0 0.848957 0.567651 0.096430 0.134448
0 0.936893 0.536586 0.099480 0.130193
0 0.826219 0.237018 0.102398 0.134255
0 0.122533 0.191036 0.101660 0.121135
0 0.942207 0.802859 0.099469 0.124104
0 0.192105 0.185151 0.096594 0.123469
0 0.853734 0.934872 0.107078 0.129141
0 0.323598 0.200771 0.110133 0.129990
0 0.038361 0.658083 0.076723 0.142302
0 0.693904 0.282841 0.116035 0.134130
0 0.788461 0.802315 0.104297 0.131099
0 0.206705 0.566964 0.114316 0.138198
0 0.246898 0.115404 0.105867 0.124880
0 0.520162 0.942846 0.104270 0.113651
0 0.934006 0.268255 0.111551 0.143104
0 0.947676 0.144823 0.104211 0.125792
0 0.209672 0.292505 0.112383 0.128448
0 0.361816 0.540276 0.096930 0.151375
0 0.176289 0.692354 0.107320 0.136688
0 0.589172 0.225971 0.103844 0.144203
0 0.287764 0.354896 0.097762 0.134052
0 0.363426 0.075279 0.104055 0.142724
0 0.092098 0.759203 0.107008 0.138906
0 0.853170 0.378487 0.104777 0.140818
0 0.167887 0.837901 0.105813 0.138687
0 0.055578 0.878971 0.110906 0.131120
0 0.283482 0.480500 0.106395 0.132438
0 0.908592 0.687617 0.102910 0.130286
0 0.787146 0.122263 0.104340 0.129078
0 0.252824 0.770102 0.103680 0.123557
0 0.682314 0.056742 0.101605 0.113484
0 0.509955 0.843062 0.104785 0.143865
0 0.687518 0.440977 0.106582 0.140307
0 0.498678 0.192260 0.102879 0.135833
0 0.592719 0.404237 0.102820 0.131880
0 0.287799 0.878443 0.098371 0.123729
