2 0.488669 0.656648 0.085391 0.133463
0 0.477612 0.024102 0.095068 0.048204
0 0.965294 0.710519 0.069411 0.168870
0 0.291521 0.559000 0.089406 0.143944
0 0.961875 0.275806 0.076250 0.166037
0 0.821253 0.856204 0.098432 0.166741
0 0.430740 0.558741 0.096604 0.165704
0 0.582799 0.073968 0.100047 0.147935
0 0.592094 0.639769 0.098719 0.186704
0 0.646453 0.794259 0.089188 0.170370
0 0.754128 0.952866 0.083776 0.094269
0 0.268052 0.943662 0.108885 0.112676
0 0.399693 0.902144 0.128469 0.183361
0 0.929948 0.582218 0.093333 0.213620
0 0.929268 0.818935 0.107818 0.196037
0 0.105320 0.924398 0.096703 0.151204
0 0.276638 0.329921 0.109724 0.200880
0 0.685628 0.954394 0.101682 0.091213
0 0.075122 0.222074 0.107964 0.163778
0 0.608172 0.750176 0.090667 0.159019
0 0.262643 0.041241 0.093672 0.082370
0 0.658258 0.212472 0.096349 0.136259
0 0.684398 0.296625 0.093182 0.145713
0 0.031596 0.494657 0.063193 0.171204
0 0.419878 0.652343 0.086766 0.159426
0 0.306404 0.486708 0.092859 0.158509
0 0.318875 0.641458 0.093271 0.164139
0 0.912242 0.952509 0.093901 0.094241
0 0.734573 0.839662 0.114990 0.161065
0 0.933044 0.108417 0.104047 0.176537
0 0.508914 0.916620 0.107786 0.166759
0 0.080391 0.551315 0.099760 0.161148
0 0.430880 0.301597 0.104448 0.179713
0 0.204169 0.513569 0.101932 0.165028
0 0.129005 0.272801 0.093917 0.166602
0 0.751260 0.412894 0.097333 0.194046
0 0.514076 0.813194 0.089516 0.158593
0 0.278867 0.803329 0.098151 0.199102
0 0.672836 0.053185 0.093026 0.102426
0 0.037474 0.768009 0.074000 0.156722
0 0.333789 0.218782 0.093599 0.161917
0 0.080979 0.399870 0.111719 0.179519
0 0.230586 0.217986 0.105120 0.162639
0 0.652339 0.605486 0.110958 0.174361
0 0.454646 0.441009 0.096635 0.149759
0 0.514268 0.352917 0.100620 0.175667
0 0.663935 0.397162 0.094130 0.174769
0 0.476490 0.217264 0.092500 0.163361
0 0.844544 0.391028 0.091224 0.155407
0 0.383057 0.088125 0.097458 0.176250
0 0.558237 0.500046 0.105974 0.181074
0 0.861508 0.725606 0.090484 0.161491
0 0.194964 0.361491 0.106073 0.168648
0 0.181674 0.920079 0.096599 0.159843
0 0.843208 0.594907 0.106885 0.183444
0 0.891430 0.286481 0.088005 0.151481
0 0.604849 0.288745 0.104573 0.216343
0 0.731953 0.692190 0.106813 0.170898
0 0.115391 0.741792 0.115167 0.177028
0 0.367102 0.739574 0.106786 0.171444
0 0.585503 0.938667 0.099703 0.118778
0 0.156214 0.077245 0.099635 0.154491
0 0.797190 0.122440 0.116297 0.170083
0 0.839276 0.958815 0.098396 0.082370
0 0.015445 0.203986 0.030891 0.213287
0 0.835714 0.107472 0.117250 0.178611
0 0.982638 0.774861 0.034724 0.168093
0 0.894151 0.036884 0.093542 0.073769
0 0.808078 0.032134 0.100646 0.062806
