0 0.984979 0.725044 0.029776 0.149023
0 0.375042 0.026706 0.080302 0.052181
0 0.209691 0.027465 0.087497 0.053264
0 0.016659 0.572366 0.033318 0.149648
0 0.019918 0.912931 0.039747 0.158231
0 0.588604 0.391181 0.071526 0.135102
0 0.509207 0.060789 0.071003 0.121255
0 0.586268 0.259720 0.077490 0.166236
0 0.367624 0.607988 0.085419 0.177884
0 0.972451 0.470414 0.055094 0.135153
0 0.382029 0.929396 0.077917 0.133458
0 0.280521 0.575889 0.074604 0.136944
0 0.416680 0.253058 0.076016 0.138745
0 0.523383 0.864752 0.081318 0.141097
0 0.732697 0.082468 0.088227 0.149083
0 0.350396 0.127192 0.078854 0.135144
0 0.533807 0.717375 0.072896 0.139037
0 0.589943 0.097699 0.083526 0.154519
0 0.662811 0.244644 0.086711 0.161361
0 0.607160 0.473269 0.071456 0.126241
0 0.122570 0.354120 0.088167 0.151704
0 0.817741 0.597935 0.087195 0.176898
0 0.361784 0.801667 0.078203 0.144917
0 0.144957 0.729292 0.081935 0.143111
0 0.669568 0.380461 0.078266 0.143468
0 0.047078 0.685444 0.080010 0.149620
0 0.086448 0.501775 0.080427 0.147014
0 0.895527 0.631891 0.084596 0.156431
0 0.525233 0.509470 0.081112 0.151792
0 0.137434 0.866639 0.080190 0.137981
0 0.164566 0.489016 0.079440 0.152375
