0 0.570340 0.800854 0.065266 0.079312
0 0.926582 0.129823 0.069281 0.089573
0 0.836812 0.252943 0.067750 0.086958
0 0.763502 0.648432 0.070566 0.083156
0 0.967602 0.470951 0.064797 0.088120
0 0.797408 0.861456 0.064887 0.079995
0 0.165639 0.596305 0.064895 0.083630
0 0.202826 0.406219 0.069449 0.092510
0 0.100029 0.812914 0.070129 0.090818
0 0.758215 0.356172 0.072594 0.092188
0 0.927947 0.908940 0.073566 0.106245
0 0.693652 0.526424 0.070305 0.090547
0 0.208428 0.693190 0.072949 0.095891
0 0.210305 0.946396 0.069562 0.092875
0 0.389176 0.957227 0.068477 0.084599
0 0.727322 0.929698 0.067262 0.090677
0 0.292254 0.961156 0.067102 0.077688
0 0.503115 0.778487 0.070559 0.090880
0 0.807541 0.952536 0.070324 0.094927
0 0.948686 0.017273 0.064582 0.032984
0 0.433559 0.991146 0.060914 0.017323
0 0.011264 0.317323 0.021793 0.082573
0 0.736014 0.018104 0.061699 0.034885
0 0.410658 0.013505 0.066770 0.027010
0 0.014176 0.422128 0.026172 0.091891
0 0.547609 0.013208 0.068883 0.026417
0 0.042469 0.010745 0.067945 0.021490
0 0.245225 0.017474 0.067082 0.034052
0 0.986719 0.243622 0.025961 0.089703
0 0.027115 0.982143 0.054230 0.035714
0 0.018389 0.924562 0.034973 0.080115
0 0.162377 0.024865 0.066926 0.049729
0 0.251344 0.524081 0.069609 0.078422
0 0.662547 0.922807 0.059031 0.072292
0 0.983730 0.339422 0.031547 0.092219
0 0.632484 0.858177 0.057070 0.076813
0 0.368105 0.877581 0.058031 0.079547
0 0.523072 0.862573 0.060426 0.083542
0 0.437229 0.433591 0.064777 0.084464
0 0.269604 0.572609 0.065613 0.082521
0 0.417750 0.619958 0.056625 0.080510
0 0.240652 0.334044 0.065922 0.084870
0 0.309553 0.206727 0.062715 0.080474
0 0.308719 0.459737 0.066523 0.086953
0 0.438293 0.698695 0.063133 0.085599
0 0.415908 0.290393 0.065754 0.093505
0 0.214859 0.778245 0.070672 0.082146
0 0.634994 0.972917 0.076840 0.053458
0 0.088449 0.578060 0.065883 0.081495
0 0.433367 0.071940 0.062328 0.089682
0 0.211439 0.095776 0.064082 0.080927
0 0.554904 0.274917 0.066652 0.087062
0 0.652500 0.065062 0.067656 0.087813
0 0.862658 0.916961 0.063152 0.100536
0 0.498273 0.421083 0.059813 0.078458
0 0.142084 0.897016 0.059996 0.089219
0 0.470123 0.550659 0.066480 0.083703
0 0.041758 0.481956 0.067734 0.084828
0 0.409174 0.155221 0.064613 0.081922
0 0.310842 0.797198 0.064559 0.082844
0 0.603457 0.393349 0.070750 0.080615
0 0.075045 0.224898 0.064137 0.082328
0 0.300611 0.713008 0.064363 0.084943
0 0.727973 0.124133 0.061094 0.080589
0 0.371834 0.227776 0.065598 0.090104
0 0.872205 0.337456 0.065637 0.085755
0 0.193186 0.855177 0.062176 0.078177
0 0.078508 0.896117 0.062000 0.079745
0 0.724480 0.214406 0.069727 0.091260
0 0.086650 0.046284 0.063434 0.087786
0 0.232664 0.242789 0.072133 0.093839
0 0.890010 0.038036 0.070066 0.075729
0 0.520193 0.514542 0.067098 0.087135
0 0.084191 0.667164 0.074445 0.089922
0 0.949428 0.290820 0.057121 0.085818
0 0.110879 0.162005 0.067828 0.085906
0 0.494879 0.220930 0.067750 0.088786
0 0.522967 0.079484 0.067246 0.089969
0 0.792277 0.124695 0.067164 0.091797
0 0.742865 0.808557 0.064910 0.096885
0 0.638625 0.733953 0.064867 0.083417
0 0.028775 0.065708 0.057512 0.083542
0 0.922371 0.542341 0.069039 0.087401
0 0.414631 0.821206 0.064824 0.082724
0 0.911061 0.216104 0.068691 0.083656
0 0.027984 0.155180 0.055828 0.084505
0 0.335027 0.118951 0.071906 0.095016
0 0.676437 0.288812 0.070609 0.088781
0 0.127770 0.508409 0.064156 0.080505
0 0.044168 0.747721 0.068062 0.086099
0 0.701879 0.740477 0.064617 0.094422
0 0.352516 0.632174 0.069617 0.090318
0 0.635990 0.649169 0.074363 0.086599
0 0.578402 0.910521 0.065344 0.084740
0 0.103506 0.993010 0.070012 0.013833
0 0.566246 0.458008 0.068062 0.088474
0 0.966711 0.846237 0.064977 0.093266
0 0.004160 0.232523 0.008180 0.084484
0 0.461203 0.946422 0.061578 0.080135
0 0.634748 0.565115 0.067996 0.080135
