0 0.501108 0.873208 0.083768 0.145370
0 0.959405 0.253185 0.080628 0.155741
0 0.099009 0.268977 0.086357 0.143204
0 0.681434 0.358005 0.085393 0.128370
0 0.787010 0.719650 0.078484 0.147912
0 0.588419 0.330424 0.085083 0.132042
0 0.264327 0.930495 0.089971 0.137880
0 0.570729 0.822935 0.084760 0.143000
0 0.856598 0.648301 0.088013 0.147213
0 0.653194 0.544569 0.088810 0.154259
0 0.657324 0.694688 0.082867 0.166144
0 0.898966 0.849650 0.089932 0.151014
0 0.679060 0.123725 0.095036 0.152394
0 0.958257 0.782553 0.083487 0.159245
0 0.965112 0.650782 0.069776 0.146889
0 0.749667 0.248308 0.087026 0.145264
0 0.714579 0.829875 0.094492 0.148019
0 0.438984 0.130081 0.089479 0.140551
0 0.816785 0.964426 0.094034 0.071148
0 0.121582 0.024583 0.101049 0.049167
0 0.444400 0.029975 0.099299 0.059523
0 0.908324 0.023079 0.077852 0.046157
0 0.669971 0.955560 0.084917 0.088769
0 0.166823 0.762174 0.108484 0.183690
0 0.705099 0.028049 0.102484 0.055569
0 0.037507 0.248894 0.075013 0.148259
0 0.650823 0.854333 0.080281 0.141231
0 0.837891 0.032519 0.082266 0.065037
0 0.515414 0.032002 0.087276 0.064005
0 0.614060 0.029266 0.094203 0.058532
0 0.294605 0.839715 0.106372 0.153301
0 0.311870 0.043190 0.076281 0.086380
0 0.459142 0.561407 0.115315 0.147250
0 0.957868 0.052646 0.084263 0.105292
0 0.025043 0.096965 0.050008 0.142421
0 0.974543 0.131167 0.050706 0.148370
0 0.268277 0.544657 0.097648 0.136417
0 0.982199 0.937086 0.035602 0.123282
0 0.753430 0.495447 0.117807 0.156134
0 0.113329 0.698988 0.098039 0.153032
0 0.040309 0.514896 0.080253 0.150894
0 0.474823 0.359449 0.109203 0.133556
0 0.295215 0.233632 0.095268 0.120838
0 0.867060 0.762817 0.114797 0.161505
0 0.920326 0.481590 0.076563 0.201431
0 0.723549 0.703843 0.069969 0.161370
0 0.468382 0.450486 0.084523 0.130861
0 0.436007 0.265551 0.086648 0.148000
0 0.535919 0.465491 0.080219 0.168250
0 0.008436 0.290720 0.016779 0.146745
0 0.963582 0.423521 0.072836 0.191755
0 0.007367 0.516637 0.014734 0.160023
0 0.213826 0.798720 0.094125 0.177431
0 0.992089 0.475380 0.015823 0.175269
0 0.988711 0.313956 0.022578 0.160394
0 0.031359 0.022569 0.062719 0.045028
0 0.006905 0.174428 0.013810 0.153319
4 0.513901 0.254190 0.096875 0.165259
0 0.776493 0.048264 0.072195 0.095917
0 0.587711 0.957324 0.082464 0.084111
0 0.171714 0.893215 0.083740 0.148486
0 0.863456 0.926789 0.095911 0.146421
0 0.244156 0.062903 0.086979 0.125806
0 0.430706 0.803912 0.087161 0.135815
0 0.502272 0.752069 0.093357 0.130769
0 0.330678 0.486854 0.087617 0.152792
0 0.211415 0.270507 0.086956 0.113995
0 0.181385 0.503257 0.085797 0.155394
0 0.213525 0.165512 0.081753 0.123801
0 0.235659 0.640817 0.088568 0.139644
0 0.406530 0.480243 0.084586 0.180819
0 0.108431 0.913796 0.089273 0.158204
0 0.092063 0.135685 0.095010 0.138481
0 0.161720 0.084132 0.086549 0.149986
0 0.625272 0.217875 0.106841 0.147981
0 0.604001 0.471167 0.085888 0.166296
0 0.593978 0.707245 0.083112 0.152917
0 0.283210 0.727373 0.082706 0.166986
0 0.300810 0.337891 0.094344 0.136366
0 0.082811 0.446292 0.100852 0.166120
0 0.369268 0.222109 0.085943 0.142727
0 0.035564 0.637847 0.071065 0.159519
0 0.796501 0.853593 0.080529 0.145944
0 0.078357 0.777336 0.084057 0.150440
0 0.486180 0.637199 0.082375 0.141630
0 0.344921 0.628296 0.098451 0.155139
0 0.558342 0.588153 0.085076 0.135435
0 0.422536 0.683877 0.090823 0.152227
0 0.435161 0.931248 0.088208 0.134144
0 0.566145 0.154259 0.084227 0.134519
0 0.040349 0.363440 0.080698 0.140852
0 0.727378 0.943303 0.079964 0.112903
0 0.382253 0.063146 0.087281 0.126292
0 0.356646 0.770336 0.084646 0.157875
0 0.160268 0.369426 0.094870 0.130287
0 0.242889 0.432745 0.096565 0.133583
