0 0.420559 0.946856 0.082664 0.105426
0 0.147871 0.935581 0.072779 0.125440
0 0.732704 0.632644 0.072107 0.125509
0 0.488928 0.982028 0.078336 0.033574
0 0.246887 0.743132 0.082268 0.146347
0 0.548312 0.056190 0.079661 0.110944
0 0.079345 0.957438 0.079122 0.084532
0 0.876854 0.034083 0.074172 0.067583
0 0.270786 0.923711 0.083203 0.145644
0 0.004607 0.915134 0.009182 0.155750
0 0.919546 0.353736 0.092393 0.146833
0 0.376642 0.340637 0.078331 0.148366
0 0.815997 0.446845 0.088635 0.120458
0 0.267359 0.165713 0.086943 0.145722
0 0.983398 0.407894 0.032833 0.142250
0 0.629888 0.048824 0.082365 0.095935
0 0.014757 0.688528 0.029268 0.156731
0 0.041257 0.044604 0.069372 0.088375
0 0.991645 0.296794 0.016664 0.119394
0 0.540898 0.851340 0.107708 0.156736
0 0.767632 0.221262 0.075758 0.150690
0 0.736720 0.019877 0.081003 0.037681
0 0.452286 0.356942 0.084245 0.144977
0 0.528645 0.296546 0.081122 0.147454
0 0.840676 0.236968 0.081180 0.144917
0 0.792967 0.542627 0.078872 0.140958
0 0.290197 0.654725 0.070143 0.128736
0 0.162878 0.054653 0.075401 0.108546
0 0.409396 0.145479 0.083073 0.146153
0 0.416549 0.604264 0.091427 0.154102
0 0.557486 0.953039 0.096820 0.093190
0 0.968785 0.778877 0.062430 0.136968
0 0.987934 0.198773 0.024049 0.123889
0 0.582685 0.174993 0.080927 0.146505
0 0.906018 0.759727 0.072771 0.132315
0 0.037677 0.573539 0.075354 0.145245
0 0.127552 0.172269 0.085927 0.143083
0 0.222566 0.262822 0.095039 0.162866
0 0.667345 0.226944 0.096503 0.166231
0 0.864573 0.604604 0.088281 0.154079
0 0.238302 0.055731 0.079443 0.110796
0 0.502951 0.602310 0.068714 0.119343
0 0.493211 0.113836 0.088990 0.157782
0 0.421866 0.470394 0.086919 0.135343
0 0.730499 0.460352 0.080581 0.154722
0 0.936281 0.082245 0.094292 0.164269
