0 0.392298 0.844285 0.081076 0.130208
0 0.338401 0.032178 0.079911 0.064356
0 0.721678 0.332667 0.073378 0.141028
0 0.544126 0.338998 0.074393 0.132338
0 0.318112 0.808926 0.073693 0.137565
0 0.213685 0.449586 0.063089 0.132949
0 0.146897 0.152704 0.077643 0.134074
0 0.299677 0.127942 0.070573 0.111060
0 0.379329 0.642725 0.073638 0.120060
0 0.375594 0.277306 0.081948 0.148972
0 0.045548 0.770199 0.075372 0.137287
0 0.103281 0.358069 0.074547 0.142509
0 0.042505 0.261380 0.078354 0.144981
0 0.277742 0.717623 0.074828 0.129736
0 0.367645 0.114303 0.075721 0.138866
0 0.960190 0.978160 0.079620 0.043681
0 0.005194 0.792431 0.010388 0.143148
0 0.809911 0.739975 0.072073 0.128977
0 0.800690 0.401264 0.077141 0.136259
0 0.958260 0.689461 0.078130 0.134245
0 0.879885 0.302634 0.072849 0.130722
0 0.226385 0.046704 0.074646 0.093407
0 0.094796 0.509495 0.072419 0.143315
0 0.522323 0.531669 0.077693 0.139403
0 0.602880 0.973852 0.081240 0.047898
0 0.185168 0.968741 0.067430 0.062454
0 0.105721 0.968065 0.083589 0.063870
0 0.413250 0.370648 0.083167 0.123824
0 0.565001 0.878185 0.080299 0.143704
0 0.490283 0.859387 0.074128 0.114431
0 0.749861 0.214581 0.071372 0.132699
0 0.229958 0.330928 0.082714 0.120412
0 0.654155 0.227417 0.065331 0.125963
0 0.453264 0.643102 0.075023 0.126148
0 0.013059 0.470102 0.024362 0.126185
0 0.068535 0.610935 0.076779 0.128176
0 0.856934 0.877387 0.073320 0.134468
0 0.627132 0.506312 0.070456 0.134097
0 0.647514 0.039877 0.077768 0.079755
0 0.346875 0.938616 0.085307 0.121222
0 0.088126 0.875801 0.073273 0.124435
0 0.950503 0.417424 0.078979 0.136912
0 0.159185 0.040954 0.074271 0.081907
0 0.360578 0.523803 0.079568 0.135347
0 0.016185 0.603192 0.032370 0.131551
