0 0.659711 0.642560 0.048505 0.194546
0 0.007951 0.723662 0.015901 0.148750
0 0.896367 0.146843 0.072516 0.209926
0 0.624891 0.934829 0.076854 0.129324
0 0.051443 0.237060 0.085687 0.160694
0 0.732146 0.152917 0.078042 0.145815
0 0.031492 0.411398 0.062984 0.149370
0 0.626099 0.454287 0.090344 0.167259
0 0.028643 0.925699 0.054974 0.143583
0 0.482763 0.268972 0.095672 0.127722
0 0.408042 0.379764 0.082708 0.146157
0 0.582617 0.223079 0.083411 0.140398
0 0.991602 0.925000 0.014995 0.137741
0 0.890763 0.024421 0.105036 0.045676
0 0.191419 0.066639 0.088161 0.133278
0 0.306643 0.033083 0.095682 0.066167
0 0.474898 0.162685 0.097766 0.140556
0 0.546102 0.149556 0.086911 0.168648
0 0.736122 0.963343 0.088786 0.073315
0 0.166479 0.257509 0.094573 0.145185
0 0.537859 0.961361 0.096521 0.075648
0 0.167995 0.954051 0.085156 0.090583
0 0.806292 0.094333 0.089844 0.154111
0 0.974685 0.417829 0.050630 0.191417
0 0.221911 0.303801 0.077417 0.153676
0 0.012565 0.206259 0.022870 0.194241
0 0.487951 0.929644 0.107286 0.137454
0 0.580607 0.333236 0.093599 0.133435
0 0.714471 0.620491 0.074818 0.166574
0 0.143164 0.143537 0.085703 0.141889
0 0.534872 0.040815 0.076307 0.081630
0 0.082768 0.391185 0.084411 0.164167
0 0.487924 0.387421 0.091359 0.162509
0 0.659326 0.094278 0.087255 0.144370
0 0.770281 0.436102 0.089969 0.164278
0 0.054732 0.550421 0.096984 0.162435
0 0.775763 0.271444 0.091536 0.142333
0 0.118852 0.482727 0.090224 0.142602
0 0.844380 0.208597 0.085625 0.171694
0 0.090151 0.891431 0.078729 0.161009
0 0.325010 0.379116 0.100625 0.145361
0 0.408109 0.216028 0.081042 0.160333
0 0.164602 0.379509 0.084443 0.140167
0 0.540224 0.687537 0.107510 0.165574
0 0.785422 0.539676 0.081448 0.132741
0 0.239589 0.682523 0.088667 0.158231
0 0.843940 0.443287 0.086953 0.170352
0 0.945469 0.141208 0.081438 0.157139
0 0.178276 0.562949 0.083135 0.166880
0 0.241255 0.429657 0.081073 0.147463
0 0.136833 0.743616 0.083031 0.155306
0 0.055701 0.804380 0.089932 0.143741
0 0.663440 0.237338 0.093464 0.154102
0 0.366430 0.942398 0.090328 0.115204
0 0.181138 0.847333 0.084995 0.139222
0 0.289174 0.590412 0.074755 0.166102
0 0.542612 0.838671 0.094224 0.167639
0 0.953810 0.654139 0.087786 0.176593
0 0.694885 0.888204 0.085729 0.168185
0 0.696096 0.418241 0.075130 0.174259
0 0.424859 0.529500 0.083771 0.157685
0 0.356336 0.587519 0.082464 0.169667
0 0.879914 0.695171 0.085661 0.146269
0 0.293357 0.739069 0.088203 0.163343
0 0.284182 0.929056 0.072906 0.137204
0 0.797125 0.667116 0.080771 0.146472
0 0.725135 0.742139 0.083729 0.135019
0 0.514953 0.481477 0.090542 0.150509
0 0.834294 0.860986 0.079568 0.157454
0 0.890945 0.577648 0.101068 0.136463
0 0.910716 0.860384 0.087714 0.162861
0 0.407258 0.689227 0.084776 0.149898
2 0.588997 0.757611 0.081443 0.155463
0 0.584875 0.598426 0.079281 0.152593
2 0.225979 0.152792 0.074365 0.152657
0 0.708167 0.055491 0.087260 0.110981
0 0.490807 0.062097 0.106427 0.124194
0 0.334878 0.281060 0.110734 0.163472
0 0.281271 0.219843 0.064562 0.237204
