0 0.720687 0.882042 0.076719 0.130120
0 0.598352 0.844458 0.095828 0.164417
0 0.412911 0.767023 0.087896 0.162380
0 0.226034 0.421963 0.092922 0.155111
0 0.355612 0.257111 0.098516 0.165093
0 0.084961 0.370894 0.096682 0.168380
0 0.568497 0.258778 0.085703 0.174741
0 0.673549 0.753537 0.099984 0.168093
0 0.133365 0.869782 0.094656 0.172657
0 0.105911 0.655843 0.087094 0.154778
0 0.762622 0.776083 0.096682 0.161481
0 0.404875 0.375519 0.089938 0.153426
0 0.640953 0.211069 0.086427 0.154843
0 0.918773 0.423736 0.090943 0.148991
0 0.846609 0.475468 0.087990 0.159750
0 0.633081 0.614278 0.091599 0.172500
0 0.816732 0.906528 0.088026 0.151407
0 0.578307 0.506324 0.090927 0.158241
0 0.425195 0.179171 0.094516 0.153972
0 0.068924 0.778213 0.090974 0.150667
0 0.047633 0.494616 0.095266 0.171065
0 0.533878 0.114551 0.094953 0.174398
0 0.124013 0.468917 0.090943 0.160074
0 0.628818 0.373222 0.095594 0.177204
0 0.501724 0.258764 0.087052 0.146917
0 0.389180 0.908324 0.091964 0.147056
0 0.891779 0.156690 0.112766 0.184324
0 0.816224 0.335810 0.116000 0.189491
0 0.019875 0.074042 0.039219 0.145157
0 0.298706 0.193907 0.091297 0.152759
0 0.973997 0.383116 0.052005 0.165343
0 0.601255 0.031134 0.097552 0.061250
0 0.894070 0.037792 0.094693 0.075583
0 0.431266 0.536852 0.104375 0.198704
0 0.422357 0.951120 0.096599 0.097759
0 0.855047 0.753384 0.103354 0.160639
0 0.922888 0.582431 0.107036 0.223250
0 0.476216 0.315968 0.086443 0.143694
0 0.281344 0.305801 0.098344 0.173843
0 0.096750 0.065907 0.116583 0.131815
0 0.337484 0.669509 0.087240 0.177685
0 0.028141 0.297949 0.054052 0.164472
0 0.224427 0.803042 0.092687 0.160046
0 0.722372 0.173130 0.094964 0.160889
0 0.367438 0.027731 0.096792 0.055463
0 0.985169 0.602829 0.029661 0.154657
0 0.716094 0.041009 0.122000 0.078519
0 0.964552 0.021528 0.070896 0.043056
0 0.757323 0.959773 0.102490 0.080454
0 0.038068 0.244231 0.076135 0.153278
0 0.135391 0.192949 0.091417 0.147417
0 0.185026 0.077639 0.101448 0.146093
0 0.370208 0.650250 0.086656 0.158019
0 0.515456 0.973208 0.091505 0.053583
0 0.919029 0.987843 0.077411 0.024315
0 0.141607 0.257579 0.096422 0.147769
0 0.682307 0.679208 0.093802 0.124954
0 0.009104 0.925560 0.018208 0.137861
2 0.297451 0.497264 0.099505 0.173361
0 0.742656 0.442324 0.085615 0.165537
0 0.751383 0.221745 0.090734 0.161528
0 0.284164 0.038755 0.087516 0.077157
0 0.055992 0.931009 0.096432 0.137981
0 0.526445 0.666097 0.107172 0.206694
0 0.468281 0.925995 0.078500 0.148009
0 0.833901 0.685250 0.089094 0.150741
0 0.971534 0.773278 0.056214 0.152333
0 0.942898 0.300176 0.088109 0.155667
0 0.511651 0.433514 0.087760 0.154713
0 0.557521 0.888287 0.083885 0.163167
0 0.882414 0.834694 0.095036 0.153500
0 0.726396 0.646296 0.106125 0.173685
0 0.352169 0.121787 0.086661 0.149056
0 0.476904 0.049532 0.087089 0.098380
0 0.658779 0.957648 0.089349 0.084704
0 0.348013 0.842769 0.096880 0.177500
0 0.024182 0.620509 0.048125 0.149185
0 0.705133 0.389375 0.094151 0.168806
0 0.906318 0.906801 0.092604 0.164324
0 0.807143 0.118685 0.091536 0.179537
0 0.187263 0.594190 0.097203 0.205806
0 0.263500 0.844542 0.095229 0.157935
0 0.478359 0.844991 0.090250 0.145019
0 0.301581 0.953181 0.087839 0.093639
