0 0.632362 0.385898 0.094297 0.124222
0 0.223197 0.638197 0.090862 0.128921
0 0.779085 0.323127 0.077987 0.135894
0 0.689168 0.777815 0.087102 0.143648
0 0.490063 0.572160 0.072083 0.125949
0 0.197516 0.450778 0.085021 0.133556
0 0.377603 0.546171 0.073065 0.115491
0 0.617349 0.729023 0.089578 0.117491
0 0.483094 0.217623 0.093969 0.108949
0 0.363185 0.698296 0.077240 0.130880
0 0.500806 0.861014 0.093346 0.124704
0 0.453941 0.481998 0.079951 0.133468
0 0.297648 0.155829 0.087370 0.138546
0 0.766262 0.951352 0.073299 0.097296
0 0.420167 0.892465 0.090187 0.115847
0 0.872970 0.172447 0.080799 0.142208
0 0.422669 0.641581 0.081865 0.139431
0 0.316997 0.897199 0.102786 0.117361
0 0.081185 0.193366 0.096406 0.114833
0 0.540793 0.629370 0.076258 0.108546
0 0.825438 0.584463 0.093307 0.126657
0 0.594370 0.953104 0.076708 0.093125
0 0.864264 0.314778 0.088216 0.122546
0 0.670367 0.625880 0.092089 0.110972
0 0.500493 0.729931 0.088253 0.133926
0 0.792802 0.400887 0.083734 0.121199
0 0.177932 0.939588 0.088146 0.119185
0 0.055973 0.671150 0.080628 0.139736
0 0.076167 0.514431 0.088818 0.119778
0 0.382982 0.438623 0.085984 0.115338
0 0.306449 0.575398 0.078138 0.140472
0 0.951033 0.136134 0.096841 0.132630
0 0.162398 0.357373 0.093427 0.103440
0 0.921813 0.243056 0.082026 0.134648
0 0.585383 0.085273 0.083271 0.113324
0 0.085658 0.339905 0.083773 0.134958
0 0.172249 0.557148 0.101951 0.110889
0 0.674807 0.915602 0.103932 0.117019
0 0.970461 0.706562 0.058667 0.132338
0 0.722805 0.041171 0.081380 0.082343
0 0.640366 0.147421 0.082617 0.123389
0 0.135651 0.655627 0.093224 0.122708
0 0.226159 0.030604 0.084521 0.061208
0 0.918863 0.967678 0.081576 0.064644
0 0.634333 0.240572 0.112135 0.098060
0 0.984496 0.408215 0.030919 0.150292
0 0.033063 0.040553 0.066125 0.081106
0 0.566914 0.028713 0.099339 0.057426
0 0.946327 0.398481 0.077086 0.147028
0 0.711310 0.225431 0.084172 0.100481
0 0.959525 0.635852 0.079966 0.136639
0 0.931224 0.596926 0.069615 0.118222
0 0.632943 0.862102 0.119677 0.093907
0 0.207461 0.099081 0.092026 0.114218
0 0.787777 0.052977 0.073596 0.103083
0 0.344923 0.042519 0.135701 0.085037
0 0.201555 0.237926 0.112578 0.132481
0 0.016315 0.398301 0.032031 0.116185
0 0.282249 0.272569 0.116211 0.096639
0 0.575145 0.175023 0.100107 0.102120
0 0.691719 0.308773 0.092047 0.096870
0 0.988233 0.961266 0.021732 0.074662
0 0.006340 0.172914 0.012680 0.141042
0 0.870128 0.765907 0.115432 0.107954
0 0.014975 0.777850 0.029404 0.124347
0 0.972474 0.039926 0.055052 0.078000
0 0.147186 0.032630 0.080617 0.062907
0 0.275224 0.967185 0.087177 0.065630
0 0.811061 0.674852 0.111513 0.104287
0 0.037516 0.872382 0.075031 0.122116
0 0.199048 0.810294 0.086732 0.136292
0 0.294294 0.364301 0.088500 0.115981
0 0.085991 0.956021 0.110951 0.086903
0 0.161505 0.146356 0.099635 0.145713
0 0.480359 0.954667 0.105828 0.090667
0 0.029326 0.957801 0.058651 0.083167
0 0.431725 0.348208 0.085372 0.116778
0 0.980996 0.840463 0.038008 0.145009
0 0.784984 0.751118 0.090083 0.111912
0 0.837284 0.020035 0.077125 0.040069
0 0.125474 0.457412 0.086698 0.144074
0 0.450620 0.787262 0.092703 0.121986
0 0.254598 0.758843 0.075826 0.158037
0 0.057421 0.102319 0.101586 0.118315
0 0.023146 0.626313 0.046292 0.171421
0 0.982440 0.195111 0.034229 0.141815
0 0.080227 0.791785 0.106667 0.118282
