1 0.326923 0.952139 0.092523 0.094463
1 0.955853 0.436748 0.083362 0.172338
1 0.231646 0.419412 0.091385 0.176907
1 0.293818 0.455086 0.094766 0.159292
1 0.545233 0.461294 0.093023 0.157838
1 0.442747 0.774421 0.091510 0.178972
1 0.914480 0.826113 0.092424 0.184986
0 0.008350 0.158060 0.016701 0.184713
0 0.722203 0.039361 0.091745 0.076278
0 0.318897 0.174421 0.070102 0.199269
0 0.399435 0.362766 0.087115 0.165597
0 0.380141 0.928940 0.108172 0.138574
0 0.991092 0.410752 0.015471 0.160588
1 0.337068 0.333975 0.093771 0.164329
0 0.906833 0.959421 0.102885 0.075778
0 0.368677 0.214731 0.093344 0.171083
0 0.244646 0.958231 0.091807 0.080287
0 0.342815 0.069488 0.091078 0.138977
0 0.101958 0.608403 0.081380 0.165778
0 0.029975 0.429431 0.058570 0.170463
0 0.451844 0.548220 0.111937 0.146171
0 0.159129 0.387748 0.088247 0.173005
0 0.250832 0.301120 0.093951 0.148843
0 0.419754 0.059606 0.098690 0.116463
0 0.876721 0.600067 0.090333 0.164653
0 0.841447 0.053090 0.080940 0.101977
0 0.952310 0.572435 0.095380 0.177593
0 0.728426 0.302928 0.088133 0.201032
0 0.844725 0.520882 0.085971 0.171995
0 0.417055 0.172868 0.074984 0.147412
0 0.551195 0.707449 0.083437 0.191157
0 0.529694 0.299424 0.100201 0.174931
0 0.036014 0.593704 0.072029 0.160083
0 0.359900 0.789889 0.090258 0.178491
0 0.204223 0.716519 0.092404 0.163380
0 0.477299 0.626833 0.091177 0.148907
0 0.384630 0.492838 0.085708 0.147704
0 0.768318 0.076718 0.082250 0.149722
0 0.926009 0.688023 0.107909 0.154148
0 0.603882 0.342072 0.083503 0.163745
0 0.255566 0.153282 0.085034 0.189056
0 0.966682 0.887912 0.066635 0.170370
0 0.830977 0.750123 0.084208 0.161310
0 0.672895 0.340183 0.081867 0.164329
0 0.853668 0.873405 0.092091 0.169403
0 0.760421 0.533428 0.086148 0.145755
0 0.687799 0.670940 0.078604 0.155296
0 0.318650 0.540833 0.082570 0.133870
0 0.751587 0.735231 0.086440 0.181528
0 0.646465 0.059565 0.090492 0.119056
0 0.493441 0.157007 0.093346 0.147060
0 0.233214 0.835981 0.088177 0.148991
0 0.791780 0.427887 0.086159 0.169644
0 0.644990 0.194303 0.088854 0.171912
0 0.464118 0.402271 0.080732 0.190634
0 0.780147 0.216012 0.087211 0.162329
0 0.613988 0.670211 0.081904 0.196875
