0 0.754341 0.041819 0.078443 0.083194
0 0.830936 0.427271 0.077216 0.136227
0 0.498507 0.285669 0.079352 0.140856
0 0.356508 0.567602 0.083958 0.128009
0 0.567542 0.359937 0.072349 0.140218
0 0.644345 0.350465 0.079576 0.130264
1 0.716143 0.692157 0.075109 0.143833
0 0.019388 0.111461 0.038776 0.149977
0 0.834225 0.954613 0.079341 0.090431
0 0.971849 0.848850 0.056302 0.170912
0 0.018208 0.439426 0.036417 0.130935
0 0.621310 0.698368 0.067135 0.136412
0 0.575402 0.943444 0.073482 0.110917
0 0.939974 0.656588 0.082130 0.162315
0 0.506659 0.443046 0.077005 0.138759
0 0.708331 0.436919 0.075724 0.153468
0 0.168230 0.882780 0.075893 0.129912
0 0.428440 0.513368 0.079214 0.167199
0 0.800273 0.761882 0.082401 0.124949
0 0.216314 0.959861 0.074596 0.079167
0 0.059047 0.051664 0.078786 0.102097
0 0.183171 0.281829 0.081008 0.135898
0 0.966867 0.088225 0.066266 0.161588
0 0.299128 0.087968 0.082990 0.140019
0 0.338331 0.248338 0.086484 0.124130
0 0.361107 0.933836 0.082469 0.130162
0 0.036052 0.800569 0.072104 0.145556
0 0.461750 0.764803 0.089740 0.153014
0 0.782793 0.216447 0.078852 0.140338
0 0.224996 0.496072 0.079602 0.158995
0 0.193697 0.116088 0.077190 0.138917
0 0.962047 0.387778 0.075906 0.151630
0 0.249776 0.212694 0.076615 0.121269
0 0.868548 0.684676 0.074862 0.118769
0 0.621124 0.216569 0.076914 0.122917
0 0.161738 0.591623 0.085852 0.148255
0 0.569641 0.802900 0.084823 0.134347
0 0.890827 0.152188 0.083341 0.142116
0 0.860924 0.846113 0.092490 0.130616
0 0.423212 0.093470 0.085039 0.137264
0 0.753328 0.451572 0.077318 0.149792
0 0.816108 0.100713 0.076508 0.121759
0 0.122875 0.377113 0.081885 0.142079
0 0.536573 0.508336 0.082031 0.139764
0 0.279504 0.584815 0.070878 0.142833
0 0.255283 0.349574 0.079409 0.148324
0 0.419139 0.297796 0.078529 0.147759
0 0.050951 0.264102 0.084615 0.153852
0 0.891793 0.518657 0.084893 0.133407
0 0.678658 0.098220 0.089628 0.149625
0 0.664935 0.937278 0.080406 0.125037
0 0.504091 0.651257 0.076656 0.137884
0 0.710158 0.830326 0.079799 0.129171
0 0.852832 0.279780 0.072648 0.131745
0 0.525875 0.016243 0.092865 0.032486
1 0.055888 0.579799 0.077927 0.212125
0 0.991621 0.282086 0.016758 0.145218
0 0.006504 0.944741 0.012852 0.110519
1 0.597130 0.082130 0.074750 0.136435
0 0.013273 0.573706 0.026547 0.141069
1 0.440720 0.894183 0.088643 0.131458
0 0.077333 0.972972 0.079333 0.054056
0 0.244297 0.023847 0.080057 0.047694
0 0.751082 0.970877 0.088279 0.058245
1 0.701671 0.240329 0.081352 0.141278
1 0.793895 0.652715 0.074924 0.143949
1 0.369975 0.727898 0.078273 0.162028
1 0.978376 0.943093 0.042831 0.112463
1 0.383327 0.033516 0.083367 0.067032
1 0.218586 0.787396 0.075474 0.205523
