1 0.780518 0.597956 0.082021 0.148745
1 0.786557 0.859472 0.078635 0.143380
0 0.914064 0.568113 0.080378 0.174708
0 0.800167 0.726708 0.082130 0.151148
0 0.696695 0.552398 0.073667 0.151833
0 0.719436 0.726398 0.080534 0.143694
0 0.586180 0.393153 0.075328 0.138019
0 0.033708 0.625757 0.067417 0.152912
0 0.018867 0.942870 0.037734 0.111796
1 0.662250 0.210810 0.080969 0.174667
0 0.993824 0.281537 0.012352 0.133000
0 0.011368 0.431426 0.022737 0.138648
0 0.976180 0.979049 0.046406 0.040338
1 0.033477 0.624069 0.066953 0.152509
0 0.988759 0.913058 0.022482 0.137671
0 0.044546 0.940542 0.083471 0.118917
1 0.155117 0.893556 0.092740 0.190046
1 0.264951 0.335829 0.090667 0.178935
1 0.593267 0.153433 0.080117 0.165671
1 0.143115 0.518417 0.089234 0.157361
0 0.927730 0.970194 0.062857 0.057880
1 0.313082 0.167525 0.084383 0.156347
1 0.180819 0.277715 0.086185 0.184699
0 0.983854 0.786153 0.032292 0.148769
1 0.059576 0.147352 0.085193 0.160806
1 0.297615 0.460326 0.079578 0.160171
1 0.156014 0.144907 0.076633 0.135000
0 0.761423 0.965847 0.075164 0.067722
0 0.519470 0.969463 0.086206 0.060148
0 0.622241 0.967183 0.071180 0.064671
0 0.589538 0.041551 0.078232 0.083102
0 0.035518 0.305197 0.071036 0.157801
0 0.282443 0.940991 0.083552 0.117889
0 0.185518 0.437944 0.085823 0.146148
0 0.176461 0.041500 0.083099 0.082537
0 0.349098 0.048532 0.077461 0.096315
0 0.954467 0.052139 0.087372 0.102611
0 0.076297 0.693632 0.090375 0.156949
0 0.799868 0.186153 0.075508 0.163935
0 0.505690 0.482509 0.081557 0.188852
0 0.652858 0.469150 0.097471 0.143514
0 0.404535 0.681220 0.086055 0.135301
0 0.950115 0.275241 0.083193 0.182944
0 0.527724 0.097014 0.075932 0.146704
0 0.469704 0.203762 0.083628 0.172736
0 0.237728 0.659928 0.090190 0.142153
0 0.663038 0.822972 0.081320 0.174102
0 0.976085 0.514630 0.047831 0.145843
0 0.314904 0.641025 0.082250 0.167634
0 0.105544 0.379738 0.075078 0.155014
0 0.309073 0.795567 0.077583 0.137792
0 0.228599 0.783266 0.078193 0.124468
0 0.510083 0.704558 0.080000 0.160792
0 0.959262 0.680900 0.070331 0.174097
0 0.451557 0.805861 0.074120 0.168843
0 0.874100 0.214271 0.084930 0.136745
0 0.050227 0.837972 0.090307 0.150917
0 0.562294 0.934583 0.088490 0.127833
0 0.490789 0.333424 0.087245 0.157699
0 0.370587 0.262025 0.078232 0.152903
0 0.231473 0.914782 0.089023 0.153528
0 0.560169 0.786356 0.086344 0.147519
0 0.620171 0.611995 0.083549 0.180074
0 0.858552 0.785949 0.076214 0.157796
0 0.788458 0.062718 0.086807 0.125435
0 0.379719 0.429188 0.082896 0.148718
0 0.870064 0.924870 0.080544 0.147074
0 0.554026 0.573465 0.090073 0.153551
0 0.704070 0.928139 0.086646 0.143722
0 0.797069 0.442576 0.090591 0.160190
0 0.232311 0.538389 0.080081 0.121204
0 0.407569 0.922972 0.098331 0.154000
0 0.769055 0.302736 0.094021 0.148861
