0 0.973906 0.808115 0.052187 0.087563
0 0.417305 0.878643 0.089055 0.097849
0 0.040520 0.793224 0.079539 0.099677
0 0.608715 0.107188 0.077711 0.109135
0 0.093639 0.652633 0.078754 0.104214
0 0.361346 0.065479 0.081332 0.106365
0 0.022340 0.039055 0.042766 0.075276
0 0.196801 0.687141 0.081094 0.106792
0 0.033518 0.551128 0.067035 0.105891
0 0.539668 0.520536 0.079633 0.092073
0 0.363529 0.328659 0.093277 0.094453
0 0.815033 0.035036 0.080379 0.068937
0 0.929066 0.725513 0.081133 0.101891
0 0.960756 0.409641 0.076223 0.094781
0 0.031934 0.880471 0.062820 0.090797
0 0.935014 0.966674 0.079926 0.066380
0 0.706857 0.389414 0.090387 0.106307
0 0.328727 0.274141 0.072102 0.081875
0 0.512785 0.895484 0.078727 0.108677
0 0.122768 0.449596 0.085879 0.098984
0 0.834275 0.219664 0.065270 0.086047
0 0.414604 0.617130 0.077324 0.101875
0 0.842033 0.765557 0.080590 0.090042
0 0.616518 0.525430 0.081324 0.101464
0 0.363234 0.399263 0.076312 0.089974
0 0.880023 0.062005 0.082023 0.090948
0 0.916816 0.489185 0.076242 0.096089
0 0.097375 0.747406 0.075742 0.102146
0 0.037504 0.637286 0.073445 0.101417
0 0.330605 0.606750 0.074055 0.103271
0 0.432652 0.430875 0.081109 0.108573
0 0.502535 0.767263 0.068656 0.097318
0 0.687037 0.613531 0.073832 0.097771
0 0.601795 0.930547 0.082723 0.103521
0 0.155943 0.377333 0.072637 0.089156
0 0.836744 0.678583 0.081879 0.102708
0 0.254234 0.171169 0.077414 0.104401
0 0.144367 0.966206 0.076742 0.067557
0 0.838262 0.591859 0.080141 0.096521
0 0.049252 0.217854 0.080566 0.092979
0 0.476002 0.650714 0.077137 0.096833
0 0.316559 0.920393 0.075703 0.106172
0 0.759752 0.667427 0.078379 0.102802
0 0.501412 0.303099 0.088902 0.115437
0 0.265086 0.702177 0.082789 0.107875
0 0.413277 0.136174 0.076008 0.098151
0 0.335854 0.472568 0.071824 0.091563
0 0.863934 0.300336 0.078211 0.101099
0 0.610014 0.827258 0.077105 0.111245
0 0.763236 0.566836 0.078418 0.091724
0 0.528828 0.141458 0.083672 0.110135
0 0.101375 0.151464 0.083227 0.104615
0 0.159924 0.609474 0.073988 0.099000
0 0.566842 0.340034 0.076785 0.103484
0 0.389102 0.533133 0.075703 0.102953
0 0.257996 0.531385 0.081281 0.091750
0 0.442365 0.776258 0.069816 0.104453
0 0.336512 0.812378 0.073336 0.106276
0 0.030451 0.112763 0.060902 0.092057
0 0.799449 0.160654 0.078008 0.099432
0 0.934584 0.335784 0.088121 0.108453
0 0.651975 0.702049 0.074270 0.104453
0 0.136801 0.245844 0.076859 0.095802
0 0.437998 0.954672 0.077348 0.090656
0 0.585846 0.733031 0.080027 0.109740
0 0.879846 0.153349 0.072621 0.094437
0 0.240244 0.315148 0.079832 0.104203
0 0.136984 0.060852 0.077477 0.095641
0 0.556939 0.610247 0.089645 0.116578
0 0.630869 0.253443 0.076293 0.092542
0 0.871174 0.953672 0.086715 0.092656
0 0.565834 0.439901 0.083770 0.099260
0 0.741709 0.480643 0.080855 0.097849
0 0.783729 0.379615 0.077551 0.099677
0 0.635520 0.354930 0.075531 0.095568
0 0.955875 0.890776 0.083070 0.097281
0 0.858568 0.854539 0.090465 0.104568
0 0.952740 0.193482 0.079934 0.104651
0 0.058023 0.407513 0.086516 0.101557
0 0.558068 0.236484 0.080566 0.110990
0 0.204627 0.447328 0.075363 0.100479
0 0.172824 0.872443 0.084070 0.104823
0 0.400141 0.709120 0.079898 0.095573
0 0.290814 0.776211 0.075770 0.100547
0 0.827990 0.491651 0.082754 0.102542
0 0.068521 0.311229 0.088457 0.109979
0 0.451635 0.221935 0.082582 0.108547
0 0.217850 0.087453 0.083059 0.099635
0 0.242123 0.920854 0.074035 0.104573
0 0.556000 0.013086 0.079211 0.026172
0 0.590770 0.990487 0.082531 0.019026
0 0.782195 0.984844 0.090500 0.030313
0 0.658271 0.984365 0.076332 0.031271
0 0.015045 0.955674 0.030090 0.082578
0 0.627463 0.018461 0.076785 0.036922
1 0.342639 0.194357 0.072418 0.094089
0 0.209453 0.973245 0.077734 0.051448
0 0.404092 0.019518 0.078832 0.039036
0 0.038057 0.975190 0.076113 0.047922
0 0.233783 0.021940 0.077965 0.043453
0 0.076896 0.031810 0.076809 0.060714
0 0.981271 0.483549 0.037168 0.098089
0 0.981412 0.673828 0.037176 0.097260
0 0.967088 0.029125 0.063496 0.057417
0 0.112113 0.535599 0.074344 0.091083
0 0.395828 0.991815 0.079258 0.014703
