0 0.294656 0.095343 0.096135 0.126444
0 0.011090 0.024220 0.022180 0.048440
1 0.427171 0.434007 0.090852 0.173486
0 0.992815 0.555315 0.014370 0.161269
0 0.628246 0.023942 0.099690 0.047884
0 0.312818 0.018586 0.096089 0.037171
0 0.986496 0.038815 0.027008 0.075139
0 0.981251 0.113340 0.037497 0.106384
0 0.589363 0.963502 0.080487 0.071375
0 0.967947 0.443343 0.064107 0.118843
0 0.040034 0.959824 0.079464 0.080306
0 0.973643 0.204454 0.052714 0.134926
0 0.537483 0.924132 0.089263 0.151005
0 0.268297 0.767384 0.086635 0.136120
0 0.531125 0.054475 0.100094 0.108356
0 0.972727 0.660623 0.054547 0.162495
0 0.660668 0.945229 0.080451 0.105653
0 0.821884 0.606150 0.078576 0.185106
0 0.402302 0.590081 0.090661 0.149366
0 0.311818 0.557854 0.092542 0.146634
0 0.423917 0.058528 0.085615 0.116194
0 0.618031 0.103782 0.089708 0.135713
0 0.560598 0.168414 0.098773 0.148736
1 0.895100 0.271975 0.090576 0.142477
0 0.664085 0.358255 0.085904 0.128194
0 0.082919 0.184014 0.090531 0.172667
0 0.095874 0.816373 0.087352 0.156894
0 0.891098 0.620852 0.082596 0.156574
0 0.475729 0.704937 0.090719 0.136032
0 0.160043 0.162840 0.081628 0.137088
0 0.347072 0.354458 0.093227 0.136306
0 0.344464 0.747014 0.080630 0.148509
0 0.749324 0.384245 0.086878 0.141694
0 0.919553 0.146641 0.086122 0.143394
0 0.483581 0.846431 0.092698 0.161824
0 0.283341 0.659949 0.091562 0.138481
0 0.405573 0.818961 0.091979 0.184560
0 0.275586 0.437523 0.088891 0.136519
0 0.690359 0.524910 0.076891 0.144495
0 0.088814 0.573775 0.086992 0.135458
0 0.643253 0.232208 0.088339 0.145889
0 0.176729 0.734602 0.093464 0.128370
0 0.721172 0.243333 0.080589 0.149185
0 0.046303 0.463736 0.080961 0.140722
0 0.719164 0.723875 0.091396 0.147713
0 0.769652 0.496405 0.103065 0.128597
0 0.808948 0.256259 0.079974 0.136769
0 0.751540 0.614882 0.079555 0.142449
0 0.830954 0.438042 0.085685 0.152676
0 0.045172 0.687789 0.090344 0.153745
0 0.040296 0.299329 0.080273 0.162324
0 0.309750 0.230961 0.085604 0.145338
0 0.035199 0.846722 0.070336 0.168176
0 0.961611 0.330799 0.076773 0.146421
0 0.943137 0.525056 0.096659 0.157204
0 0.372642 0.121655 0.084268 0.145014
0 0.359737 0.483572 0.082047 0.148347
0 0.131697 0.057530 0.090685 0.113875
