0 0.739042 0.963065 0.108625 0.073870
0 0.981361 0.039542 0.034628 0.077083
1 0.738499 0.523299 0.092857 0.161329
0 0.939273 0.852044 0.100349 0.160347
1 0.703111 0.863132 0.078039 0.164273
1 0.377357 0.445164 0.080359 0.139986
0 0.153241 0.966639 0.106633 0.066722
0 0.270763 0.947324 0.098490 0.102083
1 0.519763 0.529866 0.095177 0.147185
0 0.012595 0.756861 0.024185 0.146269
1 0.468391 0.744535 0.091000 0.155625
0 0.019823 0.959252 0.039010 0.081495
0 0.904159 0.943757 0.090010 0.112486
0 0.771319 0.894900 0.087674 0.149523
0 0.904191 0.111539 0.077883 0.168866
0 0.961203 0.757546 0.077594 0.149972
0 0.500655 0.306162 0.080023 0.171713
0 0.211438 0.057410 0.089901 0.111023
0 0.712081 0.288581 0.084531 0.132069
0 0.864514 0.595887 0.085737 0.158801
0 0.961083 0.420074 0.077552 0.152676
0 0.821814 0.951306 0.089523 0.097352
0 0.532305 0.042588 0.084875 0.085176
0 0.381900 0.045102 0.089935 0.088704
0 0.612456 0.923312 0.095792 0.134042
0 0.026168 0.174986 0.050352 0.155833
0 0.794680 0.369278 0.080474 0.163750
0 0.787027 0.044799 0.091617 0.089292
0 0.649525 0.195319 0.090284 0.160713
0 0.795647 0.624887 0.103753 0.146227
0 0.615995 0.066356 0.086547 0.130611
0 0.830022 0.129352 0.091169 0.147167
0 0.960516 0.267942 0.078969 0.159227
0 0.563241 0.289558 0.077534 0.134366
0 0.271934 0.339632 0.078388 0.129699
0 0.891815 0.468817 0.085094 0.150671
0 0.287958 0.079546 0.088500 0.155102
0 0.126486 0.405322 0.083268 0.156319
0 0.771121 0.216014 0.084232 0.152111
0 0.412073 0.143817 0.074432 0.133273
0 0.035145 0.483405 0.068857 0.132097
0 0.032293 0.055032 0.064586 0.110065
0 0.196172 0.641088 0.085589 0.147639
0 0.116882 0.229197 0.090482 0.177005
0 0.218648 0.212368 0.092042 0.151931
0 0.505177 0.918326 0.086974 0.127606
0 0.130612 0.073171 0.086641 0.145583
0 0.203004 0.395616 0.077674 0.165889
0 0.684030 0.374769 0.088570 0.141444
0 0.652501 0.718898 0.090154 0.168472
0 0.787703 0.762144 0.104578 0.154676
0 0.116283 0.753023 0.091445 0.162083
0 0.461829 0.445074 0.086237 0.150611
0 0.413246 0.600725 0.084794 0.155023
0 0.307048 0.220912 0.096966 0.159935
0 0.533826 0.158616 0.087313 0.151602
0 0.032672 0.862306 0.065344 0.140537
0 0.032995 0.618780 0.065990 0.160699
0 0.406796 0.930368 0.089596 0.138310
0 0.524923 0.662708 0.085945 0.146611
0 0.119307 0.574836 0.094802 0.168014
0 0.041740 0.327623 0.082823 0.155125
0 0.306237 0.663056 0.093141 0.168583
0 0.175089 0.865428 0.095911 0.154625
0 0.536008 0.802245 0.088385 0.159472
0 0.606803 0.527412 0.082971 0.154139
0 0.256245 0.795194 0.089760 0.167315
1 0.930859 0.675727 0.085781 0.126722
0 0.251591 0.528567 0.089984 0.142190
1 0.873809 0.334694 0.075508 0.134231
0 0.413155 0.322120 0.084367 0.147056
