1 0.508664 0.156257 0.075510 0.132727
1 0.644562 0.157190 0.079411 0.130204
1 0.557143 0.452051 0.088396 0.126898
0 0.474056 0.185558 0.085659 0.167394
0 0.737129 0.021153 0.081612 0.042306
0 0.009859 0.815954 0.019578 0.140231
0 0.553831 0.965002 0.070646 0.069449
0 0.977548 0.125088 0.044904 0.151306
0 0.335449 0.839600 0.095029 0.126764
0 0.426617 0.082100 0.070724 0.161116
0 0.541490 0.729623 0.060500 0.126505
0 0.588504 0.664933 0.093070 0.125903
0 0.846753 0.047171 0.105469 0.094343
0 0.631681 0.613259 0.077310 0.163926
0 0.154629 0.959935 0.077029 0.078287
0 0.475581 0.336669 0.076370 0.139394
0 0.293341 0.915130 0.075479 0.128324
0 0.205747 0.832069 0.089161 0.132648
0 0.429815 0.951840 0.073984 0.096088
0 0.806730 0.193331 0.092133 0.127755
0 0.604641 0.786743 0.083766 0.132042
0 0.643522 0.480558 0.084008 0.121412
0 0.538542 0.858796 0.090771 0.150537
0 0.662311 0.044956 0.082201 0.089912
0 0.149490 0.654079 0.081312 0.161176
0 0.479297 0.747606 0.079208 0.146769
0 0.441888 0.834669 0.076630 0.129329
0 0.942605 0.061822 0.081034 0.119134
0 0.031510 0.921542 0.062688 0.138065
0 0.845665 0.396326 0.079102 0.135736
0 0.217630 0.916296 0.077536 0.146731
0 0.378211 0.907729 0.075354 0.130569
0 0.869208 0.127671 0.080583 0.129389
0 0.725030 0.470035 0.084779 0.160819
0 0.348608 0.724764 0.081846 0.140519
0 0.364227 0.089968 0.082745 0.133528
0 0.479108 0.053424 0.073076 0.106338
0 0.025345 0.683627 0.050690 0.137588
0 0.494767 0.927532 0.077992 0.138815
0 0.673543 0.734850 0.075982 0.133162
0 0.496424 0.616681 0.070932 0.127148
0 0.425430 0.372521 0.082875 0.144292
0 0.195016 0.706150 0.080083 0.130505
0 0.619201 0.910368 0.080990 0.125440
0 0.829133 0.279718 0.073745 0.118870
0 0.558250 0.573475 0.072234 0.121051
0 0.231290 0.605588 0.081560 0.136426
0 0.621570 0.351838 0.075172 0.128231
0 0.785922 0.431132 0.074203 0.153468
0 0.245375 0.475160 0.083333 0.136912
0 0.124432 0.832840 0.081802 0.164292
0 0.682061 0.258139 0.083591 0.122611
0 0.898611 0.330113 0.077096 0.136468
0 0.050285 0.799255 0.075253 0.136000
0 0.341493 0.196039 0.086477 0.136829
0 0.695918 0.598711 0.082898 0.142847
0 0.077208 0.656479 0.079719 0.153931
0 0.355878 0.333255 0.082281 0.140287
0 0.546565 0.328981 0.074469 0.125806
0 0.905099 0.191093 0.107896 0.155269
0 0.100531 0.516433 0.071661 0.135153
0 0.298122 0.633259 0.072870 0.127981
0 0.089367 0.935981 0.072010 0.123843
0 0.171717 0.509336 0.076268 0.151051
0 0.271180 0.758699 0.074307 0.137185
0 0.410823 0.229877 0.070828 0.132505
0 0.682604 0.384354 0.077995 0.133551
0 0.336672 0.544944 0.078453 0.139296
0 0.033341 0.522046 0.066682 0.138713
0 0.963602 0.284778 0.072036 0.148898
0 0.575892 0.222160 0.079315 0.140468
0 0.419982 0.682968 0.072490 0.146481
0 0.299488 0.405042 0.077372 0.139769
0 0.754812 0.319759 0.077474 0.137157
0 0.713483 0.102030 0.075409 0.129023
0 0.359163 0.017076 0.091544 0.025042
0 0.616663 0.985023 0.083924 0.028704
0 0.005091 0.448174 0.010135 0.140079
0 0.993747 0.215521 0.012479 0.150542
0 0.006413 0.580620 0.012742 0.122046
