0 0.917807 0.473938 0.075730 0.088573
0 0.734961 0.864016 0.077570 0.101125
0 0.966391 0.937680 0.067219 0.093609
0 0.744664 0.716047 0.071766 0.086146
0 0.121662 0.230786 0.074668 0.094240
0 0.121490 0.328755 0.076371 0.087760
0 0.669732 0.237904 0.070793 0.089495
0 0.312408 0.537201 0.070777 0.090078
0 0.560217 0.138779 0.072043 0.094016
0 0.638570 0.484604 0.073242 0.084729
0 0.587928 0.220487 0.071777 0.086880
0 0.359293 0.396169 0.092305 0.123661
0 0.623871 0.749242 0.077117 0.111182
0 0.302342 0.318609 0.066996 0.089927
0 0.033869 0.346094 0.067738 0.099365
0 0.130354 0.942487 0.086684 0.114172
0 0.764154 0.440904 0.074457 0.100672
0 0.628982 0.648875 0.069207 0.090146
0 0.499555 0.569672 0.072172 0.090729
0 0.052596 0.754044 0.069191 0.092193
0 0.031082 0.952120 0.062164 0.095448
0 0.770961 0.376458 0.072203 0.090344
0 0.252621 0.127763 0.073500 0.096068
0 0.501676 0.145953 0.073633 0.103854
0 0.564514 0.820885 0.067418 0.089781
0 0.655217 0.138659 0.079895 0.104849
0 0.199113 0.505544 0.092500 0.109609
0 0.251588 0.729643 0.068559 0.089807
0 0.671945 0.791500 0.064469 0.091510
0 0.415256 0.126867 0.081402 0.107297
0 0.492023 0.658208 0.069984 0.091760
0 0.091076 0.783724 0.070285 0.095781
0 0.459633 0.932492 0.081367 0.094245
0 0.381762 0.051617 0.073781 0.083526
0 0.863648 0.218424 0.077484 0.083766
0 0.848469 0.433828 0.069555 0.109760
0 0.973572 0.859398 0.052855 0.102120
0 0.206764 0.307443 0.069152 0.085063
0 0.026646 0.845831 0.053293 0.091797
0 0.466555 0.491716 0.072141 0.088859
0 0.617143 0.952862 0.068207 0.094276
0 0.814119 0.054008 0.066113 0.094620
0 0.119424 0.041958 0.076488 0.083917
0 0.821299 0.783940 0.064535 0.086089
0 0.385850 0.828396 0.086145 0.128573
0 0.068682 0.521646 0.073910 0.104448
0 0.256109 0.827430 0.077234 0.098411
0 0.135584 0.411344 0.071379 0.090500
0 0.814408 0.563206 0.071926 0.094089
0 0.468293 0.874565 0.088961 0.111474
0 0.818104 0.968344 0.072910 0.063312
0 0.884887 0.870971 0.066273 0.087224
0 0.020156 0.556510 0.039594 0.094250
0 0.603371 0.568581 0.081828 0.109068
0 0.018986 0.078945 0.037395 0.084578
0 0.865359 0.905849 0.062984 0.080625
0 0.669590 0.979091 0.069320 0.041818
0 0.191617 0.260771 0.069797 0.092354
0 0.455135 0.201760 0.071035 0.123667
0 0.085846 0.125729 0.072238 0.083906
0 0.579178 0.050888 0.084082 0.100745
0 0.497549 0.741253 0.074199 0.100130
0 0.394549 0.575201 0.086059 0.095661
0 0.194404 0.056904 0.085355 0.105401
0 0.017869 0.019516 0.034832 0.039031
0 0.760461 0.633409 0.075422 0.092266
0 0.285148 0.480518 0.070680 0.084807
0 0.743812 0.214060 0.094609 0.116307
0 0.533576 0.487620 0.089957 0.101292
0 0.560326 0.303078 0.076324 0.118427
0 0.011512 0.316417 0.022336 0.093948
0 0.978680 0.495560 0.041828 0.084255
0 0.493113 0.375849 0.098852 0.121188
0 0.691402 0.054174 0.080297 0.106422
0 0.512551 0.984297 0.071086 0.031406
0 0.515176 0.009844 0.079062 0.019688
0 0.851670 0.145268 0.057035 0.092307
0 0.993539 0.779563 0.012922 0.091740
0 0.186889 0.018729 0.073902 0.037458
0 0.990576 0.969583 0.017684 0.060833
0 0.226240 0.432646 0.077809 0.081604
0 0.731596 0.031013 0.067887 0.062026
0 0.926682 0.013411 0.070059 0.026823
0 0.007553 0.443174 0.015105 0.100203
0 0.701391 0.665977 0.064305 0.095693
0 0.994563 0.151586 0.010562 0.105203
0 0.670990 0.029273 0.072285 0.055943
0 0.857533 0.516013 0.063895 0.083849
0 0.791238 0.991289 0.080172 0.017422
0 0.004340 0.201096 0.008406 0.098047
0 0.011896 0.902703 0.022598 0.084865
