0 0.962648 0.525789 0.074703 0.180718
0 0.040960 0.516986 0.077461 0.131704
0 0.692151 0.308963 0.087396 0.145852
0 0.857000 0.218157 0.091766 0.118759
0 0.753130 0.757854 0.082203 0.147468
0 0.648978 0.122681 0.069367 0.166019
0 0.976906 0.140750 0.046042 0.125657
0 0.569486 0.333060 0.100117 0.167676
0 0.949247 0.065741 0.085396 0.131074
0 0.224779 0.251887 0.096172 0.146958
0 0.307871 0.240884 0.085971 0.140806
0 0.817910 0.710468 0.078393 0.138250
0 0.888643 0.649519 0.089339 0.149528
0 0.366310 0.257912 0.075260 0.130981
0 0.821471 0.332627 0.092177 0.126560
0 0.036813 0.788961 0.073625 0.121134
0 0.029445 0.929741 0.058891 0.137509
0 0.080531 0.961597 0.113260 0.076806
0 0.364141 0.918285 0.089318 0.124412
0 0.244434 0.941954 0.105893 0.116093
0 0.165245 0.817606 0.100370 0.119500
0 0.261010 0.829806 0.116943 0.118028
0 0.276663 0.737394 0.137201 0.112954
0 0.351710 0.828986 0.106815 0.116389
0 0.417547 0.761049 0.113260 0.098384
0 0.714969 0.959141 0.111417 0.081718
0 0.587897 0.738949 0.102211 0.149130
0 0.620586 0.811796 0.128911 0.127852
0 0.669388 0.696389 0.108656 0.168778
0 0.689185 0.887917 0.116943 0.126213
0 0.909720 0.913289 0.112341 0.104931
0 0.912943 0.820799 0.140885 0.113116
0 0.953939 0.711204 0.092122 0.109676
0 0.865061 0.770053 0.083794 0.132764
0 0.773901 0.603079 0.080109 0.152407
0 0.397750 0.627715 0.097604 0.165338
0 0.429057 0.654727 0.081031 0.170250
0 0.509168 0.686648 0.077346 0.139148
0 0.543699 0.634264 0.074586 0.181704
0 0.600789 0.606435 0.067219 0.184981
0 0.659720 0.591701 0.069060 0.171884
0 0.801064 0.430458 0.104971 0.130963
0 0.819941 0.509032 0.091159 0.127685
0 0.910181 0.505678 0.074586 0.144218
0 0.731082 0.541775 0.069982 0.157153
0 0.747198 0.363259 0.094844 0.147491
0 0.932741 0.341160 0.104971 0.129486
0 0.857694 0.079241 0.083794 0.132759
0 0.949776 0.233937 0.091161 0.137671
0 0.774822 0.089065 0.091159 0.126213
0 0.716349 0.083333 0.090240 0.150769
0 0.588818 0.129988 0.078271 0.145856
0 0.517915 0.079241 0.104049 0.116389
0 0.321783 0.647278 0.111419 0.126213
0 0.097565 0.722581 0.121547 0.162227
0 0.105853 0.598169 0.154695 0.113116
0 0.251341 0.558060 0.086557 0.173685
0 0.256405 0.407542 0.069060 0.183343
0 0.191027 0.474657 0.083794 0.160426
0 0.116441 0.490127 0.100367 0.132764
0 0.087897 0.398456 0.093003 0.139310
0 0.152815 0.377993 0.090240 0.137671
0 0.056590 0.343616 0.109576 0.108204
0 0.121967 0.251127 0.111419 0.145856
0 0.168467 0.147176 0.116023 0.140944
0 0.066258 0.096512 0.086557 0.124412
0 0.139923 0.077604 0.101289 0.129486
0 0.288633 0.035861 0.076427 0.068917
0 0.304288 0.102160 0.087477 0.122940
0 0.437805 0.074329 0.098526 0.132759
0 0.419388 0.337069 0.126151 0.118028
0 0.843996 0.573343 0.084784 0.147620
0 0.778423 0.249141 0.083810 0.139477
