0 0.566289 0.094370 0.158922 0.188741
0 0.020492 0.581361 0.040307 0.168037
0 0.017302 0.919542 0.034604 0.160917
0 0.801940 0.965218 0.162714 0.069565
0 0.630013 0.035384 0.126443 0.070769
0 0.864852 0.061338 0.161901 0.111972
0 0.381076 0.018074 0.113109 0.032333
0 0.086375 0.940046 0.126385 0.119907
0 0.035383 0.057556 0.069464 0.112000
0 0.726732 0.519338 0.167193 0.195250
0 0.396997 0.948458 0.120776 0.103083
0 0.252779 0.208736 0.151224 0.232157
0 0.614047 0.249477 0.123312 0.207861
0 0.273260 0.048389 0.115229 0.096778
0 0.963391 0.775583 0.073219 0.215315
0 0.576758 0.819704 0.151401 0.209315
0 0.126352 0.097329 0.140484 0.194657
0 0.265385 0.922005 0.132312 0.155991
0 0.932232 0.901028 0.135349 0.197944
0 0.721076 0.118731 0.127932 0.235574
0 0.067187 0.404093 0.129344 0.237852
0 0.857531 0.181824 0.158885 0.190907
0 0.716971 0.693306 0.139245 0.198315
0 0.778711 0.849102 0.160276 0.183481
0 0.172536 0.419843 0.117760 0.256074
0 0.835031 0.662255 0.128198 0.246417
0 0.630099 0.412273 0.158385 0.204972
0 0.309286 0.680352 0.133708 0.209704
0 0.393383 0.547810 0.126807 0.241102
0 0.937424 0.590208 0.120057 0.202454
0 0.279529 0.471477 0.117682 0.228028
0 0.930031 0.268898 0.130583 0.209815
0 0.050805 0.199218 0.101609 0.231824
0 0.437148 0.812255 0.131630 0.213880
0 0.043589 0.737495 0.087177 0.202176
2 0.500266 0.234611 0.120135 0.200000
2 0.548951 0.562157 0.152130 0.201981
0 0.765339 0.345694 0.168594 0.210611
0 0.967690 0.400023 0.064620 0.207824
