1 0.314491 0.410347 0.084242 0.140148
0 0.245784 0.332060 0.075917 0.139093
0 0.498102 0.339363 0.089078 0.146375
0 0.601051 0.489532 0.083549 0.145472
0 0.829299 0.212877 0.076901 0.133106
0 0.046637 0.971569 0.087039 0.055833
0 0.866105 0.042502 0.056497 0.083634
0 0.922964 0.163162 0.082776 0.150704
0 0.579711 0.650264 0.085458 0.148213
0 0.293104 0.542975 0.081339 0.136523
0 0.737020 0.030829 0.075836 0.061657
0 0.257396 0.169609 0.086042 0.145190
0 0.370650 0.544907 0.078273 0.141528
0 0.077746 0.111785 0.082445 0.141921
0 0.021255 0.301028 0.041911 0.146509
0 0.657885 0.985780 0.085740 0.027162
0 0.682745 0.406917 0.087042 0.151074
0 0.753557 0.880655 0.083339 0.152227
0 0.671893 0.146120 0.085318 0.155380
0 0.567458 0.240991 0.090359 0.151796
0 0.652354 0.728951 0.083833 0.142708
0 0.910189 0.847123 0.075133 0.124255
0 0.388656 0.358778 0.078214 0.130630
0 0.976107 0.713215 0.047786 0.149569
0 0.322465 0.666981 0.080690 0.136333
0 0.580822 0.087204 0.080633 0.166046
0 0.759401 0.258157 0.073250 0.129324
0 0.894327 0.506854 0.086430 0.143264
0 0.495807 0.617100 0.085859 0.148995
0 0.765290 0.440618 0.084523 0.151144
0 0.146923 0.053595 0.064768 0.104569
0 0.977673 0.401382 0.044451 0.144208
0 0.398781 0.132308 0.084964 0.153847
0 0.844855 0.391238 0.090737 0.142403
0 0.243323 0.662282 0.080479 0.139185
0 0.754816 0.126801 0.083841 0.132269
0 0.253197 0.806611 0.086534 0.147509
0 0.990820 0.580877 0.017974 0.129227
0 0.822654 0.821236 0.076432 0.143898
