0 0.231389 0.163521 0.071926 0.099563
0 0.168000 0.390383 0.076414 0.094849
0 0.024670 0.915125 0.049340 0.092469
0 0.120063 0.625076 0.066672 0.092349
0 0.530992 0.667341 0.072805 0.101880
0 0.844562 0.040841 0.076234 0.081682
0 0.807031 0.145234 0.070492 0.090646
0 0.707670 0.542148 0.076371 0.099776
0 0.222086 0.037865 0.074000 0.075729
0 0.526713 0.964529 0.067121 0.070943
0 0.453311 0.179862 0.071207 0.093964
0 0.630764 0.538953 0.074152 0.100781
0 0.321168 0.541555 0.073836 0.096286
0 0.029385 0.109112 0.058770 0.105130
0 0.655682 0.276161 0.078965 0.088792
0 0.166314 0.930708 0.062371 0.097094
0 0.840299 0.125758 0.075137 0.101703
0 0.534938 0.489094 0.069078 0.088521
0 0.482572 0.525898 0.072645 0.090849
0 0.950852 0.131906 0.073062 0.093198
0 0.622971 0.344122 0.089527 0.108109
0 0.536492 0.225341 0.078203 0.094203
0 0.599482 0.510177 0.079160 0.100135
0 0.620598 0.627789 0.073680 0.095203
0 0.707055 0.405846 0.077555 0.097568
0 0.066223 0.371430 0.058492 0.087807
0 0.966021 0.203195 0.067957 0.100172
0 0.266084 0.842674 0.072426 0.099161
0 0.129699 0.790620 0.075422 0.099250
0 0.597234 0.209966 0.059477 0.098203
0 0.331383 0.273617 0.080656 0.123182
0 0.166107 0.825935 0.071605 0.097505
0 0.287412 0.327156 0.062840 0.079646
0 0.515832 0.602044 0.078391 0.101526
0 0.293760 0.888383 0.078199 0.099297
0 0.937100 0.498135 0.063715 0.097104
0 0.230150 0.931831 0.074715 0.097089
0 0.254229 0.375555 0.068012 0.088953
0 0.759904 0.660880 0.070316 0.097062
0 0.503666 0.893836 0.079691 0.101339
0 0.527619 0.136630 0.083809 0.108094
0 0.056719 0.639589 0.077711 0.099083
0 0.398799 0.278805 0.072246 0.110286
0 0.591084 0.068339 0.080746 0.100969
0 0.791758 0.233320 0.074570 0.103745
0 0.569840 0.293990 0.075156 0.100406
0 0.635549 0.893169 0.076465 0.097859
0 0.953889 0.638891 0.068660 0.105625
0 0.111107 0.533885 0.067793 0.099927
0 0.907137 0.573648 0.079648 0.107891
0 0.331506 0.156932 0.075035 0.092458
0 0.855359 0.854945 0.071969 0.087693
0 0.570717 0.859388 0.070980 0.091776
0 0.936105 0.830849 0.075437 0.095698
0 0.854959 0.363867 0.076605 0.103599
0 0.221789 0.635008 0.079328 0.112047
0 0.053264 0.551193 0.069043 0.095125
0 0.673006 0.815221 0.070887 0.096870
0 0.630051 0.139128 0.077070 0.102974
0 0.697891 0.682505 0.073719 0.100656
0 0.860344 0.747357 0.066008 0.092911
0 0.179945 0.211604 0.071539 0.093958
0 0.587824 0.422260 0.070234 0.091260
0 0.666338 0.426456 0.071184 0.100693
0 0.677234 0.925758 0.079023 0.101849
0 0.898332 0.253542 0.075422 0.102594
0 0.321994 0.395112 0.063309 0.087411
0 0.897563 0.161719 0.067578 0.100396
0 0.207613 0.452430 0.067867 0.102922
0 0.639203 0.712977 0.068391 0.099380
0 0.352707 0.835667 0.079719 0.102490
0 0.387154 0.380086 0.078480 0.106078
0 0.402922 0.096919 0.075508 0.090734
0 0.115688 0.205057 0.066609 0.086510
0 0.425330 0.573781 0.068934 0.090094
0 0.053270 0.739180 0.073805 0.098411
0 0.834006 0.546299 0.073879 0.091943
0 0.305193 0.767169 0.074535 0.097359
0 0.158803 0.044117 0.069293 0.086901
0 0.961475 0.289482 0.076129 0.097693
0 0.370104 0.724362 0.085598 0.106026
0 0.791693 0.329828 0.077715 0.107740
0 0.227770 0.764451 0.072008 0.095370
0 0.287975 0.680049 0.084348 0.104630
0 0.610920 0.792919 0.071621 0.097203
0 0.771916 0.573128 0.066410 0.095953
0 0.390836 0.181573 0.064781 0.101781
0 0.108545 0.704688 0.070770 0.093583
0 0.457051 0.929841 0.079750 0.106620
0 0.805617 0.918951 0.072539 0.098255
0 0.453391 0.412047 0.076055 0.092177
0 0.171959 0.694922 0.074441 0.100177
0 0.958609 0.379312 0.074484 0.091990
0 0.459398 0.653203 0.073430 0.110698
0 0.444877 0.822414 0.078027 0.099995
0 0.077549 0.454482 0.075121 0.097839
0 0.728543 0.761169 0.072719 0.092547
0 0.079541 0.872229 0.078207 0.096281
0 0.781584 0.436820 0.084559 0.102078
0 0.697859 0.051810 0.073000 0.101141
0 0.520764 0.803706 0.076176 0.102120
0 0.056490 0.196443 0.069270 0.098615
0 0.820871 0.634237 0.072219 0.091182
1 0.513762 0.338865 0.063852 0.097792
1 0.900379 0.903849 0.085852 0.090406
0 0.990201 0.855003 0.018949 0.095380
0 0.176254 0.125583 0.070703 0.088635
0 0.230900 0.011148 0.071535 0.022297
0 0.481822 0.812167 0.149684 0.097094
0 0.008000 0.310677 0.016000 0.098802
0 0.007975 0.975242 0.015488 0.049516
0 0.271736 0.976893 0.073652 0.044255
0 0.861977 0.971010 0.085164 0.057365
0 0.421793 0.990042 0.084953 0.019917
0 0.572102 0.691961 0.078586 0.102391
0 0.528541 0.029076 0.074965 0.058151
0 0.993488 0.324089 0.013023 0.093740
0 0.977953 0.875352 0.044094 0.104599
0 0.573006 0.017185 0.074496 0.033484
0 0.562555 0.730057 0.077172 0.094219
0 0.353611 0.627773 0.082598 0.100026
0 0.469789 0.017826 0.071180 0.035651
0 0.031377 0.031839 0.062754 0.062729
0 0.216016 0.308367 0.074891 0.097286
0 0.990943 0.630456 0.018113 0.095901
0 0.026328 0.474201 0.051797 0.114297
0 0.727342 0.980615 0.075387 0.037542
0 0.392834 0.031656 0.063176 0.060062
0 0.770760 0.977346 0.072160 0.042651
0 0.183039 0.529516 0.090695 0.114448
0 0.183801 0.982995 0.073047 0.034010
0 0.302189 0.016034 0.068902 0.032068
0 0.990404 0.424411 0.018926 0.098688
0 0.124699 0.323755 0.080227 0.102198
0 0.773230 0.057849 0.081609 0.115271
0 0.093578 0.041172 0.073539 0.081323
0 0.227904 0.266586 0.076043 0.098078
0 0.506381 0.056128 0.077004 0.093755
0 0.976092 0.754417 0.047816 0.127198
0 0.325537 0.071570 0.095574 0.101130
0 0.015191 0.193565 0.029930 0.101911
0 0.590260 0.953456 0.078887 0.087203
0 0.251613 0.578549 0.070477 0.100932
0 0.643264 0.025424 0.076098 0.049943
0 0.460756 0.265862 0.065684 0.088214
0 0.144471 0.129362 0.077527 0.100411
0 0.482895 0.343763 0.078211 0.096859
0 0.936832 0.973148 0.075977 0.052047
0 0.045404 0.972448 0.071582 0.052667
0 0.096922 0.969503 0.077469 0.060995
0 0.709383 0.493565 0.078344 0.091880
0 0.459352 0.131122 0.069227 0.090734
0 0.718537 0.319440 0.074598 0.094609
0 0.016434 0.579096 0.032125 0.098984
0 0.982807 0.959784 0.034137 0.078380
0 0.376516 0.939870 0.090063 0.120240
0 0.086297 0.092753 0.069367 0.104745
0 0.017605 0.690245 0.035211 0.098385
0 0.498777 0.254023 0.077102 0.094984
0 0.781937 0.709156 0.075695 0.088885
0 0.701264 0.152773 0.087941 0.127943
0 0.265031 0.185828 0.071914 0.100885
0 0.279588 0.466672 0.097176 0.106750
0 0.282383 0.589500 0.074125 0.095729
0 0.521965 0.433745 0.076125 0.094979
0 0.902537 0.028148 0.067551 0.055453
0 0.661646 0.618969 0.067191 0.092906
0 0.918062 0.722081 0.073727 0.122349
0 0.029180 0.331539 0.058359 0.118953
0 0.433275 0.490833 0.090035 0.103521
0 0.145338 0.436260 0.073012 0.095604
0 0.978180 0.511385 0.043641 0.108292
0 0.881396 0.445922 0.095527 0.105792
0 0.733824 0.289042 0.070539 0.093010
0 0.346572 0.008010 0.072105 0.016021
0 0.750969 0.856737 0.078008 0.121859
0 0.150820 0.299547 0.072633 0.095302
