0 0.654320 0.886095 0.077557 0.150560
0 0.258766 0.045088 0.085344 0.090176
0 0.873564 0.852005 0.089581 0.157000
0 0.930268 0.548491 0.074776 0.137954
0 0.436220 0.583271 0.088612 0.143644
0 0.843458 0.056500 0.092583 0.113000
0 0.920790 0.664477 0.086956 0.154741
0 0.791064 0.908153 0.098560 0.144694
0 0.341391 0.856199 0.084224 0.148926
0 0.465249 0.210509 0.093419 0.133815
0 0.069198 0.109738 0.082229 0.147560
0 0.707857 0.459426 0.086339 0.129213
0 0.486539 0.948350 0.075260 0.098875
0 0.340772 0.954792 0.074305 0.087176
0 0.456326 0.781081 0.093682 0.152449
0 0.540983 0.871914 0.084299 0.145690
0 0.176579 0.207720 0.072904 0.116125
0 0.035277 0.422125 0.068956 0.132389
0 0.615467 0.281222 0.083982 0.152889
0 0.462323 0.455032 0.084703 0.143630
0 0.046969 0.322359 0.093786 0.146032
0 0.503677 0.119866 0.091922 0.136528
0 0.277667 0.342782 0.080453 0.155278
0 0.979874 0.449375 0.040253 0.149907
0 0.631572 0.444062 0.080961 0.146116
0 0.686876 0.073035 0.105289 0.146069
0 0.248876 0.830113 0.093732 0.150329
0 0.899693 0.205657 0.076714 0.157481
0 0.551848 0.502806 0.086773 0.165065
0 0.065853 0.226516 0.101138 0.137931
0 0.219862 0.932465 0.084297 0.134356
0 0.965882 0.286981 0.068237 0.149944
0 0.048046 0.515583 0.085305 0.141269
0 0.567260 0.054725 0.084422 0.108282
0 0.346344 0.479104 0.087151 0.140468
0 0.988586 0.736609 0.022406 0.141903
0 0.963285 0.141130 0.073055 0.163444
0 0.361178 0.578069 0.098909 0.135787
0 0.595017 0.819391 0.085018 0.130773
0 0.385648 0.266924 0.090896 0.150912
0 0.715372 0.183637 0.091599 0.134782
0 0.281034 0.962028 0.082891 0.071991
0 0.616733 0.730220 0.086065 0.142356
0 0.753505 0.270824 0.080812 0.127704
0 0.345078 0.033424 0.096146 0.062949
0 0.013220 0.656988 0.025539 0.157671
0 0.047417 0.640850 0.079458 0.161366
0 0.219454 0.427863 0.081867 0.129995
0 0.616167 0.145718 0.095203 0.165954
0 0.462859 0.323037 0.090005 0.151417
0 0.242708 0.243750 0.090875 0.137630
0 0.322505 0.196063 0.089146 0.169227
0 0.144368 0.314593 0.074419 0.133963
0 0.411538 0.873752 0.083070 0.149495
0 0.126779 0.498606 0.077396 0.127852
0 0.133736 0.087884 0.079810 0.148898
0 0.393145 0.682877 0.083336 0.146218
0 0.766740 0.059431 0.076891 0.118861
0 0.203379 0.110924 0.084076 0.150597
0 0.400453 0.388949 0.089083 0.147787
0 0.608733 0.604523 0.081831 0.153231
0 0.284443 0.693387 0.075703 0.136921
0 0.853809 0.463438 0.074185 0.130014
0 0.679547 0.285130 0.085708 0.157694
0 0.664354 0.533417 0.083578 0.146750
0 0.028310 0.912639 0.053839 0.154500
0 0.017322 0.056326 0.034643 0.106838
0 0.269020 0.477671 0.083268 0.157583
0 0.489671 0.683373 0.074846 0.158671
0 0.187318 0.601606 0.095052 0.153046
0 0.114695 0.617836 0.078990 0.154856
0 0.365646 0.129711 0.073547 0.139310
0 0.120840 0.952162 0.080289 0.091926
0 0.418576 0.059394 0.091682 0.114731
0 0.908246 0.091963 0.094039 0.130769
0 0.337017 0.365912 0.083799 0.132426
0 0.209457 0.309632 0.081935 0.162218
