1 0.889507 0.435174 0.094336 0.146801
1 0.857867 0.339104 0.114083 0.160736
1 0.966456 0.462097 0.067089 0.153657
1 0.389219 0.180900 0.083203 0.167931
1 0.521391 0.329681 0.090260 0.157241
0 0.159129 0.014056 0.072607 0.027796
0 0.359263 0.027032 0.087490 0.054065
0 0.011018 0.534921 0.022036 0.177769
0 0.018414 0.389472 0.034745 0.143454
0 0.872980 0.022882 0.097789 0.045764
0 0.258484 0.955065 0.079208 0.087444
0 0.961887 0.033727 0.076227 0.067454
0 0.811814 0.439676 0.064711 0.112037
0 0.152236 0.934757 0.086221 0.130486
0 0.033025 0.946602 0.064883 0.100370
0 0.979379 0.333308 0.040878 0.155088
0 0.495671 0.032838 0.075263 0.063796
0 0.598996 0.345891 0.097242 0.171458
0 0.724260 0.054903 0.083135 0.108972
0 0.642753 0.033127 0.081760 0.066255
0 0.081884 0.921317 0.075602 0.155718
0 0.192193 0.862433 0.105979 0.171384
0 0.397618 0.956204 0.083727 0.086630
0 0.225841 0.127812 0.097396 0.133440
0 0.787806 0.293028 0.092753 0.183037
0 0.976186 0.116780 0.047227 0.163801
0 0.563413 0.848907 0.087737 0.186519
0 0.215671 0.751551 0.092258 0.194398
0 0.784698 0.544197 0.100219 0.171301
0 0.425906 0.050282 0.082922 0.100565
0 0.597875 0.213757 0.094651 0.164940
0 0.456785 0.147745 0.080768 0.157324
0 0.219611 0.041370 0.084716 0.080769
0 0.441829 0.407863 0.091096 0.168356
0 0.311538 0.406192 0.097065 0.164931
0 0.679491 0.322245 0.090820 0.176583
0 0.132361 0.707252 0.086169 0.167875
0 0.511107 0.462701 0.094656 0.158597
0 0.687626 0.868028 0.094602 0.184852
0 0.390109 0.849794 0.099380 0.164458
0 0.327878 0.940718 0.075115 0.118000
0 0.469398 0.583370 0.093115 0.152056
0 0.257126 0.297461 0.073305 0.148356
0 0.376742 0.494831 0.085172 0.172616
0 0.563285 0.577979 0.085799 0.167764
0 0.529603 0.123363 0.082784 0.157449
0 0.403339 0.699528 0.087703 0.157935
0 0.276849 0.715329 0.089443 0.168750
0 0.271298 0.521007 0.088565 0.151440
