0 0.068322 0.815820 0.066715 0.086797
0 0.268484 0.248292 0.073398 0.089250
0 0.713088 0.965859 0.079059 0.068281
0 0.819465 0.679701 0.074477 0.096203
0 0.874559 0.804659 0.081563 0.074307
0 0.017238 0.821331 0.034477 0.104089
0 0.645072 0.664844 0.070348 0.088250
0 0.155377 0.793648 0.072168 0.091703
0 0.691201 0.464341 0.078824 0.087359
0 0.339936 0.687352 0.068145 0.100047
0 0.125158 0.335721 0.069191 0.085589
0 0.112080 0.887068 0.068871 0.097906
0 0.805846 0.962513 0.072777 0.074974
0 0.932365 0.742586 0.075129 0.105661
0 0.918207 0.656698 0.079180 0.088427
0 0.144545 0.420591 0.081309 0.102953
0 0.969463 0.568536 0.060871 0.083604
0 0.561355 0.184753 0.068445 0.093016
0 0.035523 0.200346 0.069898 0.122682
0 0.362861 0.381443 0.078863 0.078104
0 0.852412 0.874826 0.072395 0.079568
0 0.706594 0.611794 0.065945 0.114953
0 0.871961 0.734417 0.070031 0.077063
0 0.177709 0.567922 0.072168 0.087927
0 0.114920 0.522227 0.066340 0.102818
0 0.711254 0.068792 0.066648 0.098479
0 0.037047 0.694198 0.072367 0.095333
0 0.269580 0.579466 0.092332 0.111057
0 0.353141 0.466026 0.066711 0.095312
0 0.161301 0.928755 0.067742 0.119812
0 0.346785 0.294750 0.075523 0.106521
0 0.674816 0.011232 0.066727 0.022068
0 0.009596 0.500289 0.017941 0.094005
0 0.761709 0.466018 0.060418 0.101630
0 0.497504 0.039490 0.073266 0.078229
0 0.076129 0.164039 0.067633 0.100891
0 0.707084 0.233122 0.070488 0.098547
0 0.193154 0.337672 0.070145 0.100292
0 0.068939 0.293805 0.076215 0.115276
0 0.641699 0.416857 0.078086 0.088839
0 0.858303 0.977375 0.065902 0.045250
0 0.710266 0.887531 0.079875 0.093854
0 0.918197 0.969068 0.071004 0.061865
0 0.314195 0.609042 0.076688 0.087865
0 0.017576 0.236966 0.034715 0.086557
0 0.036221 0.423891 0.070184 0.091635
0 0.502902 0.974198 0.055594 0.051000
0 0.588293 0.320672 0.065961 0.099229
0 0.647846 0.545687 0.076574 0.093281
0 0.755832 0.774633 0.061914 0.092943
0 0.976486 0.758227 0.047027 0.091401
0 0.089102 0.605018 0.069344 0.109536
0 0.448510 0.973146 0.068582 0.053708
1 0.018572 0.330112 0.037145 0.085589
1 0.372889 0.190247 0.075176 0.093589
1 0.754514 0.195135 0.070277 0.110396
1 0.740676 0.321753 0.069563 0.113276
1 0.610080 0.085641 0.077887 0.081271
1 0.801285 0.321799 0.066055 0.114849
1 0.956480 0.858367 0.071094 0.096172
1 0.242846 0.764401 0.074949 0.096406
1 0.209973 0.949677 0.063141 0.100385
1 0.047633 0.510284 0.067344 0.091047
1 0.754723 0.638190 0.057875 0.130589
1 0.084625 0.740391 0.076305 0.084844
1 0.150352 0.637143 0.078656 0.108370
1 0.652119 0.317924 0.070457 0.108328
1 0.204580 0.452974 0.078605 0.107135
1 0.029660 0.601336 0.058914 0.097464
0 0.546883 0.034797 0.096852 0.069594
1 0.206098 0.675779 0.070805 0.102099
0 0.994584 0.677013 0.010512 0.090703
1 0.629180 0.217076 0.076555 0.086682
1 0.232836 0.534878 0.073148 0.089286
0 0.005227 0.402862 0.009852 0.092797
0 0.269391 0.991068 0.087031 0.017729
0 0.992213 0.978495 0.015176 0.043010
1 0.668914 0.143682 0.061852 0.076969
0 0.995645 0.833924 0.008539 0.089432
1 0.269645 0.681667 0.075836 0.096896
1 0.421059 0.455987 0.073086 0.091474
