0 0.836924 0.048493 0.091984 0.096819
0 0.839948 0.554380 0.101641 0.155324
0 0.301484 0.107560 0.097281 0.158454
0 0.361602 0.205155 0.113729 0.146144
0 0.184783 0.189470 0.092867 0.163606
0 0.834398 0.899676 0.096286 0.184259
0 0.067570 0.741678 0.090000 0.144792
0 0.018467 0.489979 0.035940 0.138505
0 0.480988 0.159956 0.100779 0.145245
0 0.243898 0.848007 0.094031 0.138838
0 0.288967 0.906803 0.081409 0.144995
0 0.024026 0.393400 0.047995 0.143931
0 0.186296 0.061924 0.080992 0.123699
0 0.979473 0.943141 0.041055 0.104394
0 0.767031 0.952780 0.107068 0.087838
0 0.711704 0.034949 0.088914 0.069898
0 0.309953 0.785734 0.094036 0.154495
0 0.716292 0.427775 0.103797 0.166356
0 0.991848 0.249465 0.016305 0.158912
0 0.043542 0.354007 0.087083 0.161968
0 0.037490 0.825926 0.072521 0.139009
0 0.030741 0.706796 0.061482 0.155417
0 0.590318 0.949586 0.082708 0.095662
0 0.663596 0.377836 0.086656 0.159292
0 0.625775 0.642271 0.093987 0.160931
0 0.363238 0.315449 0.106180 0.140889
0 0.498883 0.255528 0.091531 0.134019
0 0.028329 0.172428 0.054404 0.134588
0 0.086862 0.864234 0.098026 0.164403
0 0.763813 0.073715 0.086766 0.145005
0 0.175327 0.410819 0.098555 0.151241
0 0.130570 0.097315 0.098240 0.162222
0 0.954911 0.871975 0.090177 0.171616
0 0.104280 0.337500 0.090888 0.165722
0 0.695176 0.535755 0.092206 0.138685
0 0.703109 0.639375 0.088979 0.139852
0 0.484770 0.786905 0.104138 0.137782
0 0.432878 0.272363 0.078708 0.148579
0 0.891099 0.795787 0.086615 0.156426
0 0.725911 0.767414 0.097281 0.171681
0 0.031128 0.068269 0.061063 0.131907
0 0.495725 0.358197 0.105560 0.152273
0 0.291143 0.672495 0.089495 0.157704
0 0.304579 0.548875 0.084810 0.160917
0 0.533661 0.444539 0.101682 0.171681
0 0.143204 0.577208 0.086122 0.150204
0 0.358827 0.573493 0.080638 0.175653
0 0.207930 0.596275 0.079245 0.152560
0 0.301648 0.417986 0.084047 0.152852
0 0.112464 0.465065 0.097781 0.155389
0 0.527648 0.930125 0.092359 0.131241
0 0.270911 0.052736 0.108328 0.100000
0 0.647208 0.514289 0.081125 0.146931
0 0.605082 0.482192 0.083534 0.151208
0 0.082743 0.962208 0.080242 0.075583
0 0.371176 0.058440 0.098779 0.105704
0 0.242427 0.950808 0.086661 0.092727
0 0.897566 0.924405 0.089148 0.151190
0 0.683651 0.234447 0.106000 0.149912
0 0.531706 0.664600 0.085599 0.166884
0 0.861590 0.453912 0.099362 0.159102
0 0.452124 0.705238 0.094029 0.150532
0 0.732198 0.295190 0.094089 0.162194
0 0.656440 0.900822 0.092339 0.158412
0 0.771796 0.859639 0.100388 0.161880
0 0.891240 0.191405 0.099099 0.147366
0 0.932608 0.107743 0.093393 0.129995
0 0.960068 0.728813 0.078224 0.151329
0 0.425936 0.467646 0.084904 0.154773
0 0.692734 0.116285 0.086578 0.150236
0 0.821674 0.736340 0.091167 0.155023
0 0.046372 0.574361 0.091979 0.156843
0 0.221163 0.709586 0.088690 0.146736
0 0.920587 0.402271 0.090721 0.153319
0 0.368128 0.878475 0.092646 0.168968
0 0.570595 0.754579 0.095997 0.156167
0 0.084208 0.225926 0.097557 0.142574
0 0.462841 0.066623 0.086651 0.132301
0 0.280603 0.309523 0.078633 0.146324
0 0.569073 0.572616 0.094328 0.152713
0 0.790848 0.611002 0.094534 0.147431
0 0.210172 0.313206 0.089552 0.142819
0 0.127755 0.683532 0.095667 0.138935
0 0.363202 0.729088 0.086768 0.160565
0 0.538689 0.069243 0.093227 0.138486
0 0.763971 0.500437 0.085339 0.158144
0 0.365809 0.421400 0.083602 0.146977
0 0.396625 0.114512 0.091260 0.145375
0 0.657889 0.739109 0.091664 0.163829
0 0.881091 0.304690 0.086141 0.147528
0 0.952698 0.300211 0.094130 0.155282
0 0.468224 0.889509 0.108630 0.132287
0 0.893396 0.659470 0.090875 0.160838
0 0.814384 0.356669 0.089633 0.155995
