0 0.020871 0.847346 0.040953 0.099911
0 0.072359 0.825859 0.062805 0.094531
0 0.685611 0.300409 0.067129 0.101370
0 0.074430 0.135250 0.083625 0.104188
0 0.977297 0.032313 0.042812 0.060333
0 0.359209 0.139760 0.077480 0.079385
0 0.638736 0.415604 0.084457 0.099187
0 0.956719 0.505188 0.072523 0.090906
0 0.349891 0.497516 0.076320 0.108333
0 0.031422 0.030255 0.062844 0.058979
0 0.804695 0.572833 0.071117 0.100365
0 0.974490 0.817195 0.050332 0.118922
0 0.369627 0.215784 0.070027 0.088120
0 0.513687 0.548724 0.070539 0.099344
0 0.024307 0.686875 0.048613 0.114729
0 0.834838 0.508758 0.059957 0.109932
0 0.359072 0.750005 0.072574 0.096510
0 0.651963 0.847695 0.066465 0.099714
0 0.812879 0.871870 0.066195 0.090240
0 0.218570 0.863000 0.088914 0.101906
0 0.365754 0.382237 0.055500 0.087099
0 0.620117 0.040570 0.071844 0.065807
0 0.146723 0.397141 0.071523 0.088760
0 0.982420 0.970346 0.035160 0.059307
0 0.608689 0.749964 0.070582 0.093302
0 0.173730 0.499398 0.086078 0.096755
0 0.707527 0.528664 0.074938 0.106922
0 0.217807 0.347984 0.083051 0.133260
0 0.695312 0.976924 0.080180 0.046151
0 0.250141 0.659523 0.072297 0.105203
0 0.592275 0.925169 0.084816 0.087797
0 0.434654 0.013172 0.072855 0.026344
0 0.233365 0.942620 0.072816 0.082927
0 0.050807 0.021219 0.080059 0.042438
0 0.721592 0.074042 0.073645 0.099927
0 0.482307 0.904065 0.063738 0.091224
0 0.584752 0.389633 0.059668 0.090422
0 0.348807 0.096135 0.065082 0.085656
0 0.727684 0.967479 0.062102 0.065042
0 0.023361 0.100812 0.046723 0.115781
0 0.309047 0.990042 0.082477 0.018740
0 0.201561 0.462391 0.076809 0.093448
0 0.987293 0.163406 0.025414 0.126760
0 0.382221 0.861018 0.063598 0.083630
0 0.725293 0.365268 0.077172 0.084557
0 0.332756 0.459917 0.069145 0.088031
0 0.037361 0.350937 0.074723 0.090510
0 0.009068 0.931016 0.018035 0.111073
0 0.752623 0.829940 0.074660 0.099901
0 0.635918 0.716102 0.067437 0.083057
0 0.018398 0.555951 0.036797 0.111943
0 0.165217 0.650885 0.075480 0.079625
0 0.684367 0.610641 0.070703 0.077906
0 0.607846 0.959544 0.082715 0.080911
0 0.014738 0.525599 0.028555 0.094979
0 0.051604 0.072635 0.073645 0.087604
0 0.843451 0.276323 0.065441 0.083521
0 0.992158 0.452768 0.013488 0.119109
0 0.023383 0.314148 0.046766 0.068609
0 0.307365 0.008971 0.072340 0.017943
0 0.577787 0.976258 0.075707 0.047484
0 0.136975 0.027854 0.069434 0.055708
0 0.254225 0.962701 0.087441 0.074599
0 0.411578 0.970742 0.086203 0.058516
0 0.642016 0.600057 0.073578 0.109073
0 0.381357 0.632232 0.063277 0.093391
0 0.100418 0.841789 0.077312 0.095276
0 0.892570 0.981198 0.079008 0.037604
0 0.544979 0.578096 0.066410 0.094568
0 0.679363 0.536302 0.076484 0.089010
0 0.520678 0.969359 0.084488 0.061281
0 0.901459 0.251833 0.069145 0.101469
0 0.222154 0.154664 0.075809 0.097089
0 0.385311 0.029576 0.080145 0.059151
0 0.654330 0.459682 0.071848 0.091583
0 0.145090 0.688953 0.082000 0.101573
0 0.794230 0.448151 0.073617 0.099792
0 0.963459 0.365083 0.069871 0.091292
0 0.789686 0.134049 0.069816 0.092359
0 0.938682 0.543776 0.070168 0.101844
0 0.736139 0.249487 0.074395 0.092984
0 0.405107 0.817792 0.072973 0.117469
0 0.294609 0.760042 0.069672 0.090823
0 0.962543 0.631078 0.071352 0.113573
0 0.479105 0.689745 0.074727 0.107729
0 0.189309 0.062924 0.077672 0.089724
0 0.101080 0.446846 0.060223 0.088911
0 0.697053 0.753607 0.091324 0.086536
0 0.419471 0.947404 0.087426 0.082318
0 0.306092 0.912167 0.081996 0.118490
0 0.919205 0.413299 0.073746 0.086651
0 0.221227 0.248526 0.082133 0.095219
0 0.518391 0.327172 0.070586 0.087833
0 0.456328 0.588560 0.066859 0.094568
0 0.499045 0.022378 0.065051 0.044755
0 0.413480 0.079760 0.078102 0.086500
0 0.900205 0.127987 0.079863 0.102714
0 0.611436 0.868945 0.079168 0.103786
0 0.475205 0.103096 0.073793 0.102380
0 0.762869 0.345391 0.069387 0.075313
0 0.121146 0.091698 0.077629 0.109990
0 0.697957 0.040094 0.062070 0.080188
0 0.889115 0.774313 0.082871 0.094542
0 0.133129 0.166180 0.078375 0.091057
0 0.478439 0.781867 0.080824 0.103714
0 0.232514 0.549714 0.065613 0.098208
0 0.896090 0.038714 0.073312 0.077427
0 0.419143 0.516721 0.074910 0.114870
0 0.152623 0.577026 0.072254 0.095781
0 0.791844 0.076953 0.081391 0.083552
0 0.291418 0.199909 0.069078 0.093193
0 0.139541 0.238503 0.076324 0.080474
0 0.898350 0.828635 0.081137 0.104760
0 0.824273 0.025620 0.082414 0.050927
0 0.759807 0.732904 0.073887 0.115578
0 0.630824 0.165326 0.083672 0.092099
0 0.131107 0.349958 0.074355 0.093969
0 0.596738 0.653628 0.081109 0.111266
0 0.030131 0.476536 0.060262 0.097885
0 0.247816 0.786326 0.069016 0.101870
0 0.068088 0.237878 0.082035 0.111453
0 0.232336 0.034667 0.068211 0.069333
0 0.440973 0.639404 0.072148 0.110849
0 0.463660 0.352443 0.063492 0.120385
0 0.770859 0.951115 0.088227 0.090917
0 0.830205 0.153706 0.073426 0.108443
0 0.492828 0.428937 0.075891 0.091552
0 0.409252 0.345323 0.062480 0.108802
0 0.901137 0.455367 0.073398 0.096557
3 0.241945 0.409763 0.059859 0.083391
3 0.755906 0.413599 0.062531 0.085083
0 0.686527 0.673586 0.081578 0.097536
0 0.966766 0.727974 0.066469 0.096542
0 0.908410 0.923948 0.077234 0.099271
0 0.507164 0.244870 0.066523 0.092510
0 0.366609 0.289070 0.070555 0.099484
0 0.241379 0.693190 0.073141 0.100620
0 0.338824 0.626443 0.081937 0.105656
0 0.429111 0.422706 0.065410 0.089276
0 0.031398 0.393581 0.062797 0.091839
0 0.016865 0.240401 0.032926 0.104813
0 0.945732 0.118622 0.076363 0.093547
0 0.728531 0.164492 0.067625 0.087703
0 0.090354 0.628310 0.065004 0.089828
0 0.417391 0.216659 0.085844 0.094589
0 0.144631 0.960310 0.080473 0.079380
0 0.527361 0.376654 0.074410 0.098214
0 0.813959 0.276492 0.074355 0.088255
0 0.173516 0.274521 0.082453 0.097938
0 0.281193 0.360417 0.070824 0.082698
0 0.628146 0.324906 0.065152 0.093740
0 0.569967 0.437237 0.071105 0.094036
0 0.103598 0.523615 0.075914 0.094198
0 0.317553 0.576609 0.075863 0.086323
0 0.818918 0.696521 0.075469 0.105854
0 0.159324 0.871964 0.074281 0.108750
0 0.511475 0.160883 0.078465 0.096526
0 0.293555 0.057919 0.070375 0.101182
0 0.613156 0.238339 0.079055 0.096219
0 0.528990 0.638776 0.074027 0.097958
0 0.562564 0.276086 0.066418 0.100620
0 0.568367 0.744211 0.077281 0.105766
0 0.634686 0.098234 0.079676 0.080771
0 0.542648 0.046383 0.065492 0.084807
0 0.777586 0.609773 0.072383 0.106974
