0 0.929398 0.509481 0.080151 0.118926
0 0.515477 0.802296 0.068964 0.118870
0 0.831667 0.271597 0.093927 0.132509
0 0.047026 0.227370 0.075552 0.125204
0 0.516497 0.665231 0.089839 0.161333
0 0.237354 0.552440 0.074500 0.136157
0 0.310586 0.614495 0.076401 0.135306
0 0.673198 0.115343 0.074552 0.132278
0 0.770352 0.339310 0.077068 0.125676
0 0.928401 0.129144 0.078917 0.129213
0 0.385151 0.410042 0.083125 0.134435
0 0.814776 0.405514 0.085792 0.134380
0 0.237273 0.360630 0.081495 0.128333
0 0.616589 0.269708 0.080292 0.139657
0 0.154711 0.354894 0.083891 0.146528
0 0.772609 0.519838 0.091531 0.141750
0 0.669773 0.398000 0.076964 0.126815
4 0.442380 0.674134 0.067260 0.120676
0 0.431250 0.628069 0.071708 0.119306
4 0.583930 0.754731 0.096359 0.150463
0 0.366286 0.645852 0.073219 0.145648
0 0.006357 0.663329 0.012651 0.149046
0 0.127677 0.162315 0.090083 0.150481
0 0.978763 0.765310 0.042474 0.156491
0 0.544273 0.455130 0.090255 0.167074
0 0.124706 0.227435 0.080130 0.122148
0 0.100094 0.408685 0.053427 0.126926
0 0.415596 0.210120 0.074422 0.128407
0 0.081281 0.767324 0.078302 0.134037
0 0.773807 0.208745 0.069219 0.140176
0 0.327677 0.974347 0.085073 0.050065
0 0.611174 0.146722 0.066516 0.135796
0 0.364578 0.166060 0.069385 0.139028
0 0.755258 0.821449 0.089578 0.192546
0 0.940518 0.627921 0.091589 0.142194
0 0.441023 0.918639 0.094964 0.162722
0 0.709359 0.222657 0.088437 0.144296
0 0.145721 0.471606 0.074120 0.115009
0 0.995497 0.606282 0.008526 0.137565
0 0.891299 0.917236 0.086547 0.161546
0 0.540758 0.960815 0.078526 0.076815
0 0.301023 0.845917 0.076286 0.133222
0 0.882932 0.046639 0.073302 0.089519
0 0.920724 0.779042 0.092708 0.152269
0 0.976714 0.457245 0.046573 0.125806
0 0.042060 0.853884 0.074849 0.126565
0 0.009253 0.068347 0.018276 0.127917
0 0.242122 0.063625 0.074411 0.127250
0 0.295164 0.469394 0.076380 0.159380
0 0.865544 0.180681 0.073703 0.166046
0 0.199354 0.661866 0.089365 0.132435
0 0.299646 0.139745 0.076844 0.142398
0 0.042904 0.584111 0.083536 0.142778
0 0.126089 0.653389 0.070667 0.130537
0 0.210448 0.234417 0.088865 0.145611
0 0.627227 0.043204 0.088203 0.085685
0 0.339430 0.888884 0.088370 0.134120
0 0.727089 0.035407 0.074115 0.070815
0 0.682120 0.532870 0.091010 0.152370
0 0.990216 0.914194 0.019568 0.154537
0 0.016234 0.328884 0.032469 0.131009
0 0.137401 0.838699 0.084031 0.168861
0 0.634839 0.967287 0.062333 0.060296
0 0.599099 0.880250 0.102500 0.142241
0 0.510698 0.343431 0.106594 0.160194
0 0.018682 0.057856 0.037365 0.112139
0 0.067461 0.712861 0.084901 0.142352
0 0.717378 0.671435 0.098234 0.152370
0 0.835169 0.910801 0.056255 0.176194
0 0.017299 0.936245 0.034464 0.127509
0 0.400370 0.744106 0.068281 0.117491
0 0.288383 0.289819 0.065276 0.143398
0 0.419086 0.059458 0.110005 0.115991
