0 0.025749 0.142560 0.050966 0.111694
0 0.875715 0.727500 0.073279 0.111315
0 0.385835 0.527157 0.071549 0.129148
0 0.246633 0.173509 0.070411 0.131278
0 0.023042 0.558678 0.045844 0.126125
0 0.604042 0.114384 0.073260 0.117065
0 0.195607 0.483655 0.077547 0.128977
0 0.937530 0.522183 0.076930 0.114718
0 0.019217 0.700187 0.038091 0.125106
0 0.844027 0.200326 0.082216 0.112384
0 0.411764 0.158569 0.075018 0.109630
0 0.585531 0.559764 0.081089 0.113759
0 0.946141 0.110924 0.068115 0.128884
0 0.482993 0.202826 0.075487 0.128366
0 0.357908 0.708609 0.067951 0.123282
0 0.043374 0.441044 0.086747 0.123560
0 0.864003 0.383442 0.090505 0.148792
0 0.971667 0.637660 0.056667 0.113736
0 0.765561 0.123937 0.090154 0.147079
0 0.459875 0.490294 0.072094 0.123569
0 0.352445 0.382428 0.080656 0.130366
0 0.579523 0.268917 0.084641 0.123139
0 0.143201 0.759745 0.065354 0.118926
0 0.524079 0.660403 0.069409 0.116546
0 0.274612 0.448766 0.078578 0.143736
0 0.972328 0.237303 0.055250 0.140782
0 0.668772 0.184648 0.068872 0.123037
0 0.144992 0.893903 0.075073 0.124704
0 0.876762 0.085289 0.081753 0.123431
0 0.853216 0.539144 0.069859 0.124870
0 0.751634 0.412067 0.070846 0.121208
0 0.075268 0.800516 0.074229 0.112384
0 0.950397 0.389745 0.069044 0.136713
0 0.698242 0.297419 0.085474 0.121208
0 0.481187 0.755609 0.073266 0.116523
0 0.118358 0.483278 0.069466 0.123704
0 0.409680 0.948053 0.063141 0.102384
0 0.782699 0.736988 0.070383 0.122431
0 0.542065 0.827588 0.065292 0.142222
0 0.819413 0.856593 0.068529 0.132481
0 0.098134 0.235347 0.072727 0.129880
0 0.322008 0.126488 0.069771 0.118097
0 0.293417 0.665016 0.063797 0.129088
0 0.482210 0.906134 0.062383 0.134241
0 0.980087 0.770333 0.039826 0.139898
0 0.743764 0.852076 0.084076 0.129218
0 0.677361 0.057150 0.075904 0.110634
0 0.875536 0.922787 0.070323 0.154426
0 0.819763 0.633808 0.074578 0.122181
0 0.541741 0.381685 0.070779 0.122046
0 0.179542 0.548361 0.074859 0.121343
0 0.628214 0.376141 0.072578 0.133449
0 0.913770 0.266782 0.070648 0.124833
0 0.526438 0.522220 0.072750 0.147681
0 0.936408 0.868308 0.081091 0.145051
0 0.790159 0.562130 0.064969 0.143935
0 0.449926 0.650431 0.070758 0.135667
0 0.248776 0.314907 0.072844 0.132324
0 0.173052 0.106188 0.069656 0.129616
0 0.214117 0.761674 0.064057 0.124088
0 0.136301 0.611238 0.085451 0.152505
0 0.617384 0.887104 0.076487 0.132468
0 0.426124 0.381241 0.060081 0.129713
0 0.323354 0.272289 0.071161 0.119616
0 0.254999 0.772910 0.073471 0.125190
0 0.194937 0.345174 0.078557 0.124208
0 0.561202 0.158414 0.073940 0.109569
0 0.317707 0.885488 0.082591 0.119921
0 0.115180 0.050819 0.072406 0.101639
0 0.729732 0.718789 0.078682 0.138421
0 0.722932 0.513988 0.074125 0.125125
0 0.783773 0.310319 0.074198 0.105426
0 0.539628 0.058137 0.070854 0.105486
0 0.603708 0.742227 0.076052 0.120194
0 0.241303 0.947426 0.080148 0.105148
0 0.075374 0.371491 0.074086 0.113315
0 0.511936 0.011965 0.073154 0.023931
0 0.578611 0.970880 0.082185 0.053389
0 0.992217 0.959183 0.015565 0.080968
0 0.434288 0.011655 0.071919 0.021560
0 0.725689 0.013426 0.075305 0.026852
0 0.047417 0.018315 0.074620 0.035370
0 0.376210 0.590095 0.090951 0.103060
0 0.596807 0.022581 0.077792 0.043968
0 0.809746 0.969319 0.071352 0.059556
0 0.991842 0.135058 0.016081 0.130708
0 0.219473 0.898789 0.065180 0.122144
0 0.173047 0.264264 0.069932 0.134935
0 0.601798 0.680315 0.073742 0.111833
0 0.307703 0.026296 0.063677 0.052046
0 0.990622 0.411845 0.018453 0.149486
0 0.415850 0.834368 0.066680 0.120810
0 0.476944 0.395104 0.058586 0.140542
0 0.729039 0.955731 0.092536 0.087861
0 0.235078 0.047120 0.080708 0.094241
0 0.901271 0.676086 0.072651 0.121903
0 0.371517 0.034366 0.063206 0.068731
0 0.944115 0.947370 0.070630 0.105222
0 0.669866 0.614648 0.071451 0.125796
0 0.399284 0.262838 0.079708 0.120176
0 0.022526 0.848708 0.044901 0.113157
0 0.979596 0.039306 0.040807 0.078611
0 0.690901 0.681565 0.076833 0.146713
0 0.076026 0.674199 0.070052 0.129889
0 0.644531 0.482727 0.080104 0.106870
0 0.028293 0.217833 0.056586 0.126389
0 0.016719 0.324486 0.033438 0.128481
0 0.044260 0.095590 0.079828 0.109903
