1 0.941233 0.746722 0.085987 0.145954
1 0.022905 0.459234 0.045763 0.157394
0 0.326350 0.391806 0.076378 0.132417
0 0.591944 0.173590 0.089258 0.151782
0 0.519780 0.866977 0.085940 0.126185
0 0.141553 0.915678 0.086159 0.154338
0 0.172815 0.064567 0.078974 0.125042
0 0.052919 0.372669 0.074141 0.126523
0 0.160208 0.462079 0.079417 0.133815
0 0.051681 0.547428 0.077336 0.147116
0 0.438206 0.851731 0.084776 0.153167
0 0.193612 0.700512 0.082651 0.137755
0 0.866628 0.500720 0.080547 0.119468
0 0.537098 0.621593 0.088143 0.144722
0 0.485477 0.421637 0.082328 0.143894
0 0.442540 0.237743 0.076404 0.133227
1 0.631158 0.262519 0.078154 0.141676
0 0.233836 0.931382 0.092380 0.120023
0 0.993789 0.317306 0.012219 0.123435
0 0.015768 0.317255 0.031536 0.148435
1 0.492613 0.760130 0.084201 0.133056
0 0.571607 0.324458 0.085625 0.144426
0 0.672630 0.861764 0.082948 0.122528
0 0.553413 0.026847 0.067435 0.052417
1 0.413490 0.380396 0.081089 0.145894
0 0.828689 0.967178 0.087122 0.064949
0 0.541815 0.955819 0.102562 0.087241
0 0.883073 0.027912 0.080292 0.055824
0 0.247204 0.043144 0.079029 0.085343
0 0.545423 0.519292 0.075711 0.148417
0 0.365618 0.932356 0.079232 0.134065
0 0.299057 0.524843 0.083271 0.143620
0 0.009402 0.032498 0.018805 0.064356
0 0.371897 0.791412 0.084893 0.147667
0 0.231115 0.576053 0.080172 0.133819
0 0.987155 0.804248 0.025690 0.123134
1 0.133255 0.775245 0.080281 0.137556
0 0.989383 0.683016 0.021193 0.133292
0 0.351160 0.659174 0.092076 0.140856
0 0.009846 0.912025 0.019693 0.141431
0 0.188516 0.279160 0.083766 0.140069
0 0.899145 0.868565 0.093477 0.138509
0 0.637022 0.069808 0.073221 0.128255
0 0.296113 0.780752 0.081471 0.144199
0 0.080820 0.241759 0.086406 0.140194
0 0.960328 0.462600 0.079344 0.152153
0 0.572466 0.739613 0.077729 0.134412
0 0.087372 0.087097 0.080396 0.137343
0 0.277115 0.263613 0.082740 0.136116
0 0.389809 0.522056 0.085445 0.137454
0 0.115585 0.585146 0.080279 0.147255
0 0.242189 0.150424 0.088065 0.145023
0 0.453483 0.097146 0.088357 0.146782
0 0.039272 0.745683 0.078544 0.144347
0 0.754133 0.662565 0.082776 0.147620
0 0.824324 0.098556 0.083237 0.134972
0 0.830210 0.236845 0.084555 0.137273
0 0.949878 0.310336 0.089370 0.164097
0 0.753186 0.223438 0.077044 0.146810
0 0.917457 0.110896 0.079846 0.124764
0 0.019720 0.126942 0.038997 0.145347
0 0.714747 0.108840 0.085922 0.128560
0 0.062729 0.904687 0.079724 0.140579
0 0.953439 0.024921 0.079018 0.049806
0 0.694413 0.588748 0.091169 0.142505
0 0.925342 0.599674 0.082039 0.132264
0 0.865693 0.372539 0.092464 0.148523
0 0.818807 0.857613 0.079802 0.147625
0 0.746796 0.831137 0.078211 0.144468
0 0.712145 0.338866 0.080305 0.137648
0 0.869104 0.700495 0.088005 0.134556
