0 0.601866 0.544051 0.085247 0.141741
0 0.251082 0.258403 0.087122 0.196565
0 0.149871 0.495197 0.085659 0.152542
0 0.763760 0.064991 0.088516 0.129917
0 0.732897 0.706532 0.083706 0.174852
0 0.520570 0.525586 0.081427 0.139884
0 0.261974 0.661058 0.084641 0.141912
0 0.037460 0.855377 0.074919 0.139412
0 0.218259 0.563833 0.092299 0.163509
0 0.095488 0.894016 0.078961 0.157347
0 0.973980 0.038750 0.050680 0.077500
0 0.130764 0.238910 0.084138 0.143856
1 0.784638 0.530058 0.086177 0.158199
0 0.911120 0.076417 0.095667 0.152833
0 0.978005 0.590914 0.043917 0.167995
0 0.242176 0.062056 0.084956 0.122981
0 0.831846 0.262773 0.081068 0.167602
0 0.943753 0.496861 0.081115 0.137185
1 0.511121 0.068428 0.091654 0.128042
0 0.411918 0.840308 0.091971 0.141542
0 0.907146 0.239519 0.088839 0.180593
0 0.163280 0.335491 0.104164 0.180269
0 0.025160 0.151028 0.049279 0.157287
0 0.921249 0.624764 0.087018 0.152167
0 0.303043 0.181910 0.084862 0.169634
0 0.135944 0.748965 0.100560 0.161023
0 0.675427 0.306736 0.084479 0.160389
0 0.664561 0.142155 0.084997 0.147940
1 0.394538 0.396051 0.086409 0.141500
0 0.967853 0.275229 0.064294 0.147560
0 0.666947 0.686852 0.085711 0.145444
0 0.741887 0.916637 0.105591 0.135301
0 0.493460 0.742294 0.082445 0.156032
0 0.059259 0.605926 0.096966 0.172870
0 0.731439 0.197544 0.093997 0.160412
0 0.160570 0.060620 0.082651 0.120639
0 0.444155 0.041609 0.086148 0.081819
0 0.568577 0.783269 0.088753 0.158815
0 0.426311 0.699757 0.090701 0.165347
1 0.464245 0.358299 0.091359 0.160690
0 0.015417 0.932292 0.030323 0.134259
0 0.593730 0.284613 0.083966 0.151032
1 0.453126 0.940644 0.080883 0.112593
0 0.055922 0.228720 0.072094 0.153782
1 0.301974 0.545236 0.083172 0.138556
0 0.372689 0.105998 0.082914 0.164838
0 0.463693 0.139870 0.122052 0.140630
0 0.082979 0.082468 0.086734 0.156944
1 0.669102 0.822368 0.087245 0.157051
0 0.128565 0.642484 0.093604 0.156319
0 0.871069 0.521850 0.084711 0.155319
0 0.767572 0.781426 0.080112 0.162778
0 0.663645 0.957160 0.086565 0.085681
1 0.830819 0.723356 0.082289 0.165296
0 0.750607 0.430074 0.091365 0.152074
0 0.044957 0.961410 0.084680 0.073181
0 0.433253 0.230280 0.085391 0.149782
0 0.760578 0.286428 0.082464 0.158458
0 0.684844 0.505363 0.089573 0.155903
0 0.366987 0.259032 0.085380 0.169185
1 0.602677 0.033016 0.097958 0.066032
1 0.878428 0.372789 0.096466 0.156588
1 0.505018 0.252984 0.088620 0.161653
1 0.960251 0.392623 0.079497 0.142671
1 0.385164 0.532141 0.087604 0.143162
1 0.336048 0.625347 0.081930 0.154750
