0 0.693770 0.013677 0.102500 0.026927
0 0.035521 0.026159 0.069293 0.052318
0 0.863775 0.018909 0.112074 0.037745
0 0.306830 0.016560 0.109301 0.033120
0 0.961674 0.018682 0.076652 0.037104
0 0.984580 0.476870 0.030605 0.141292
0 0.978381 0.098846 0.043223 0.146745
0 0.016396 0.247182 0.032793 0.137906
0 0.833623 0.952490 0.105738 0.094510
0 0.979828 0.288156 0.039898 0.163937
0 0.385398 0.967331 0.112102 0.065286
0 0.290281 0.726948 0.114930 0.146740
0 0.035316 0.921326 0.069641 0.157349
0 0.895479 0.557505 0.109996 0.143302
0 0.924615 0.122872 0.103887 0.165245
0 0.743670 0.659391 0.097691 0.168698
0 0.947916 0.725404 0.103855 0.144547
0 0.919580 0.934318 0.114988 0.130906
0 0.718594 0.423888 0.103789 0.150786
0 0.802609 0.429875 0.109187 0.153698
0 0.911557 0.267599 0.108332 0.147896
0 0.697098 0.297964 0.123711 0.139042
0 0.878838 0.797927 0.105816 0.141990
0 0.479937 0.902185 0.114758 0.178495
0 0.584992 0.501945 0.109359 0.142443
0 0.226289 0.151682 0.101906 0.149125
0 0.124678 0.043510 0.105020 0.087021
0 0.837949 0.168427 0.104797 0.152521
0 0.729812 0.952026 0.110766 0.095948
0 0.264219 0.406003 0.106680 0.138245
0 0.793709 0.053255 0.115246 0.106510
0 0.398684 0.049984 0.107680 0.099969
0 0.233240 0.901732 0.114480 0.155922
0 0.446164 0.272945 0.119086 0.144943
0 0.449629 0.148536 0.105352 0.132771
0 0.305996 0.590615 0.128266 0.153698
0 0.648910 0.893219 0.123313 0.147104
0 0.549824 0.177281 0.110062 0.137729
0 0.152766 0.696911 0.114914 0.145802
0 0.148838 0.393190 0.120941 0.144724
0 0.599740 0.774763 0.108098 0.143922
0 0.038346 0.412995 0.076691 0.138323
0 0.664670 0.712656 0.115488 0.165958
0 0.299504 0.279734 0.120281 0.147500
0 0.621775 0.068867 0.119363 0.137693
0 0.408498 0.562703 0.101996 0.143833
0 0.100523 0.811242 0.108703 0.136953
0 0.082734 0.286474 0.110328 0.140063
0 0.494697 0.745732 0.108848 0.143255
0 0.765555 0.812609 0.126805 0.160740
0 0.316770 0.133305 0.102758 0.143578
0 0.045807 0.585776 0.091613 0.165302
0 0.228035 0.510846 0.105102 0.133557
0 0.508807 0.588625 0.109059 0.145906
0 0.727760 0.181034 0.113840 0.144182
0 0.452662 0.435180 0.114027 0.147089
0 0.046758 0.112052 0.093516 0.139333
0 0.353744 0.405781 0.096332 0.131927
4 0.388783 0.735247 0.135145 0.158547
