0 0.009319 0.850544 0.018638 0.159847
0 0.887238 0.788271 0.079341 0.151431
0 0.368260 0.332306 0.088750 0.143343
0 0.054272 0.426928 0.091445 0.129264
0 0.541957 0.696123 0.081362 0.136458
0 0.404010 0.918604 0.085391 0.154708
0 0.959247 0.253125 0.080016 0.147056
0 0.756174 0.464514 0.084536 0.152981
0 0.299477 0.713537 0.084667 0.147426
0 0.101410 0.648245 0.085393 0.142537
0 0.622987 0.493477 0.083031 0.151500
0 0.046355 0.893192 0.079466 0.137792
0 0.792267 0.057588 0.075872 0.114491
0 0.976905 0.668292 0.046034 0.143407
0 0.329611 0.950275 0.081211 0.098949
0 0.227259 0.304370 0.095977 0.136722
0 0.126176 0.497741 0.070549 0.176519
0 0.024568 0.589542 0.048495 0.137111
0 0.682193 0.116970 0.088766 0.155458
0 0.449995 0.544889 0.078120 0.143111
0 0.888504 0.137044 0.073664 0.162755
0 0.229228 0.060579 0.087924 0.120833
0 0.156099 0.095574 0.091188 0.159120
0 0.750061 0.134993 0.070831 0.152273
0 0.743699 0.889852 0.080352 0.166463
0 0.404693 0.073053 0.087365 0.144069
0 0.295217 0.060924 0.072169 0.118014
0 0.526087 0.813905 0.077815 0.144931
0 0.070882 0.534187 0.072424 0.120134
0 0.673362 0.598257 0.080745 0.132069
0 0.351639 0.588852 0.087742 0.136222
0 0.961483 0.062840 0.075138 0.125282
0 0.027275 0.058479 0.054549 0.116060
0 0.032786 0.722808 0.065573 0.141995
0 0.578460 0.116694 0.082409 0.129676
0 0.525904 0.567190 0.083354 0.139287
0 0.474779 0.096681 0.072266 0.122500
0 0.456617 0.830116 0.081833 0.147991
0 0.337280 0.837347 0.086966 0.135444
0 0.810069 0.387093 0.074867 0.135944
0 0.921720 0.556586 0.082638 0.144671
0 0.964129 0.406655 0.071742 0.171190
0 0.674632 0.024204 0.083789 0.048407
0 0.530280 0.197933 0.084065 0.146310
0 0.199214 0.698597 0.082734 0.143315
0 0.606962 0.638037 0.075435 0.154963
0 0.451505 0.200215 0.083844 0.143227
0 0.191936 0.505181 0.087211 0.158463
0 0.385268 0.476993 0.082630 0.165532
0 0.145441 0.344475 0.081362 0.151181
0 0.767340 0.276956 0.082820 0.163171
0 0.821508 0.167780 0.086505 0.153394
0 0.268759 0.182731 0.080758 0.159343
0 0.608358 0.799021 0.084768 0.155782
0 0.202517 0.210729 0.078935 0.142310
0 0.249516 0.613502 0.086177 0.143912
0 0.668335 0.726329 0.084945 0.148870
0 0.052184 0.201382 0.090242 0.153440
0 0.839952 0.668981 0.085211 0.153120
0 0.652052 0.211792 0.088839 0.147083
0 0.675470 0.353574 0.084872 0.152370
0 0.765414 0.751132 0.086812 0.145542
0 0.889540 0.298924 0.083805 0.155514
0 0.236611 0.824324 0.091607 0.161870
0 0.183052 0.918079 0.088193 0.160269
0 0.377724 0.695926 0.085266 0.143667
0 0.495092 0.307090 0.087174 0.145606
0 0.772979 0.607947 0.089297 0.158282
0 0.672184 0.908755 0.080159 0.159741
0 0.986487 0.527988 0.026771 0.159014
0 0.216365 0.407176 0.095443 0.137593
4 0.374276 0.203609 0.091542 0.159338
0 0.508766 0.436475 0.082927 0.136560
0 0.019546 0.972898 0.038518 0.053074
0 0.992557 0.137426 0.014885 0.152028
0 0.009437 0.151861 0.018661 0.151843
0 0.623102 0.956537 0.083896 0.085861
0 0.984876 0.927880 0.030122 0.137250
0 0.453952 0.023657 0.083664 0.047315
0 0.342842 0.028493 0.086122 0.056514
0 0.980042 0.799706 0.039896 0.143736
0 0.076212 0.028884 0.086461 0.057315
0 0.876672 0.960611 0.085339 0.076269
0 0.581578 0.034509 0.091620 0.069019
0 0.944328 0.860190 0.077484 0.157417
0 0.059758 0.319389 0.105385 0.127639
