0 0.120988 0.265470 0.080294 0.155949
0 0.482568 0.672583 0.090688 0.130194
0 0.227952 0.760701 0.080529 0.136245
0 0.848406 0.555063 0.088547 0.156495
0 0.463764 0.532956 0.109133 0.179847
0 0.581154 0.267463 0.085474 0.154426
0 0.899132 0.755569 0.083435 0.138685
0 0.747358 0.410238 0.083680 0.149477
0 0.201306 0.520715 0.075409 0.160069
0 0.600816 0.559838 0.086273 0.155713
0 0.240186 0.032637 0.079018 0.065273
0 0.398488 0.731597 0.077883 0.148769
0 0.555926 0.840942 0.081966 0.165218
0 0.605732 0.400382 0.080651 0.163903
0 0.918040 0.620481 0.088612 0.138824
0 0.678576 0.750317 0.081406 0.152495
0 0.323969 0.529558 0.080620 0.167579
0 0.731017 0.068780 0.085148 0.137069
0 0.648009 0.100785 0.085810 0.157153
0 0.476934 0.807331 0.091883 0.148588
0 0.809342 0.671111 0.087971 0.143324
0 0.091673 0.117845 0.085883 0.152866
0 0.828536 0.042803 0.080172 0.085532
0 0.907105 0.902213 0.085919 0.153620
0 0.668621 0.490921 0.084992 0.155824
0 0.253536 0.640090 0.087219 0.150921
0 0.811438 0.157245 0.091411 0.151194
0 0.680719 0.346866 0.083255 0.142500
0 0.973395 0.710558 0.052987 0.165718
0 0.601358 0.943977 0.084820 0.110963
0 0.184089 0.096979 0.078573 0.162532
0 0.170340 0.627560 0.086451 0.164407
0 0.013863 0.905951 0.027727 0.171060
0 0.255960 0.286863 0.076607 0.187671
0 0.047234 0.055988 0.094469 0.111977
0 0.567865 0.123722 0.084568 0.150852
0 0.268074 0.121551 0.088091 0.154750
0 0.923316 0.483352 0.083284 0.133222
0 0.595068 0.699250 0.092370 0.138426
0 0.242013 0.916285 0.081615 0.146690
0 0.190396 0.257127 0.076432 0.138662
0 0.969663 0.413861 0.060310 0.160833
0 0.764967 0.272215 0.083320 0.145625
0 0.951027 0.311333 0.091549 0.151806
0 0.291120 0.946576 0.075719 0.105569
0 0.697148 0.202153 0.078151 0.152602
0 0.634716 0.844139 0.081766 0.141426
0 0.930870 0.126396 0.089760 0.169477
0 0.178251 0.383961 0.090711 0.139394
0 0.420004 0.909803 0.083180 0.130736
0 0.321786 0.756292 0.083719 0.154454
0 0.352385 0.972171 0.074354 0.052685
0 0.900874 0.012389 0.076638 0.023519
0 0.965165 0.014238 0.069669 0.028366
0 0.424841 0.030002 0.084667 0.059171
0 0.484285 0.975053 0.086440 0.048190
0 0.009017 0.140762 0.017747 0.149875
0 0.934491 0.978199 0.091659 0.041750
0 0.417375 0.988477 0.064167 0.019204
0 0.353236 0.017535 0.084706 0.035042
