0 0.480699 0.986974 0.057211 0.024573
0 0.193822 0.008547 0.077293 0.014437
0 0.302570 0.977661 0.073352 0.043885
0 0.335029 0.197690 0.065324 0.080047
0 0.265486 0.206130 0.065105 0.079635
0 0.313895 0.014599 0.078367 0.027958
0 0.764793 0.901135 0.060727 0.090125
0 0.679016 0.704557 0.069414 0.089469
0 0.008920 0.392010 0.017316 0.089083
0 0.057562 0.327508 0.080687 0.100391
0 0.034924 0.854034 0.059520 0.119276
0 0.148209 0.305596 0.052426 0.080005
0 0.364383 0.531815 0.066789 0.083078
0 0.993264 0.306544 0.012770 0.093141
0 0.390035 0.909461 0.065938 0.097849
0 0.019221 0.481625 0.037738 0.113698
0 0.852689 0.729951 0.082277 0.094474
0 0.009781 0.304198 0.019563 0.106438
0 0.228086 0.978979 0.095648 0.038250
0 0.406320 0.980964 0.070875 0.033542
0 0.011293 0.070742 0.022586 0.126880
0 0.701688 0.404979 0.064359 0.093490
0 0.012195 0.631898 0.024391 0.093359
0 0.993764 0.037846 0.011926 0.075693
0 0.067795 0.358638 0.080035 0.096901
0 0.125354 0.227648 0.067410 0.091380
0 0.966779 0.950742 0.063301 0.098516
0 0.015225 0.561849 0.030449 0.098583
0 0.775705 0.360328 0.066660 0.094177
0 0.816764 0.550417 0.082699 0.099635
0 0.139965 0.465570 0.062758 0.083505
0 0.749268 0.182464 0.068230 0.083958
0 0.273799 0.017049 0.072848 0.032286
0 0.013930 0.711206 0.027859 0.090703
0 0.990607 0.835359 0.018785 0.094094
0 0.022598 0.879388 0.045195 0.118995
0 0.142102 0.135380 0.081484 0.104646
0 0.902629 0.528964 0.062516 0.088677
0 0.575432 0.129510 0.070473 0.101333
0 0.220441 0.441956 0.068039 0.090109
0 0.968732 0.868924 0.062535 0.098234
0 0.434143 0.588263 0.075449 0.108328
0 0.850465 0.642758 0.069727 0.092849
0 0.362658 0.308516 0.068910 0.101146
0 0.048176 0.026242 0.082109 0.052484
0 0.554732 0.829521 0.086168 0.101104
0 0.590697 0.655969 0.068465 0.103542
0 0.792990 0.335128 0.073488 0.101089
0 0.270143 0.341219 0.081965 0.122594
0 0.984680 0.123776 0.030445 0.094802
0 0.866492 0.462570 0.079039 0.100109
0 0.401910 0.942010 0.062031 0.085354
0 0.083887 0.977052 0.080383 0.045198
0 0.608227 0.125680 0.069930 0.100953
0 0.169668 0.420052 0.058117 0.098594
0 0.567092 0.371508 0.065855 0.106516
0 0.133396 0.343521 0.072504 0.094917
0 0.883760 0.978130 0.085926 0.043531
0 0.697189 0.019982 0.059418 0.039964
0 0.165109 0.613990 0.060125 0.090708
0 0.920744 0.053297 0.084559 0.106594
0 0.540512 0.362125 0.066422 0.094042
0 0.968098 0.345596 0.060586 0.090182
0 0.448293 0.019987 0.078656 0.039026
0 0.060818 0.457482 0.083340 0.109026
0 0.969885 0.164641 0.059707 0.091490
0 0.832467 0.262573 0.062988 0.093719
0 0.972869 0.611000 0.052965 0.103073
0 0.977775 0.419646 0.044402 0.093562
0 0.260293 0.245195 0.077750 0.101859
0 0.195713 0.592969 0.059707 0.082542
0 0.081779 0.238826 0.060676 0.121036
0 0.795652 0.895188 0.071219 0.089500
0 0.502094 0.473375 0.074242 0.117292
0 0.706891 0.715956 0.066719 0.101068
0 0.849973 0.210930 0.066180 0.086109
0 0.214230 0.510023 0.087859 0.108641
0 0.263654 0.061578 0.081012 0.087448
0 0.637428 0.716612 0.073504 0.084630
0 0.893449 0.233909 0.065477 0.097974
0 0.728586 0.980820 0.072039 0.038359
0 0.345402 0.955344 0.067938 0.089313
0 0.607918 0.445151 0.070641 0.104500
0 0.980332 0.228633 0.039336 0.098078
0 0.744525 0.143081 0.070723 0.079557
0 0.804648 0.967990 0.072070 0.064021
0 0.829406 0.832518 0.065805 0.092703
0 0.942988 0.371732 0.060437 0.081068
0 0.579766 0.963036 0.079930 0.073927
0 0.877496 0.621260 0.070016 0.104719
0 0.842699 0.117286 0.063859 0.097427
0 0.295746 0.434424 0.083930 0.080266
0 0.495834 0.802430 0.071574 0.098130
0 0.524588 0.034076 0.074488 0.068151
0 0.523008 0.543820 0.073047 0.085922
0 0.553926 0.654346 0.066547 0.089724
0 0.066822 0.673378 0.078777 0.107495
0 0.754547 0.024195 0.070773 0.048391
0 0.430088 0.778664 0.073496 0.120745
0 0.056012 0.572104 0.064992 0.106677
0 0.703982 0.621419 0.065520 0.098328
0 0.550779 0.742745 0.084020 0.102448
0 0.932553 0.521573 0.067738 0.095042
0 0.873109 0.776820 0.070617 0.086422
0 0.088059 0.844365 0.075063 0.108135
0 0.178918 0.050714 0.092883 0.086385
0 0.108049 0.609073 0.063418 0.087135
0 0.454125 0.130784 0.078141 0.091818
0 0.816850 0.146932 0.063715 0.089125
0 0.030559 0.209026 0.061117 0.115208
0 0.641832 0.039490 0.072938 0.078240
0 0.812320 0.644495 0.072133 0.093802
0 0.690727 0.348815 0.075219 0.084922
0 0.318080 0.834362 0.078363 0.113443
0 0.181297 0.264070 0.068375 0.085130
0 0.426689 0.085466 0.076809 0.107807
0 0.146488 0.513190 0.057781 0.087328
0 0.119320 0.738221 0.084719 0.088745
0 0.236557 0.593023 0.075832 0.092297
0 0.572201 0.493503 0.065410 0.084536
0 0.932855 0.428630 0.075555 0.099562
0 0.133059 0.670047 0.071047 0.088833
0 0.560100 0.185284 0.073246 0.088161
0 0.645066 0.261404 0.078703 0.094484
0 0.210871 0.932742 0.080695 0.093974
0 0.858328 0.312182 0.073414 0.087167
0 0.152096 0.789513 0.096816 0.094089
0 0.367727 0.584635 0.076500 0.102323
0 0.292004 0.491047 0.085766 0.105156
0 0.629479 0.209693 0.073676 0.089490
0 0.859492 0.859484 0.069141 0.092271
0 0.199609 0.213745 0.073359 0.076979
0 0.975193 0.517846 0.049613 0.090870
0 0.323074 0.252453 0.068359 0.101594
0 0.207346 0.138286 0.066184 0.093656
0 0.660834 0.418773 0.074707 0.093307
0 0.461760 0.947081 0.069926 0.102245
0 0.379447 0.487849 0.067957 0.088469
0 0.766701 0.808076 0.070012 0.094443
0 0.920742 0.612969 0.067297 0.108969
0 0.609420 0.928422 0.072129 0.104344
0 0.192346 0.334628 0.071051 0.093526
0 0.926213 0.737216 0.077590 0.104922
0 0.928934 0.821893 0.083055 0.096224
0 0.831135 0.404740 0.064395 0.083448
0 0.826732 0.027112 0.078043 0.054224
0 0.093131 0.529289 0.068434 0.101547
0 0.362625 0.675242 0.064234 0.097141
0 0.676332 0.123445 0.079250 0.104964
0 0.723355 0.828148 0.070008 0.103557
0 0.045227 0.752120 0.067617 0.094479
0 0.244785 0.860638 0.085836 0.103672
0 0.763775 0.698073 0.055793 0.080313
0 0.382566 0.041964 0.068750 0.083073
0 0.602764 0.565393 0.076152 0.092703
0 0.460758 0.188966 0.097609 0.085411
0 0.235486 0.788172 0.080074 0.114750
0 0.690367 0.191651 0.065219 0.092604
0 0.710902 0.921708 0.074617 0.096802
0 0.064701 0.100576 0.081230 0.108193
0 0.785438 0.446479 0.070195 0.094802
0 0.847969 0.922979 0.073297 0.097615
0 0.784906 0.080122 0.069195 0.081297
0 0.158793 0.864599 0.083812 0.097521
0 0.454873 0.330099 0.083152 0.127937
0 0.298434 0.585125 0.086078 0.110062
0 0.216285 0.681974 0.084773 0.115917
0 0.126430 0.941526 0.089367 0.102469
0 0.884553 0.358331 0.079832 0.114078
0 0.543926 0.915211 0.072500 0.087214
0 0.731299 0.549990 0.071918 0.084365
0 0.917355 0.898081 0.073742 0.099359
0 0.717389 0.069633 0.076105 0.082849
0 0.378752 0.819263 0.061355 0.089797
0 0.417525 0.433185 0.076660 0.105214
0 0.311715 0.751188 0.077891 0.089198
0 0.268607 0.116372 0.070793 0.106214
0 0.507803 0.607883 0.069832 0.084693
0 0.339334 0.112036 0.067082 0.093125
0 0.965459 0.694047 0.068809 0.103500
0 0.437662 0.499628 0.065191 0.084849
0 0.782398 0.234810 0.069547 0.108839
0 0.746633 0.626521 0.067937 0.085344
0 0.379670 0.187724 0.076270 0.087729
0 0.435264 0.687872 0.070863 0.091911
0 0.297590 0.672711 0.076234 0.089130
0 0.501230 0.253346 0.072516 0.094036
0 0.704227 0.479000 0.072813 0.088646
0 0.672947 0.954523 0.069004 0.090578
0 0.568785 0.273562 0.073875 0.097281
0 0.727865 0.285643 0.071441 0.106453
0 0.625518 0.339099 0.067160 0.097729
0 0.282176 0.944799 0.067906 0.099151
2 0.336166 0.335828 0.066395 0.091260
2 0.633627 0.626271 0.072152 0.094615
