0 0.454182 0.380093 0.084510 0.158370
0 0.781648 0.180944 0.096672 0.165204
0 0.904315 0.720546 0.096672 0.168204
0 0.591461 0.386801 0.087609 0.155269
0 0.285901 0.138579 0.089479 0.166787
0 0.661346 0.168954 0.076714 0.139389
0 0.036036 0.064361 0.068167 0.123500
0 0.973255 0.097181 0.053438 0.139639
0 0.414456 0.095116 0.087161 0.153435
0 0.520023 0.461236 0.081047 0.162102
0 0.096633 0.763829 0.087193 0.144083
0 0.485159 0.258074 0.085724 0.150926
0 0.482216 0.817801 0.083995 0.174898
0 0.042042 0.197667 0.084083 0.156278
0 0.098005 0.390491 0.083115 0.146148
0 0.373383 0.366324 0.083984 0.165963
0 0.307885 0.406912 0.076229 0.123602
0 0.730927 0.389176 0.075313 0.132796
0 0.092495 0.899755 0.090979 0.148065
0 0.617948 0.063866 0.078229 0.121935
0 0.120419 0.106491 0.086703 0.153056
0 0.052117 0.333912 0.102266 0.179083
0 0.336943 0.055250 0.079354 0.110352
0 0.865703 0.575255 0.083604 0.206009
0 0.401073 0.811833 0.090062 0.144111
0 0.284971 0.531671 0.072911 0.134287
0 0.372497 0.545769 0.082120 0.168759
0 0.920802 0.412690 0.096448 0.145213
0 0.210469 0.538889 0.075281 0.133630
0 0.802310 0.543907 0.080432 0.205926
0 0.281849 0.287588 0.096396 0.144417
0 0.941591 0.548731 0.108047 0.173296
0 0.261177 0.029500 0.091125 0.059000
0 0.546701 0.589296 0.086995 0.162204
0 0.719385 0.040148 0.076406 0.078389
0 0.880893 0.036185 0.088682 0.066722
0 0.170643 0.019157 0.082255 0.035037
0 0.137326 0.624241 0.079505 0.142167
0 0.008995 0.599208 0.017990 0.141454
0 0.017091 0.290181 0.031672 0.153954
0 0.090690 0.528065 0.093099 0.142167
0 0.008177 0.409421 0.015750 0.152009
0 0.904969 0.307648 0.098948 0.164741
0 0.963112 0.966718 0.073776 0.064954
0 0.958635 0.022958 0.082635 0.045917
0 0.487346 0.946375 0.086297 0.098324
0 0.584940 0.233051 0.100307 0.172917
0 0.685138 0.289347 0.097484 0.151398
0 0.452292 0.549472 0.088729 0.161778
0 0.034586 0.818884 0.067766 0.163009
0 0.919555 0.153125 0.082547 0.162139
0 0.853266 0.113694 0.081271 0.147278
0 0.059484 0.983032 0.114010 0.033935
0 0.737740 0.497671 0.089031 0.178028
0 0.406021 0.017741 0.097313 0.029093
0 0.664646 0.445231 0.080354 0.188648
0 0.312513 0.790315 0.086328 0.137111
0 0.982081 0.468833 0.035839 0.176019
0 0.923341 0.879801 0.091953 0.185250
0 0.796076 0.065343 0.093672 0.123389
3 0.387529 0.690880 0.085974 0.148111
0 0.970023 0.679986 0.058620 0.204250
0 0.305107 0.663310 0.091047 0.152139
0 0.485190 0.669866 0.107380 0.167231
0 0.168016 0.821500 0.080656 0.149741
