0 0.431693 0.142815 0.085021 0.139889
4 0.495104 0.415310 0.091125 0.185565
0 0.682935 0.428556 0.089318 0.132667
0 0.716023 0.664097 0.090922 0.155269
0 0.124365 0.596625 0.087333 0.155472
0 0.441883 0.618213 0.100703 0.163907
0 0.907276 0.571551 0.089000 0.164491
0 0.404664 0.748213 0.081807 0.141333
0 0.705549 0.084741 0.095495 0.149759
0 0.955089 0.287468 0.089823 0.148657
0 0.772516 0.802065 0.086542 0.148889
0 0.337318 0.769394 0.082000 0.150454
0 0.532982 0.616204 0.100370 0.172704
0 0.887271 0.439861 0.083313 0.140519
0 0.051547 0.315111 0.088479 0.143833
0 0.657508 0.580500 0.090255 0.156407
0 0.306768 0.403991 0.085359 0.152019
0 0.253651 0.893546 0.083531 0.155704
0 0.441630 0.489005 0.082750 0.129472
0 0.110693 0.240870 0.081844 0.143204
0 0.945773 0.086639 0.075870 0.133852
0 0.571227 0.160449 0.107266 0.174417
0 0.180680 0.207931 0.083047 0.145787
0 0.742036 0.347227 0.095073 0.142194
0 0.387365 0.230616 0.086542 0.149102
0 0.218062 0.267866 0.076385 0.140917
0 0.635523 0.333903 0.084307 0.131102
0 0.356573 0.961343 0.083292 0.074463
0 0.026552 0.439120 0.052896 0.147963
0 0.338128 0.161616 0.076568 0.133120
0 0.473987 0.257023 0.097339 0.149565
0 0.254344 0.137667 0.094677 0.188907
0 0.809935 0.882949 0.090120 0.155083
0 0.248065 0.783444 0.090911 0.149815
0 0.351464 0.625727 0.089448 0.176417
0 0.155635 0.824167 0.088687 0.134907
0 0.205245 0.604792 0.089354 0.147343
0 0.175711 0.931759 0.096495 0.136481
0 0.698987 0.796398 0.078755 0.151444
0 0.075536 0.721194 0.105177 0.168019
0 0.022844 0.110602 0.045687 0.159556
0 0.773284 0.435190 0.098349 0.178176
0 0.326729 0.290116 0.091927 0.157824
0 0.695669 0.226213 0.115109 0.169981
0 0.586883 0.042120 0.094734 0.084222
0 0.984440 0.799505 0.030974 0.147435
0 0.170073 0.700755 0.092010 0.148769
0 0.197685 0.059819 0.077484 0.119398
0 0.590164 0.443639 0.096089 0.153537
0 0.845594 0.032681 0.079865 0.065361
0 0.559581 0.326167 0.095099 0.173074
0 0.939464 0.737412 0.093135 0.190213
0 0.458339 0.385292 0.073094 0.135602
0 0.431901 0.954722 0.099958 0.090556
0 0.159341 0.360685 0.107286 0.162241
0 0.084708 0.946134 0.089198 0.101639
0 0.602414 0.881477 0.088245 0.156028
0 0.015857 0.724361 0.030786 0.142926
0 0.124531 0.056435 0.093500 0.112870
0 0.518284 0.762495 0.092693 0.144509
0 0.027232 0.586745 0.054464 0.169287
0 0.884172 0.222824 0.084854 0.144259
0 0.015914 0.243977 0.030880 0.164676
0 0.678771 0.904148 0.084698 0.155630
0 0.824237 0.235662 0.082672 0.139250
0 0.478135 0.776120 0.079813 0.129407
0 0.954237 0.453000 0.091526 0.160204
0 0.895646 0.166551 0.083979 0.132769
0 0.638458 0.761532 0.091104 0.171602
0 0.536836 0.840389 0.082203 0.143926
0 0.243245 0.570088 0.090969 0.156806
0 0.584633 0.967759 0.094693 0.064481
0 0.009487 0.927282 0.018464 0.144065
0 0.250294 0.019856 0.082516 0.038435
0 0.458169 0.056667 0.084911 0.110056
0 0.755039 0.018185 0.096255 0.036370
0 0.915544 0.024861 0.079807 0.049722
0 0.410352 0.041602 0.105026 0.083204
0 0.984521 0.678782 0.030198 0.153565
0 0.984083 0.399556 0.031833 0.148981
0 0.891359 0.968028 0.114927 0.063944
0 0.787003 0.245801 0.074370 0.130546
0 0.968766 0.665347 0.062469 0.146565
0 0.244612 0.507736 0.092391 0.132824
0 0.808977 0.974255 0.099901 0.047065
0 0.115333 0.654148 0.101781 0.201352
