0 0.762768 0.258111 0.079583 0.157324
0 0.859514 0.818660 0.082695 0.134801
0 0.493118 0.779771 0.078747 0.125606
0 0.202259 0.543750 0.081039 0.134963
0 0.119035 0.344731 0.082784 0.138972
0 0.636727 0.571852 0.086214 0.146111
0 0.171406 0.721762 0.082047 0.143079
0 0.165305 0.260329 0.073641 0.133111
0 0.029712 0.103988 0.059081 0.136486
0 0.653691 0.061005 0.071997 0.121852
0 0.503772 0.392262 0.080914 0.149597
0 0.849647 0.242769 0.072221 0.154667
0 0.962607 0.744870 0.074156 0.121935
0 0.660263 0.177979 0.081589 0.124940
0 0.577516 0.079627 0.078115 0.156634
0 0.797749 0.608354 0.083779 0.126616
0 0.919896 0.341229 0.080625 0.158366
0 0.794395 0.139373 0.080852 0.143255
0 0.377766 0.125676 0.077349 0.142167
0 0.035458 0.405815 0.070917 0.140167
0 0.965943 0.875470 0.067953 0.141801
0 0.962961 0.209308 0.074078 0.136060
0 0.885176 0.670442 0.073253 0.132588
0 0.060625 0.250699 0.081875 0.141065
0 0.605708 0.971104 0.074203 0.054579
0 0.042792 0.021377 0.083422 0.042755
0 0.089861 0.074507 0.074633 0.140477
0 0.291510 0.484937 0.069771 0.138542
0 0.984915 0.589343 0.030169 0.142324
0 0.986689 0.314720 0.026622 0.134792
0 0.681893 0.426285 0.082625 0.160727
0 0.807039 0.387942 0.074411 0.130190
0 0.180072 0.057076 0.073440 0.113375
0 0.815992 0.811398 0.074031 0.135167
0 0.749350 0.832708 0.067273 0.145259
0 0.132832 0.036502 0.072961 0.073005
0 0.017763 0.538053 0.035354 0.125782
0 0.285077 0.035924 0.078096 0.071847
0 0.958501 0.626449 0.082273 0.129324
0 0.425345 0.931639 0.074935 0.126250
0 0.695026 0.910907 0.080068 0.130194
0 0.721122 0.312907 0.077922 0.132741
0 0.298984 0.904391 0.079370 0.132125
0 0.735701 0.034907 0.086880 0.069815
0 0.400056 0.300576 0.075529 0.133403
0 0.190921 0.130347 0.078888 0.132176
0 0.794743 0.492225 0.081383 0.122236
0 0.297846 0.100722 0.082437 0.135778
0 0.195518 0.317437 0.077078 0.130069
0 0.968655 0.070894 0.062690 0.139426
0 0.024750 0.774940 0.049276 0.134722
0 0.441138 0.186208 0.083625 0.133056
0 0.849803 0.418039 0.081513 0.153718
0 0.255249 0.469750 0.069878 0.131741
0 0.203346 0.798903 0.075484 0.129176
0 0.397260 0.640708 0.082266 0.129852
0 0.492518 0.055514 0.079990 0.110167
0 0.229477 0.227454 0.070120 0.129630
0 0.810684 0.700271 0.085159 0.114569
0 0.427906 0.844648 0.078073 0.137593
0 0.918853 0.447813 0.083956 0.133847
0 0.678086 0.843757 0.075854 0.129782
0 0.449727 0.091042 0.087563 0.143667
0 0.433846 0.589903 0.078531 0.139509
0 0.177914 0.420993 0.083891 0.136625
0 0.305624 0.212984 0.082549 0.137801
0 0.882556 0.934440 0.077461 0.131120
0 0.942254 0.522850 0.076810 0.140801
0 0.377056 0.765565 0.081451 0.136296
0 0.905654 0.062657 0.089161 0.123463
0 0.615573 0.445194 0.074448 0.142574
0 0.579299 0.554736 0.070724 0.131769
0 0.221193 0.941014 0.081479 0.117972
0 0.064198 0.673442 0.080807 0.134745
0 0.484480 0.617900 0.065607 0.124329
0 0.371293 0.510572 0.076466 0.125681
0 0.666689 0.677060 0.087362 0.144361
0 0.080120 0.444127 0.071943 0.118338
0 0.562849 0.754891 0.077063 0.172579
0 0.356066 0.414079 0.077737 0.145667
0 0.990978 0.950269 0.018044 0.099463
0 0.025332 0.950935 0.049966 0.095750
