0 0.986563 0.554333 0.026391 0.147333
0 0.843167 0.072428 0.049823 0.144856
0 0.927105 0.034190 0.071003 0.068380
0 0.020134 0.235752 0.040268 0.197773
0 0.021508 0.860065 0.043016 0.159241
0 0.306517 0.921465 0.074893 0.143014
0 0.641158 0.082972 0.074789 0.165944
0 0.192043 0.943447 0.074508 0.112144
0 0.443816 0.169025 0.087466 0.205810
0 0.045677 0.140743 0.066339 0.175190
0 0.898091 0.112431 0.078646 0.159093
0 0.506971 0.295870 0.072214 0.114333
0 0.608016 0.209998 0.081318 0.145588
0 0.668010 0.899336 0.084302 0.135394
0 0.466655 0.583083 0.071112 0.151935
0 0.129352 0.323366 0.075542 0.170222
0 0.108876 0.076007 0.077352 0.151708
0 0.971652 0.773125 0.056555 0.156222
0 0.054404 0.786301 0.076766 0.139602
0 0.520613 0.171032 0.068352 0.164444
0 0.900889 0.874822 0.075461 0.147708
0 0.372065 0.796713 0.092797 0.148519
0 0.273638 0.063238 0.079922 0.126477
0 0.417022 0.886632 0.080862 0.160819
0 0.857943 0.792067 0.069667 0.139681
0 0.793945 0.134118 0.079943 0.149606
0 0.036339 0.655303 0.072464 0.144810
0 0.519815 0.929806 0.085365 0.137065
0 0.721359 0.292921 0.073063 0.169083
0 0.727424 0.709896 0.080286 0.180162
0 0.793500 0.670130 0.080495 0.155352
0 0.542766 0.796537 0.079193 0.166278
0 0.654090 0.766801 0.076711 0.157148
0 0.381866 0.658581 0.079914 0.160329
0 0.069814 0.398947 0.073846 0.160069
0 0.280701 0.669468 0.078318 0.141407
0 0.132876 0.869963 0.079482 0.158880
0 0.271961 0.388412 0.083156 0.159148
0 0.965811 0.923352 0.068227 0.150694
0 0.187547 0.765231 0.084859 0.141741
0 0.789387 0.340750 0.072919 0.165889
0 0.276474 0.229947 0.068208 0.152097
0 0.964387 0.152894 0.071227 0.145231
0 0.528186 0.385204 0.091440 0.153889
0 0.165079 0.522750 0.082773 0.152102
0 0.454176 0.352894 0.078289 0.153417
0 0.216924 0.167551 0.080323 0.157537
0 0.153895 0.647155 0.088435 0.134088
0 0.065854 0.545350 0.082547 0.141079
0 0.209704 0.431396 0.075398 0.157292
0 0.522182 0.657021 0.081432 0.150606
0 0.755809 0.463255 0.078956 0.148231
0 0.815173 0.539764 0.076070 0.153037
0 0.515677 0.515813 0.081203 0.138495
0 0.835400 0.242505 0.084461 0.152787
0 0.596504 0.648965 0.076727 0.132412
0 0.870026 0.653146 0.084203 0.160310
0 0.822318 0.916653 0.091047 0.155380
0 0.899092 0.324625 0.074331 0.149593
0 0.966650 0.434160 0.066154 0.153375
0 0.654842 0.284789 0.076596 0.154949
0 0.874632 0.470065 0.086716 0.156472
0 0.013508 0.036306 0.026729 0.072611
0 0.981263 0.255782 0.037474 0.161731
0 0.342685 0.027683 0.085438 0.054162
0 0.076047 0.968720 0.072453 0.059681
0 0.631465 0.960935 0.065159 0.075000
0 0.775324 0.053370 0.085466 0.106741
