0 0.753003 0.026979 0.091490 0.053958
0 0.576678 0.030243 0.086930 0.059782
3 0.460042 0.569639 0.080193 0.138824
0 0.978217 0.169829 0.043565 0.139083
0 0.992546 0.549644 0.014909 0.155685
0 0.433714 0.025924 0.107391 0.051403
0 0.004921 0.160019 0.009810 0.146546
0 0.738242 0.987669 0.077333 0.021468
0 0.113880 0.981095 0.098161 0.036227
0 0.108607 0.035225 0.079693 0.070449
0 0.020760 0.773481 0.041521 0.136694
0 0.609732 0.953113 0.092073 0.093218
0 0.962310 0.061826 0.075380 0.123653
0 0.036230 0.922801 0.072117 0.145194
0 0.639003 0.063164 0.071693 0.126014
0 0.067306 0.829634 0.095414 0.155472
0 0.226776 0.083602 0.083333 0.166389
0 0.115884 0.580350 0.102232 0.156458
0 0.341021 0.674264 0.088260 0.153241
0 0.701510 0.587100 0.088333 0.142681
0 0.368746 0.091671 0.076914 0.140324
0 0.513652 0.636190 0.084966 0.143222
0 0.342303 0.239806 0.077174 0.141713
0 0.054368 0.682132 0.099654 0.148106
0 0.835806 0.070387 0.080221 0.140773
0 0.119372 0.307854 0.077687 0.128894
0 0.093973 0.189771 0.076836 0.131958
0 0.922038 0.152019 0.079393 0.150472
0 0.958954 0.495400 0.080951 0.167856
0 0.765293 0.120854 0.087794 0.155986
0 0.222577 0.247062 0.088487 0.170773
0 0.410637 0.672009 0.084799 0.156269
0 0.597884 0.657153 0.080117 0.154194
0 0.030605 0.072428 0.061211 0.144856
0 0.554254 0.904132 0.091435 0.157847
0 0.241358 0.601100 0.081393 0.143968
0 0.037135 0.448007 0.073922 0.158625
0 0.447160 0.107688 0.088174 0.147755
0 0.311082 0.777975 0.081711 0.139606
0 0.274652 0.447926 0.086232 0.165065
0 0.172924 0.668414 0.089484 0.151282
0 0.147404 0.127280 0.091802 0.157310
0 0.477452 0.817856 0.085294 0.160926
0 0.653557 0.499359 0.086552 0.154384
0 0.597818 0.415678 0.093052 0.162264
0 0.953326 0.686218 0.092255 0.171815
0 0.673820 0.203745 0.090703 0.154435
0 0.783949 0.262616 0.084893 0.163028
0 0.684395 0.725088 0.093383 0.162509
0 0.418758 0.229206 0.085682 0.148958
0 0.886669 0.622537 0.090172 0.148194
0 0.884109 0.482396 0.085656 0.155319
0 0.962098 0.314137 0.075805 0.163699
0 0.221737 0.796472 0.099182 0.158694
