1 0.208178 0.168521 0.092879 0.071938
0 0.653400 0.071198 0.078551 0.106635
0 0.844799 0.597539 0.078621 0.097141
0 0.301719 0.089247 0.082289 0.091453
0 0.079020 0.587513 0.072344 0.096036
0 0.877979 0.160615 0.085316 0.100729
0 0.531236 0.039654 0.072059 0.076109
0 0.049029 0.371125 0.081035 0.100896
0 0.071064 0.705516 0.077590 0.097812
0 0.361070 0.762635 0.081094 0.107938
0 0.059061 0.185901 0.073871 0.091990
0 0.941227 0.393427 0.079094 0.094979
0 0.767514 0.848299 0.075066 0.103047
0 0.533012 0.854458 0.076867 0.098510
0 0.891232 0.070003 0.072340 0.093005
0 0.964170 0.901185 0.071426 0.109807
0 0.859316 0.692138 0.071547 0.098339
0 0.829396 0.241310 0.079988 0.106516
0 0.140000 0.754372 0.070109 0.098411
0 0.310990 0.691602 0.074957 0.102339
0 0.169275 0.382737 0.079496 0.107630
0 0.786305 0.738599 0.068039 0.091083
0 0.930340 0.693062 0.076086 0.108229
0 0.144373 0.961721 0.073371 0.075266
0 0.218215 0.697193 0.079109 0.096969
0 0.030186 0.291961 0.060371 0.109922
0 0.455814 0.114234 0.082332 0.090281
0 0.075584 0.963029 0.073480 0.072828
0 0.040422 0.053469 0.080047 0.105531
0 0.652607 0.928768 0.079316 0.106349
0 0.540697 0.949714 0.080824 0.098458
0 0.013170 0.984591 0.026270 0.030818
0 0.283223 0.198622 0.085406 0.084005
0 0.244162 0.293997 0.080043 0.112036
0 0.374973 0.983844 0.066711 0.027865
0 0.007070 0.765089 0.013758 0.094510
0 0.790254 0.523130 0.069812 0.107510
0 0.992404 0.401003 0.014363 0.095766
0 0.665119 0.017742 0.079738 0.034849
0 0.778281 0.988862 0.075617 0.021016
0 0.901578 0.011831 0.073828 0.021557
0 0.586242 0.987794 0.074172 0.022891
0 0.740051 0.012922 0.081070 0.025219
0 0.446244 0.988193 0.074910 0.022802
0 0.985758 0.230826 0.028039 0.100578
0 0.156039 0.132823 0.068297 0.100344
0 0.341486 0.030581 0.064855 0.061130
0 0.553008 0.641951 0.076070 0.093786
0 0.500852 0.619971 0.056477 0.098276
0 0.183875 0.029836 0.082398 0.056484
0 0.860855 0.516576 0.078141 0.090495
0 0.714510 0.981060 0.063598 0.036286
0 0.208443 0.087065 0.069488 0.093828
0 0.981445 0.026185 0.036766 0.052109
0 0.185271 0.260945 0.082215 0.102849
0 0.249965 0.020966 0.082523 0.041932
0 0.650303 0.417133 0.060738 0.113193
0 0.591568 0.556411 0.083660 0.106865
0 0.834045 0.967471 0.072840 0.064682
0 0.377203 0.665568 0.068570 0.093656
0 0.315937 0.967693 0.071039 0.064615
0 0.722748 0.077086 0.073082 0.103880
0 0.122984 0.032263 0.059266 0.061036
0 0.640256 0.632732 0.071684 0.094953
0 0.231762 0.403602 0.063898 0.100057
0 0.590953 0.039898 0.066063 0.077943
0 0.402592 0.548268 0.069520 0.091036
0 0.900662 0.249716 0.070973 0.092203
0 0.102104 0.450508 0.074434 0.089859
0 0.417906 0.962091 0.071281 0.073661
0 0.705000 0.602367 0.067961 0.093245
0 0.719922 0.171805 0.078633 0.101349
0 0.824766 0.027242 0.074094 0.053411
0 0.610018 0.123378 0.087762 0.093495
0 0.236068 0.843755 0.078676 0.102448
0 0.969840 0.975253 0.060320 0.048484
0 0.291164 0.416234 0.071984 0.098813
0 0.770057 0.581852 0.074332 0.098464
0 0.660811 0.530388 0.073215 0.105849
0 0.133211 0.529732 0.066281 0.101453
0 0.468807 0.039042 0.069051 0.077115
0 0.283201 0.317865 0.075582 0.092104
0 0.446002 0.609396 0.069848 0.103313
0 0.715506 0.496279 0.066910 0.091234
0 0.346068 0.512211 0.069121 0.095578
0 0.354730 0.912909 0.076625 0.098224
0 0.983033 0.492081 0.033746 0.098318
0 0.748615 0.680320 0.075902 0.106255
0 0.292088 0.497349 0.067934 0.089646
0 0.026832 0.843357 0.052547 0.108036
0 0.533555 0.718781 0.068711 0.088771
0 0.956143 0.164878 0.076129 0.096557
0 0.201203 0.791260 0.074977 0.099615
0 0.398486 0.067680 0.076824 0.096401
0 0.427834 0.889372 0.063965 0.089276
0 0.978428 0.818784 0.043145 0.104328
0 0.102564 0.885880 0.071246 0.101573
0 0.251777 0.928789 0.074898 0.108734
0 0.190879 0.522057 0.069711 0.099542
0 0.172844 0.618346 0.084648 0.099495
0 0.801752 0.353536 0.073520 0.099958
0 0.903113 0.965503 0.073062 0.067849
0 0.859979 0.427919 0.076535 0.107224
0 0.603025 0.731659 0.075379 0.102505
0 0.896545 0.887388 0.071410 0.100380
0 0.922557 0.481292 0.074387 0.101469
0 0.699826 0.839115 0.072145 0.133906
0 0.964494 0.078057 0.069793 0.089521
0 0.650580 0.791341 0.067246 0.095318
0 0.445414 0.488190 0.074570 0.109672
0 0.743545 0.243250 0.078965 0.102906
0 0.956133 0.299130 0.077250 0.103854
0 0.663084 0.285812 0.075816 0.096135
0 0.127762 0.224409 0.081797 0.107047
0 0.030094 0.640336 0.058625 0.091464
0 0.037812 0.485146 0.068367 0.095438
0 0.073834 0.794872 0.069887 0.092703
0 0.095557 0.108839 0.071520 0.095031
0 0.467551 0.703703 0.073672 0.095875
0 0.827676 0.894307 0.072883 0.096260
