0 0.856022 0.715690 0.081924 0.125417
0 0.889492 0.515037 0.074849 0.135972
0 0.740120 0.510565 0.068411 0.126444
0 0.608779 0.848109 0.083052 0.134384
0 0.709328 0.647600 0.081141 0.141347
0 0.629176 0.647127 0.073112 0.133662
0 0.696785 0.938861 0.082826 0.122278
0 0.811206 0.481898 0.077125 0.115259
0 0.813478 0.081257 0.082612 0.139745
0 0.789848 0.620454 0.082820 0.121083
0 0.777578 0.271891 0.070625 0.127921
0 0.456339 0.410975 0.080583 0.142301
0 0.815727 0.869519 0.082625 0.137583
0 0.942983 0.410407 0.078883 0.129574
0 0.900612 0.829553 0.077620 0.131606
0 0.553706 0.250301 0.075833 0.131176
0 0.405895 0.942093 0.073826 0.114907
0 0.871174 0.302248 0.068557 0.128912
0 0.604589 0.464949 0.067609 0.123639
0 0.582792 0.072681 0.077964 0.142824
0 0.691486 0.339275 0.075216 0.130051
0 0.373832 0.621718 0.077591 0.145000
0 0.679712 0.229329 0.070794 0.121769
0 0.511034 0.869595 0.082521 0.123801
0 0.904327 0.067433 0.075961 0.128949
0 0.970454 0.785859 0.059091 0.121097
0 0.933279 0.261549 0.060042 0.141051
0 0.673014 0.469285 0.070534 0.131292
0 0.618456 0.340218 0.066458 0.141833
0 0.131754 0.729590 0.076555 0.142755
0 0.932540 0.682889 0.068523 0.149352
0 0.887294 0.947528 0.083219 0.104435
0 0.542529 0.379618 0.074391 0.120412
0 0.302949 0.260660 0.090294 0.132579
0 0.413160 0.739030 0.075966 0.132931
0 0.328923 0.863752 0.083612 0.130190
0 0.247754 0.869667 0.070430 0.125870
0 0.435888 0.205023 0.074687 0.128389
0 0.973284 0.143076 0.053432 0.123236
0 0.522717 0.517984 0.069945 0.143745
0 0.315309 0.472442 0.078544 0.120690
0 0.284337 0.127333 0.077451 0.126593
0 0.386255 0.314333 0.070401 0.135380
0 0.207173 0.753197 0.071107 0.121856
0 0.128176 0.575361 0.076622 0.126694
0 0.255685 0.384808 0.071516 0.136125
0 0.117490 0.205007 0.069865 0.129171
0 0.096159 0.455139 0.068979 0.138000
0 0.037355 0.131993 0.071529 0.126421
0 0.302542 0.643664 0.064391 0.128912
0 0.118180 0.892611 0.075776 0.121750
0 0.125092 0.060796 0.078518 0.114417
0 0.203034 0.056505 0.071323 0.113009
0 0.348036 0.053303 0.069667 0.106606
0 0.047173 0.683002 0.074977 0.124745
0 0.654340 0.037958 0.067086 0.075528
0 0.842595 0.384817 0.078284 0.113912
0 0.231297 0.638856 0.066932 0.117278
0 0.151523 0.326252 0.076979 0.124699
0 0.188197 0.482711 0.071831 0.113560
0 0.017612 0.899498 0.034740 0.139190
0 0.983651 0.906141 0.032401 0.130227
0 0.501812 0.036306 0.076115 0.072380
0 0.050809 0.813352 0.075888 0.115713
0 0.018970 0.595854 0.037633 0.111597
0 0.982775 0.263611 0.033919 0.116380
0 0.303415 0.959912 0.084461 0.080176
0 0.549776 0.963150 0.078729 0.073699
0 0.034246 0.028954 0.066456 0.057370
0 0.275749 0.030613 0.078820 0.061227
0 0.009591 0.369657 0.019182 0.121806
0 0.994466 0.384475 0.010839 0.130560
0 0.006474 0.492234 0.012823 0.112977
0 0.808728 0.969829 0.084914 0.058815
0 0.964172 0.018789 0.071656 0.035431
