0 0.525186 0.603495 0.076169 0.145426
0 0.293427 0.463465 0.086677 0.158921
0 0.761648 0.089998 0.084651 0.175718
0 0.558240 0.061530 0.079786 0.122088
0 0.441193 0.105269 0.083250 0.158019
0 0.472012 0.231211 0.092539 0.140875
0 0.503643 0.469431 0.094349 0.147815
0 0.839141 0.063572 0.089620 0.126347
1 0.582160 0.785611 0.082112 0.147083
1 0.063016 0.924387 0.091370 0.143079
0 0.163012 0.027488 0.082503 0.054968
1 0.403318 0.754694 0.073349 0.170806
1 0.299507 0.077688 0.086945 0.146875
1 0.732789 0.511056 0.084036 0.145917
1 0.491275 0.752903 0.089299 0.163222
0 0.427814 0.367505 0.071023 0.215667
1 0.164717 0.636454 0.086565 0.155259
0 0.975995 0.875664 0.048010 0.140810
0 0.612454 0.298535 0.081445 0.169736
0 0.646428 0.040363 0.075206 0.080727
0 0.847565 0.924477 0.107802 0.129537
0 0.971592 0.708687 0.056305 0.152681
0 0.240643 0.046528 0.083411 0.093056
0 0.805766 0.751905 0.064578 0.111301
0 0.916358 0.951662 0.071440 0.096315
0 0.465516 0.960139 0.080870 0.079500
0 0.137051 0.773917 0.094456 0.198194
0 0.294366 0.677421 0.104753 0.163722
0 0.029845 0.105701 0.059445 0.155338
0 0.026318 0.474104 0.052323 0.137329
0 0.142358 0.942528 0.079284 0.114824
0 0.484454 0.357475 0.080951 0.141745
0 0.058603 0.696875 0.078701 0.145481
0 0.294538 0.934958 0.080034 0.130083
0 0.229392 0.213310 0.085227 0.167204
0 0.791947 0.621984 0.080326 0.159736
0 0.328178 0.580875 0.084195 0.147556
0 0.337003 0.831187 0.076031 0.146810
0 0.104228 0.262669 0.085581 0.131097
0 0.668382 0.828588 0.078810 0.144491
0 0.554691 0.189181 0.080107 0.132019
0 0.606374 0.624109 0.085456 0.174181
0 0.267083 0.805470 0.081906 0.172088
0 0.694328 0.131002 0.081500 0.142949
0 0.116805 0.399928 0.088063 0.154301
0 0.436960 0.581384 0.084971 0.177852
0 0.091105 0.145572 0.095544 0.157023
0 0.369573 0.128602 0.076422 0.156602
0 0.074522 0.558120 0.090638 0.146491
0 0.228781 0.561477 0.084073 0.160019
0 0.306518 0.217951 0.085953 0.144431
0 0.167160 0.191701 0.074055 0.128616
0 0.622077 0.131264 0.072565 0.151537
0 0.730514 0.728215 0.086320 0.119384
0 0.367646 0.269278 0.100198 0.157065
0 0.683402 0.261472 0.105034 0.159222
0 0.748234 0.843456 0.077385 0.127764
0 0.035359 0.352884 0.070719 0.127398
0 0.090480 0.822028 0.091143 0.145333
0 0.636112 0.948616 0.077526 0.102639
0 0.540137 0.881090 0.076378 0.133403
0 0.881646 0.666174 0.091010 0.159579
0 0.696639 0.391843 0.082445 0.131000
0 0.966458 0.051171 0.067083 0.100907
0 0.713961 0.938053 0.087797 0.123894
0 0.392326 0.915572 0.078219 0.155801
0 0.369208 0.387569 0.072979 0.137343
1 0.546935 0.325535 0.076573 0.163699
0 0.537036 0.985641 0.081484 0.027819
0 0.984656 0.964894 0.030167 0.070213
0 0.033784 0.016014 0.067568 0.029556
0 0.717522 0.034843 0.084326 0.069685
0 0.016711 0.254817 0.033422 0.153708
1 0.666452 0.548384 0.091013 0.153102
1 0.927889 0.822525 0.080982 0.163597
1 0.205721 0.751639 0.079078 0.147741
1 0.843296 0.813398 0.098159 0.154093
