0 0.039775 0.728465 0.079497 0.141551
0 0.423620 0.953565 0.093385 0.092602
0 0.978324 0.440655 0.043352 0.148477
0 0.483306 0.747387 0.083122 0.155829
0 0.607538 0.553630 0.084596 0.150565
0 0.537751 0.872565 0.085060 0.164157
0 0.760299 0.207412 0.093906 0.139407
0 0.708828 0.764560 0.083141 0.147037
0 0.948299 0.252139 0.090057 0.129824
0 0.680940 0.480671 0.082901 0.145889
0 0.871667 0.476014 0.084068 0.144528
0 0.364133 0.383241 0.084990 0.173389
0 0.796210 0.456056 0.085747 0.150963
0 0.599906 0.251829 0.086313 0.146046
0 0.210799 0.326491 0.082125 0.144944
0 0.797115 0.695748 0.079797 0.153968
0 0.860719 0.618644 0.089755 0.154694
1 0.509980 0.311174 0.082617 0.151356
0 0.014762 0.946345 0.029523 0.106653
0 0.238069 0.962461 0.085216 0.075079
0 0.128341 0.064373 0.084297 0.128662
0 0.971314 0.885917 0.057242 0.154102
0 0.875759 0.041347 0.066576 0.082056
0 0.067542 0.956319 0.081589 0.087361
0 0.961495 0.633681 0.077010 0.145361
0 0.853965 0.915347 0.094034 0.161713
0 0.045673 0.859977 0.090477 0.136833
0 0.338702 0.954701 0.085435 0.090449
0 0.737411 0.097303 0.092224 0.116394
1 0.165478 0.191194 0.083971 0.142759
0 0.964254 0.036215 0.071419 0.072431
1 0.035012 0.070137 0.069133 0.137347
0 0.934945 0.962086 0.083292 0.075829
0 0.336324 0.040245 0.083924 0.079500
1 0.950924 0.754856 0.091995 0.136102
0 0.460829 0.033956 0.104893 0.067912
1 0.854324 0.775803 0.083326 0.143986
1 0.039156 0.597368 0.077656 0.128403
1 0.093047 0.119102 0.074240 0.129111
1 0.029275 0.476146 0.058549 0.148394
0 0.657723 0.964970 0.085852 0.070060
1 0.695771 0.222410 0.074552 0.128144
0 0.817280 0.053731 0.068326 0.105694
0 0.464529 0.898940 0.077589 0.146722
0 0.428100 0.320093 0.076102 0.136120
0 0.447918 0.481449 0.090471 0.130417
0 0.562086 0.721981 0.084068 0.151787
0 0.525436 0.564326 0.079846 0.157116
0 0.714012 0.915310 0.079935 0.157824
0 0.421281 0.126921 0.079391 0.139685
0 0.920694 0.128627 0.088617 0.150097
0 0.125454 0.361625 0.087414 0.146954
0 0.716461 0.348785 0.081224 0.148060
0 0.786734 0.315576 0.080344 0.142995
0 0.093301 0.498491 0.081461 0.157963
0 0.246108 0.192414 0.077992 0.140282
0 0.927979 0.375053 0.087708 0.155801
0 0.500832 0.106269 0.079107 0.139009
0 0.298422 0.297164 0.080927 0.143449
0 0.344199 0.152495 0.079133 0.152454
0 0.647324 0.358468 0.071815 0.129463
0 0.721673 0.604262 0.080414 0.158977
0 0.086352 0.252609 0.093865 0.156005
1 0.782523 0.907523 0.069641 0.167667
1 0.740488 0.022581 0.083727 0.044819
0 0.666520 0.020755 0.084138 0.041444
1 0.613145 0.833530 0.077055 0.137181
0 0.164438 0.345833 0.171552 0.137546
0 0.991829 0.972273 0.016159 0.055185
1 0.983082 0.127278 0.033643 0.145435
1 0.639182 0.133569 0.079135 0.133500
1 0.451020 0.608058 0.087289 0.136486
1 0.199289 0.072282 0.082057 0.138065
1 0.905895 0.860863 0.081049 0.137958
