0 0.578602 0.393676 0.091557 0.102852
0 0.504819 0.427912 0.096289 0.165620
0 0.846293 0.046609 0.087482 0.089366
0 0.044492 0.954116 0.083167 0.089380
0 0.856012 0.908414 0.095508 0.120801
0 0.594297 0.233366 0.107349 0.128315
0 0.989923 0.728718 0.019638 0.141731
0 0.970355 0.930856 0.059289 0.132907
0 0.899892 0.808752 0.093419 0.166523
0 0.384882 0.799303 0.096523 0.155125
0 0.886671 0.696361 0.097820 0.138870
0 0.612158 0.950653 0.109951 0.094444
0 0.778224 0.558257 0.091937 0.122319
0 0.882895 0.400238 0.094461 0.143829
0 0.487382 0.721419 0.088924 0.153616
0 0.846939 0.782544 0.089513 0.153134
0 0.141315 0.169836 0.076448 0.124384
0 0.570531 0.759991 0.105401 0.175731
0 0.812302 0.623907 0.078786 0.145444
0 0.175638 0.368625 0.100677 0.148074
0 0.984811 0.215215 0.030378 0.148069
0 0.043210 0.064329 0.086419 0.127454
0 0.969379 0.400058 0.060690 0.156125
0 0.824723 0.470181 0.099305 0.134139
0 0.714049 0.489641 0.110432 0.126856
0 0.914668 0.936449 0.095935 0.124694
0 0.923152 0.615481 0.078029 0.134833
0 0.477435 0.183187 0.087359 0.175810
0 0.830697 0.316657 0.104924 0.152843
0 0.385625 0.485743 0.079922 0.171866
0 0.762695 0.043398 0.106521 0.086796
0 0.913417 0.182116 0.112630 0.129111
0 0.129943 0.067556 0.092479 0.135111
0 0.709142 0.382736 0.117029 0.133407
0 0.267522 0.116039 0.119909 0.127412
0 0.340616 0.703898 0.096419 0.128389
0 0.975510 0.825352 0.048979 0.130056
0 0.692871 0.297593 0.097633 0.123083
0 0.835689 0.133544 0.100445 0.131940
0 0.893102 0.527609 0.074297 0.144514
0 0.092849 0.406588 0.086526 0.130028
0 0.243721 0.913412 0.079849 0.135602
0 0.071848 0.267352 0.092003 0.149833
0 0.361076 0.321833 0.103052 0.122528
0 0.246629 0.534697 0.087544 0.158634
0 0.172483 0.535563 0.078273 0.168125
0 0.290049 0.228799 0.092021 0.144023
0 0.434660 0.174928 0.077242 0.143319
0 0.957620 0.674616 0.084760 0.152806
0 0.139236 0.272431 0.092727 0.150500
0 0.965178 0.056965 0.069055 0.113931
0 0.540038 0.202405 0.067482 0.131514
0 0.135504 0.669025 0.110372 0.132690
0 0.338279 0.470225 0.079927 0.149884
0 0.214698 0.230368 0.086219 0.151301
0 0.352557 0.136400 0.084594 0.133088
0 0.900807 0.294692 0.086635 0.130829
0 0.939332 0.352306 0.114747 0.125676
0 0.074318 0.108368 0.098698 0.117116
0 0.597458 0.099808 0.081125 0.091440
0 0.601069 0.661222 0.110815 0.104139
0 0.569775 0.915859 0.101185 0.136949
0 0.796500 0.906514 0.101906 0.138519
0 0.726288 0.807370 0.117154 0.137093
0 0.670882 0.908655 0.107607 0.117116
0 0.190268 0.887970 0.097896 0.169903
0 0.283350 0.795958 0.080242 0.148500
0 0.687329 0.644817 0.122852 0.119829
0 0.510436 0.887257 0.123576 0.125681
0 0.516453 0.559153 0.097094 0.125676
0 0.121219 0.806729 0.104396 0.141227
0 0.246038 0.777412 0.101909 0.145648
0 0.072672 0.469995 0.105198 0.138519
0 0.060236 0.549880 0.097977 0.124250
