0 0.969895 0.098966 0.060211 0.097693
0 0.341111 0.199872 0.081871 0.097911
0 0.351439 0.289766 0.075207 0.089552
0 0.657436 0.425227 0.071871 0.099766
0 0.971037 0.192844 0.056738 0.093771
0 0.067586 0.330714 0.076250 0.110583
0 0.630104 0.671760 0.078637 0.096906
0 0.808545 0.943719 0.071809 0.096083
0 0.154404 0.419190 0.074270 0.105682
0 0.632277 0.132148 0.086359 0.101547
0 0.817252 0.361193 0.081270 0.098208
0 0.596428 0.320354 0.074988 0.102833
0 0.417244 0.875224 0.075324 0.102375
0 0.740869 0.798414 0.074730 0.095453
0 0.286793 0.249115 0.070312 0.096281
0 0.586727 0.447370 0.074844 0.099865
0 0.720260 0.589297 0.081168 0.097937
0 0.780666 0.038398 0.076301 0.075641
0 0.498502 0.727453 0.078926 0.086104
0 0.414555 0.193719 0.069422 0.105385
0 0.546627 0.094076 0.080254 0.104307
0 0.089514 0.190182 0.071621 0.089385
0 0.214271 0.498865 0.072637 0.091698
0 0.915172 0.146216 0.075508 0.093839
0 0.134664 0.323542 0.064031 0.087500
0 0.835908 0.767570 0.074496 0.093047
0 0.067381 0.558862 0.067770 0.093724
0 0.844941 0.103156 0.074773 0.102635
0 0.198549 0.689661 0.075793 0.099677
0 0.957746 0.654224 0.076781 0.104917
0 0.319027 0.645362 0.072828 0.090797
0 0.364379 0.941284 0.076937 0.094380
0 0.857502 0.863487 0.079434 0.099870
0 0.192029 0.838529 0.068355 0.098047
0 0.574832 0.687232 0.082219 0.095766
0 0.199771 0.592740 0.074309 0.093094
0 0.726857 0.893904 0.077254 0.095026
0 0.883229 0.641396 0.079254 0.106302
0 0.284949 0.129628 0.068547 0.116255
0 0.037758 0.107193 0.075516 0.121708
0 0.250277 0.778859 0.070273 0.094427
0 0.725926 0.705234 0.069625 0.091333
0 0.586871 0.559187 0.078766 0.114469
0 0.500852 0.638622 0.078234 0.100057
0 0.213836 0.124156 0.079563 0.103313
0 0.157051 0.045799 0.078391 0.091182
0 0.278414 0.952518 0.074609 0.094661
0 0.136705 0.754690 0.077254 0.101172
0 0.796980 0.675503 0.090656 0.107911
0 0.709768 0.163898 0.072254 0.105339
0 0.031375 0.648677 0.062750 0.101688
0 0.455158 0.513740 0.078426 0.099479
0 0.167990 0.219786 0.073309 0.099708
0 0.321246 0.766271 0.076477 0.101635
0 0.268365 0.432448 0.070324 0.098469
0 0.880451 0.412096 0.078121 0.096297
0 0.041357 0.810945 0.070457 0.092807
0 0.016979 0.930932 0.031801 0.103125
0 0.597516 0.945378 0.070687 0.086276
0 0.990652 0.970927 0.018180 0.058146
0 0.479500 0.215396 0.072109 0.090792
0 0.679432 0.007930 0.072480 0.015859
0 0.792322 0.986583 0.073559 0.026833
0 0.258994 0.010635 0.065590 0.021271
0 0.592932 0.010339 0.083051 0.020677
0 0.891238 0.009346 0.075219 0.018693
0 0.014078 0.025328 0.026992 0.049677
0 0.989154 0.035167 0.021691 0.065875
0 0.880773 0.955661 0.074812 0.085240
0 0.054229 0.988177 0.070738 0.022740
0 0.577898 0.965203 0.065102 0.069594
0 0.505074 0.977346 0.074641 0.044401
0 0.950055 0.965557 0.064977 0.067646
0 0.660092 0.911078 0.065855 0.086552
0 0.316250 0.026130 0.070422 0.050896
0 0.478639 0.023997 0.076395 0.046693
0 0.016932 0.188669 0.033863 0.092599
0 0.431605 0.972997 0.069859 0.054005
0 0.480451 0.125464 0.076676 0.093583
0 0.547490 0.873734 0.058949 0.095187
0 0.019943 0.544482 0.038488 0.091630
0 0.378332 0.368128 0.080469 0.089224
0 0.977182 0.479846 0.045402 0.112661
0 0.953793 0.356849 0.081758 0.082396
0 0.971971 0.288620 0.055035 0.091375
0 0.977545 0.865594 0.044598 0.096740
0 0.378570 0.461646 0.068664 0.090094
0 0.664037 0.224573 0.068793 0.087844
0 0.484557 0.811156 0.084801 0.082490
0 0.787049 0.434167 0.082434 0.098552
0 0.941131 0.435591 0.073527 0.095016
0 0.612957 0.047862 0.075266 0.083224
0 0.946842 0.551919 0.077691 0.101682
0 0.772463 0.137156 0.070363 0.097104
0 0.722187 0.264669 0.073875 0.100516
0 0.667215 0.323555 0.066820 0.087745
0 0.129293 0.859969 0.074813 0.107177
0 0.125623 0.123505 0.078293 0.093740
0 0.707127 0.968620 0.074941 0.062583
0 0.313193 0.498833 0.074043 0.093510
0 0.683273 0.787146 0.057273 0.119187
0 0.510062 0.305021 0.069852 0.092260
0 0.356105 0.569513 0.074672 0.095453
0 0.909555 0.803547 0.071508 0.099583
0 0.015502 0.345453 0.029207 0.103031
