1 0.095246 0.259949 0.095206 0.158685
1 0.635319 0.968146 0.101289 0.063708
0 0.798296 0.037921 0.106716 0.075824
1 0.424408 0.395843 0.094784 0.174435
0 0.470995 0.469176 0.095396 0.189352
1 0.045467 0.347123 0.090352 0.148199
1 0.287486 0.118824 0.092820 0.145296
1 0.387600 0.532292 0.097169 0.141769
1 0.562014 0.741773 0.109299 0.171870
1 0.909103 0.918903 0.090966 0.148907
0 0.981775 0.432463 0.036451 0.137843
0 0.524539 0.875426 0.117698 0.144093
0 0.554018 0.262069 0.104589 0.166639
1 0.610245 0.555986 0.105109 0.163204
0 0.612465 0.048373 0.092794 0.092421
0 0.955492 0.842144 0.089016 0.145769
0 0.246842 0.237771 0.095247 0.149773
0 0.513134 0.323576 0.093263 0.147310
0 0.366794 0.130368 0.084297 0.161560
0 0.171992 0.453546 0.101385 0.205157
0 0.206413 0.097535 0.097237 0.158847
0 0.407622 0.656618 0.101437 0.140181
0 0.503935 0.612558 0.092250 0.154051
0 0.615158 0.348127 0.090711 0.170560
0 0.873755 0.752354 0.102359 0.181329
0 0.700781 0.345338 0.098036 0.152102
0 0.955068 0.717227 0.089865 0.145083
1 0.816788 0.606634 0.092477 0.158454
0 0.026836 0.496525 0.052885 0.174625
0 0.632796 0.148944 0.102846 0.154231
0 0.761555 0.751183 0.113240 0.155255
0 0.972667 0.279859 0.054667 0.182912
0 0.879663 0.058685 0.088367 0.114778
0 0.643576 0.682056 0.101750 0.155046
0 0.926540 0.448356 0.083523 0.185269
0 0.443935 0.792331 0.093630 0.164514
0 0.084486 0.485204 0.084836 0.164361
0 0.814725 0.290461 0.090018 0.160477
0 0.262809 0.921887 0.097081 0.155106
0 0.930296 0.599637 0.123701 0.145032
0 0.902272 0.192083 0.094003 0.150593
0 0.162749 0.699713 0.092919 0.158917
0 0.048932 0.920924 0.097865 0.136153
0 0.313023 0.723972 0.093891 0.158852
0 0.487673 0.056157 0.090737 0.105981
0 0.814078 0.136687 0.110286 0.152755
0 0.076652 0.634174 0.104206 0.149958
0 0.846684 0.463861 0.109497 0.178565
0 0.733448 0.860588 0.099990 0.132630
0 0.265505 0.376331 0.098604 0.157144
0 0.031000 0.732616 0.062000 0.187991
0 0.373776 0.906870 0.109839 0.148852
0 0.979167 0.956021 0.041667 0.087958
0 0.956438 0.104644 0.087125 0.154935
0 0.163187 0.933301 0.093240 0.133398
1 0.418978 0.251954 0.093643 0.160704
0 0.672385 0.465968 0.105672 0.156731
0 0.719272 0.031623 0.095883 0.061162
1 0.524267 0.133167 0.096341 0.162898
0 0.050917 0.677810 0.096417 0.212306
1 0.243520 0.507683 0.098180 0.172727
