0 0.455422 0.809461 0.070070 0.095380
0 0.516354 0.930456 0.075902 0.085901
0 0.970959 0.458839 0.057598 0.095479
0 0.413748 0.024732 0.074668 0.049464
0 0.543787 0.093888 0.065121 0.095474
0 0.673744 0.425768 0.067973 0.097339
0 0.533645 0.569815 0.073156 0.093922
0 0.622742 0.183576 0.070977 0.106276
0 0.335748 0.271052 0.078480 0.090708
0 0.625625 0.616227 0.071156 0.107734
0 0.847557 0.264174 0.073941 0.121349
0 0.193451 0.158971 0.102465 0.122953
0 0.072457 0.577654 0.073227 0.099464
0 0.472707 0.850417 0.071570 0.082719
0 0.944418 0.042779 0.077609 0.084484
0 0.189236 0.969276 0.072785 0.061448
0 0.438846 0.946253 0.077027 0.095974
0 0.517938 0.126693 0.073820 0.095021
0 0.992637 0.446875 0.014117 0.095594
0 0.407365 0.612458 0.079371 0.090240
0 0.186705 0.014432 0.062973 0.028594
0 0.010682 0.744617 0.021348 0.100547
0 0.009297 0.042794 0.018414 0.084807
0 0.990703 0.323732 0.018336 0.091516
0 0.006021 0.411250 0.011801 0.106031
0 0.575607 0.017893 0.056129 0.035786
0 0.378637 0.618651 0.078406 0.096240
0 0.219576 0.027466 0.079285 0.054932
0 0.989781 0.523599 0.020164 0.089490
0 0.620234 0.985482 0.070617 0.029036
0 0.325188 0.160375 0.065047 0.086177
0 0.114867 0.417617 0.073500 0.088797
0 0.892467 0.016932 0.074613 0.033750
0 0.992764 0.925354 0.014473 0.101167
0 0.991619 0.037966 0.016762 0.075932
0 0.150398 0.460258 0.072875 0.087411
0 0.260041 0.022927 0.074934 0.045656
0 0.041727 0.457815 0.059430 0.091984
0 0.920535 0.271487 0.066633 0.092661
0 0.569852 0.653401 0.073023 0.087542
0 0.505486 0.025036 0.077199 0.050073
0 0.047346 0.969047 0.073051 0.061906
0 0.044059 0.330771 0.084312 0.100073
0 0.952283 0.551365 0.081902 0.111417
0 0.014324 0.894844 0.028648 0.084167
0 0.817639 0.556453 0.068340 0.093052
0 0.385344 0.500313 0.078914 0.114615
0 0.563490 0.835703 0.057355 0.083417
0 0.155131 0.556755 0.077262 0.132667
0 0.619762 0.743544 0.067742 0.095172
0 0.302557 0.189333 0.077426 0.100885
0 0.340162 0.356721 0.060785 0.095599
0 0.111625 0.786112 0.066625 0.084578
0 0.530348 0.838977 0.070133 0.098193
0 0.298094 0.561763 0.077141 0.093891
0 0.087047 0.063214 0.067484 0.100698
0 0.783766 0.571349 0.075375 0.102542
0 0.546129 0.495857 0.075445 0.100120
0 0.397668 0.395724 0.076555 0.096958
0 0.141768 0.326742 0.080496 0.106036
0 0.033340 0.102211 0.066555 0.100453
0 0.555850 0.186992 0.069691 0.085932
0 0.579295 0.737758 0.082848 0.099734
0 0.661279 0.727227 0.072121 0.097401
0 0.808539 0.878737 0.080234 0.100807
0 0.669361 0.256208 0.071160 0.091010
0 0.189100 0.384794 0.074176 0.098099
0 0.735465 0.043135 0.082117 0.086271
0 0.895943 0.668727 0.087824 0.113370
0 0.364311 0.942112 0.072598 0.110380
0 0.287197 0.090227 0.072801 0.088932
0 0.901990 0.455107 0.074676 0.096964
0 0.770283 0.954753 0.073348 0.087849
0 0.823854 0.460456 0.077582 0.092036
0 0.227064 0.891846 0.077379 0.111703
0 0.550744 0.356641 0.063137 0.092656
0 0.771393 0.178935 0.077449 0.098682
0 0.743795 0.699112 0.071855 0.097661
0 0.905373 0.786135 0.076223 0.106833
0 0.372688 0.803945 0.071195 0.095495
0 0.846301 0.073542 0.064758 0.091875
0 0.092977 0.275854 0.075344 0.094281
0 0.626174 0.860997 0.070293 0.099849
0 0.247344 0.708750 0.079687 0.102906
0 0.718605 0.490846 0.071180 0.118568
0 0.639875 0.451581 0.085586 0.107505
0 0.226326 0.549456 0.072270 0.099047
0 0.278906 0.363945 0.077891 0.100630
0 0.858443 0.963336 0.068566 0.072182
0 0.630920 0.271956 0.072074 0.089276
0 0.184070 0.784516 0.070789 0.092521
0 0.432248 0.761586 0.064184 0.079182
0 0.700387 0.612924 0.079000 0.105703
0 0.781434 0.369044 0.071547 0.094922
0 0.757902 0.276685 0.099477 0.102797
0 0.493787 0.418174 0.071504 0.101109
0 0.466266 0.531031 0.075461 0.101417
0 0.828098 0.780242 0.073227 0.100776
0 0.964662 0.843836 0.070676 0.103651
0 0.943793 0.368310 0.082180 0.094547
0 0.266348 0.479164 0.083742 0.088193
