0 0.946138 0.049639 0.084255 0.099278
0 0.987266 0.301546 0.025469 0.121444
0 0.031984 0.379361 0.063969 0.137056
0 0.150919 0.648486 0.106182 0.171324
0 0.841859 0.766523 0.126688 0.158602
0 0.520669 0.427801 0.090089 0.129269
0 0.456570 0.911162 0.079943 0.143898
0 0.831497 0.500222 0.088755 0.141167
0 0.621836 0.912634 0.103859 0.167750
0 0.067771 0.946778 0.099167 0.106444
0 0.319781 0.794407 0.093427 0.151981
0 0.269867 0.496444 0.102276 0.163296
0 0.911518 0.123602 0.103786 0.165944
0 0.019672 0.158120 0.039344 0.164833
0 0.903141 0.748819 0.098479 0.153250
0 0.319276 0.415338 0.096208 0.168880
0 0.971214 0.608685 0.057573 0.164500
0 0.032453 0.833690 0.064906 0.179917
0 0.173385 0.433352 0.077906 0.121444
0 0.151172 0.959565 0.109156 0.080870
0 0.022154 0.508824 0.044089 0.170630
0 0.052495 0.419560 0.088698 0.166824
0 0.874508 0.867426 0.084141 0.146407
0 0.276122 0.115380 0.085422 0.153519
0 0.849299 0.047421 0.093734 0.093954
0 0.228937 0.234764 0.093542 0.160287
0 0.350648 0.906921 0.096870 0.141769
0 0.472703 0.417301 0.106177 0.157750
0 0.566969 0.057315 0.119302 0.114630
0 0.102674 0.043009 0.097464 0.086019
0 0.644555 0.533306 0.090286 0.152519
0 0.353055 0.736583 0.110703 0.204370
0 0.304352 0.067366 0.093245 0.134731
0 0.691990 0.656537 0.110406 0.168259
0 0.700297 0.925347 0.113052 0.149306
0 0.761234 0.518685 0.093583 0.149370
0 0.969445 0.765319 0.061109 0.156769
0 0.062786 0.235431 0.103833 0.178287
0 0.222570 0.050125 0.086557 0.100250
0 0.686862 0.796773 0.088536 0.147620
0 0.746349 0.271032 0.111594 0.208509
0 0.689073 0.464773 0.105396 0.135694
0 0.548870 0.613421 0.112313 0.177546
0 0.616023 0.781116 0.102120 0.156639
0 0.259339 0.934532 0.107812 0.130935
0 0.398581 0.334347 0.093307 0.220713
0 0.536984 0.923838 0.094083 0.152324
0 0.433531 0.170981 0.115937 0.162259
0 0.970937 0.471236 0.057187 0.132102
0 0.173102 0.862130 0.102693 0.180778
0 0.910427 0.537398 0.093750 0.203019
0 0.855906 0.247495 0.099937 0.202972
0 0.773966 0.069208 0.093443 0.138417
0 0.415344 0.053903 0.106906 0.107806
0 0.090924 0.893366 0.087807 0.134194
0 0.070193 0.649116 0.097323 0.180731
0 0.692930 0.350306 0.085818 0.170778
0 0.665180 0.063120 0.093359 0.125185
0 0.257591 0.373282 0.100318 0.156917
0 0.145055 0.318458 0.115932 0.172287
0 0.455094 0.801917 0.096990 0.179500
0 0.248904 0.821074 0.086641 0.134167
0 0.933161 0.375264 0.084625 0.148380
0 0.629740 0.377667 0.102792 0.150889
0 0.538021 0.760162 0.090750 0.144417
0 0.132786 0.520903 0.085677 0.136009
0 0.620190 0.241713 0.099505 0.163889
3 0.183521 0.677134 0.082958 0.114731
0 0.831607 0.498407 0.084828 0.140537
0 0.899766 0.974366 0.100552 0.051269
