0 0.782448 0.868181 0.070042 0.126676
0 0.520201 0.424824 0.071474 0.123833
0 0.241432 0.661856 0.066885 0.123750
0 0.889518 0.747074 0.081359 0.141667
0 0.968802 0.433130 0.061292 0.112833
0 0.962115 0.495954 0.073917 0.136167
0 0.424635 0.631819 0.086135 0.176435
0 0.307167 0.023528 0.076302 0.047056
0 0.019633 0.252819 0.038359 0.140287
0 0.838273 0.069199 0.091151 0.128935
0 0.173927 0.944144 0.072844 0.111713
0 0.374159 0.785588 0.067432 0.118972
0 0.809000 0.837546 0.072729 0.133056
0 0.701872 0.048356 0.080432 0.096713
0 0.684729 0.303417 0.068708 0.130963
0 0.241232 0.586417 0.076474 0.140130
0 0.107253 0.070389 0.085078 0.140778
0 0.415948 0.750778 0.076271 0.152333
0 0.266245 0.716856 0.072760 0.124769
0 0.654651 0.638181 0.081521 0.147824
0 0.562802 0.173477 0.096385 0.140769
0 0.964568 0.664977 0.070865 0.131102
0 0.623596 0.316310 0.080578 0.143898
0 0.559076 0.045315 0.078016 0.090611
0 0.323914 0.182861 0.087682 0.113093
0 0.941034 0.091644 0.078797 0.165583
0 0.380357 0.379384 0.078432 0.132565
0 0.926857 0.587509 0.074557 0.127167
0 0.392977 0.141079 0.100943 0.140065
0 0.634536 0.148046 0.067062 0.115222
0 0.608823 0.775088 0.086667 0.157380
0 0.721810 0.662259 0.074276 0.125204
0 0.518544 0.937741 0.091620 0.124519
0 0.403878 0.043366 0.085536 0.086731
0 0.575620 0.882032 0.073688 0.125250
0 0.147042 0.866056 0.093365 0.169389
0 0.962747 0.323398 0.074505 0.148333
0 0.458964 0.380662 0.077427 0.138750
0 0.109909 0.323741 0.074109 0.117630
0 0.337331 0.290671 0.077891 0.132843
0 0.559581 0.302194 0.073839 0.134704
0 0.036932 0.094435 0.072802 0.138889
0 0.504878 0.088176 0.078859 0.125296
0 0.207086 0.223449 0.083745 0.119306
0 0.545896 0.414560 0.066115 0.114028
0 0.681810 0.804468 0.077839 0.133824
0 0.406120 0.424009 0.072740 0.112778
0 0.780812 0.025894 0.074917 0.050509
0 0.007521 0.680588 0.015042 0.158620
0 0.114727 0.737356 0.080255 0.152843
0 0.018372 0.837176 0.036745 0.172074
0 0.980833 0.032917 0.038333 0.062222
0 0.895333 0.211657 0.098865 0.152796
0 0.621336 0.053139 0.082130 0.106278
4 0.246659 0.314495 0.077891 0.123824
4 0.717943 0.469329 0.099542 0.132176
0 0.361016 0.902398 0.074135 0.131000
0 0.028281 0.557708 0.056562 0.111528
0 0.588188 0.529111 0.078250 0.150778
0 0.632906 0.927398 0.086260 0.145093
0 0.419570 0.948569 0.075891 0.101620
0 0.781471 0.267579 0.072870 0.157935
0 0.331591 0.685130 0.078578 0.141204
0 0.839208 0.614185 0.091510 0.161630
0 0.880135 0.352269 0.077583 0.139241
0 0.356828 0.575977 0.073896 0.122898
0 0.459997 0.243093 0.090891 0.152574
0 0.894031 0.476639 0.078198 0.141370
0 0.807185 0.390218 0.077120 0.150639
0 0.176062 0.330755 0.077906 0.128102
0 0.082664 0.582514 0.068766 0.127102
0 0.179112 0.506264 0.081943 0.164583
0 0.714216 0.941125 0.087245 0.117750
0 0.209794 0.771963 0.074141 0.129796
0 0.066159 0.918894 0.093422 0.144083
0 0.458349 0.513481 0.074448 0.133500
0 0.292336 0.398875 0.071516 0.121361
0 0.700977 0.130333 0.076214 0.132537
0 0.870938 0.785514 0.069469 0.117491
0 0.982703 0.891264 0.032927 0.133509
0 0.259508 0.119745 0.096109 0.179898
0 0.095867 0.703880 0.078724 0.137648
0 0.076451 0.195630 0.085234 0.138759
