0 0.884176 0.506784 0.082141 0.097057
0 0.810506 0.529622 0.064746 0.091651
0 0.306611 0.116128 0.068863 0.087339
0 0.435107 0.855130 0.069074 0.101073
0 0.613912 0.545083 0.067355 0.086615
0 0.905703 0.962979 0.079945 0.073385
0 0.583518 0.308620 0.069301 0.093271
0 0.966086 0.280484 0.067828 0.093667
0 0.965154 0.874758 0.064840 0.095786
0 0.806518 0.789109 0.068652 0.085417
0 0.130379 0.466091 0.072086 0.095057
0 0.722721 0.906411 0.070262 0.109687
0 0.935998 0.777690 0.066043 0.090839
0 0.543537 0.586924 0.061785 0.078099
0 0.060154 0.040648 0.061355 0.081297
0 0.949021 0.426451 0.071496 0.104557
0 0.084488 0.752016 0.066906 0.096667
0 0.953686 0.103336 0.077848 0.095766
0 0.694953 0.793570 0.066414 0.086141
0 0.620129 0.649315 0.068203 0.085109
0 0.266984 0.312255 0.072141 0.100292
0 0.374982 0.887745 0.072801 0.095771
0 0.387256 0.494307 0.070004 0.107115
0 0.753760 0.432490 0.073402 0.092833
0 0.197082 0.318049 0.073891 0.099276
0 0.693197 0.261172 0.066363 0.080115
0 0.710490 0.079888 0.066363 0.079109
0 0.565742 0.486534 0.071859 0.094432
0 0.506857 0.894659 0.072449 0.101266
0 0.321971 0.935500 0.066941 0.097490
0 0.613410 0.775529 0.071836 0.090536
0 0.490600 0.149497 0.065074 0.085068
0 0.047932 0.948979 0.069879 0.095354
0 0.627635 0.230167 0.069715 0.087938
0 0.899127 0.880570 0.071785 0.088432
0 0.373613 0.183969 0.072758 0.107969
0 0.866871 0.591849 0.063297 0.080917
0 0.143502 0.366969 0.066504 0.088156
0 0.881240 0.731703 0.069770 0.084823
0 0.934203 0.588953 0.075305 0.103656
0 0.243312 0.226258 0.075672 0.100766
0 0.169613 0.109997 0.069133 0.092026
0 0.438668 0.130826 0.063555 0.091339
0 0.761605 0.199492 0.071750 0.092130
0 0.957549 0.698820 0.061840 0.079661
0 0.366441 0.386396 0.073133 0.098010
0 0.135398 0.686104 0.067719 0.081687
0 0.146396 0.194870 0.075066 0.093844
0 0.547385 0.152833 0.063035 0.084385
0 0.887959 0.174638 0.078512 0.090651
0 0.413488 0.758383 0.055297 0.074745
0 0.040996 0.397797 0.065695 0.090417
0 0.064090 0.538273 0.061570 0.091255
0 0.322861 0.747628 0.066691 0.105807
0 0.495852 0.647229 0.071883 0.099615
0 0.630000 0.931539 0.067555 0.083359
0 0.678920 0.629789 0.076598 0.091505
0 0.134008 0.827276 0.065758 0.088083
0 0.714188 0.509870 0.074664 0.098365
0 0.122436 0.054151 0.063410 0.092844
0 0.452922 0.071320 0.070391 0.083974
0 0.749975 0.751568 0.060520 0.093062
0 0.084121 0.117062 0.077805 0.085219
0 0.786963 0.898531 0.067105 0.089792
0 0.589180 0.963833 0.075063 0.072333
0 0.126486 0.286242 0.073543 0.096901
0 0.547758 0.769375 0.068836 0.079406
0 0.320668 0.450359 0.066672 0.088302
0 0.481779 0.571023 0.075402 0.101359
0 0.054453 0.865432 0.067641 0.079656
0 0.365023 0.817161 0.061773 0.086729
0 0.049566 0.624958 0.073828 0.103896
0 0.690143 0.969292 0.067371 0.061417
0 0.639078 0.393174 0.062242 0.077005
0 0.880166 0.362542 0.065426 0.084104
0 0.249910 0.045799 0.081219 0.090536
0 0.974756 0.197266 0.050301 0.086333
0 0.462572 0.483456 0.076012 0.097484
0 0.379379 0.661206 0.069625 0.088370
0 0.078930 0.419393 0.067016 0.086224
0 0.513246 0.417224 0.087961 0.107625
0 0.359986 0.272953 0.061965 0.080104
0 0.032982 0.813539 0.065566 0.086339
0 0.174295 0.957943 0.066199 0.082521
0 0.823520 0.462862 0.067617 0.082016
0 0.938391 0.497807 0.066336 0.090312
0 0.221307 0.921109 0.070605 0.086177
0 0.190141 0.686242 0.078742 0.100193
0 0.021797 0.501833 0.042492 0.083146
0 0.745660 0.845461 0.066945 0.082839
0 0.154670 0.588852 0.072621 0.090557
0 0.286121 0.633648 0.078781 0.080672
0 0.458443 0.717555 0.070355 0.106120
0 0.125904 0.545698 0.066348 0.086865
0 0.162900 0.786784 0.081684 0.087599
0 0.673441 0.326539 0.065422 0.091182
0 0.553098 0.693279 0.053766 0.074880
0 0.079945 0.346727 0.064734 0.081224
0 0.980316 0.512578 0.038570 0.074729
0 0.394049 0.963109 0.082277 0.073781
0 0.837203 0.951346 0.071000 0.089724
0 0.810979 0.307594 0.072059 0.094219
0 0.553178 0.227922 0.076402 0.082781
0 0.201873 0.878448 0.065113 0.097292
0 0.475090 0.332193 0.066266 0.087667
0 0.664400 0.532344 0.077434 0.084073
0 0.851377 0.336740 0.064762 0.094365
0 0.982117 0.367635 0.035766 0.115302
0 0.066896 0.287141 0.079020 0.101865
0 0.737791 0.339906 0.074551 0.082281
0 0.617514 0.109198 0.074043 0.103615
0 0.745809 0.128638 0.051773 0.078349
0 0.246955 0.976365 0.072934 0.045229
0 0.165725 0.020935 0.068340 0.041870
0 0.426209 0.631346 0.070012 0.088161
0 0.698445 0.703161 0.074141 0.101219
0 0.848967 0.263768 0.090660 0.079453
0 0.242352 0.794424 0.062508 0.082380
0 0.277744 0.814195 0.050848 0.118630
0 0.701117 0.021083 0.067969 0.042167
0 0.966062 0.025578 0.058445 0.051156
0 0.188625 0.407117 0.073617 0.094536
0 0.773379 0.040281 0.067617 0.080563
0 0.012881 0.078836 0.025551 0.080099
0 0.554902 0.385289 0.072109 0.087380
0 0.438828 0.315023 0.063414 0.099609
0 0.369135 0.042495 0.074996 0.084990
0 0.017518 0.026062 0.035035 0.052125
0 0.335523 0.570117 0.068258 0.096943
0 0.009447 0.969602 0.017090 0.060797
0 0.991875 0.622146 0.016250 0.087240
0 0.739635 0.590721 0.071770 0.101880
0 0.593875 0.398404 0.073492 0.092193
0 0.989420 0.934893 0.021160 0.099714
0 0.524996 0.096424 0.066195 0.068349
0 0.982742 0.044659 0.034516 0.083203
0 0.027068 0.179862 0.052871 0.090495
0 0.008043 0.666987 0.015773 0.091224
0 0.250564 0.494177 0.063730 0.089500
0 0.319041 0.010294 0.072910 0.020589
0 0.366855 0.083323 0.078508 0.102208
0 0.237834 0.582130 0.057621 0.081875
0 0.628463 0.046755 0.067316 0.090323
0 0.802584 0.041039 0.073098 0.082078
0 0.523143 0.974466 0.067590 0.050464
0 0.683613 0.365430 0.064211 0.074161
0 0.209098 0.555169 0.066242 0.098443
0 0.282135 0.456495 0.069809 0.084938
0 0.385467 0.340701 0.065512 0.079422
0 0.497369 0.967021 0.066355 0.063740
0 0.654521 0.012589 0.066832 0.025177
0 0.825086 0.698807 0.075914 0.111802
0 0.994203 0.839628 0.011594 0.094661
0 0.806621 0.010497 0.064828 0.020995
0 0.390473 0.304872 0.062000 0.080443
0 0.302643 0.537086 0.067230 0.085745
0 0.848430 0.666391 0.071742 0.086427
0 0.011248 0.160734 0.020566 0.091646
0 0.982480 0.987523 0.035039 0.023891
0 0.759650 0.623062 0.067363 0.090969
0 0.201773 0.525714 0.065844 0.085073
0 0.267861 0.531672 0.066590 0.081010
4 0.470963 0.223896 0.062879 0.080510
