0 0.276118 0.300442 0.128633 0.107542
0 0.011849 0.385919 0.022984 0.154560
0 0.525133 0.091359 0.138714 0.109486
0 0.901336 0.678880 0.100682 0.127139
0 0.026845 0.942368 0.052966 0.108292
0 0.799884 0.252521 0.087951 0.131431
0 0.820659 0.039949 0.072880 0.079898
0 0.892605 0.559662 0.103414 0.119704
0 0.433440 0.570400 0.082130 0.135106
0 0.431129 0.687042 0.075940 0.143481
0 0.982297 0.351826 0.035406 0.127690
0 0.024987 0.068882 0.049964 0.128347
0 0.028908 0.220308 0.057815 0.141495
0 0.389909 0.283766 0.086203 0.123671
0 0.075326 0.036993 0.076516 0.073986
0 0.427858 0.080741 0.120133 0.135306
0 0.146374 0.558787 0.107576 0.121944
0 0.073277 0.660674 0.086888 0.170366
0 0.752534 0.061051 0.090083 0.119435
0 0.635908 0.453625 0.094273 0.114620
0 0.021596 0.737454 0.042682 0.155250
0 0.207066 0.037977 0.080805 0.075954
0 0.490299 0.954262 0.092521 0.091477
0 0.814120 0.356697 0.097396 0.116458
0 0.160721 0.647856 0.081396 0.108889
0 0.704378 0.213715 0.093167 0.120532
0 0.955799 0.487775 0.081339 0.133319
0 0.701788 0.335931 0.074336 0.120472
0 0.084309 0.202051 0.075779 0.120407
0 0.333642 0.057285 0.070633 0.112931
0 0.212543 0.729495 0.078310 0.149296
0 0.727917 0.522484 0.085255 0.130782
0 0.858001 0.452868 0.083315 0.121227
0 0.503000 0.302977 0.083057 0.131472
0 0.948243 0.792657 0.081570 0.127222
0 0.227292 0.220109 0.085219 0.131319
0 0.908493 0.233648 0.091961 0.128454
0 0.361081 0.402822 0.093672 0.142319
0 0.751436 0.665012 0.080211 0.123931
0 0.972201 0.913544 0.055599 0.125708
0 0.212794 0.393556 0.079365 0.144685
0 0.142240 0.440998 0.091635 0.132505
0 0.165430 0.135713 0.096302 0.146083
0 0.491521 0.820234 0.086708 0.154282
0 0.121020 0.769259 0.079924 0.132491
0 0.272984 0.115292 0.078948 0.154787
0 0.589280 0.560164 0.088690 0.151875
1 0.608327 0.333539 0.082076 0.141347
0 0.370387 0.185396 0.090263 0.138227
0 0.265898 0.517488 0.080599 0.145218
0 0.367660 0.850734 0.083060 0.144255
0 0.101125 0.327725 0.090573 0.137097
0 0.455949 0.428137 0.080331 0.135051
0 0.329542 0.661632 0.081536 0.145051
0 0.914180 0.063157 0.081021 0.123019
0 0.796974 0.778845 0.096500 0.133810
0 0.171758 0.925435 0.084953 0.144306
0 0.797792 0.143442 0.133505 0.090477
0 0.874841 0.865676 0.082625 0.149093
0 0.923954 0.360850 0.084201 0.128764
0 0.535431 0.192019 0.069841 0.109972
0 0.889359 0.974525 0.082583 0.046606
0 0.009766 0.159537 0.019531 0.131731
0 0.004749 0.854539 0.009497 0.123810
