0 0.013191 0.445583 0.026383 0.126722
0 0.014148 0.166130 0.028297 0.144528
0 0.634357 0.985000 0.082927 0.029454
0 0.015366 0.580014 0.030539 0.147741
0 0.738797 0.023100 0.092021 0.046051
0 0.524367 0.963919 0.078130 0.072162
0 0.080924 0.026060 0.087870 0.052046
0 0.020363 0.321919 0.040727 0.135995
0 0.101458 0.973338 0.082422 0.053324
0 0.561633 0.028755 0.098729 0.057463
1 0.956401 0.359153 0.087198 0.144824
0 0.842533 0.029593 0.086435 0.059111
0 0.923901 0.029977 0.080672 0.059954
0 0.355220 0.829856 0.099070 0.135102
0 0.974776 0.479021 0.050448 0.127403
0 0.606314 0.704127 0.076299 0.129199
0 0.908828 0.965146 0.084297 0.069384
0 0.022049 0.946391 0.043932 0.107218
0 0.202590 0.040715 0.074060 0.081403
0 0.207004 0.961183 0.079930 0.077634
0 0.971216 0.710926 0.057568 0.134880
0 0.346409 0.702035 0.098286 0.131384
0 0.027158 0.053720 0.054315 0.106662
0 0.804745 0.670544 0.091766 0.131681
0 0.800428 0.799530 0.083888 0.134329
0 0.232686 0.708229 0.087148 0.133736
0 0.466341 0.675998 0.086260 0.150810
0 0.316753 0.387600 0.083823 0.125866
0 0.847613 0.934414 0.072206 0.130532
0 0.619674 0.858792 0.083281 0.145389
0 0.027677 0.773410 0.055172 0.156477
0 0.949034 0.593067 0.082224 0.136051
0 0.553829 0.802898 0.079477 0.142296
0 0.563057 0.339079 0.082505 0.132028
0 0.483520 0.855106 0.082216 0.152454
0 0.962165 0.108574 0.075669 0.130741
0 0.829600 0.259868 0.083685 0.120069
0 0.702361 0.916817 0.085685 0.148921
0 0.129048 0.084535 0.085388 0.136449
0 0.768448 0.095525 0.085125 0.134190
0 0.791074 0.559484 0.089081 0.128579
0 0.840070 0.131083 0.082672 0.134731
0 0.231298 0.852824 0.088029 0.153259
0 0.340977 0.058806 0.069760 0.116565
0 0.772680 0.446319 0.084307 0.139667
0 0.153564 0.889600 0.079419 0.135644
0 0.592492 0.120718 0.089964 0.148796
0 0.897512 0.736752 0.091383 0.137375
0 0.733548 0.293315 0.087023 0.140731
0 0.956456 0.882227 0.084391 0.148944
0 0.644805 0.523588 0.083604 0.143630
0 0.060100 0.866218 0.078128 0.132028
0 0.227388 0.175505 0.089281 0.148130
0 0.336048 0.936785 0.087471 0.125542
0 0.420435 0.942106 0.081990 0.115787
0 0.847501 0.385944 0.085565 0.147565
0 0.349697 0.581558 0.088185 0.131144
0 0.781245 0.938942 0.077234 0.121838
0 0.238391 0.577190 0.088750 0.142037
0 0.537564 0.212748 0.087294 0.134856
0 0.655656 0.340762 0.083010 0.143894
0 0.281617 0.127132 0.075620 0.127486
0 0.445693 0.525025 0.082411 0.146690
0 0.697660 0.620470 0.079284 0.147977
0 0.083350 0.426412 0.081674 0.134722
0 0.124021 0.220236 0.072901 0.127787
0 0.180272 0.437706 0.089190 0.138745
0 0.457542 0.076516 0.083057 0.146069
0 0.463385 0.345894 0.079859 0.139370
0 0.056699 0.230701 0.071737 0.163875
0 0.297661 0.505801 0.079854 0.126676
0 0.391926 0.156775 0.086393 0.142412
0 0.577611 0.478208 0.081237 0.162019
0 0.392704 0.349197 0.067805 0.145986
0 0.667234 0.060998 0.086042 0.121995
0 0.100255 0.735368 0.080094 0.134292
0 0.182336 0.300641 0.079240 0.138116
0 0.262210 0.306229 0.077930 0.137894
0 0.340803 0.244590 0.071602 0.139190
0 0.104549 0.557819 0.083214 0.141796
0 0.508759 0.449132 0.072388 0.132264
0 0.050797 0.641576 0.079385 0.142782
