0 0.525740 0.058273 0.072531 0.113556
0 0.992225 0.704023 0.015549 0.140926
0 0.991826 0.864076 0.016349 0.139421
1 0.350754 0.966350 0.084362 0.066894
0 0.638186 0.026338 0.068622 0.052676
0 0.768453 0.970053 0.074984 0.058894
1 0.942400 0.788583 0.078628 0.133546
1 0.595686 0.709502 0.071169 0.130894
1 0.884234 0.685373 0.087354 0.141940
0 0.061638 0.971968 0.083625 0.055324
1 0.521439 0.689595 0.076680 0.124181
1 0.405034 0.712701 0.079578 0.132977
1 0.721339 0.140521 0.092036 0.176375
1 0.568625 0.828116 0.084370 0.130648
1 0.805870 0.492836 0.073849 0.147255
1 0.285566 0.115808 0.073664 0.154653
1 0.339788 0.474606 0.076758 0.146407
0 0.016574 0.341023 0.033049 0.139120
0 0.799421 0.144778 0.078805 0.130509
0 0.983246 0.561806 0.033341 0.149435
1 0.188962 0.670484 0.080773 0.123245
1 0.663215 0.518225 0.084898 0.133736
1 0.130018 0.756199 0.076141 0.144713
0 0.451297 0.060988 0.072620 0.119356
0 0.834535 0.048646 0.078336 0.096542
0 0.099990 0.476891 0.081719 0.131329
0 0.029267 0.049287 0.058534 0.095713
0 0.032139 0.819942 0.063971 0.150616
0 0.216418 0.128928 0.081492 0.134097
0 0.869956 0.912562 0.077984 0.144069
0 0.946013 0.412718 0.082104 0.144176
0 0.264396 0.609563 0.082203 0.131773
0 0.456589 0.608125 0.079625 0.144037
0 0.392044 0.510132 0.087552 0.124477
0 0.444113 0.185238 0.079883 0.133838
0 0.944052 0.939861 0.081260 0.116546
0 0.305085 0.798204 0.080398 0.137713
0 0.656470 0.835403 0.082216 0.144463
0 0.510079 0.281345 0.077732 0.132764
0 0.549324 0.940468 0.084190 0.119037
0 0.634789 0.181542 0.082260 0.146546
0 0.904661 0.096039 0.081109 0.144245
0 0.663199 0.662454 0.086982 0.145889
0 0.472883 0.774975 0.072750 0.143236
0 0.336236 0.236597 0.078862 0.138898
0 0.676634 0.334141 0.075133 0.133551
0 0.730845 0.430979 0.076966 0.132514
0 0.487099 0.476866 0.086635 0.139130
0 0.412628 0.294236 0.089563 0.144176
0 0.925137 0.555838 0.082221 0.135611
0 0.253458 0.438222 0.081635 0.124852
0 0.262470 0.310581 0.077247 0.130606
0 0.594534 0.311609 0.085698 0.145190
0 0.783034 0.854199 0.076115 0.132620
0 0.201622 0.227431 0.090505 0.136778
0 0.772232 0.280609 0.094510 0.140218
0 0.789630 0.740921 0.072885 0.147315
0 0.394568 0.874968 0.079964 0.146889
0 0.093475 0.878859 0.078664 0.153134
0 0.214104 0.921211 0.104193 0.145292
0 0.054484 0.649998 0.077677 0.137060
0 0.842435 0.320273 0.072995 0.123176
0 0.564444 0.452769 0.069779 0.139870
0 0.044049 0.165556 0.088099 0.138583
0 0.871858 0.443863 0.076315 0.141218
0 0.119122 0.240951 0.070490 0.132356
0 0.186638 0.542454 0.091156 0.134870
0 0.213875 0.787840 0.079698 0.120977
0 0.077598 0.345741 0.091716 0.129315
