0 0.755286 0.713898 0.095510 0.158926
0 0.762458 0.590097 0.101187 0.145843
0 0.911888 0.775856 0.086703 0.151417
0 0.600128 0.346880 0.088078 0.152074
0 0.394104 0.193060 0.086979 0.148194
0 0.223081 0.210032 0.076620 0.135083
0 0.172000 0.123847 0.098729 0.156750
0 0.795372 0.373083 0.088089 0.156315
0 0.874888 0.414296 0.089203 0.139611
0 0.257091 0.937389 0.093870 0.121130
0 0.060927 0.221481 0.089844 0.161759
0 0.256193 0.630005 0.080104 0.145269
0 0.456852 0.378727 0.090089 0.150787
0 0.313437 0.457097 0.084948 0.145657
0 0.642706 0.878028 0.084818 0.148074
0 0.077341 0.793380 0.097807 0.158963
0 0.703656 0.107505 0.083948 0.136583
0 0.568057 0.866824 0.088427 0.144352
0 0.923911 0.313801 0.075083 0.122083
0 0.037849 0.930009 0.075698 0.138463
0 0.080992 0.435917 0.085484 0.136204
0 0.506984 0.933708 0.084604 0.132472
0 0.697508 0.334347 0.085214 0.141806
0 0.495945 0.521412 0.083453 0.160491
0 0.180076 0.307111 0.083880 0.148963
0 0.872216 0.268449 0.096839 0.160380
0 0.516612 0.777838 0.089130 0.150287
0 0.621518 0.760347 0.104224 0.142306
0 0.732659 0.447727 0.095505 0.148102
0 0.192362 0.706472 0.101005 0.156148
0 0.348562 0.949329 0.079573 0.099991
0 0.833951 0.673019 0.085161 0.153500
0 0.423174 0.744551 0.085255 0.142380
0 0.944018 0.155032 0.093161 0.167472
0 0.234432 0.401227 0.082365 0.151287
0 0.144849 0.510273 0.106302 0.150083
0 0.151685 0.385208 0.099901 0.144176
0 0.305917 0.723912 0.081677 0.149454
0 0.391763 0.331722 0.094651 0.162796
0 0.034648 0.739542 0.068714 0.150639
2 0.520094 0.151431 0.080552 0.167509
2 0.463893 0.218866 0.081286 0.150898
0 0.932414 0.917255 0.080839 0.153583
0 0.383211 0.635505 0.091141 0.158509
0 0.241370 0.815301 0.094448 0.159435
0 0.319044 0.555644 0.094859 0.152194
0 0.631016 0.113843 0.083594 0.158111
0 0.411305 0.499593 0.087130 0.150889
0 0.131018 0.632241 0.088161 0.142704
0 0.010333 0.205097 0.020667 0.150398
0 0.014255 0.851995 0.028510 0.135454
0 0.989089 0.558616 0.021823 0.156213
0 0.301404 0.322287 0.088974 0.157259
0 0.035505 0.551130 0.071010 0.151130
0 0.757596 0.268060 0.077453 0.139806
0 0.990630 0.160875 0.018677 0.141435
0 0.869656 0.016727 0.089031 0.027991
0 0.428885 0.029704 0.090042 0.059407
0 0.758010 0.954532 0.074865 0.090935
0 0.704302 0.943000 0.090385 0.114000
0 0.652865 0.445130 0.091854 0.137278
0 0.857094 0.909069 0.087500 0.155231
0 0.913206 0.530829 0.098464 0.158602
0 0.539802 0.642917 0.088802 0.145222
0 0.629409 0.643352 0.094411 0.134241
0 0.326680 0.036556 0.092922 0.073111
0 0.716802 0.222625 0.082219 0.137102
0 0.022349 0.080852 0.044698 0.140019
0 0.729286 0.038329 0.086719 0.075954
0 0.590245 0.961019 0.098125 0.077963
0 0.978112 0.849579 0.042005 0.159546
0 0.062057 0.071042 0.088542 0.141102
0 0.387693 0.859681 0.087656 0.145176
0 0.954388 0.038204 0.080349 0.074648
0 0.973776 0.695144 0.050125 0.156769
0 0.649659 0.525593 0.092745 0.149667
0 0.330859 0.135486 0.085740 0.146583
0 0.084724 0.652824 0.094292 0.165148
0 0.589385 0.217880 0.087437 0.149296
0 0.733620 0.842250 0.078510 0.137333
0 0.126237 0.900083 0.086609 0.154556
0 0.296961 0.193449 0.086172 0.142954
0 0.587065 0.039065 0.084172 0.078130
0 0.397388 0.082935 0.079661 0.126944
0 0.526125 0.366556 0.087500 0.163222
0 0.782562 0.132338 0.093188 0.170120
0 0.463672 0.641301 0.082208 0.137565
0 0.229672 0.077255 0.102417 0.154509
