0 0.911053 0.652794 0.087284 0.145736
0 0.318172 0.312130 0.083083 0.168315
0 0.253565 0.619523 0.090766 0.162926
0 0.626273 0.630606 0.090729 0.163111
0 0.249751 0.763310 0.088508 0.140602
0 0.631422 0.933757 0.084198 0.131218
0 0.937189 0.902382 0.093534 0.167060
0 0.964991 0.279866 0.070018 0.172398
0 0.247655 0.106442 0.086039 0.150375
0 0.427191 0.066498 0.079982 0.132995
0 0.376385 0.391481 0.087115 0.171407
0 0.859902 0.720345 0.067497 0.116708
0 0.745302 0.729748 0.072823 0.121032
0 0.373992 0.237831 0.076552 0.159208
0 0.812232 0.630079 0.093276 0.141019
0 0.563770 0.952720 0.074029 0.094560
0 0.038609 0.873667 0.077219 0.140796
0 0.475798 0.720523 0.090003 0.157519
0 0.972737 0.810023 0.054526 0.157278
0 0.972355 0.115146 0.055289 0.178532
0 0.576520 0.724056 0.091576 0.162787
0 0.688279 0.789282 0.104370 0.188259
0 0.855620 0.876387 0.078286 0.151458
0 0.701335 0.955042 0.070784 0.089917
0 0.637100 0.838576 0.094023 0.157412
0 0.072701 0.953319 0.090224 0.092741
0 0.557165 0.555398 0.090591 0.176157
0 0.815651 0.744674 0.096427 0.177245
0 0.949107 0.726963 0.099036 0.164898
0 0.017038 0.951451 0.032487 0.097097
0 0.238346 0.018532 0.092682 0.037065
0 0.339163 0.967190 0.078779 0.065620
0 0.966514 0.965030 0.064133 0.069940
0 0.978656 0.015720 0.042688 0.031440
0 0.773716 0.849910 0.091891 0.148745
0 0.447094 0.341963 0.092000 0.157694
0 0.367961 0.883852 0.086995 0.151130
0 0.548977 0.845690 0.095172 0.136917
0 0.866664 0.549109 0.087802 0.160894
0 0.335257 0.613725 0.086430 0.145894
0 0.246766 0.431576 0.085484 0.145421
0 0.217878 0.927306 0.072745 0.145389
0 0.165934 0.779264 0.082596 0.147185
0 0.314598 0.490484 0.084211 0.135801
0 0.145841 0.928086 0.078073 0.143356
0 0.446102 0.906442 0.090057 0.149190
0 0.430842 0.473556 0.093940 0.140019
0 0.504853 0.447331 0.077164 0.154718
0 0.943202 0.542866 0.083570 0.136657
0 0.709396 0.644769 0.091516 0.163602
1 0.451074 0.592530 0.098534 0.146069
0 0.337992 0.753516 0.100677 0.156236
0 0.921997 0.425035 0.082391 0.141903
0 0.286260 0.874447 0.087870 0.157236
0 0.437303 0.200088 0.088576 0.152194
