0 0.236392 0.189562 0.082263 0.149338
0 0.444750 0.485438 0.087563 0.153708
0 0.526768 0.061037 0.075307 0.120843
0 0.087283 0.193586 0.090508 0.134634
0 0.595342 0.292900 0.078409 0.135523
0 0.360660 0.527667 0.083857 0.144704
0 0.571061 0.159657 0.085216 0.137713
0 0.485848 0.658896 0.086826 0.145597
0 0.393879 0.140618 0.074185 0.149116
0 0.049193 0.491856 0.080594 0.145611
0 0.281016 0.492468 0.083625 0.142657
0 0.338777 0.333044 0.081904 0.152875
0 0.170973 0.059933 0.082810 0.119542
0 0.281092 0.077905 0.087154 0.143329
0 0.689168 0.098986 0.088164 0.125639
0 0.202773 0.666125 0.077406 0.156500
0 0.180264 0.482694 0.082117 0.137102
0 0.119324 0.441329 0.074289 0.141769
0 0.183331 0.831437 0.081396 0.142162
0 0.700908 0.215475 0.086727 0.127486
0 0.410133 0.367495 0.077042 0.163130
0 0.103038 0.686134 0.084195 0.140306
0 0.696370 0.027650 0.084646 0.053801
0 0.189197 0.970400 0.083451 0.056551
0 0.958652 0.406454 0.081404 0.135556
1 0.120467 0.288741 0.085883 0.152509
0 0.378861 0.033213 0.085201 0.066426
0 0.949229 0.578454 0.081057 0.145944
0 0.411276 0.730037 0.073854 0.171343
0 0.674893 0.983220 0.092333 0.032644
0 0.817510 0.773697 0.080745 0.127375
0 0.804279 0.145657 0.083703 0.154852
0 0.066337 0.856688 0.074664 0.135384
0 0.030116 0.975750 0.060232 0.048500
0 0.698650 0.921646 0.071393 0.124384
0 0.746388 0.730505 0.075255 0.149157
0 0.766100 0.980694 0.088523 0.037639
0 0.130618 0.941241 0.077581 0.115176
0 0.548090 0.743822 0.075628 0.132079
0 0.683284 0.789856 0.077031 0.135481
0 0.973499 0.046275 0.053003 0.092199
0 0.558551 0.932630 0.088393 0.133370
0 0.994379 0.258458 0.011029 0.128722
0 0.692703 0.479766 0.083870 0.144042
0 0.913056 0.044299 0.078096 0.088088
0 0.278419 0.624498 0.086729 0.136199
0 0.354073 0.667449 0.081516 0.135574
0 0.041937 0.032266 0.083875 0.064532
0 0.640361 0.867532 0.071773 0.129380
0 0.341978 0.935488 0.089685 0.128106
0 0.463758 0.110741 0.075974 0.147102
0 0.248241 0.912530 0.080987 0.146838
0 0.342454 0.802134 0.089419 0.141213
0 0.789827 0.900414 0.080633 0.141523
0 0.844194 0.948060 0.071086 0.101981
0 0.676699 0.362398 0.085299 0.142213
0 0.468663 0.908539 0.084893 0.142375
0 0.764672 0.449461 0.075229 0.133986
0 0.956557 0.704174 0.086885 0.130606
1 0.312607 0.209549 0.085177 0.151986
0 0.991548 0.624032 0.016883 0.134898
0 0.020094 0.912035 0.040188 0.130310
0 0.863987 0.292951 0.076177 0.142245
0 0.881768 0.651528 0.078198 0.136593
0 0.939678 0.258012 0.082883 0.137097
0 0.148031 0.588734 0.077672 0.115106
0 0.971634 0.811194 0.056732 0.146037
0 0.985240 0.930738 0.029141 0.138523
0 0.019724 0.334350 0.039432 0.142495
0 0.726512 0.589081 0.082440 0.139264
0 0.954211 0.125035 0.090734 0.137495
0 0.748401 0.306986 0.078932 0.131093
0 0.806629 0.645368 0.072201 0.135319
0 0.093835 0.067718 0.078544 0.134611
0 0.469156 0.780771 0.077125 0.127727
0 0.858072 0.503727 0.076424 0.145741
0 0.924915 0.966748 0.086216 0.064069
0 0.035922 0.623993 0.071844 0.129736
