0 0.405030 0.223347 0.096617 0.126787
0 0.014180 0.473081 0.028057 0.178023
0 0.423816 0.019942 0.103508 0.039690
0 0.504064 0.032556 0.077648 0.065111
0 0.977839 0.040486 0.044276 0.080972
0 0.020725 0.134294 0.041326 0.137708
0 0.474802 0.253414 0.081385 0.155718
0 0.150991 0.086079 0.080091 0.169250
0 0.546095 0.402250 0.088273 0.154815
0 0.244754 0.141588 0.067419 0.164565
0 0.934374 0.073900 0.071862 0.146792
0 0.624965 0.041662 0.070664 0.083324
0 0.727918 0.045539 0.080039 0.091079
0 0.412698 0.317553 0.077531 0.130597
0 0.611482 0.282926 0.085141 0.121056
0 0.977648 0.140169 0.044703 0.136616
0 0.350234 0.305921 0.069859 0.155463
0 0.321639 0.048553 0.078492 0.097106
0 0.617146 0.675782 0.094714 0.150593
0 0.831940 0.153042 0.071271 0.129954
0 0.671219 0.365458 0.063016 0.109500
0 0.613792 0.411132 0.084536 0.157134
0 0.869152 0.057109 0.077654 0.114218
0 0.557967 0.183935 0.075227 0.143083
0 0.543872 0.742718 0.070193 0.128954
0 0.796831 0.061685 0.071380 0.123074
0 0.611831 0.138345 0.081932 0.145403
0 0.329437 0.165699 0.083167 0.135907
0 0.078533 0.096211 0.078701 0.140931
0 0.900336 0.166655 0.073198 0.125403
0 0.529964 0.292076 0.081182 0.142514
0 0.591030 0.532081 0.079477 0.146171
0 0.291841 0.276512 0.073042 0.136264
0 0.467055 0.386481 0.085146 0.146065
0 0.511445 0.509396 0.084495 0.146032
0 0.600384 0.784104 0.079992 0.137125
0 0.549776 0.617963 0.080089 0.134731
0 0.651980 0.590731 0.075758 0.150796
0 0.189216 0.204861 0.083172 0.142750
0 0.035177 0.238461 0.070016 0.135356
0 0.683424 0.202954 0.077422 0.143889
0 0.108630 0.213502 0.078755 0.140931
4 0.484461 0.115458 0.085078 0.150824
