0 0.654324 0.713822 0.082831 0.148144
0 0.742259 0.476505 0.084138 0.145583
0 0.770299 0.615005 0.083286 0.146380
0 0.029380 0.376215 0.058589 0.135097
1 0.902837 0.343951 0.077659 0.153255
1 0.246577 0.070431 0.076716 0.139398
1 0.858882 0.642294 0.079029 0.136634
0 0.992362 0.839782 0.015276 0.142454
0 0.496121 0.011789 0.078258 0.023579
1 0.731232 0.751986 0.090312 0.136630
0 0.124143 0.390498 0.069880 0.143829
0 0.929305 0.522208 0.081932 0.141648
0 0.267980 0.376877 0.089523 0.149144
0 0.990445 0.530475 0.019109 0.141745
0 0.919885 0.687692 0.065812 0.116458
0 0.303604 0.024384 0.085547 0.048769
0 0.843602 0.868819 0.074000 0.114426
0 0.560641 0.045086 0.076464 0.088579
0 0.483090 0.945697 0.086523 0.107440
0 0.094531 0.022870 0.078010 0.045713
0 0.075797 0.148336 0.088536 0.167532
0 0.333163 0.958238 0.075383 0.081032
0 0.431414 0.027375 0.072938 0.053944
0 0.020367 0.948928 0.040734 0.099616
0 0.368751 0.059028 0.079185 0.117704
0 0.843061 0.352532 0.077247 0.165185
0 0.425517 0.306829 0.099096 0.117583
0 0.284004 0.933153 0.065117 0.133065
0 0.632698 0.960067 0.074380 0.077532
0 0.807339 0.416975 0.073250 0.188356
0 0.747811 0.952484 0.079206 0.093255
0 0.837542 0.025431 0.084156 0.049954
0 0.219891 0.945373 0.071281 0.107968
0 0.983850 0.701782 0.032299 0.142306
1 0.341848 0.158792 0.088227 0.129889
0 0.423559 0.137525 0.086237 0.154236
0 0.226853 0.769576 0.075898 0.152449
0 0.327569 0.407488 0.087690 0.151514
0 0.081747 0.776271 0.077760 0.132875
0 0.328535 0.856863 0.075253 0.121560
0 0.166322 0.708678 0.082794 0.147208
0 0.335354 0.547067 0.071729 0.129884
0 0.778753 0.060340 0.098453 0.119199
0 0.371934 0.668215 0.074279 0.122708
0 0.035033 0.063241 0.070065 0.125083
0 0.408388 0.566912 0.071760 0.123120
0 0.131973 0.193919 0.075211 0.128431
0 0.279724 0.615005 0.083839 0.144231
0 0.425501 0.785352 0.080961 0.139157
0 0.320401 0.267725 0.084547 0.130968
0 0.763952 0.853546 0.080081 0.121639
0 0.174569 0.081123 0.079201 0.136032
0 0.872655 0.087104 0.083872 0.140884
0 0.223120 0.185414 0.084911 0.125329
0 0.666661 0.235706 0.079411 0.136190
0 0.057861 0.513741 0.096935 0.154528
0 0.564789 0.929722 0.082870 0.132250
0 0.407220 0.925148 0.083404 0.141046
0 0.142922 0.907764 0.089839 0.145426
0 0.826758 0.750190 0.086849 0.136296
0 0.201340 0.504123 0.078435 0.132431
0 0.706914 0.338021 0.068224 0.125153
0 0.879978 0.475662 0.082070 0.136593
0 0.629828 0.093954 0.085990 0.138361
0 0.580171 0.816449 0.083326 0.125694
0 0.872462 0.224910 0.084419 0.130412
0 0.141134 0.587400 0.091122 0.135255
0 0.964948 0.387241 0.069760 0.139944
0 0.176366 0.295789 0.082289 0.149764
0 0.814223 0.170329 0.082247 0.140796
0 0.726223 0.160282 0.077055 0.137120
0 0.469600 0.685361 0.085227 0.138435
0 0.697441 0.574380 0.072461 0.134222
0 0.492077 0.846894 0.079169 0.130185
0 0.672467 0.874662 0.077914 0.128565
1 0.297883 0.743981 0.080042 0.151935
0 0.980266 0.980667 0.039000 0.037074
