0 0.813109 0.562685 0.078302 0.142519
0 0.713352 0.397898 0.078339 0.142407
0 0.530148 0.433227 0.079943 0.125824
0 0.389247 0.821069 0.077693 0.142917
0 0.032164 0.911042 0.064328 0.115472
0 0.719841 0.595833 0.086349 0.133185
0 0.807880 0.258116 0.075760 0.133954
0 0.507349 0.195468 0.075917 0.136213
0 0.706852 0.851032 0.070911 0.128491
0 0.904016 0.452796 0.078354 0.133519
0 0.322315 0.396370 0.075151 0.118556
0 0.721096 0.265403 0.082120 0.122343
0 0.604406 0.362250 0.073760 0.140278
0 0.145372 0.039611 0.088839 0.078907
0 0.184747 0.320009 0.094964 0.148481
0 0.268096 0.665403 0.066484 0.109120
0 0.136794 0.139005 0.082182 0.128269
0 0.439651 0.938222 0.099083 0.114185
0 0.461164 0.106083 0.079036 0.137019
0 0.600654 0.592741 0.076505 0.134611
0 0.390281 0.071074 0.068698 0.134556
0 0.949073 0.753486 0.084208 0.138454
0 0.393841 0.582347 0.084901 0.147676
0 0.127094 0.657926 0.077958 0.114148
0 0.247867 0.901889 0.085734 0.118648
0 0.035497 0.560782 0.070995 0.135824
0 0.532055 0.911792 0.089589 0.149417
0 0.671081 0.497639 0.090557 0.141926
0 0.305875 0.537991 0.082917 0.149185
0 0.086544 0.945250 0.071516 0.108407
0 0.210594 0.173944 0.080708 0.131537
0 0.344745 0.273833 0.080552 0.130759
0 0.188615 0.744282 0.083552 0.152028
0 0.050453 0.334097 0.086010 0.134213
0 0.204766 0.446204 0.077490 0.122278
0 0.638060 0.896116 0.071849 0.146880
0 0.260320 0.077699 0.084693 0.143639
0 0.276076 0.291773 0.069974 0.135880
0 0.401081 0.201005 0.090422 0.131120
0 0.452872 0.310588 0.081703 0.146954
0 0.041021 0.193972 0.081219 0.146926
0 0.163005 0.935477 0.078010 0.126435
0 0.063552 0.750708 0.077500 0.139102
0 0.878797 0.655593 0.073156 0.136796
0 0.158578 0.542856 0.088771 0.127120
0 0.440763 0.488125 0.079620 0.145102
0 0.594349 0.191579 0.084604 0.153417
0 0.798607 0.871898 0.079380 0.129574
0 0.771365 0.082074 0.083500 0.140981
0 0.946841 0.080662 0.074151 0.129657
0 0.657138 0.093264 0.080911 0.129083
0 0.962133 0.969819 0.066464 0.054694
0 0.220073 0.979653 0.074167 0.040157
0 0.988471 0.924889 0.021891 0.128481
0 0.009443 0.656884 0.018885 0.132861
0 0.496750 0.018361 0.078500 0.036389
0 0.689773 0.018681 0.090016 0.037361
0 0.987391 0.315204 0.025219 0.151648
0 0.015049 0.083014 0.029828 0.125454
0 0.974797 0.455380 0.048802 0.125185
0 0.782383 0.968046 0.075203 0.063130
0 0.536224 0.295194 0.078271 0.140463
0 0.884284 0.262986 0.083839 0.113324
0 0.982177 0.603861 0.035510 0.117167
0 0.576078 0.721676 0.071323 0.142722
0 0.015802 0.444106 0.030802 0.117472
0 0.780859 0.376722 0.063698 0.135259
0 0.366854 0.714713 0.086229 0.142019
0 0.841716 0.414968 0.080495 0.162120
0 0.902406 0.875509 0.090531 0.138500
0 0.650901 0.711671 0.068969 0.138991
0 0.264911 0.787949 0.078156 0.134491
0 0.498471 0.557894 0.081411 0.135102
0 0.503422 0.686699 0.084927 0.122676
0 0.731018 0.724472 0.075276 0.126519
0 0.693021 0.987083 0.077208 0.020611
0 0.882711 0.147481 0.087141 0.140444
0 0.805812 0.710681 0.078292 0.149472
0 0.930479 0.562097 0.074979 0.137657
4 0.453156 0.781731 0.101656 0.166981
