0 0.402536 0.015079 0.088292 0.030157
0 0.732901 0.982431 0.083917 0.030731
0 0.783622 0.017704 0.091182 0.035407
2 0.469526 0.459005 0.096740 0.165417
0 0.176596 0.941495 0.084786 0.115435
0 0.013526 0.728648 0.027052 0.153000
0 0.198917 0.045782 0.062719 0.091565
0 0.017003 0.892745 0.033339 0.184120
0 0.268690 0.038898 0.085234 0.075796
0 0.654794 0.704995 0.082703 0.149639
0 0.980299 0.352037 0.038911 0.140778
0 0.301927 0.401296 0.095500 0.163167
0 0.690279 0.938634 0.080943 0.122528
0 0.888771 0.941088 0.086646 0.117787
0 0.800117 0.952472 0.082651 0.095056
0 0.533620 0.533856 0.085917 0.153602
0 0.615469 0.799542 0.083063 0.141028
0 0.073271 0.933065 0.082354 0.131648
0 0.402984 0.363940 0.098208 0.141028
0 0.265552 0.919907 0.092281 0.148741
0 0.419315 0.932713 0.081453 0.134574
0 0.356138 0.716852 0.070734 0.124815
0 0.345273 0.444495 0.068755 0.142787
0 0.968091 0.076921 0.062380 0.153843
0 0.800089 0.700162 0.086500 0.148880
0 0.545401 0.402963 0.100854 0.156852
0 0.031865 0.202292 0.063729 0.169361
0 0.569367 0.935093 0.085734 0.129815
0 0.648628 0.432102 0.093391 0.154852
0 0.422221 0.772352 0.082807 0.146037
0 0.453458 0.295856 0.085146 0.150139
0 0.519576 0.800736 0.086297 0.146935
0 0.971526 0.525741 0.056656 0.159019
0 0.767432 0.198185 0.071469 0.140926
0 0.309536 0.270741 0.095010 0.135352
0 0.283391 0.676532 0.084448 0.140880
0 0.963742 0.686338 0.072516 0.147231
0 0.720596 0.064676 0.080276 0.125130
0 0.605167 0.539319 0.079062 0.163306
0 0.761539 0.455519 0.093026 0.157019
0 0.909971 0.571218 0.082953 0.155176
0 0.732234 0.329653 0.079031 0.132583
0 0.231203 0.343333 0.086927 0.169926
0 0.821273 0.538245 0.081193 0.153324
0 0.397232 0.584560 0.083401 0.144620
0 0.734107 0.596940 0.082078 0.138824
0 0.783193 0.843083 0.085760 0.139333
0 0.870521 0.400875 0.082875 0.141602
0 0.091682 0.576245 0.085135 0.147176
0 0.581380 0.122986 0.079729 0.146398
0 0.573510 0.673338 0.086875 0.138750
0 0.038794 0.465278 0.075609 0.144407
0 0.069487 0.110051 0.091964 0.152528
0 0.220674 0.168528 0.081953 0.143278
0 0.172036 0.276347 0.089688 0.149417
0 0.072159 0.342134 0.083589 0.143620
0 0.866122 0.803000 0.085641 0.146185
0 0.843172 0.139736 0.094146 0.164602
0 0.595375 0.306671 0.092969 0.152565
0 0.916505 0.286685 0.086948 0.149241
0 0.695271 0.190787 0.086229 0.153019
0 0.302341 0.131796 0.092797 0.155148
