0 0.092873 0.840664 0.066496 0.104422
0 0.655312 0.941247 0.091453 0.116693
0 0.783514 0.390448 0.088309 0.125417
0 0.956023 0.946521 0.085742 0.089906
0 0.695926 0.646703 0.080758 0.097948
0 0.508080 0.922013 0.075113 0.099307
0 0.244000 0.486331 0.076211 0.109297
0 0.503170 0.076990 0.083434 0.120667
0 0.728389 0.208911 0.074379 0.113406
0 0.924373 0.872612 0.074316 0.104151
0 0.112104 0.175078 0.076723 0.110552
0 0.261178 0.921987 0.075223 0.110661
0 0.674236 0.044036 0.069879 0.087188
0 0.970812 0.442133 0.057781 0.100984
0 0.038959 0.183953 0.070926 0.095896
0 0.957037 0.172141 0.067277 0.107510
0 0.929014 0.338328 0.067441 0.087031
0 0.854645 0.758065 0.080750 0.091078
0 0.220924 0.788245 0.067973 0.087531
0 0.033002 0.432362 0.066004 0.091516
0 0.276170 0.262510 0.074504 0.101521
0 0.202910 0.162732 0.080805 0.110724
0 0.108279 0.358190 0.064996 0.100943
0 0.647391 0.459951 0.071250 0.092161
0 0.523447 0.454904 0.071887 0.092276
0 0.265338 0.714333 0.069645 0.090260
0 0.760379 0.692807 0.072414 0.093844
0 0.034053 0.800937 0.068105 0.087260
0 0.540053 0.260969 0.077863 0.107083
0 0.214873 0.651865 0.070910 0.099010
0 0.739666 0.602930 0.078660 0.093141
0 0.641445 0.366128 0.074187 0.099557
0 0.501145 0.681424 0.076422 0.110026
0 0.083146 0.688862 0.075980 0.099068
0 0.463104 0.514534 0.072059 0.084943
0 0.651893 0.196539 0.068996 0.086245
0 0.490428 0.582299 0.086074 0.109807
0 0.856730 0.430326 0.069063 0.100589
0 0.841160 0.646359 0.077562 0.101260
0 0.287438 0.582547 0.067664 0.084594
0 0.800033 0.219339 0.072574 0.098427
0 0.224062 0.337185 0.077609 0.094151
0 0.348129 0.252456 0.068812 0.081547
0 0.622865 0.092518 0.062527 0.097391
0 0.928736 0.771693 0.069098 0.098698
0 0.768025 0.507549 0.067848 0.084328
0 0.059895 0.926161 0.055641 0.096417
0 0.163723 0.295906 0.067070 0.105833
0 0.683039 0.739331 0.071586 0.091370
0 0.357666 0.654786 0.071043 0.099167
0 0.180121 0.417521 0.072719 0.093917
0 0.420170 0.870799 0.056809 0.098745
0 0.495047 0.175438 0.086883 0.081760
0 0.370027 0.505607 0.065906 0.084661
0 0.977795 0.037310 0.043387 0.074224
0 0.878072 0.313440 0.063871 0.083411
0 0.326994 0.931349 0.066027 0.088615
0 0.330652 0.734091 0.065289 0.081651
0 0.345014 0.332052 0.068957 0.084323
0 0.330283 0.480628 0.069051 0.089859
0 0.956678 0.686193 0.072246 0.088021
0 0.026635 0.526573 0.053152 0.099562
0 0.400668 0.036471 0.067969 0.072943
0 0.374289 0.418352 0.069359 0.084641
0 0.025303 0.976039 0.050605 0.047922
0 0.096658 0.567865 0.067973 0.086792
0 0.115074 0.648198 0.065680 0.089021
0 0.577910 0.035807 0.071672 0.071573
0 0.150313 0.766880 0.071281 0.091656
0 0.163633 0.902680 0.070828 0.098036
0 0.888852 0.184651 0.077062 0.111021
0 0.097600 0.467221 0.069832 0.103734
0 0.386352 0.183255 0.077562 0.072885
0 0.577816 0.564216 0.072836 0.096641
0 0.977936 0.852388 0.044129 0.086797
0 0.668912 0.551992 0.062832 0.103161
0 0.017234 0.081375 0.034352 0.093198
0 0.606533 0.546010 0.073871 0.100167
0 0.411545 0.961766 0.069004 0.072667
0 0.432531 0.708495 0.074281 0.105646
0 0.014369 0.684115 0.027613 0.101552
0 0.561877 0.134945 0.051066 0.101755
0 0.609031 0.764729 0.073945 0.116073
0 0.279012 0.038477 0.095023 0.075901
0 0.741771 0.974508 0.077137 0.050984
0 0.500533 0.985529 0.064027 0.028849
0 0.032229 0.022479 0.062949 0.044958
0 0.189812 0.881240 0.062914 0.083437
0 0.197902 0.564990 0.074008 0.054031
0 0.726773 0.014536 0.065789 0.028948
0 0.987541 0.187740 0.024668 0.103437
0 0.835238 0.539607 0.066820 0.100370
0 0.111553 0.943255 0.044754 0.091771
0 0.411711 0.986451 0.065820 0.027099
0 0.848557 0.970937 0.068082 0.055646
0 0.819621 0.976440 0.078891 0.045557
0 0.492760 0.779393 0.054395 0.079984
0 0.988309 0.977169 0.022477 0.045661
0 0.303582 0.017615 0.073930 0.035177
0 0.429523 0.669292 0.067477 0.081188
0 0.778787 0.010766 0.064715 0.020719
