0 0.976445 0.035600 0.046625 0.071199
3 0.169427 0.538905 0.082125 0.146394
0 0.830935 0.027412 0.094302 0.054389
0 0.913600 0.029440 0.081857 0.058713
0 0.534781 0.030965 0.088521 0.061931
0 0.977341 0.762822 0.045052 0.121282
0 0.721586 0.957907 0.082979 0.083565
0 0.108323 0.105377 0.099875 0.138894
0 0.978204 0.158141 0.043591 0.158560
0 0.148561 0.423174 0.074560 0.130810
0 0.172294 0.926579 0.099365 0.142639
0 0.569681 0.800944 0.084607 0.132472
0 0.192382 0.812215 0.082555 0.149069
0 0.318470 0.335461 0.093247 0.141412
0 0.087559 0.443278 0.073216 0.142463
0 0.152142 0.703197 0.083654 0.158403
0 0.737832 0.397516 0.079398 0.131736
0 0.054966 0.331609 0.088313 0.161208
0 0.723564 0.107123 0.081544 0.160579
0 0.559224 0.672065 0.096729 0.146426
0 0.513785 0.480900 0.082102 0.156736
0 0.910020 0.765838 0.086773 0.141944
0 0.847579 0.528127 0.084888 0.139190
0 0.634634 0.850350 0.075029 0.126338
0 0.285664 0.908940 0.089729 0.141981
0 0.463665 0.325931 0.087570 0.157352
0 0.893061 0.897243 0.089930 0.143144
0 0.033522 0.085977 0.067044 0.161944
0 0.160747 0.243620 0.086328 0.152704
0 0.716592 0.562125 0.082060 0.156491
0 0.799687 0.130345 0.082526 0.160236
0 0.028678 0.504773 0.057357 0.141676
0 0.262382 0.201637 0.085419 0.154449
0 0.374655 0.429630 0.086195 0.154083
0 0.070354 0.735009 0.083693 0.153528
0 0.946130 0.621928 0.092698 0.158856
0 0.346924 0.081157 0.087078 0.156796
0 0.531776 0.933574 0.093323 0.132852
0 0.824007 0.294465 0.083117 0.156468
0 0.959090 0.405343 0.081794 0.154787
0 0.078121 0.586574 0.084664 0.143898
0 0.721650 0.263759 0.085997 0.147157
0 0.805613 0.768366 0.090898 0.166565
0 0.358073 0.585387 0.071255 0.131931
0 0.373034 0.916384 0.089297 0.158750
0 0.314197 0.672965 0.076258 0.147588
0 0.721618 0.728678 0.086404 0.164625
0 0.245443 0.607880 0.083344 0.151509
0 0.470240 0.781238 0.092771 0.146847
0 0.382859 0.780120 0.073635 0.120528
0 0.250449 0.450032 0.085898 0.155074
0 0.436878 0.544319 0.079380 0.153130
0 0.590635 0.124750 0.093057 0.152324
0 0.640934 0.956065 0.088034 0.087870
0 0.064487 0.014204 0.080286 0.028407
0 0.019427 0.227590 0.038385 0.155847
