0 0.389715 0.044086 0.079747 0.087671
0 0.098382 0.954509 0.071680 0.089546
0 0.736384 0.841606 0.081461 0.135148
0 0.143257 0.796970 0.081404 0.124634
0 0.482053 0.610428 0.083284 0.143727
0 0.191832 0.219463 0.074034 0.150500
0 0.163465 0.064123 0.093065 0.128245
0 0.721247 0.732051 0.078531 0.118037
0 0.424449 0.253266 0.096206 0.182634
0 0.961294 0.510637 0.077198 0.142218
0 0.708250 0.052502 0.088927 0.103931
0 0.031939 0.356069 0.063878 0.175907
0 0.237751 0.452326 0.076820 0.144523
0 0.961831 0.861118 0.076339 0.156440
0 0.242561 0.058169 0.081122 0.115523
0 0.098362 0.081236 0.085292 0.148583
0 0.956745 0.385583 0.086510 0.156796
0 0.293797 0.928581 0.082938 0.139440
0 0.080943 0.196664 0.083521 0.137199
0 0.438768 0.483590 0.091156 0.159421
0 0.046500 0.494905 0.084193 0.156968
0 0.068057 0.802558 0.079339 0.126653
0 0.885970 0.944014 0.091471 0.111065
0 0.428677 0.113231 0.076349 0.144796
0 0.245986 0.682231 0.079664 0.137407
0 0.681133 0.573000 0.081604 0.158046
0 0.203913 0.366245 0.088070 0.139185
0 0.343280 0.815336 0.090852 0.135171
0 0.396551 0.366979 0.091497 0.160032
0 0.847660 0.080880 0.087289 0.156019
0 0.409272 0.936113 0.084096 0.126810
0 0.872543 0.329535 0.077201 0.140949
0 0.700732 0.204051 0.081656 0.147259
0 0.499142 0.910424 0.085820 0.147875
0 0.055203 0.656803 0.075370 0.144523
0 0.130586 0.667597 0.086255 0.147130
0 0.406738 0.598102 0.087956 0.151519
0 0.272102 0.150787 0.077500 0.129685
0 0.845125 0.841535 0.080865 0.149958
0 0.014561 0.184127 0.029122 0.155116
0 0.565742 0.251519 0.080667 0.165074
0 0.288268 0.563278 0.098625 0.153000
0 0.945905 0.624553 0.086112 0.145755
0 0.782875 0.736484 0.082630 0.147255
0 0.329151 0.689875 0.085865 0.150037
0 0.326096 0.284840 0.085047 0.154616
0 0.619724 0.456106 0.082484 0.145333
0 0.502768 0.319681 0.091698 0.171519
0 0.623029 0.178148 0.080167 0.145944
0 0.526917 0.442553 0.084536 0.141042
0 0.921753 0.058590 0.089005 0.117005
0 0.099440 0.326785 0.089557 0.158144
0 0.646059 0.797488 0.086148 0.143810
0 0.665814 0.316255 0.091268 0.147648
0 0.365525 0.176981 0.086008 0.147398
0 0.736478 0.923407 0.115273 0.153185
0 0.577074 0.653648 0.083185 0.138639
0 0.812703 0.207731 0.084958 0.160889
0 0.458238 0.772525 0.081888 0.143644
0 0.958378 0.167514 0.083214 0.155454
0 0.317120 0.428900 0.085505 0.146329
0 0.326685 0.068803 0.084943 0.137606
0 0.886266 0.201854 0.089219 0.163153
0 0.554368 0.962697 0.080169 0.072319
0 0.773112 0.588752 0.086766 0.155819
0 0.787253 0.348039 0.084083 0.149662
0 0.017883 0.056979 0.035708 0.112569
0 0.180566 0.569100 0.085409 0.142394
0 0.891527 0.716530 0.085435 0.156773
0 0.697229 0.438664 0.084568 0.143690
0 0.007324 0.630812 0.014648 0.151727
0 0.215664 0.937426 0.079714 0.121861
1 0.971547 0.726884 0.056906 0.149519
1 0.040777 0.917194 0.081508 0.156213
1 0.755823 0.119762 0.086359 0.160884
1 0.557118 0.802403 0.086341 0.147991
