1 0.320749 0.539725 0.083227 0.152181
0 0.282339 0.938065 0.091859 0.121481
0 0.346165 0.350023 0.087685 0.144324
0 0.868740 0.858255 0.092620 0.168185
0 0.049878 0.352963 0.091208 0.166991
0 0.826874 0.711190 0.089852 0.162602
0 0.665892 0.133907 0.087299 0.161731
0 0.832818 0.257808 0.086734 0.140986
0 0.920840 0.113106 0.090867 0.166907
0 0.510758 0.881106 0.082656 0.148556
0 0.164661 0.352866 0.086318 0.152509
0 0.432479 0.606046 0.081552 0.142315
0 0.870337 0.549521 0.088544 0.155403
0 0.145352 0.552986 0.086302 0.177667
0 0.156565 0.805447 0.085083 0.137690
0 0.430542 0.265340 0.094417 0.150097
0 0.958854 0.478889 0.082292 0.144806
0 0.912849 0.730546 0.089964 0.148398
0 0.261680 0.626132 0.086604 0.151949
0 0.689025 0.404917 0.091258 0.158324
0 0.077564 0.498347 0.086294 0.152648
0 0.579132 0.758824 0.100362 0.164583
0 0.532457 0.231331 0.089310 0.146060
0 0.074642 0.935669 0.079607 0.128264
0 0.770182 0.160704 0.096849 0.165528
0 0.184294 0.937942 0.086547 0.122477
0 0.116686 0.075586 0.098221 0.139931
0 0.950914 0.611935 0.092172 0.138991
0 0.295648 0.768477 0.095641 0.157481
0 0.450517 0.795769 0.078966 0.143630
0 0.242273 0.284988 0.085130 0.149718
0 0.208480 0.111056 0.085591 0.144630
0 0.567372 0.363049 0.083646 0.148310
0 0.640353 0.284907 0.082867 0.153046
0 0.347064 0.671738 0.084727 0.148940
0 0.326406 0.211785 0.104615 0.150931
0 0.780970 0.500123 0.087539 0.158727
0 0.894255 0.363463 0.087021 0.135296
0 0.394217 0.125778 0.079940 0.155593
0 0.650783 0.523792 0.090268 0.143889
0 0.491730 0.559058 0.078466 0.134079
0 0.258073 0.426352 0.081385 0.139361
0 0.661559 0.907847 0.091029 0.128167
0 0.139424 0.211560 0.083422 0.158537
0 0.468548 0.132750 0.083195 0.150935
0 0.383685 0.944632 0.086094 0.108708
0 0.799612 0.926294 0.080453 0.147412
0 0.951461 0.875435 0.080823 0.168713
0 0.068958 0.177653 0.072698 0.122944
0 0.564612 0.544738 0.082474 0.174282
0 0.474812 0.388734 0.083490 0.151829
0 0.342759 0.072468 0.083477 0.144574
0 0.573742 0.097699 0.087260 0.159000
0 0.022612 0.882641 0.044979 0.141255
0 0.025922 0.600083 0.050974 0.154481
0 0.629078 0.029676 0.088870 0.059352
0 0.029961 0.042505 0.059922 0.083694
0 0.205522 0.473859 0.066612 0.189356
0 0.670882 0.838574 0.075893 0.113722
0 0.967898 0.039125 0.064203 0.076870
0 0.491958 0.037829 0.092172 0.074852
0 0.546073 0.968755 0.079719 0.062491
0 0.985089 0.133991 0.029266 0.135463
0 0.014471 0.136803 0.027964 0.132292
0 0.010210 0.744750 0.020148 0.153278
0 0.713142 0.020597 0.089513 0.041194
0 0.992281 0.871324 0.015438 0.104639
0 0.298720 0.016949 0.087247 0.033102
0 0.008764 0.233991 0.017013 0.142944
0 0.987129 0.265840 0.025742 0.136560
0 0.647900 0.983870 0.086878 0.030685
0 0.210104 0.678627 0.091375 0.054144
