0 0.590031 0.862345 0.100151 0.151273
0 0.498117 0.797146 0.093922 0.147329
0 0.444711 0.728310 0.071823 0.111481
0 0.418928 0.668641 0.093924 0.158792
0 0.995029 0.628924 0.009943 0.132236
0 0.170948 0.055215 0.100302 0.110431
0 0.982344 0.038109 0.034984 0.075403
0 0.949424 0.340738 0.092177 0.173329
0 0.992826 0.429343 0.014333 0.146602
0 0.022266 0.280329 0.043161 0.164065
0 0.133839 0.306289 0.091151 0.142255
0 0.017576 0.531884 0.034016 0.153731
0 0.779612 0.904368 0.089568 0.157356
0 0.025618 0.796861 0.048102 0.144694
0 0.736042 0.779898 0.097224 0.160917
0 0.497650 0.048338 0.082294 0.096676
0 0.975664 0.926562 0.048672 0.139523
0 0.970764 0.798431 0.058471 0.164713
0 0.512121 0.156836 0.088622 0.150912
0 0.007837 0.413873 0.015393 0.140588
0 0.032751 0.658463 0.065503 0.158102
0 0.511927 0.923359 0.096661 0.153097
0 0.387228 0.072873 0.083945 0.141505
0 0.170435 0.674975 0.099604 0.167782
0 0.308930 0.265241 0.091562 0.148991
0 0.377650 0.446373 0.087232 0.167199
0 0.827652 0.426551 0.094669 0.158574
0 0.873551 0.169650 0.100362 0.160764
0 0.262387 0.408007 0.080388 0.143699
0 0.146702 0.170025 0.098107 0.160125
0 0.576161 0.377380 0.083766 0.167796
0 0.476040 0.366475 0.093174 0.160792
0 0.627395 0.703097 0.083888 0.144731
0 0.312146 0.536845 0.093813 0.161208
0 0.141728 0.535995 0.101612 0.159991
0 0.680499 0.172181 0.092836 0.158602
0 0.905721 0.694442 0.089344 0.153782
0 0.259668 0.716097 0.085378 0.150963
0 0.781007 0.066313 0.087148 0.132625
0 0.649915 0.463549 0.098742 0.162458
0 0.568219 0.616854 0.086927 0.145847
0 0.715134 0.337127 0.088242 0.140134
0 0.444949 0.524185 0.096539 0.158954
1 0.737174 0.487343 0.083589 0.163769
0 0.217410 0.948387 0.080919 0.101338
0 0.962066 0.125542 0.075529 0.138519
0 0.684010 0.610044 0.098755 0.159514
0 0.230621 0.837572 0.089169 0.156894
0 0.189796 0.383262 0.090544 0.156171
0 0.152267 0.842123 0.087690 0.156292
0 0.580260 0.217347 0.105203 0.163352
0 0.914674 0.857370 0.087927 0.168009
0 0.791293 0.686113 0.085982 0.145236
0 0.067314 0.112660 0.089971 0.154458
0 0.453353 0.218269 0.088576 0.152213
0 0.314328 0.125218 0.084063 0.154306
0 0.792717 0.259407 0.081440 0.151056
0 0.814408 0.564845 0.109174 0.143949
0 0.982440 0.258435 0.034677 0.156880
0 0.685639 0.872111 0.088919 0.158250
0 0.341613 0.908685 0.088518 0.149861
0 0.094020 0.917169 0.079268 0.139495
0 0.408310 0.826704 0.084464 0.135787
