0 0.725730 0.807160 0.081977 0.143255
0 0.483599 0.694255 0.090292 0.156056
0 0.378396 0.161083 0.092344 0.149722
0 0.178332 0.892981 0.077081 0.147176
0 0.603566 0.274910 0.089549 0.136190
0 0.247668 0.372743 0.082878 0.156847
0 0.352092 0.563829 0.092565 0.134472
0 0.059602 0.292664 0.079771 0.153440
0 0.897493 0.817164 0.079982 0.140560
0 0.610233 0.913456 0.084060 0.163875
0 0.415560 0.767204 0.084703 0.149602
0 0.759764 0.453150 0.085148 0.153986
0 0.839475 0.437157 0.080607 0.144981
0 0.438418 0.395593 0.082086 0.140444
0 0.410805 0.523222 0.085547 0.162750
0 0.123115 0.132836 0.083047 0.151394
0 0.364178 0.426062 0.086435 0.171292
0 0.658326 0.202167 0.083073 0.161583
0 0.476833 0.832775 0.083073 0.144301
0 0.558307 0.693697 0.086188 0.164106
0 0.188988 0.156704 0.073461 0.131713
0 0.789254 0.281132 0.079706 0.149792
0 0.793438 0.887470 0.083880 0.157134
0 0.359008 0.281081 0.091547 0.149968
0 0.596629 0.408512 0.080966 0.154616
0 0.545966 0.471859 0.080880 0.156792
0 0.586509 0.788968 0.083482 0.153880
0 0.932184 0.244539 0.083362 0.154829
0 0.511016 0.171986 0.088089 0.144861
0 0.815966 0.648220 0.082932 0.161236
0 0.358918 0.680880 0.093258 0.129787
0 0.362552 0.893396 0.092214 0.160810
0 0.707971 0.112199 0.084755 0.151546
0 0.239783 0.945134 0.086612 0.109157
0 0.075535 0.795347 0.080945 0.155824
0 0.629905 0.620877 0.082284 0.139144
0 0.432227 0.264539 0.083693 0.156551
0 0.781962 0.157968 0.086398 0.151278
0 0.858755 0.202167 0.091422 0.136148
0 0.331818 0.069211 0.087818 0.137079
0 0.564020 0.073220 0.086174 0.146440
0 0.504543 0.289671 0.081284 0.136519
0 0.939438 0.486116 0.083682 0.157278
0 0.066997 0.665044 0.095807 0.157505
0 0.958384 0.840556 0.077773 0.155130
0 0.766535 0.718354 0.077690 0.161236
0 0.724398 0.242889 0.076938 0.165269
0 0.694964 0.572396 0.076177 0.161662
0 0.498650 0.562190 0.094164 0.143148
0 0.029082 0.553914 0.058164 0.151829
0 0.488150 0.063278 0.088023 0.126491
0 0.043279 0.939218 0.079677 0.119824
0 0.112878 0.932306 0.080896 0.134296
0 0.199108 0.051181 0.078440 0.101778
0 0.418807 0.949396 0.082599 0.101208
0 0.312535 0.376465 0.077487 0.194486
0 0.698001 0.908282 0.089102 0.165481
0 0.081230 0.051238 0.076612 0.101671
0 0.616319 0.514560 0.093753 0.149148
0 0.860503 0.318208 0.098651 0.138259
0 0.541652 0.953403 0.079237 0.093194
0 0.121331 0.257743 0.089776 0.166514
0 0.021777 0.783502 0.043555 0.146958
0 0.276508 0.855134 0.097990 0.132509
0 0.325100 0.763535 0.095648 0.151153
0 0.759410 0.049509 0.087508 0.098880
0 0.475551 0.484565 0.075680 0.166889
0 0.893457 0.062049 0.080951 0.122273
0 0.948743 0.634882 0.069143 0.165523
0 0.976033 0.706914 0.047935 0.152690
0 0.250108 0.210472 0.073831 0.180676
0 0.443382 0.128637 0.087320 0.164856
0 0.949688 0.952208 0.074000 0.095491
0 0.930130 0.126079 0.101276 0.157056
0 0.978736 0.187380 0.042529 0.149315
0 0.203844 0.286660 0.076151 0.169634
0 0.828973 0.809062 0.088435 0.176366
0 0.524405 0.876782 0.090883 0.163417
0 0.270704 0.038025 0.077086 0.075375
0 0.979708 0.064454 0.040583 0.128907
0 0.040947 0.435329 0.081643 0.169157
0 0.601020 0.141745 0.099378 0.174796
0 0.313190 0.965155 0.081844 0.069338
0 0.722650 0.647282 0.089591 0.190407
1 0.648372 0.727831 0.079938 0.153755
0 0.024090 0.023157 0.046919 0.046315
0 0.139904 0.017387 0.079896 0.034773
0 0.855548 0.022204 0.087836 0.044407
0 0.986780 0.941479 0.026440 0.116468
0 0.009120 0.918708 0.018240 0.157833
0 0.008035 0.121356 0.016070 0.147991
0 0.008418 0.253093 0.016784 0.145250
0 0.992307 0.824627 0.015385 0.150384
0 0.896684 0.598444 0.074128 0.164889
0 0.867434 0.708176 0.080138 0.150370
