0 0.793215 0.940102 0.084992 0.116315
0 0.464083 0.385646 0.089865 0.168894
0 0.981741 0.605428 0.036518 0.150477
0 0.092564 0.053292 0.081560 0.101787
0 0.317203 0.054431 0.086661 0.106194
0 0.067553 0.532542 0.095549 0.172750
0 0.666746 0.237535 0.100659 0.151829
0 0.670949 0.803035 0.090492 0.172014
0 0.442199 0.925993 0.085518 0.146986
0 0.609577 0.675685 0.088435 0.159972
0 0.752470 0.313007 0.098310 0.161227
0 0.061483 0.890227 0.097695 0.163694
1 0.696967 0.636935 0.079404 0.188981
0 0.115738 0.739104 0.084482 0.142218
0 0.032414 0.790002 0.064177 0.162847
0 0.235007 0.621609 0.088951 0.160542
0 0.331570 0.931940 0.091083 0.135954
0 0.491262 0.823616 0.086346 0.160861
0 0.723703 0.906424 0.084036 0.153921
0 0.703625 0.063509 0.091661 0.127019
0 0.970625 0.093481 0.057917 0.158472
0 0.112128 0.158456 0.091365 0.161884
0 0.751896 0.150375 0.080354 0.194111
0 0.036645 0.443715 0.073289 0.166431
0 0.129615 0.307188 0.088130 0.172486
0 0.909081 0.333336 0.082599 0.186088
0 0.902125 0.080042 0.091552 0.159667
1 0.552703 0.554264 0.080917 0.151750
0 0.343801 0.332634 0.089247 0.150787
0 0.637965 0.532542 0.088247 0.203907
0 0.825384 0.666933 0.076247 0.220292
0 0.209781 0.860148 0.088771 0.163815
1 0.851264 0.809762 0.089904 0.185273
0 0.032809 0.204525 0.065232 0.151560
0 0.909641 0.504053 0.078510 0.165634
0 0.968775 0.440410 0.062451 0.181597
0 0.971637 0.238789 0.056706 0.158782
0 0.418057 0.785428 0.090651 0.166079
0 0.260151 0.473338 0.087057 0.187352
0 0.689799 0.379021 0.098271 0.167819
0 0.160428 0.424025 0.105180 0.173727
1 0.826581 0.052271 0.081016 0.104542
0 0.042914 0.660801 0.085724 0.156231
0 0.580242 0.922086 0.085917 0.155301
1 0.409219 0.468586 0.083219 0.176875
0 0.008809 0.923398 0.017617 0.146380
0 0.049987 0.303315 0.097109 0.174472
0 0.326978 0.509958 0.082164 0.203583
0 0.487932 0.145088 0.084271 0.160611
0 0.030129 0.074681 0.060029 0.149361
0 0.297430 0.209090 0.102188 0.166088
0 0.450703 0.667718 0.091620 0.130380
0 0.294605 0.763044 0.093044 0.175755
0 0.752292 0.568361 0.096042 0.174222
0 0.630100 0.135243 0.082195 0.156606
0 0.829128 0.374470 0.099219 0.217097
0 0.481161 0.030231 0.096375 0.059204
1 0.545980 0.227271 0.099258 0.172310
0 0.225025 0.966319 0.087732 0.064981
0 0.990198 0.359174 0.019484 0.135486
0 0.985809 0.746144 0.028383 0.181759
0 0.238622 0.031949 0.092495 0.063861
0 0.982810 0.940102 0.033891 0.115648
0 0.459561 0.542525 0.098664 0.158162
0 0.144812 0.568368 0.091505 0.159745
0 0.365397 0.629998 0.101117 0.174912
0 0.411297 0.104475 0.071427 0.208949
0 0.411892 0.274491 0.110128 0.144963
0 0.790422 0.490623 0.087396 0.160866
