0 0.339924 0.075530 0.080911 0.145884
0 0.418427 0.805609 0.072839 0.135421
0 0.094074 0.931704 0.072039 0.134602
0 0.462289 0.676340 0.074495 0.154468
0 0.681776 0.933653 0.087828 0.131657
0 0.122266 0.528736 0.076193 0.142519
0 0.599888 0.406898 0.077286 0.125556
0 0.975654 0.234951 0.048693 0.141634
0 0.481249 0.540942 0.099060 0.153051
0 0.811137 0.112993 0.087372 0.128644
0 0.938074 0.601130 0.098518 0.161389
0 0.531965 0.149354 0.079357 0.139792
0 0.560152 0.197403 0.080919 0.148231
0 0.196902 0.245461 0.072799 0.122847
0 0.608592 0.631750 0.081352 0.136852
0 0.056518 0.432313 0.092750 0.173301
0 0.963742 0.089620 0.072057 0.139120
0 0.595736 0.807051 0.078737 0.136963
0 0.972055 0.459444 0.055891 0.152102
0 0.206033 0.120428 0.074852 0.135144
0 0.730906 0.734470 0.080891 0.135847
0 0.344186 0.179051 0.081070 0.127602
0 0.839193 0.439352 0.081370 0.132000
0 0.575424 0.525428 0.079109 0.135181
0 0.413754 0.668653 0.079060 0.151722
0 0.579126 0.036130 0.077383 0.071935
0 0.508139 0.086736 0.088107 0.155435
0 0.818376 0.959713 0.086081 0.080574
0 0.263646 0.950039 0.089500 0.099329
0 0.174598 0.577942 0.088492 0.158144
0 0.242260 0.368998 0.077104 0.149227
0 0.534004 0.640583 0.075862 0.120741
0 0.752505 0.290394 0.082323 0.143343
0 0.111846 0.293382 0.089656 0.134782
0 0.262570 0.051884 0.086615 0.103769
0 0.749863 0.479769 0.074789 0.122731
0 0.225727 0.854426 0.083240 0.164148
0 0.361904 0.341662 0.084490 0.127407
0 0.839893 0.862030 0.081734 0.138884
0 0.030437 0.969699 0.060500 0.057806
0 0.757585 0.075676 0.080961 0.140583
0 0.773400 0.779641 0.089430 0.135579
0 0.055456 0.128674 0.080870 0.147181
0 0.827647 0.574743 0.079221 0.145829
0 0.029956 0.798225 0.059911 0.145551
0 0.845027 0.370387 0.084310 0.131977
0 0.753358 0.546227 0.074971 0.118870
0 0.687780 0.846308 0.080820 0.133310
0 0.181085 0.436231 0.076268 0.135315
0 0.725249 0.656637 0.077898 0.117810
0 0.477471 0.306456 0.076458 0.130412
0 0.245712 0.513104 0.081148 0.145912
0 0.630306 0.936366 0.073935 0.127269
0 0.060596 0.270824 0.085109 0.147889
0 0.328996 0.780234 0.081971 0.136282
0 0.362497 0.608405 0.085193 0.163708
0 0.293042 0.272523 0.082964 0.127750
0 0.269568 0.214938 0.078260 0.139412
0 0.655462 0.052831 0.088195 0.105662
0 0.792441 0.182544 0.086872 0.131171
0 0.537201 0.718069 0.082448 0.148611
0 0.677225 0.563498 0.078346 0.136218
0 0.676176 0.116470 0.071034 0.129690
0 0.400897 0.464211 0.083492 0.144273
0 0.323470 0.711109 0.073419 0.125708
0 0.760966 0.898426 0.078776 0.124324
0 0.036617 0.574139 0.073234 0.132278
0 0.526529 0.908292 0.082370 0.131370
0 0.512047 0.405815 0.066484 0.119009
0 0.102461 0.791030 0.083161 0.155755
0 0.399023 0.962315 0.107521 0.074370
0 0.009439 0.113123 0.018878 0.151579
0 0.529647 0.368866 0.075112 0.138981
0 0.599928 0.320100 0.079836 0.131505
0 0.175639 0.706141 0.084451 0.133171
0 0.487283 0.980171 0.087935 0.038861
0 0.972193 0.780030 0.055615 0.141236
0 0.915904 0.964340 0.093682 0.070912
0 0.376883 0.193248 0.069635 0.122060
0 0.381289 0.313826 0.075750 0.128801
0 0.089965 0.136954 0.081357 0.141759
0 0.836861 0.028396 0.085221 0.056431
2 0.287516 0.624736 0.082411 0.146130
0 0.944561 0.469660 0.079471 0.137838
0 0.910021 0.030606 0.068083 0.060880
0 0.444954 0.168644 0.082591 0.165704
0 0.007875 0.472620 0.015750 0.145611
0 0.991344 0.931731 0.017313 0.131583
0 0.210245 0.346424 0.071042 0.131644
0 0.894315 0.226368 0.083391 0.135088
0 0.102628 0.012350 0.073260 0.024208
0 0.970633 0.013248 0.058734 0.024810
0 0.016375 0.574479 0.032750 0.131181
