0 0.276850 0.498570 0.090583 0.121996
0 0.693721 0.397096 0.087697 0.118092
0 0.694826 0.849658 0.094614 0.128534
0 0.649257 0.947770 0.083831 0.104378
0 0.862118 0.151281 0.086227 0.120751
0 0.758110 0.165419 0.089715 0.117423
0 0.255592 0.122428 0.083769 0.105947
0 0.837739 0.840404 0.088472 0.145211
0 0.673791 0.204519 0.085019 0.129779
0 0.020195 0.336379 0.039981 0.112778
0 0.809601 0.511242 0.076346 0.113812
0 0.761123 0.277217 0.089198 0.113405
0 0.853505 0.266245 0.088044 0.106677
0 0.894950 0.484277 0.081914 0.108133
0 0.746202 0.028210 0.082581 0.056420
0 0.790334 0.883333 0.087357 0.110998
0 0.687419 0.527315 0.082909 0.113220
0 0.817542 0.961770 0.088025 0.076461
0 0.883850 0.590018 0.080108 0.109686
0 0.019834 0.488431 0.039668 0.111008
0 0.896759 0.365592 0.069877 0.094064
0 0.744172 0.480267 0.071840 0.109846
0 0.577708 0.616011 0.089012 0.113483
0 0.025253 0.845435 0.049718 0.117742
0 0.923634 0.959712 0.086736 0.080576
0 0.307450 0.971970 0.086443 0.055772
0 0.532714 0.029676 0.091076 0.058971
0 0.612473 0.872186 0.095748 0.148580
0 0.552245 0.969372 0.072917 0.061142
0 0.593985 0.233408 0.083696 0.109851
0 0.977243 0.959375 0.045212 0.080921
0 0.069284 0.869246 0.075413 0.136939
0 0.013665 0.632605 0.027130 0.119367
0 0.974823 0.433938 0.050355 0.110983
0 0.980395 0.214781 0.039209 0.099583
0 0.252969 0.018699 0.086894 0.037397
0 0.749207 0.665195 0.092512 0.119228
0 0.017635 0.969776 0.035270 0.060448
0 0.861231 0.019334 0.073943 0.038668
0 0.987087 0.785177 0.025826 0.113359
0 0.634491 0.015630 0.085540 0.031260
0 0.732031 0.980036 0.078576 0.039547
0 0.034329 0.013786 0.067353 0.027572
0 0.991341 0.065324 0.017157 0.113992
0 0.640586 0.582423 0.086806 0.129300
0 0.935523 0.008220 0.084155 0.016440
0 0.201630 0.301800 0.084124 0.104002
0 0.364558 0.784177 0.087681 0.111883
0 0.969022 0.679612 0.061956 0.116682
0 0.780338 0.376461 0.082288 0.106183
0 0.558125 0.462369 0.096559 0.122598
0 0.072658 0.426800 0.088688 0.110967
0 0.081420 0.165028 0.085934 0.115869
0 0.195218 0.948549 0.087604 0.102901
0 0.172556 0.169789 0.087612 0.121060
0 0.277602 0.879331 0.088715 0.116862
0 0.180118 0.408071 0.088013 0.108519
0 0.368322 0.895646 0.085764 0.108287
0 0.324136 0.664460 0.089807 0.124681
0 0.061991 0.583261 0.082670 0.116667
0 0.134099 0.673735 0.081138 0.105484
0 0.481944 0.942971 0.092106 0.111559
0 0.944630 0.094632 0.089676 0.120139
0 0.836345 0.704910 0.089325 0.113390
0 0.198850 0.817533 0.083194 0.113760
0 0.494649 0.833724 0.094745 0.118868
0 0.020332 0.189043 0.040664 0.105761
0 0.437749 0.714671 0.089356 0.120658
0 0.463542 0.226728 0.092724 0.123591
0 0.391385 0.106253 0.087840 0.103277
0 0.541323 0.122562 0.089961 0.120689
0 0.417035 0.533639 0.087836 0.120993
0 0.330453 0.555766 0.076910 0.097932
0 0.324497 0.309079 0.086879 0.110247
0 0.176354 0.042613 0.080147 0.085226
0 0.963929 0.568359 0.072126 0.120576
0 0.964007 0.316608 0.071987 0.117505
0 0.386208 0.206379 0.076381 0.102737
0 0.695087 0.091950 0.093885 0.113117
0 0.354261 0.035283 0.085829 0.070566
0 0.117890 0.912868 0.089012 0.124017
0 0.239288 0.684619 0.085127 0.113107
0 0.926904 0.818861 0.090945 0.117485
0 0.637359 0.326998 0.085729 0.120561
0 0.109830 0.316854 0.082137 0.116260
1 0.549743 0.740774 0.091161 0.128040
1 0.457506 0.400903 0.086678 0.108256
1 0.181823 0.528092 0.102658 0.138549
