0 0.173009 0.991996 0.094298 0.016008
0 0.015584 0.037449 0.029811 0.070967
0 0.116879 0.621263 0.093441 0.116692
0 0.883052 0.735509 0.092222 0.126163
0 0.340123 0.340003 0.094630 0.125201
0 0.661399 0.628284 0.094572 0.129820
0 0.093252 0.511301 0.088997 0.124599
0 0.439419 0.508313 0.090968 0.116152
0 0.476863 0.311942 0.094267 0.117124
0 0.198005 0.312652 0.092269 0.119131
0 0.361117 0.593691 0.091277 0.111610
0 0.180426 0.187050 0.100652 0.116620
0 0.842353 0.639918 0.090972 0.126698
0 0.045741 0.834565 0.090100 0.111754
0 0.142157 0.774697 0.089059 0.127870
0 0.660216 0.177060 0.099676 0.126003
0 0.678252 0.739372 0.091968 0.113879
0 0.330224 0.142284 0.087816 0.114228
0 0.575839 0.288248 0.100783 0.116970
0 0.966663 0.694537 0.066674 0.120463
0 0.762340 0.180219 0.094811 0.134234
0 0.762317 0.698567 0.082612 0.113627
0 0.037498 0.182359 0.074896 0.122310
0 0.855716 0.209252 0.101717 0.134192
0 0.166264 0.457222 0.095575 0.121224
0 0.753654 0.045183 0.097693 0.090026
0 0.584944 0.584192 0.091547 0.120607
0 0.248021 0.434051 0.091397 0.127392
0 0.044201 0.356767 0.087539 0.123359
0 0.236952 0.791170 0.095702 0.119882
0 0.732564 0.348627 0.098893 0.108879
0 0.606422 0.938212 0.098507 0.119378
0 0.669437 0.848480 0.089892 0.115828
0 0.419248 0.917371 0.100556 0.123292
0 0.899178 0.358935 0.096898 0.125093
0 0.411671 0.658933 0.092122 0.111034
0 0.497132 0.669835 0.101300 0.122099
0 0.716645 0.523326 0.096346 0.102382
0 0.123835 0.384542 0.090008 0.112562
0 0.309105 0.958074 0.088349 0.083760
0 0.081860 0.926710 0.091590 0.120159
0 0.606044 0.754290 0.083715 0.116173
0 0.292234 0.558508 0.083349 0.121543
0 0.908387 0.868657 0.093750 0.119002
0 0.929682 0.467197 0.102782 0.117603
0 0.787647 0.898922 0.100849 0.124573
0 0.454645 0.043228 0.091227 0.086456
0 0.685959 0.272299 0.089626 0.117171
0 0.537095 0.814753 0.098333 0.123179
0 0.214454 0.605820 0.101439 0.123143
0 0.386362 0.790975 0.097276 0.125139
0 0.970104 0.249756 0.059367 0.117217
0 0.927658 0.065556 0.099167 0.119383
0 0.972650 0.580265 0.054699 0.127186
0 0.553715 0.068909 0.102793 0.108971
0 0.529863 0.231906 0.098638 0.109892
0 0.228283 0.113552 0.094005 0.122834
0 0.963775 0.147896 0.071979 0.113837
0 0.022917 0.511590 0.045625 0.123035
0 0.367348 0.035463 0.100675 0.070463
0 0.464676 0.136746 0.097361 0.126538
0 0.497990 0.948467 0.088889 0.102984
0 0.088432 0.722904 0.087782 0.122495
0 0.851402 0.829421 0.094819 0.122155
0 0.150475 0.927407 0.077083 0.116574
0 0.965633 0.966196 0.068256 0.067608
0 0.980314 0.358428 0.039371 0.120910
0 0.535822 0.148004 0.110270 0.105689
0 0.320602 0.685332 0.087106 0.124017
0 0.017803 0.620165 0.035606 0.113056
0 0.215646 0.019234 0.100189 0.038323
0 0.702072 0.969043 0.095725 0.061914
0 0.952056 0.021975 0.095887 0.043951
0 0.554016 0.014470 0.097052 0.028940
0 0.658474 0.017742 0.100660 0.035484
0 0.986167 0.798555 0.027666 0.119074
0 0.757274 0.992222 0.093322 0.015556
0 0.555394 0.991147 0.101165 0.017706
2 0.579726 0.452137 0.111273 0.124408
0 0.010287 0.944825 0.020575 0.109434
0 0.895959 0.987366 0.102396 0.025267
