1 0.586866 0.817694 0.093070 0.149287
1 0.145010 0.905940 0.098042 0.138648
0 0.006342 0.082435 0.012445 0.144157
1 0.268251 0.811428 0.093393 0.164199
0 0.007152 0.317458 0.014081 0.160667
0 0.947214 0.018458 0.100156 0.036917
0 0.778811 0.019208 0.106898 0.038417
0 0.222733 0.955028 0.087169 0.089944
0 0.832424 0.335491 0.101125 0.197056
0 0.681275 0.956021 0.075060 0.087097
0 0.422391 0.961319 0.093984 0.077361
0 0.029832 0.431958 0.059664 0.146426
0 0.034866 0.820282 0.069070 0.130444
0 0.908525 0.964581 0.084148 0.070032
0 0.112341 0.346419 0.088667 0.164727
0 0.189780 0.797139 0.083404 0.177213
0 0.345835 0.321461 0.085924 0.176579
0 0.134841 0.224836 0.082167 0.139486
0 0.232375 0.558734 0.103068 0.187940
0 0.972612 0.839039 0.054776 0.149366
0 0.034414 0.166139 0.068828 0.156556
0 0.927315 0.200840 0.095031 0.161477
0 0.508992 0.904722 0.089573 0.162435
0 0.091262 0.651271 0.091971 0.148569
0 0.108346 0.783053 0.092911 0.148051
0 0.360017 0.805417 0.083820 0.145731
0 0.452844 0.644863 0.101964 0.140681
0 0.182577 0.639616 0.088242 0.153139
0 0.272531 0.376921 0.094344 0.155648
0 0.104811 0.489178 0.098096 0.143495
0 0.654066 0.691877 0.091914 0.159644
0 0.290801 0.496481 0.082294 0.133139
0 0.961504 0.724954 0.076992 0.137880
0 0.532005 0.726863 0.081458 0.138856
0 0.642698 0.531979 0.093333 0.172745
0 0.445168 0.767722 0.094654 0.153713
0 0.711796 0.843769 0.090815 0.155185
0 0.393540 0.561236 0.093596 0.156500
0 0.892091 0.857275 0.090021 0.158431
0 0.595555 0.936560 0.088104 0.126880
0 0.794160 0.937194 0.090367 0.125611
0 0.190977 0.357995 0.081604 0.156185
0 0.325312 0.671356 0.090802 0.156463
0 0.726897 0.620419 0.086758 0.147838
1 0.563340 0.570810 0.089544 0.149500
