0 0.990947 0.485750 0.018107 0.158741
0 0.844145 0.025148 0.075383 0.050296
0 0.411509 0.967389 0.084638 0.063815
0 0.136130 0.029361 0.078807 0.057963
0 0.726664 0.322109 0.095047 0.165560
0 0.904122 0.959956 0.088641 0.077468
0 0.119165 0.965169 0.072284 0.067671
0 0.075090 0.545505 0.082190 0.163741
0 0.020824 0.273069 0.041539 0.154213
0 0.754426 0.382711 0.088086 0.134875
0 0.661254 0.323245 0.079279 0.176676
0 0.847842 0.341282 0.083966 0.123028
0 0.171090 0.110009 0.082143 0.167306
0 0.906956 0.065164 0.086297 0.129764
0 0.287376 0.165285 0.082430 0.169755
0 0.655525 0.781148 0.073898 0.175694
0 0.309501 0.764405 0.076617 0.178986
0 0.349177 0.218563 0.091849 0.153514
0 0.411520 0.082681 0.082310 0.159398
0 0.471952 0.579729 0.074148 0.168319
0 0.604039 0.306391 0.078417 0.161310
0 0.050704 0.955157 0.083122 0.088843
0 0.779280 0.073697 0.080924 0.145218
0 0.438053 0.373319 0.070279 0.163481
0 0.526760 0.958604 0.082505 0.081366
0 0.758581 0.481338 0.097021 0.146343
0 0.416695 0.582039 0.067036 0.157838
0 0.248322 0.048928 0.086898 0.096681
0 0.569126 0.216840 0.077049 0.157319
0 0.569707 0.412447 0.080732 0.146375
0 0.720439 0.586852 0.083966 0.180259
0 0.113792 0.652880 0.085286 0.156574
0 0.870352 0.898796 0.086188 0.146333
0 0.222943 0.136847 0.074292 0.149593
0 0.235659 0.562549 0.073010 0.168792
0 0.288868 0.349062 0.090174 0.158421
0 0.487634 0.069632 0.091966 0.139264
0 0.720799 0.943025 0.086359 0.113551
0 0.432829 0.722426 0.085992 0.160463
0 0.136928 0.216333 0.078466 0.138259
0 0.024243 0.866016 0.048440 0.140088
0 0.495824 0.275887 0.094742 0.149079
0 0.824943 0.433329 0.081229 0.137333
0 0.963432 0.811222 0.073135 0.159343
0 0.865474 0.247266 0.088557 0.153940
0 0.025134 0.423458 0.050268 0.147593
0 0.972914 0.150347 0.054172 0.147657
0 0.524453 0.626806 0.092755 0.140491
0 0.722344 0.734764 0.088870 0.161426
0 0.661618 0.636185 0.076326 0.144250
0 0.642738 0.064424 0.091544 0.128847
0 0.520398 0.513215 0.075766 0.122569
0 0.127882 0.346461 0.081638 0.158551
0 0.715379 0.077470 0.079732 0.131968
0 0.336400 0.927072 0.080477 0.145255
0 0.519042 0.751336 0.075562 0.154236
0 0.069081 0.218521 0.084568 0.165310
0 0.289171 0.496086 0.078091 0.139273
0 0.357607 0.597535 0.077375 0.163403
0 0.796898 0.935067 0.083839 0.128551
0 0.728392 0.189799 0.078357 0.123968
0 0.173608 0.586632 0.079602 0.142866
0 0.987049 0.049468 0.025901 0.097778
0 0.104923 0.096588 0.079326 0.142713
0 0.485695 0.879782 0.081807 0.135315
0 0.679457 0.445354 0.083060 0.133227
0 0.662897 0.170042 0.078919 0.146426
0 0.239664 0.263354 0.094630 0.159366
0 0.956724 0.523178 0.079948 0.141181
0 0.292754 0.616549 0.077372 0.143042
0 0.494363 0.407468 0.072487 0.141722
0 0.027143 0.590051 0.054193 0.154833
0 0.066624 0.378796 0.078977 0.161630
0 0.231872 0.408655 0.090172 0.158755
0 0.368230 0.318183 0.091878 0.142255
0 0.467630 0.168623 0.078839 0.139551
0 0.386350 0.791428 0.084997 0.150403
0 0.947757 0.304475 0.086242 0.150838
0 0.597458 0.646683 0.078724 0.148708
0 0.594191 0.779981 0.080669 0.145898
0 0.082293 0.866718 0.087154 0.144519
0 0.695312 0.855664 0.087927 0.147782
0 0.915009 0.170134 0.082352 0.150231
0 0.067480 0.743102 0.086826 0.139556
0 0.964271 0.938169 0.071198 0.122856
0 0.416013 0.240984 0.082354 0.142838
0 0.150846 0.461537 0.094786 0.161731
0 0.621816 0.522968 0.093513 0.159954
0 0.343951 0.099201 0.080891 0.152375
0 0.378568 0.440067 0.088990 0.144810
0 0.803591 0.579069 0.088964 0.147509
0 0.906206 0.419329 0.094547 0.153954
0 0.522810 0.015384 0.085729 0.030352
0 0.995029 0.864870 0.009943 0.161574
0 0.709038 0.014593 0.091263 0.027917
0 0.992792 0.973313 0.014417 0.053375
