1 0.369518 0.544069 0.070000 0.126454
1 0.112292 0.404259 0.079187 0.147991
0 0.890561 0.271868 0.085185 0.141653
0 0.948465 0.048282 0.081570 0.096231
0 0.372316 0.906097 0.078930 0.152361
0 0.049888 0.290169 0.081031 0.155440
0 0.100480 0.216701 0.075898 0.129912
0 0.229517 0.282301 0.073023 0.143657
0 0.840497 0.879289 0.072839 0.129338
0 0.544100 0.356838 0.065549 0.113389
0 0.439491 0.098690 0.091003 0.145620
0 0.607243 0.387250 0.068461 0.118250
0 0.894854 0.943472 0.079406 0.112194
0 0.970645 0.502132 0.058711 0.144866
0 0.255031 0.389750 0.073687 0.131278
0 0.782505 0.815863 0.073302 0.142634
0 0.422781 0.596354 0.078250 0.144782
0 0.960853 0.225322 0.078018 0.158005
0 0.371409 0.128481 0.075458 0.142435
0 0.970840 0.344134 0.058320 0.135880
0 0.694698 0.514407 0.078990 0.136500
0 0.914680 0.473313 0.070193 0.127653
0 0.098292 0.685076 0.071865 0.116792
0 0.451810 0.718884 0.075839 0.137093
0 0.686449 0.130271 0.077206 0.152190
0 0.780198 0.055806 0.070370 0.110009
0 0.545496 0.121653 0.073721 0.142269
0 0.677195 0.378132 0.079979 0.133616
0 0.246228 0.664810 0.074414 0.135333
0 0.874897 0.115301 0.077029 0.143259
0 0.167483 0.266072 0.071424 0.121245
0 0.160533 0.938245 0.076544 0.122315
0 0.038018 0.498681 0.075807 0.157148
0 0.627016 0.586245 0.074990 0.133037
0 0.558389 0.474861 0.074352 0.121231
0 0.747641 0.336553 0.074557 0.135958
0 0.618092 0.151025 0.075878 0.137032
0 0.444400 0.225863 0.078799 0.127051
0 0.268124 0.528516 0.075799 0.131940
0 0.420104 0.336368 0.078156 0.131569
0 0.201250 0.506426 0.072125 0.142065
0 0.475716 0.423940 0.068604 0.129537
0 0.101312 0.562854 0.073927 0.131208
0 0.034671 0.638398 0.069143 0.134648
0 0.353736 0.388766 0.080445 0.143736
0 0.038430 0.152741 0.076161 0.147935
0 0.518483 0.585588 0.079180 0.142361
0 0.168786 0.635940 0.077833 0.142667
0 0.992068 0.595660 0.015865 0.118792
0 0.327521 0.964690 0.071078 0.069083
0 0.019591 0.909972 0.039182 0.148463
0 0.798857 0.254771 0.057703 0.208551
0 0.257190 0.964956 0.069031 0.069292
0 0.984128 0.698407 0.031745 0.125231
0 0.980574 0.955065 0.038852 0.087417
0 0.984320 0.133546 0.031359 0.140361
0 0.346596 0.230701 0.064453 0.147588
0 0.804451 0.960345 0.076979 0.079310
0 0.070776 0.951711 0.083781 0.095384
0 0.312342 0.635391 0.067596 0.165773
0 0.186609 0.153495 0.069974 0.115324
0 0.489007 0.041109 0.076419 0.081468
0 0.591147 0.833118 0.071435 0.164199
0 0.212034 0.780127 0.069839 0.171884
0 0.842255 0.215359 0.065536 0.140949
0 0.603449 0.270475 0.074492 0.123866
0 0.882051 0.375227 0.089909 0.129028
0 0.056824 0.044949 0.082570 0.089704
0 0.033549 0.805132 0.067099 0.154375
0 0.159766 0.106979 0.084375 0.129764
0 0.622728 0.040736 0.078216 0.080648
0 0.905280 0.799968 0.079471 0.127472
0 0.907940 0.671875 0.089271 0.130546
0 0.652832 0.810620 0.064904 0.124731
0 0.876605 0.561345 0.088409 0.128949
0 0.131365 0.052755 0.073781 0.105509
0 0.715174 0.840486 0.067656 0.146231
0 0.680681 0.251498 0.085971 0.141542
0 0.091656 0.858995 0.073401 0.159519
0 0.490728 0.829924 0.080518 0.146866
0 0.142814 0.803891 0.076799 0.129199
0 0.535965 0.754137 0.067081 0.150227
0 0.294934 0.257593 0.074513 0.130065
0 0.261723 0.873137 0.074201 0.136718
0 0.752495 0.204382 0.071661 0.142106
0 0.596974 0.697995 0.077948 0.137694
0 0.308665 0.476868 0.073721 0.129801
0 0.447629 0.898019 0.077638 0.158231
0 0.554159 0.242294 0.080474 0.122949
0 0.732897 0.942685 0.072669 0.114630
0 0.704083 0.681162 0.073297 0.119852
