0 0.340148 0.528875 0.078151 0.140361
0 0.442409 0.932218 0.083339 0.130509
0 0.383440 0.828750 0.072089 0.140852
0 0.840458 0.267736 0.069708 0.180694
0 0.971198 0.430065 0.054625 0.129167
0 0.514885 0.344639 0.065302 0.115296
0 0.743714 0.150306 0.074052 0.131593
0 0.833562 0.048148 0.080802 0.096296
0 0.547557 0.791616 0.071302 0.168213
0 0.486729 0.048130 0.074594 0.096259
0 0.116255 0.360838 0.082500 0.147380
0 0.266682 0.294676 0.080073 0.142370
0 0.223794 0.471375 0.069911 0.173954
0 0.624107 0.044829 0.081370 0.089657
0 0.244492 0.868731 0.069266 0.113685
0 0.714711 0.457866 0.074630 0.136565
0 0.203818 0.603657 0.081646 0.128944
0 0.626294 0.634694 0.085078 0.145333
0 0.134727 0.201778 0.072495 0.143093
0 0.769943 0.279903 0.076760 0.140824
0 0.152211 0.729218 0.078766 0.146287
0 0.208654 0.207556 0.077797 0.142370
0 0.249271 0.961727 0.063406 0.075991
0 0.704570 0.054602 0.078599 0.109204
0 0.965883 0.203690 0.068234 0.157898
0 0.283763 0.691852 0.059870 0.124500
0 0.497721 0.855361 0.077911 0.145685
0 0.029836 0.107296 0.059568 0.132222
0 0.186833 0.336273 0.079479 0.151250
0 0.917206 0.434606 0.075349 0.153343
0 0.301401 0.827407 0.062271 0.120426
0 0.933323 0.303569 0.092000 0.157176
0 0.121560 0.047852 0.079391 0.094574
0 0.830852 0.722569 0.061880 0.115657
0 0.188229 0.075194 0.068365 0.125278
0 0.952117 0.681843 0.070224 0.154722
0 0.905552 0.930171 0.090135 0.113231
0 0.691995 0.973380 0.083031 0.051463
0 0.305758 0.980444 0.068828 0.039111
0 0.986013 0.313514 0.025526 0.141676
0 0.989018 0.597185 0.021255 0.153130
0 0.872531 0.542023 0.107469 0.148046
0 0.047052 0.028639 0.076115 0.055833
0 0.063240 0.976819 0.098240 0.041306
0 0.421469 0.010222 0.067740 0.020444
0 0.344534 0.716065 0.076880 0.155500
0 0.725094 0.886690 0.078552 0.140787
0 0.584073 0.351162 0.078260 0.152250
0 0.765484 0.713375 0.076177 0.154231
0 0.277120 0.439222 0.078635 0.146333
0 0.888276 0.780894 0.078250 0.124380
0 0.654792 0.378037 0.075354 0.167907
0 0.436135 0.144523 0.074042 0.139176
0 0.229849 0.743995 0.075594 0.134750
0 0.758599 0.548014 0.085833 0.139713
0 0.495823 0.225426 0.078052 0.150278
0 0.343289 0.150394 0.076328 0.160917
0 0.602242 0.475935 0.093141 0.132426
0 0.611232 0.838486 0.078797 0.150954
0 0.105141 0.891329 0.079417 0.182454
0 0.560312 0.573912 0.077635 0.134917
0 0.530932 0.130995 0.077438 0.142398
0 0.603286 0.138903 0.071260 0.127750
0 0.451154 0.327731 0.068453 0.179759
0 0.179115 0.913204 0.074302 0.152315
4 0.156432 0.492426 0.087615 0.193056
4 0.789404 0.421222 0.086714 0.151796
