1 0.906464 0.053384 0.092188 0.101648
0 0.652849 0.303424 0.088922 0.157523
0 0.718031 0.019475 0.104719 0.038949
0 0.800803 0.024850 0.093049 0.049699
0 0.053017 0.036421 0.095711 0.071630
1 0.452055 0.909914 0.096198 0.168032
1 0.159353 0.581405 0.080654 0.147606
1 0.653518 0.308451 0.086786 0.165884
1 0.526043 0.302153 0.088471 0.148009
1 0.093257 0.286935 0.076060 0.132315
0 0.613652 0.485782 0.087607 0.148250
1 0.419221 0.498167 0.086755 0.147685
0 0.634993 0.034912 0.093674 0.069824
0 0.250556 0.038817 0.083466 0.077634
0 0.017163 0.080361 0.033602 0.133852
0 0.014818 0.510000 0.029214 0.145250
0 0.017582 0.216421 0.034555 0.126176
0 0.220913 0.654174 0.105034 0.152153
0 0.734108 0.089875 0.111846 0.142565
0 0.537271 0.476810 0.076266 0.189250
0 0.379417 0.799479 0.084302 0.150856
0 0.221591 0.136433 0.074635 0.178162
0 0.458004 0.065273 0.082586 0.130546
0 0.341579 0.390313 0.087169 0.117671
0 0.061268 0.391896 0.087745 0.152495
0 0.272210 0.409697 0.088997 0.188106
0 0.341842 0.065669 0.097320 0.131338
0 0.612622 0.133417 0.082750 0.151787
0 0.318229 0.801794 0.082104 0.180708
0 0.698277 0.187688 0.107701 0.157356
0 0.402530 0.681194 0.083914 0.160231
0 0.160685 0.142194 0.083161 0.150019
0 0.531833 0.052942 0.096380 0.105884
0 0.462759 0.762873 0.075440 0.141588
0 0.294602 0.144130 0.089391 0.157731
0 0.776781 0.908463 0.106000 0.177185
0 0.463534 0.608488 0.078661 0.149199
0 0.588914 0.351431 0.077880 0.153324
0 0.634915 0.883539 0.083180 0.171958
0 0.136483 0.443882 0.095987 0.179468
0 0.319435 0.277604 0.087151 0.131551
0 0.733793 0.353387 0.089253 0.177569
0 0.328189 0.579243 0.084409 0.190171
0 0.440645 0.286206 0.085997 0.150190
0 0.975339 0.793278 0.048922 0.175102
0 0.233850 0.790220 0.088164 0.157014
0 0.569436 0.926076 0.085044 0.146940
0 0.217966 0.497940 0.085292 0.166611
0 0.080139 0.162850 0.096951 0.157819
0 0.530682 0.165771 0.094854 0.138431
0 0.705562 0.858850 0.083583 0.196181
0 0.532016 0.799192 0.087385 0.160995
0 0.156560 0.269919 0.080609 0.136921
0 0.481109 0.430639 0.080917 0.148954
0 0.683206 0.438731 0.077958 0.136972
0 0.534809 0.650315 0.081711 0.153139
0 0.284924 0.916468 0.091313 0.154074
0 0.966906 0.624454 0.066187 0.196176
0 0.841505 0.082699 0.088417 0.146806
0 0.105634 0.657183 0.080013 0.142319
0 0.731454 0.627639 0.072602 0.149472
0 0.816716 0.766058 0.082057 0.150745
0 0.966435 0.118662 0.066729 0.164250
0 0.035158 0.628021 0.069956 0.162171
0 0.662598 0.607005 0.085003 0.159222
0 0.797943 0.297965 0.089177 0.147949
0 0.192556 0.893444 0.090003 0.153944
0 0.911747 0.608153 0.084937 0.164991
0 0.843493 0.518762 0.095242 0.165236
0 0.976708 0.382113 0.046484 0.165875
0 0.866647 0.204211 0.083492 0.142523
0 0.784220 0.565028 0.084799 0.164556
0 0.858374 0.399220 0.078831 0.139532
0 0.147224 0.774331 0.089365 0.157606
0 0.881723 0.922215 0.086482 0.153227
0 0.930592 0.433688 0.079268 0.145079
0 0.930820 0.292826 0.093073 0.154736
0 0.844766 0.652331 0.077339 0.129681
0 0.921953 0.817565 0.092255 0.159630
