0 0.990664 0.296806 0.018547 0.146898
0 0.990891 0.710942 0.018219 0.174634
0 0.010801 0.667463 0.021435 0.179287
0 0.989082 0.948289 0.021836 0.103421
0 0.581027 0.973400 0.095904 0.052764
0 0.764796 0.040697 0.095378 0.081051
0 0.033441 0.959838 0.066221 0.077917
0 0.920240 0.960194 0.088281 0.078361
0 0.360417 0.672558 0.097255 0.170366
0 0.769044 0.323757 0.088474 0.152597
0 0.181526 0.034046 0.087505 0.068093
0 0.962335 0.260019 0.075331 0.168815
0 0.253535 0.927910 0.097544 0.138255
0 0.678171 0.269028 0.089919 0.179537
0 0.732279 0.122685 0.066906 0.123157
0 0.498398 0.201792 0.088245 0.187648
0 0.948902 0.424213 0.089112 0.168769
0 0.417538 0.239042 0.095174 0.141769
0 0.515090 0.065032 0.105742 0.130065
0 0.773815 0.520083 0.119792 0.192426
0 0.194921 0.589988 0.088690 0.153171
0 0.520853 0.368843 0.087596 0.151806
0 0.226087 0.787664 0.093867 0.175301
0 0.952371 0.788343 0.095258 0.182935
0 0.130924 0.888525 0.093740 0.156810
0 0.115189 0.303694 0.092232 0.153361
0 0.843730 0.417558 0.081867 0.142051
0 0.073014 0.142308 0.104013 0.185681
0 0.052586 0.799565 0.081724 0.143713
0 0.415570 0.061063 0.083318 0.121792
0 0.332306 0.381481 0.097716 0.177287
0 0.700727 0.419618 0.094693 0.156560
0 0.287124 0.072456 0.096591 0.144912
0 0.711480 0.818935 0.093977 0.151769
0 0.207169 0.310840 0.093490 0.172069
0 0.486549 0.483373 0.082021 0.139060
0 0.520229 0.747690 0.090208 0.168333
0 0.138689 0.747306 0.092174 0.166009
0 0.277413 0.520618 0.087253 0.161736
0 0.062889 0.622208 0.087393 0.160472
0 0.597842 0.436086 0.085529 0.157699
0 0.927128 0.139076 0.087880 0.165403
0 0.042491 0.416556 0.084982 0.154491
0 0.875087 0.597083 0.093440 0.171454
0 0.800917 0.863940 0.092016 0.152944
0 0.403538 0.878431 0.088393 0.168231
0 0.574648 0.267931 0.086958 0.136722
0 0.837022 0.262359 0.095372 0.163968
0 0.447887 0.690576 0.082872 0.143403
0 0.163408 0.185822 0.087419 0.149495
0 0.668251 0.686856 0.091081 0.161009
0 0.499986 0.929171 0.088638 0.139019
