0 0.923142 0.877669 0.071320 0.127505
0 0.183464 0.571634 0.077953 0.132880
0 0.945169 0.657354 0.081422 0.122912
0 0.115974 0.130444 0.081870 0.140093
0 0.872017 0.939988 0.070888 0.115569
0 0.933113 0.252319 0.086247 0.119861
0 0.609354 0.221498 0.078391 0.137699
0 0.346180 0.528995 0.076089 0.124333
0 0.407359 0.938007 0.081427 0.121356
0 0.867363 0.548903 0.079930 0.127380
0 0.419587 0.768637 0.073003 0.129884
0 0.804883 0.881437 0.073328 0.128597
0 0.012202 0.862819 0.024279 0.144898
0 0.084695 0.286206 0.085677 0.126514
0 0.022384 0.224863 0.043690 0.115801
0 0.750212 0.022611 0.081523 0.044833
0 0.157762 0.058701 0.083997 0.117403
0 0.076355 0.938725 0.082409 0.120514
0 0.466177 0.860468 0.075469 0.125407
0 0.234284 0.833771 0.067505 0.137782
0 0.776126 0.497153 0.086685 0.135565
0 0.653056 0.599565 0.073451 0.127435
0 0.570003 0.463252 0.074578 0.121477
0 0.865199 0.811259 0.074180 0.127907
0 0.567613 0.902720 0.082273 0.118662
0 0.083150 0.729190 0.076138 0.131713
0 0.315858 0.872954 0.075185 0.134046
0 0.805122 0.967412 0.081214 0.065176
0 0.169484 0.952370 0.080219 0.094361
0 0.977464 0.897544 0.045073 0.124986
0 0.488163 0.955815 0.083482 0.088370
0 0.005750 0.461072 0.011500 0.123023
0 0.823436 0.024065 0.077513 0.047157
0 0.460260 0.311234 0.081312 0.130625
0 0.968224 0.387150 0.062885 0.133866
0 0.113234 0.522785 0.084870 0.119505
0 0.750361 0.748097 0.068305 0.125509
0 0.622846 0.720287 0.072063 0.123750
0 0.826932 0.430039 0.077099 0.117773
0 0.507893 0.539271 0.067417 0.138560
0 0.274848 0.032313 0.076018 0.063866
0 0.635478 0.018366 0.085565 0.036731
0 0.209570 0.032722 0.071745 0.064954
0 0.967970 0.783271 0.064060 0.137042
0 0.058639 0.404912 0.082628 0.111259
0 0.717323 0.620856 0.069172 0.142769
0 0.993940 0.622537 0.012120 0.129972
0 0.349479 0.668155 0.080333 0.126940
0 0.711858 0.348030 0.078503 0.127236
0 0.960626 0.560116 0.073190 0.130611
0 0.226035 0.451928 0.090112 0.130986
0 0.876724 0.159947 0.075203 0.129653
0 0.262428 0.631660 0.084211 0.123014
0 0.895434 0.037882 0.075982 0.075764
0 0.536214 0.761491 0.072729 0.130194
0 0.577566 0.795229 0.074805 0.111421
0 0.386810 0.292718 0.070167 0.126102
0 0.991202 0.537236 0.017596 0.114185
0 0.246297 0.950759 0.070083 0.098481
