1 0.249883 0.206273 0.088891 0.153454
0 0.378758 0.387282 0.078115 0.243620
0 0.009618 0.069315 0.019237 0.138028
1 0.045592 0.940639 0.082154 0.111787
1 0.975266 0.235859 0.048797 0.136181
1 0.622872 0.130845 0.081745 0.156616
0 0.008451 0.846088 0.016901 0.140731
0 0.967888 0.103069 0.064224 0.168444
0 0.020451 0.282169 0.040828 0.217838
0 0.044785 0.453984 0.078232 0.196412
1 0.799681 0.600755 0.081935 0.170407
1 0.481217 0.606722 0.088034 0.154037
0 0.518098 0.660454 0.108935 0.191315
1 0.451354 0.920977 0.083000 0.146778
1 0.171091 0.475213 0.092786 0.178213
0 0.439714 0.383535 0.074615 0.174366
1 0.156225 0.243431 0.080107 0.168639
0 0.812275 0.689109 0.107008 0.169069
0 0.186996 0.043350 0.056310 0.086699
1 0.579624 0.502042 0.091466 0.158685
1 0.967073 0.597287 0.062844 0.158333
0 0.903803 0.841146 0.100383 0.179005
0 0.936508 0.431412 0.083771 0.161000
0 0.368103 0.073523 0.072872 0.144611
1 0.395388 0.224146 0.083240 0.159310
1 0.581423 0.391310 0.084107 0.136750
0 0.459302 0.073639 0.092599 0.137426
0 0.786555 0.965264 0.067443 0.069111
0 0.309043 0.060067 0.072935 0.120134
1 0.897305 0.286873 0.074234 0.153505
0 0.044733 0.069942 0.075711 0.139569
0 0.036014 0.841912 0.063878 0.152593
0 0.580770 0.255981 0.089237 0.171296
0 0.694178 0.301426 0.076049 0.137759
0 0.751895 0.122502 0.078346 0.150218
1 0.108518 0.884324 0.084245 0.171315
0 0.934711 0.696697 0.115802 0.133810
0 0.107013 0.411942 0.087740 0.207708
0 0.982866 0.363218 0.034268 0.149861
0 0.333861 0.432315 0.083206 0.208722
0 0.460725 0.465681 0.081128 0.161259
0 0.897578 0.140697 0.078448 0.150042
0 0.068570 0.231289 0.067500 0.231255
0 0.550736 0.070583 0.080690 0.141167
0 0.759417 0.260616 0.077609 0.208037
0 0.573155 0.724278 0.097513 0.150676
0 0.241639 0.069317 0.075956 0.138023
0 0.065286 0.619507 0.095328 0.140060
0 0.691180 0.111620 0.063448 0.223241
0 0.455740 0.209111 0.067276 0.177657
0 0.522327 0.422345 0.062977 0.207069
0 0.694212 0.510134 0.067638 0.194750
0 0.171193 0.705843 0.092135 0.148056
0 0.634827 0.550350 0.066815 0.180671
0 0.750380 0.474269 0.059776 0.207556
0 0.108632 0.133704 0.071232 0.215639
0 0.931891 0.933752 0.078406 0.132495
0 0.289441 0.311611 0.079070 0.186824
0 0.383242 0.572623 0.070630 0.168764
0 0.911939 0.548986 0.071904 0.186907
0 0.799462 0.331433 0.083909 0.161023
0 0.203859 0.572222 0.082417 0.163991
0 0.851934 0.470470 0.077966 0.184968
0 0.671313 0.677488 0.086786 0.175653
0 0.214651 0.806132 0.087234 0.147755
0 0.260449 0.452266 0.069383 0.208431
0 0.787500 0.849220 0.076625 0.164144
0 0.456832 0.780551 0.087414 0.154352
0 0.310871 0.904553 0.088034 0.147449
0 0.733608 0.896294 0.069784 0.142569
0 0.844159 0.906789 0.082651 0.171514
0 0.526822 0.844197 0.079081 0.161486
0 0.733460 0.643678 0.074242 0.176477
1 0.937805 0.049775 0.080109 0.096745
1 0.790477 0.035160 0.094844 0.070319
1 0.635319 0.047438 0.073664 0.094875
