1 0.362516 0.605536 0.108852 0.138583
0 0.940762 0.373940 0.112852 0.135380
0 0.649113 0.381812 0.101141 0.145062
0 0.429762 0.269997 0.097797 0.125745
0 0.149135 0.441201 0.101496 0.114380
0 0.622436 0.951365 0.108160 0.097271
0 0.626055 0.046945 0.102828 0.092474
0 0.213080 0.022711 0.105809 0.045422
0 0.330189 0.026435 0.109105 0.052714
0 0.014313 0.039458 0.028625 0.077000
0 0.013676 0.253125 0.027344 0.112958
0 0.307752 0.987234 0.099777 0.025427
0 0.966891 0.985690 0.066219 0.028620
0 0.007223 0.683424 0.014445 0.130401
0 0.546957 0.782247 0.100961 0.123964
0 0.829939 0.659849 0.090066 0.119740
0 0.727488 0.586034 0.109758 0.142422
0 0.234713 0.488656 0.112496 0.146802
0 0.503467 0.186406 0.094098 0.130260
0 0.766766 0.737799 0.093531 0.132714
0 0.134705 0.827654 0.092871 0.121974
0 0.219873 0.798979 0.094832 0.123083
0 0.666307 0.174841 0.100020 0.128516
0 0.035385 0.376523 0.070770 0.133005
0 0.566201 0.106695 0.092129 0.127984
0 0.703049 0.411549 0.103480 0.123839
0 0.930055 0.067599 0.105648 0.132927
0 0.115445 0.707547 0.103672 0.134458
0 0.345494 0.926018 0.103965 0.137932
0 0.187068 0.094305 0.104457 0.121161
0 0.386850 0.382841 0.111363 0.140026
0 0.062502 0.265479 0.090160 0.141531
0 0.774387 0.326919 0.098773 0.137964
0 0.333135 0.788914 0.105504 0.131682
0 0.831418 0.942526 0.105133 0.114948
0 0.695676 0.855914 0.102680 0.145839
0 0.934592 0.802156 0.105410 0.127885
0 0.244756 0.190867 0.104223 0.133245
0 0.387742 0.157846 0.110852 0.137026
0 0.946816 0.920677 0.105391 0.124885
0 0.439404 0.892602 0.111660 0.153193
0 0.142309 0.308391 0.103023 0.132656
0 0.604965 0.591740 0.103914 0.143979
0 0.910988 0.684440 0.101859 0.128661
0 0.803846 0.184776 0.110082 0.137750
0 0.136574 0.547831 0.107539 0.135901
0 0.578213 0.278336 0.104699 0.144432
0 0.822629 0.503305 0.105789 0.121870
0 0.940521 0.507693 0.109074 0.142375
0 0.464217 0.709430 0.094363 0.121255
0 0.056967 0.093904 0.095863 0.123339
0 0.679236 0.708922 0.105832 0.138458
0 0.201641 0.665997 0.106992 0.135068
0 0.035469 0.820125 0.070625 0.125094
0 0.092883 0.943958 0.098125 0.111990
0 0.190289 0.938331 0.105016 0.122776
0 0.507441 0.560549 0.105648 0.132932
