0 0.577305 0.040507 0.084161 0.080551
0 0.243086 0.784394 0.082339 0.142259
0 0.736259 0.935741 0.077805 0.128519
0 0.163624 0.884132 0.079810 0.136329
0 0.092094 0.594819 0.074807 0.138389
0 0.113930 0.948403 0.073927 0.102389
0 0.035641 0.542079 0.071281 0.130870
0 0.191634 0.464903 0.076789 0.141593
0 0.167063 0.768694 0.083719 0.126250
0 0.641079 0.196225 0.089799 0.143514
0 0.956089 0.651183 0.087474 0.138884
0 0.083262 0.835822 0.081102 0.153699
0 0.236042 0.639194 0.089354 0.170139
0 0.265267 0.436630 0.082893 0.143519
0 0.875536 0.800877 0.080573 0.160819
0 0.829082 0.678623 0.095393 0.157181
0 0.956685 0.898053 0.086630 0.140255
0 0.768478 0.564917 0.090883 0.139963
0 0.169914 0.333083 0.084484 0.142898
0 0.466832 0.261389 0.094508 0.145778
0 0.469440 0.399664 0.088911 0.150375
0 0.690079 0.087009 0.090367 0.169491
0 0.552665 0.541340 0.089727 0.156894
0 0.394888 0.352627 0.084323 0.151301
0 0.872518 0.481197 0.083646 0.153412
0 0.766207 0.440079 0.088904 0.160676
0 0.911094 0.376097 0.082089 0.152574
0 0.556966 0.312030 0.080583 0.157190
0 0.837924 0.925421 0.086792 0.142935
0 0.452551 0.709280 0.096195 0.171949
1 0.671979 0.540539 0.085568 0.142690
0 0.609079 0.831403 0.090992 0.170454
0 0.479772 0.131449 0.100596 0.156898
0 0.646557 0.712007 0.082281 0.147005
0 0.046380 0.414870 0.084000 0.158907
0 0.448660 0.871081 0.098070 0.165319
0 0.344743 0.257160 0.081560 0.154051
0 0.833664 0.183280 0.091047 0.178625
0 0.967350 0.428000 0.065299 0.156806
0 0.264538 0.254972 0.081518 0.154917
0 0.741145 0.768116 0.088258 0.160685
0 0.764772 0.117104 0.081539 0.169644
0 0.521819 0.805560 0.087534 0.156009
0 0.235971 0.920979 0.091828 0.141069
0 0.887654 0.087000 0.090833 0.135806
0 0.319743 0.630808 0.087305 0.150690
0 0.149852 0.659062 0.094615 0.146218
0 0.909345 0.218949 0.096003 0.162148
0 0.682564 0.843141 0.076305 0.168366
0 0.954337 0.539356 0.091326 0.148889
0 0.642746 0.414519 0.100253 0.150083
0 0.423880 0.501287 0.094177 0.162139
0 0.516147 0.937160 0.092367 0.124051
0 0.100415 0.097287 0.097982 0.139111
0 0.119521 0.455569 0.081484 0.190157
0 0.951750 0.774273 0.096500 0.156583
0 0.346625 0.482215 0.074635 0.166736
0 0.032740 0.267361 0.065292 0.153852
0 0.979168 0.237208 0.041664 0.166630
0 0.667578 0.314215 0.101609 0.134875
0 0.556534 0.684991 0.101255 0.148713
0 0.265952 0.099493 0.061190 0.148782
0 0.006362 0.437255 0.012724 0.152259
0 0.697922 0.634785 0.107656 0.150810
0 0.993639 0.728271 0.012529 0.149106
