0 0.833592 0.019391 0.073348 0.038781
1 0.754215 0.318945 0.073867 0.091495
1 0.584988 0.248227 0.074320 0.110630
1 0.181568 0.314896 0.078840 0.110875
1 0.149283 0.065760 0.076379 0.098031
1 0.514248 0.920604 0.071512 0.099135
1 0.744379 0.737958 0.079195 0.100083
1 0.193809 0.126063 0.077078 0.101896
0 0.960174 0.575154 0.072434 0.088714
0 0.547354 0.421708 0.074473 0.080844
0 0.437156 0.493036 0.073039 0.100677
0 0.861307 0.868081 0.079723 0.104672
0 0.970410 0.226250 0.057164 0.091479
0 0.932293 0.957182 0.068602 0.085385
0 0.386365 0.793406 0.068684 0.091792
0 0.593201 0.044081 0.083855 0.088057
0 0.694074 0.296120 0.066086 0.096875
0 0.741770 0.410060 0.076883 0.104911
0 0.724275 0.912284 0.076746 0.097786
0 0.032277 0.334164 0.064469 0.089255
0 0.894146 0.558612 0.070379 0.096932
0 0.566609 0.850802 0.072805 0.102313
0 0.634277 0.094190 0.067359 0.086526
0 0.628891 0.757737 0.070117 0.088922
0 0.501955 0.763508 0.079910 0.111536
0 0.472703 0.422909 0.062898 0.087432
0 0.907975 0.430089 0.064473 0.093750
0 0.489883 0.278232 0.071727 0.097849
0 0.409254 0.689854 0.071828 0.098656
0 0.807621 0.646857 0.072242 0.095974
0 0.371270 0.263719 0.075820 0.107625
0 0.113750 0.339328 0.081156 0.086260
0 0.087803 0.266380 0.072254 0.113552
0 0.963029 0.832240 0.071199 0.095906
0 0.403883 0.413336 0.072586 0.098411
0 0.285871 0.749281 0.081906 0.099927
0 0.285307 0.089076 0.074668 0.101370
0 0.340387 0.690758 0.074734 0.104224
0 0.029369 0.255208 0.058168 0.090948
0 0.498617 0.555677 0.066297 0.091958
0 0.685852 0.446490 0.070562 0.096917
0 0.804941 0.070518 0.073133 0.095130
0 0.128861 0.520516 0.093848 0.111990
0 0.277410 0.356599 0.079180 0.097396
0 0.198246 0.420497 0.074344 0.100786
0 0.047510 0.450190 0.071559 0.096328
0 0.529854 0.226341 0.063762 0.091359
0 0.650053 0.915990 0.080941 0.098125
0 0.477596 0.659461 0.083152 0.117432
0 0.199934 0.811518 0.073891 0.090182
0 0.736096 0.032089 0.069262 0.061031
0 0.138158 0.224503 0.085332 0.108568
0 0.258170 0.462682 0.073129 0.097812
0 0.665205 0.669232 0.074309 0.105964
0 0.589465 0.158547 0.075703 0.103104
0 0.338816 0.972872 0.073852 0.053672
0 0.405980 0.877945 0.072352 0.095443
0 0.752129 0.104714 0.071711 0.101500
0 0.833098 0.959555 0.072227 0.080891
0 0.226480 0.626445 0.074789 0.102078
0 0.161746 0.743344 0.078484 0.092740
0 0.064684 0.850323 0.071898 0.097010
0 0.886896 0.646026 0.069973 0.099906
0 0.439137 0.215971 0.087359 0.105016
0 0.977176 0.664794 0.044883 0.086036
0 0.265176 0.931273 0.093367 0.107953
0 0.840803 0.595479 0.059496 0.082490
0 0.651895 0.537935 0.069391 0.096130
0 0.192551 0.891654 0.088313 0.109276
0 0.034277 0.176229 0.068531 0.090583
0 0.139201 0.954242 0.081277 0.090078
0 0.304207 0.256281 0.082062 0.124917
0 0.669193 0.978805 0.082473 0.042391
0 0.329512 0.805867 0.064617 0.111193
0 0.977510 0.492872 0.044980 0.101932
0 0.278592 0.664461 0.064973 0.100276
0 0.491453 0.065833 0.062922 0.090063
0 0.125961 0.815734 0.085695 0.096760
0 0.787398 0.541081 0.080195 0.117432
0 0.617508 0.420047 0.084297 0.116583
0 0.034502 0.925438 0.069004 0.101479
0 0.650822 0.225872 0.081152 0.107651
0 0.339344 0.911422 0.076703 0.093313
1 0.405428 0.957714 0.084191 0.084573
0 0.459090 0.981534 0.080250 0.036932
0 0.924104 0.667229 0.069395 0.085302
0 0.049383 0.077641 0.083492 0.105708
0 0.014059 0.515180 0.028117 0.129495
0 0.983203 0.974792 0.033594 0.050417
0 0.018355 0.850359 0.036711 0.101917
0 0.945596 0.313521 0.081543 0.114885
0 0.595631 0.981583 0.074848 0.036417
0 0.803248 0.169630 0.073949 0.096156
1 0.273975 0.546083 0.082832 0.094219
1 0.022691 0.639156 0.045383 0.099625
0 0.272031 0.028073 0.087289 0.053917
1 0.333293 0.506385 0.074008 0.095479
0 0.018412 0.763557 0.036824 0.095260
1 0.523449 0.981503 0.076609 0.036995
0 0.375594 0.170409 0.071016 0.095693
0 0.512252 0.361706 0.064730 0.090422
0 0.862805 0.145518 0.073023 0.129984
0 0.823289 0.739810 0.080953 0.115922
1 0.388934 0.087094 0.075242 0.100385
0 0.389447 0.602568 0.071629 0.097260
0 0.983814 0.048076 0.032371 0.094818
0 0.282865 0.988930 0.065895 0.021151
0 0.551242 0.935161 0.060289 0.085958
1 0.090484 0.729768 0.085008 0.116797
0 0.990490 0.358310 0.017457 0.081547
0 0.329941 0.878297 0.070117 0.089083
0 0.770219 0.992234 0.073789 0.015531
1 0.564879 0.715161 0.085383 0.093437
0 0.808008 0.206583 0.078523 0.114635
1 0.979203 0.747029 0.041594 0.097276
1 0.966490 0.415672 0.066371 0.092948
0 0.007613 0.144367 0.015227 0.097901
0 0.027494 0.010513 0.054988 0.018661
1 0.924969 0.073099 0.089633 0.109865
0 0.666420 0.189638 0.069418 0.088557
0 0.008846 0.409422 0.017691 0.099052
1 0.568494 0.548104 0.088363 0.141708
0 0.702529 0.069339 0.051199 0.054146
0 0.062910 0.108122 0.075117 0.107880
0 0.680525 0.087190 0.048262 0.062255
0 0.588494 0.291404 0.074074 0.087203
0 0.714029 0.429995 0.122965 0.105094
0 0.452834 0.900375 0.067191 0.084531
0 0.753359 0.831172 0.093836 0.107698
0 0.044090 0.979245 0.073891 0.039260
0 0.824428 0.364977 0.075824 0.103880
0 0.212412 0.102891 0.067738 0.086417
0 0.230102 0.227940 0.082891 0.114849
0 0.896453 0.744214 0.075750 0.098948
0 0.436918 0.043484 0.085898 0.086479
1 0.123277 0.419901 0.086117 0.113271
0 0.736551 0.635375 0.082648 0.114125
0 0.869047 0.959180 0.064383 0.080464
0 0.116418 0.037883 0.062164 0.074818
0 0.905750 0.790242 0.073672 0.098453
0 0.988273 0.890271 0.023453 0.100896
1 0.714484 0.537615 0.072586 0.105938
0 0.753686 0.244971 0.071887 0.083932
1 0.332480 0.414143 0.080812 0.111630
0 0.447418 0.804260 0.078398 0.112823
1 0.555693 0.628169 0.074145 0.096453
0 0.821912 0.302685 0.071434 0.101516
0 0.162639 0.662065 0.084660 0.099047
0 0.359252 0.606690 0.073777 0.090432
0 0.540244 0.336268 0.069652 0.100026
0 0.526535 0.031919 0.064570 0.063286
0 0.549172 0.140505 0.068867 0.099510
0 0.164436 0.596117 0.074199 0.089172
1 0.740363 0.194677 0.074555 0.097167
0 0.337557 0.042008 0.076598 0.084016
0 0.883389 0.327367 0.074980 0.121964
1 0.671812 0.837341 0.069328 0.094359
0 0.207180 0.978943 0.078344 0.042115
0 0.343340 0.143680 0.073250 0.115766
