0 0.904517 0.237431 0.078326 0.148694
0 0.341421 0.332523 0.085393 0.175222
0 0.603331 0.353539 0.092141 0.139727
0 0.388991 0.417588 0.095727 0.172454
0 0.411109 0.153039 0.078380 0.146023
0 0.884682 0.852113 0.084453 0.178764
0 0.754128 0.617352 0.099422 0.194898
0 0.230190 0.056405 0.087229 0.112810
0 0.947285 0.377525 0.080763 0.172819
0 0.182574 0.174086 0.081966 0.172097
0 0.039346 0.648861 0.077432 0.140731
0 0.083951 0.737146 0.088693 0.145366
0 0.232780 0.652157 0.097154 0.169491
0 0.849397 0.659942 0.098122 0.156662
0 0.279275 0.407183 0.080091 0.162236
0 0.872171 0.370762 0.088711 0.154412
0 0.144509 0.784410 0.090258 0.136227
0 0.724609 0.227944 0.085313 0.143213
0 0.423241 0.292280 0.097367 0.157449
0 0.952427 0.798653 0.093042 0.169083
0 0.494883 0.363623 0.080563 0.163792
0 0.213672 0.356132 0.081068 0.168060
0 0.527007 0.710303 0.102904 0.161218
0 0.828771 0.227037 0.088693 0.159833
0 0.651066 0.510197 0.083971 0.177606
0 0.494490 0.860975 0.092625 0.166375
0 0.721728 0.505225 0.080982 0.165264
0 0.211171 0.534102 0.085737 0.156750
0 0.766932 0.864111 0.084734 0.159111
0 0.823003 0.774014 0.090448 0.149843
0 0.331297 0.196079 0.085547 0.155648
0 0.250479 0.245451 0.091042 0.169542
0 0.027988 0.136875 0.054216 0.122046
0 0.073823 0.925169 0.088604 0.146847
0 0.402349 0.951426 0.089938 0.097148
0 0.852016 0.956780 0.090464 0.086440
0 0.904966 0.493757 0.088839 0.145264
0 0.513099 0.595044 0.099396 0.140792
0 0.565768 0.076780 0.086396 0.153560
0 0.884852 0.059928 0.081146 0.114569
0 0.566448 0.291507 0.086344 0.141440
0 0.725102 0.880912 0.162807 0.155028
0 0.921652 0.012269 0.068836 0.024537
0 0.110449 0.552539 0.118409 0.168958
0 0.919896 0.826093 0.149750 0.177333
0 0.037396 0.974852 0.074792 0.045593
1 0.612098 0.196162 0.082956 0.144509
0 0.007948 0.485560 0.015896 0.155370
0 0.980504 0.196037 0.038674 0.178065
0 0.981770 0.942604 0.034945 0.107366
0 0.103305 0.288095 0.092755 0.152181
0 0.978759 0.655704 0.042482 0.180519
0 0.147029 0.908127 0.086151 0.155829
0 0.035839 0.280315 0.071193 0.190519
0 0.041184 0.045058 0.081310 0.090116
0 0.274801 0.858296 0.079518 0.174620
0 0.661577 0.126433 0.077430 0.155644
0 0.308594 0.037301 0.079323 0.074602
0 0.100449 0.183956 0.100289 0.162866
0 0.039026 0.808815 0.078052 0.153046
0 0.434637 0.072641 0.085919 0.145282
0 0.084561 0.586174 0.080737 0.162884
0 0.499398 0.086778 0.071318 0.173556
0 0.431874 0.605801 0.080919 0.202435
0 0.318320 0.925792 0.080766 0.148417
0 0.213237 0.832549 0.082953 0.202838
0 0.728499 0.089005 0.096763 0.178009
0 0.580324 0.529574 0.076711 0.176926
0 0.137434 0.523604 0.081227 0.163116
0 0.394883 0.848368 0.090036 0.153588
0 0.134473 0.367743 0.090544 0.167431
0 0.347711 0.800039 0.087656 0.149792
0 0.920105 0.599775 0.080404 0.147208
0 0.682794 0.904595 0.083828 0.148810
0 0.384835 0.694141 0.088570 0.165486
0 0.966577 0.523380 0.066268 0.163556
0 0.844859 0.483644 0.052573 0.142519
0 0.680902 0.041588 0.086711 0.083176
0 0.012842 0.336713 0.024799 0.165519
0 0.988148 0.373421 0.022615 0.149296
0 0.230581 0.963729 0.086818 0.068514
0 0.614766 0.036440 0.070750 0.071907
0 0.800711 0.062377 0.091229 0.123199
0 0.626551 0.970759 0.082263 0.056167
