0 0.712014 0.032216 0.061879 0.064276
0 0.323006 0.052693 0.062965 0.101260
0 0.025465 0.424760 0.050930 0.085823
0 0.480865 0.465224 0.086473 0.103573
0 0.357236 0.172656 0.064824 0.090719
0 0.434486 0.085169 0.079629 0.121505
0 0.377232 0.299141 0.070629 0.098260
0 0.301467 0.198062 0.080473 0.085333
0 0.496377 0.040602 0.077996 0.081203
0 0.248990 0.128609 0.081496 0.089896
0 0.350070 0.904323 0.069516 0.107594
0 0.191709 0.076094 0.067832 0.093375
0 0.640072 0.863708 0.074129 0.086354
0 0.137928 0.502552 0.072316 0.093500
0 0.394957 0.398711 0.070367 0.099786
0 0.156092 0.980068 0.082230 0.039125
0 0.255066 0.464635 0.071695 0.091896
0 0.708459 0.978745 0.064488 0.041250
0 0.984355 0.942250 0.030656 0.091208
0 0.457129 0.369672 0.073211 0.085479
0 0.578754 0.254747 0.083383 0.095661
0 0.343295 0.747919 0.079738 0.080807
0 0.736207 0.942099 0.085805 0.106021
0 0.808115 0.173227 0.064418 0.086766
0 0.878045 0.044414 0.066191 0.076724
0 0.842443 0.177219 0.068441 0.102375
0 0.423803 0.723773 0.088699 0.101234
0 0.591217 0.581607 0.068402 0.088766
0 0.091346 0.751857 0.090934 0.105109
0 0.908566 0.049268 0.067016 0.089203
0 0.352094 0.789549 0.066437 0.080276
0 0.030740 0.033177 0.059277 0.066354
0 0.037324 0.288156 0.072328 0.100052
0 0.635135 0.987438 0.065449 0.022438
0 0.990473 0.087414 0.019055 0.083245
0 0.990523 0.421102 0.018953 0.095682
0 0.842109 0.016997 0.081750 0.033995
0 0.981945 0.733065 0.036109 0.110568
0 0.570857 0.015201 0.065223 0.030401
0 0.589824 0.630555 0.066422 0.087109
0 0.494035 0.781487 0.075508 0.080318
0 0.789178 0.517466 0.069160 0.088589
0 0.779363 0.575193 0.074047 0.094573
0 0.402000 0.008313 0.073805 0.016625
0 0.728195 0.422846 0.065844 0.078880
0 0.194555 0.491607 0.073773 0.094068
0 0.079350 0.211714 0.048395 0.063260
0 0.007594 0.721107 0.015086 0.069276
0 0.246588 0.026732 0.082309 0.052130
0 0.173664 0.009161 0.071961 0.018323
0 0.296648 0.029320 0.070875 0.056109
0 0.071227 0.289409 0.062023 0.097526
0 0.040840 0.780779 0.079156 0.116932
0 0.008965 0.101667 0.017930 0.073417
0 0.985506 0.984385 0.026051 0.031229
0 0.043557 0.987635 0.073879 0.024729
0 0.930414 0.009143 0.070867 0.018286
0 0.526574 0.117359 0.046656 0.061802
0 0.009857 0.055870 0.017973 0.087833
0 0.240047 0.886977 0.066773 0.086766
0 0.219434 0.401784 0.072633 0.099016
0 0.771967 0.040326 0.072434 0.080651
0 0.612936 0.950604 0.068441 0.084562
0 0.222090 0.678273 0.071383 0.095599
0 0.422537 0.522089 0.070480 0.085260
0 0.121348 0.894839 0.075594 0.100615
0 0.118066 0.340161 0.070258 0.105802
0 0.183061 0.276216 0.069832 0.091182
0 0.789320 0.952359 0.069867 0.089896
0 0.518277 0.704602 0.072805 0.094724
0 0.172107 0.838784 0.068871 0.090151
0 0.084143 0.549685 0.071777 0.092036
0 0.212912 0.762359 0.069887 0.091115
0 0.891209 0.225417 0.068301 0.091188
0 0.279572 0.341148 0.072504 0.095599
0 0.272576 0.754570 0.060816 0.083214
0 0.628437 0.055570 0.077320 0.089974
0 0.594771 0.404630 0.072160 0.090917
0 0.917320 0.673987 0.069234 0.090484
0 0.964471 0.616687 0.070801 0.088615
0 0.343043 0.245471 0.068812 0.083495
0 0.978537 0.518094 0.042160 0.089000
0 0.610443 0.312281 0.077652 0.105469
0 0.720018 0.741602 0.073941 0.108891
0 0.028029 0.489336 0.056059 0.088193
0 0.691445 0.167016 0.077578 0.120781
0 0.711412 0.269977 0.073160 0.097547
0 0.653863 0.725604 0.071789 0.088865
0 0.924242 0.806565 0.074828 0.126516
0 0.294551 0.858893 0.065453 0.082016
0 0.837764 0.604521 0.062926 0.085927
0 0.380158 0.546401 0.069059 0.087906
0 0.693793 0.816854 0.068164 0.078438
0 0.020549 0.636935 0.039824 0.096505
0 0.981457 0.199453 0.037086 0.087688
0 0.506594 0.334263 0.057086 0.082151
0 0.790836 0.315573 0.068922 0.093250
0 0.438746 0.962755 0.077594 0.074490
0 0.155330 0.743161 0.067020 0.104479
0 0.265789 0.639505 0.062930 0.085104
0 0.946480 0.115010 0.067070 0.088510
0 0.876191 0.955195 0.074602 0.084161
0 0.221146 0.200427 0.081762 0.094292
0 0.501662 0.622771 0.068488 0.092313
0 0.408312 0.841117 0.072445 0.099880
0 0.054049 0.149659 0.080637 0.079328
0 0.726289 0.342711 0.070141 0.093224
0 0.691023 0.891859 0.069266 0.088917
0 0.306967 0.557531 0.084512 0.108510
0 0.969662 0.340732 0.060676 0.100568
0 0.816424 0.361906 0.070613 0.094854
0 0.092137 0.960615 0.065664 0.078271
0 0.861537 0.870721 0.081863 0.089005
0 0.480760 0.120583 0.065020 0.084396
0 0.791797 0.715307 0.062906 0.083885
