0 0.071975 0.616875 0.087846 0.144009
1 0.309798 0.277389 0.084628 0.145796
0 0.530061 0.018139 0.104367 0.036278
0 0.011296 0.250632 0.021784 0.139644
0 0.006521 0.359549 0.013042 0.133921
0 0.993010 0.889657 0.013979 0.143824
0 0.591155 0.986711 0.073966 0.023829
0 0.007973 0.680563 0.015945 0.151051
0 0.364551 0.261528 0.079836 0.133009
0 0.861964 0.970525 0.089083 0.058153
0 0.990042 0.252715 0.019240 0.148199
0 0.314307 0.966183 0.089568 0.067634
0 0.726448 0.039116 0.087234 0.076648
0 0.969594 0.968762 0.060458 0.062032
0 0.985292 0.685898 0.029417 0.148769
0 0.974230 0.492882 0.051539 0.129866
0 0.284973 0.066308 0.077628 0.132616
0 0.461997 0.052021 0.082469 0.100218
0 0.388159 0.375016 0.081083 0.147940
0 0.899684 0.059069 0.086576 0.116648
0 0.050703 0.196213 0.098073 0.145315
0 0.487608 0.297921 0.070612 0.119463
0 0.782637 0.221046 0.079898 0.145491
0 0.448108 0.860417 0.078826 0.127787
0 0.232064 0.156887 0.077445 0.151301
0 0.363336 0.944097 0.078151 0.110028
0 0.509132 0.654472 0.075831 0.134019
0 0.325355 0.679176 0.079122 0.144898
0 0.066280 0.831076 0.075716 0.133014
0 0.372905 0.813576 0.074289 0.143884
0 0.971313 0.063565 0.057354 0.127056
0 0.862510 0.896227 0.080953 0.109898
0 0.727721 0.613338 0.077073 0.134981
0 0.115398 0.733683 0.076542 0.121218
0 0.738326 0.929491 0.069870 0.141019
0 0.940586 0.539241 0.082870 0.154500
0 0.040948 0.062426 0.081594 0.124852
0 0.946973 0.270507 0.078966 0.119958
0 0.440310 0.948722 0.075911 0.102556
0 0.227182 0.495507 0.083750 0.147745
0 0.668940 0.932255 0.077943 0.135269
0 0.166122 0.378000 0.083380 0.140296
0 0.717095 0.294444 0.080836 0.144602
0 0.832141 0.267775 0.092964 0.155866
0 0.217316 0.933025 0.080784 0.133949
0 0.247143 0.651345 0.082500 0.137079
0 0.628488 0.491648 0.078336 0.145815
0 0.447099 0.194301 0.080047 0.137704
0 0.676736 0.695292 0.072091 0.133694
0 0.829292 0.579449 0.085047 0.149315
0 0.388328 0.060810 0.079365 0.121398
0 0.360891 0.522549 0.091661 0.145032
0 0.578204 0.904514 0.090008 0.131963
0 0.747236 0.794870 0.080164 0.150046
0 0.257708 0.371079 0.073500 0.127074
0 0.697437 0.439530 0.078667 0.147023
0 0.481513 0.728225 0.083141 0.139782
0 0.271260 0.830986 0.081214 0.144944
0 0.773887 0.515079 0.093221 0.149472
0 0.083411 0.429287 0.085177 0.151648
0 0.405507 0.662787 0.078784 0.132917
0 0.491441 0.502778 0.095935 0.163250
0 0.598202 0.665889 0.083674 0.160231
