0 0.098333 0.136361 0.073104 0.121046
0 0.877344 0.586063 0.092594 0.134477
0 0.538221 0.468984 0.077687 0.137014
0 0.682320 0.383435 0.069729 0.138972
0 0.309439 0.533130 0.095169 0.143481
0 0.706262 0.155618 0.081898 0.129282
0 0.142954 0.949551 0.079169 0.099824
0 0.901634 0.889690 0.079815 0.137167
0 0.622335 0.415539 0.070258 0.134051
0 0.279003 0.897442 0.086495 0.172190
0 0.471547 0.250632 0.085943 0.161356
0 0.414892 0.202338 0.073461 0.142102
0 0.703466 0.940308 0.073573 0.118699
0 0.356816 0.810134 0.086721 0.137917
0 0.814318 0.639389 0.085042 0.141343
0 0.142443 0.574917 0.083115 0.154444
0 0.768897 0.746324 0.086221 0.132565
0 0.573440 0.770109 0.079214 0.135801
0 0.355151 0.125324 0.087302 0.149148
0 0.706613 0.268889 0.079872 0.110120
0 0.935736 0.055688 0.080992 0.111097
0 0.573353 0.322637 0.084424 0.164282
0 0.412359 0.503292 0.088505 0.135056
0 0.589557 0.526433 0.071005 0.113810
0 0.209135 0.166838 0.081521 0.152269
0 0.500155 0.960350 0.078409 0.077949
0 0.978424 0.668493 0.043099 0.131792
0 0.213812 0.045458 0.082979 0.089954
0 0.150928 0.249701 0.078185 0.118486
0 0.500816 0.042472 0.071831 0.083981
0 0.933559 0.767759 0.072430 0.135130
0 0.594009 0.141384 0.075398 0.133167
0 0.536665 0.883037 0.087159 0.120083
0 0.337763 0.965428 0.081698 0.069144
0 0.132611 0.025285 0.084763 0.049801
0 0.552163 0.029407 0.084867 0.058148
0 0.045225 0.415368 0.081466 0.168319
0 0.260066 0.675602 0.074628 0.145593
0 0.033469 0.234706 0.065422 0.121190
0 0.468548 0.611701 0.085320 0.147782
0 0.691141 0.806153 0.085932 0.160389
0 0.040279 0.063208 0.080557 0.126417
0 0.168887 0.432169 0.090956 0.137310
0 0.251449 0.369417 0.091513 0.147259
0 0.506730 0.363016 0.064492 0.111634
0 0.910469 0.276551 0.083370 0.138574
0 0.864267 0.127021 0.087987 0.141069
0 0.551167 0.128829 0.072068 0.131648
0 0.469113 0.752986 0.077716 0.135843
0 0.615471 0.653593 0.089328 0.163991
0 0.403318 0.363312 0.084990 0.138310
0 0.995544 0.114810 0.008911 0.138639
0 0.004350 0.862782 0.008544 0.149963
0 0.089754 0.980935 0.081122 0.035204
0 0.944634 0.981340 0.082852 0.035745
0 0.595497 0.984519 0.079495 0.028648
0 0.007104 0.333903 0.014208 0.135926
0 0.983871 0.538380 0.032081 0.138509
0 0.310880 0.013079 0.104219 0.025778
0 0.011014 0.975796 0.022029 0.047296
0 0.809820 0.034428 0.097432 0.068662
