0 0.853555 0.646574 0.079979 0.136343
0 0.276220 0.657632 0.074039 0.146440
0 0.069203 0.592183 0.087953 0.136116
0 0.693129 0.634081 0.081789 0.133931
0 0.385391 0.826109 0.079911 0.168338
0 0.053085 0.693815 0.084914 0.133056
0 0.319857 0.926308 0.083156 0.140347
0 0.448078 0.909984 0.082656 0.127569
0 0.345148 0.645961 0.074016 0.135866
0 0.193493 0.519912 0.088076 0.149269
0 0.255764 0.802882 0.069513 0.135356
0 0.324408 0.512542 0.073997 0.137630
0 0.454191 0.060743 0.080305 0.121042
0 0.400652 0.165574 0.076477 0.149639
0 0.425799 0.304560 0.077839 0.142093
0 0.421688 0.679903 0.075578 0.134713
0 0.708445 0.440854 0.075552 0.135171
0 0.204831 0.665433 0.084484 0.165171
0 0.385048 0.952176 0.087253 0.095648
0 0.198714 0.377780 0.073453 0.134995
0 0.645178 0.561394 0.089310 0.156398
0 0.435271 0.451303 0.074786 0.135940
0 0.966807 0.495035 0.066385 0.135468
0 0.660701 0.519447 0.090005 0.137727
0 0.780523 0.449058 0.083224 0.149579
0 0.577452 0.483940 0.081664 0.144148
0 0.372897 0.408438 0.074607 0.135884
0 0.908464 0.540019 0.091646 0.152176
0 0.922484 0.658206 0.077375 0.131644
0 0.455353 0.984306 0.085471 0.028509
0 0.481505 0.215431 0.077323 0.145796
0 0.140293 0.616537 0.074753 0.135972
0 0.623496 0.598979 0.071383 0.143440
0 0.859108 0.461896 0.080534 0.128745
0 0.637514 0.405778 0.086831 0.137657
0 0.560832 0.606046 0.074352 0.144019
0 0.529048 0.297046 0.070133 0.139593
0 0.468556 0.786387 0.091081 0.138597
0 0.016868 0.754986 0.033414 0.144731
0 0.128504 0.487569 0.088477 0.155454
0 0.261339 0.469426 0.072276 0.153435
0 0.057187 0.473167 0.078531 0.141185
0 0.016543 0.527572 0.031867 0.163949
0 0.316721 0.783407 0.071297 0.147731
0 0.494228 0.540100 0.077633 0.147755
0 0.491132 0.381664 0.085497 0.167162
0 0.595263 0.309407 0.080760 0.165019
0 0.528329 0.690611 0.071633 0.145481
0 0.023230 0.884683 0.046461 0.119486
0 0.971855 0.619884 0.056289 0.146583
0 0.536818 0.068806 0.084469 0.137611
0 0.127516 0.347134 0.081651 0.140694
0 0.819023 0.553155 0.086375 0.143079
1 0.394199 0.555887 0.084992 0.150995
1 0.740367 0.569600 0.083073 0.164468
