0 0.604932 0.472940 0.058932 0.175324
2 0.550717 0.580313 0.098247 0.157319
0 0.043431 0.976875 0.086862 0.042972
0 0.987176 0.665713 0.025341 0.132944
0 0.543329 0.444771 0.081904 0.155819
0 0.989962 0.795162 0.020076 0.130676
0 0.630542 0.014042 0.082745 0.027852
0 0.136939 0.979685 0.090935 0.040019
0 0.985759 0.549991 0.028482 0.167083
0 0.045738 0.029838 0.091477 0.058759
0 0.549979 0.974609 0.082656 0.049403
0 0.029062 0.910981 0.057990 0.130148
0 0.391514 0.970456 0.078471 0.056532
0 0.468523 0.965530 0.075547 0.068042
0 0.984816 0.245882 0.030201 0.153218
0 0.826693 0.059403 0.070109 0.117454
0 0.962845 0.037125 0.074310 0.074250
0 0.788044 0.960338 0.090922 0.078352
0 0.627703 0.228012 0.088833 0.172301
0 0.967053 0.694088 0.065799 0.113546
0 0.362483 0.256977 0.092841 0.173898
0 0.759945 0.053498 0.072490 0.106069
0 0.209732 0.063375 0.077156 0.126750
0 0.192820 0.457819 0.084635 0.134315
0 0.284931 0.063322 0.080622 0.126644
0 0.052824 0.114537 0.081414 0.126361
0 0.797928 0.839354 0.075352 0.162634
0 0.669732 0.469551 0.073875 0.152935
0 0.931439 0.375995 0.079148 0.161824
0 0.527660 0.744727 0.080695 0.168250
0 0.481753 0.407005 0.078766 0.152824
0 0.893048 0.661056 0.086206 0.160769
0 0.323320 0.317963 0.077464 0.135185
0 0.029298 0.756931 0.058596 0.142343
0 0.719016 0.172968 0.091828 0.149833
0 0.734145 0.873063 0.066805 0.132532
0 0.408871 0.828005 0.087221 0.132954
0 0.966513 0.936396 0.066974 0.125199
0 0.178263 0.895988 0.075870 0.133773
0 0.663514 0.811576 0.085539 0.143023
0 0.252085 0.704937 0.081263 0.161486
0 0.884712 0.889530 0.080242 0.149931
0 0.173784 0.736500 0.076677 0.132389
0 0.357375 0.091785 0.085010 0.153273
0 0.261509 0.390632 0.075466 0.147153
0 0.404215 0.692458 0.087320 0.130898
0 0.131993 0.091632 0.077445 0.145301
0 0.112849 0.815007 0.086089 0.141301
0 0.595180 0.704803 0.066380 0.116829
0 0.937900 0.528181 0.074956 0.137009
0 0.278443 0.550384 0.075875 0.156398
0 0.200586 0.176787 0.088510 0.133898
0 0.660124 0.111780 0.081362 0.144162
0 0.545730 0.077785 0.085169 0.148292
0 0.739750 0.658419 0.078875 0.151588
0 0.209284 0.574924 0.071229 0.118440
0 0.853525 0.398384 0.087898 0.151963
0 0.842306 0.538662 0.082143 0.133454
0 0.922845 0.113199 0.086497 0.141667
0 0.175693 0.329192 0.088688 0.142866
0 0.804246 0.300053 0.085482 0.148255
0 0.833598 0.719072 0.078633 0.139597
0 0.347410 0.602995 0.077169 0.143509
0 0.464066 0.102051 0.081977 0.147843
0 0.701326 0.311345 0.090750 0.149236
