0 0.753400 0.303676 0.078784 0.134389
0 0.353786 0.647440 0.078979 0.139037
0 0.297133 0.749838 0.080740 0.129528
0 0.668057 0.861701 0.080240 0.142449
0 0.734975 0.559002 0.076930 0.137236
0 0.793934 0.859012 0.081690 0.137912
0 0.570784 0.822505 0.078677 0.133843
0 0.724990 0.787382 0.074604 0.133069
0 0.062104 0.082704 0.081380 0.139852
0 0.241931 0.833197 0.081404 0.133384
0 0.954536 0.826086 0.081714 0.147838
0 0.870509 0.828512 0.083284 0.148625
0 0.976117 0.230505 0.047766 0.120111
0 0.009983 0.327382 0.019966 0.121551
0 0.830898 0.971542 0.085432 0.054454
0 0.878811 0.025019 0.088878 0.050037
0 0.110068 0.022829 0.086370 0.045657
0 0.015154 0.866044 0.030307 0.139440
0 0.975288 0.345597 0.049279 0.125722
0 0.034331 0.965924 0.067781 0.068153
0 0.477664 0.033919 0.076552 0.067477
0 0.016664 0.208875 0.033328 0.134287
0 0.589872 0.038782 0.089745 0.075741
0 0.756841 0.960970 0.074615 0.076671
0 0.816422 0.047553 0.073885 0.093699
0 0.187203 0.260685 0.095125 0.126917
0 0.185741 0.962095 0.080398 0.074542
0 0.226115 0.183389 0.113260 0.135796
0 0.539592 0.373671 0.083044 0.137769
0 0.608171 0.203076 0.103190 0.127903
0 0.338195 0.167282 0.092620 0.127556
0 0.765630 0.443486 0.077411 0.150722
0 0.469280 0.406315 0.098221 0.128991
0 0.902672 0.147093 0.067406 0.161306
0 0.189665 0.066752 0.088372 0.123227
0 0.371789 0.082086 0.090505 0.139477
0 0.662500 0.064896 0.077922 0.127986
0 0.832092 0.421056 0.085732 0.124620
0 0.835962 0.135935 0.085378 0.147481
0 0.058259 0.422544 0.096326 0.135616
0 0.962849 0.121715 0.073813 0.134356
0 0.335359 0.279139 0.090609 0.125231
0 0.804729 0.550789 0.085146 0.145523
0 0.616585 0.320600 0.076664 0.125255
0 0.538698 0.247197 0.085484 0.146514
0 0.380315 0.943562 0.081833 0.111912
0 0.574730 0.696667 0.076622 0.131639
0 0.968604 0.947273 0.062750 0.101352
0 0.069315 0.890481 0.082526 0.132398
0 0.920469 0.307681 0.086781 0.151704
0 0.274368 0.077826 0.085617 0.143921
0 0.253949 0.556750 0.090466 0.122028
0 0.469027 0.277051 0.075669 0.146528
0 0.740763 0.068678 0.088417 0.135958
0 0.313671 0.389336 0.085711 0.131088
0 0.431059 0.548588 0.079253 0.124315
0 0.056457 0.761463 0.082211 0.134685
0 0.593740 0.444771 0.079505 0.135708
0 0.661826 0.715799 0.065120 0.115736
0 0.168290 0.370539 0.086336 0.135718
0 0.708000 0.172331 0.076161 0.134560
0 0.782013 0.694456 0.069781 0.149264
0 0.504113 0.671711 0.075081 0.153931
0 0.113105 0.205613 0.074086 0.125921
0 0.266003 0.944509 0.078089 0.110324
0 0.094499 0.575181 0.073732 0.126352
0 0.383271 0.443530 0.077469 0.127366
0 0.531466 0.537951 0.074255 0.148606
0 0.434402 0.806169 0.086826 0.140356
0 0.524845 0.094678 0.075326 0.129301
0 0.879811 0.516815 0.082555 0.136833
0 0.229964 0.674963 0.082823 0.137241
0 0.962622 0.686127 0.074755 0.136227
0 0.161582 0.504718 0.084898 0.137944
0 0.429312 0.671377 0.080474 0.140468
0 0.697210 0.405326 0.074253 0.139560
0 0.363645 0.824597 0.070846 0.137046
1 0.617970 0.607745 0.084221 0.142907
0 0.981906 0.043810 0.036188 0.087620
