0 0.784709 0.672237 0.064527 0.102599
0 0.126170 0.408917 0.080996 0.078458
0 0.798789 0.025333 0.074305 0.050667
0 0.553090 0.520070 0.080102 0.092807
0 0.262740 0.036307 0.079621 0.072615
0 0.151219 0.349479 0.062445 0.085375
0 0.560498 0.216438 0.066965 0.087823
0 0.846635 0.821635 0.069504 0.087458
0 0.334004 0.149232 0.079672 0.089589
0 0.220482 0.880711 0.077965 0.094911
0 0.850027 0.241341 0.073328 0.099807
0 0.626957 0.978063 0.080914 0.043208
0 0.033809 0.568125 0.066078 0.092125
0 0.599254 0.234776 0.071750 0.095875
0 0.677818 0.907214 0.060957 0.096625
0 0.684252 0.312005 0.069863 0.081542
0 0.940342 0.684625 0.071715 0.082542
0 0.275193 0.975591 0.075371 0.048818
0 0.976920 0.180828 0.046160 0.093813
0 0.264994 0.103724 0.075902 0.110552
0 0.754740 0.391492 0.063207 0.101016
0 0.788943 0.098797 0.068699 0.087583
0 0.051871 0.293417 0.064391 0.093510
0 0.099352 0.329492 0.070883 0.115078
0 0.655764 0.607323 0.065660 0.101719
0 0.196574 0.474766 0.065227 0.087677
0 0.850299 0.679893 0.076074 0.099193
0 0.756680 0.467583 0.071914 0.075365
0 0.963572 0.035724 0.071371 0.071448
0 0.883318 0.597464 0.068895 0.079917
0 0.603775 0.640490 0.076996 0.099604
0 0.114912 0.773182 0.073027 0.094250
0 0.950238 0.841073 0.070992 0.080375
0 0.686211 0.133229 0.074508 0.087969
0 0.496545 0.435102 0.068785 0.088349
0 0.697771 0.241427 0.087645 0.089333
0 0.620301 0.409810 0.072922 0.103474
0 0.318687 0.072313 0.063727 0.090333
0 0.586998 0.483727 0.074363 0.085318
0 0.428098 0.056398 0.062969 0.092859
0 0.967461 0.278617 0.065078 0.090422
0 0.615961 0.925349 0.075641 0.075187
0 0.703049 0.567195 0.077145 0.100443
0 0.765348 0.890008 0.072609 0.102109
0 0.423725 0.952799 0.071441 0.080672
0 0.947326 0.615560 0.072379 0.086682
0 0.661693 0.425247 0.073754 0.083380
0 0.659469 0.765253 0.077281 0.103245
0 0.656941 0.067036 0.063148 0.082917
0 0.737781 0.539138 0.068172 0.095724
0 0.194242 0.046469 0.072289 0.092937
0 0.091172 0.844945 0.074703 0.100536
0 0.809131 0.372794 0.066340 0.108630
0 0.742736 0.095435 0.062582 0.106130
0 0.281441 0.307198 0.087359 0.088573
0 0.171258 0.756497 0.068266 0.099401
0 0.372143 0.105081 0.066973 0.094401
0 0.029424 0.656419 0.058848 0.083714
0 0.727490 0.859622 0.064301 0.099255
0 0.729301 0.740815 0.067938 0.094797
0 0.666262 0.187594 0.071375 0.085698
0 0.302467 0.820214 0.073809 0.095146
0 0.242559 0.541047 0.064617 0.102875
0 0.073422 0.586318 0.070484 0.107833
0 0.103414 0.493422 0.064562 0.086458
0 0.126576 0.673549 0.069004 0.098984
0 0.281375 0.906076 0.074125 0.100151
0 0.397814 0.863706 0.069777 0.092776
0 0.146467 0.961169 0.069160 0.077661
0 0.356168 0.612005 0.069594 0.087510
0 0.857740 0.873122 0.081770 0.083964
0 0.704518 0.670229 0.070113 0.088646
0 0.448406 0.730891 0.075039 0.099635
0 0.209012 0.956831 0.070789 0.086339
0 0.028900 0.201453 0.057426 0.086781
0 0.440533 0.287820 0.067762 0.099891
0 0.155961 0.845195 0.061797 0.089786
0 0.417316 0.160859 0.070750 0.091146
0 0.183512 0.646266 0.064039 0.085750
0 0.616479 0.122880 0.067965 0.095125
0 0.914799 0.466294 0.072012 0.102255
0 0.552961 0.106513 0.072422 0.106516
0 0.061820 0.051167 0.066766 0.080802
0 0.345623 0.900664 0.065777 0.105057
0 0.128277 0.053234 0.071195 0.091104
0 0.562379 0.881177 0.072469 0.098646
0 0.058766 0.428443 0.067211 0.082604
0 0.503547 0.377672 0.073664 0.088344
0 0.908732 0.315857 0.073035 0.093151
0 0.410979 0.525047 0.073566 0.098083
0 0.169006 0.127398 0.074324 0.100026
0 0.324127 0.687609 0.060645 0.082792
0 0.525207 0.305461 0.071445 0.073151
0 0.067592 0.712922 0.067691 0.091156
0 0.663807 0.496581 0.082637 0.078682
0 0.033143 0.356234 0.066285 0.104896
0 0.792072 0.568302 0.068543 0.103812
0 0.949955 0.527805 0.076574 0.102870
0 0.799738 0.822773 0.073445 0.104380
0 0.883746 0.942612 0.074789 0.098745
0 0.192098 0.562922 0.067172 0.092969
0 0.930512 0.213219 0.074594 0.102073
0 0.255188 0.373349 0.081414 0.092062
0 0.249869 0.177279 0.070457 0.084026
0 0.477912 0.588271 0.071262 0.090125
0 0.869629 0.385039 0.077867 0.095161
0 0.388164 0.243115 0.076687 0.094094
0 0.918301 0.110206 0.076953 0.110036
0 0.357406 0.377271 0.071734 0.098708
0 0.568070 0.367349 0.076047 0.116250
0 0.430221 0.382141 0.075066 0.089125
0 0.415564 0.648685 0.070824 0.101464
0 0.137973 0.578161 0.070344 0.100458
0 0.236072 0.258240 0.073879 0.095490
0 0.245779 0.627453 0.072465 0.086198
0 0.486578 0.803174 0.073109 0.101453
0 0.147902 0.460263 0.067687 0.088974
0 0.392916 0.772255 0.083082 0.101135
0 0.525863 0.654987 0.074625 0.095411
0 0.028668 0.112440 0.057336 0.097807
0 0.345990 0.507320 0.074676 0.106734
0 0.547736 0.963310 0.062668 0.072682
0 0.317820 0.227557 0.071305 0.090792
0 0.533191 0.750102 0.074437 0.107849
0 0.496727 0.241669 0.078156 0.097391
0 0.852006 0.576224 0.060738 0.105646
0 0.479611 0.521602 0.071691 0.087964
0 0.646516 0.830747 0.079344 0.088922
0 0.845043 0.465628 0.073672 0.082953
0 0.235098 0.829255 0.063437 0.073688
0 0.727857 0.023018 0.072996 0.044870
0 0.562941 0.580747 0.095836 0.090089
0 0.703512 0.340544 0.096008 0.104214
0 0.854252 0.739086 0.066871 0.089286
0 0.792051 0.727487 0.066180 0.091422
0 0.230129 0.714469 0.065961 0.091823
0 0.497273 0.068883 0.073922 0.107578
0 0.944111 0.925490 0.058996 0.091365
2 0.483760 0.163846 0.068520 0.094193
0 0.008670 0.421682 0.017340 0.110969
0 0.903137 0.724458 0.063086 0.101208
0 0.249686 0.446841 0.077145 0.094891
0 0.987412 0.573039 0.024832 0.106245
0 0.537937 0.010177 0.072617 0.019865
0 0.014525 0.263388 0.029051 0.091828
0 0.821607 0.193437 0.078129 0.097312
0 0.022787 0.921555 0.045574 0.098943
0 0.764650 0.984596 0.079488 0.030807
0 0.635436 0.018159 0.076777 0.036318
0 0.926162 0.767531 0.085434 0.088375
0 0.975447 0.096190 0.049105 0.092495
0 0.101391 0.926896 0.082945 0.091219
0 0.302996 0.559612 0.073266 0.092734
0 0.288148 0.497451 0.061891 0.117068
0 0.939396 0.975609 0.071668 0.048781
0 0.978311 0.909367 0.041668 0.097359
0 0.502268 0.895724 0.076066 0.097365
0 0.344344 0.977589 0.072656 0.042146
0 0.588918 0.818661 0.062305 0.083573
0 0.017014 0.735120 0.034027 0.098688
0 0.032215 0.824581 0.062617 0.099286
0 0.979148 0.814107 0.041406 0.101036
0 0.705918 0.940383 0.068367 0.080620
0 0.585621 0.694448 0.072734 0.094958
0 0.423760 0.466232 0.071223 0.088964
0 0.063182 0.953536 0.075738 0.092813
0 0.965863 0.333065 0.065883 0.072182
0 0.104951 0.180943 0.080816 0.096010
0 0.597227 0.767570 0.063687 0.082193
0 0.994195 0.662318 0.010766 0.097802
0 0.253170 0.751240 0.086191 0.090615
0 0.416340 0.990141 0.085047 0.019187
0 0.457682 0.031018 0.069652 0.062036
0 0.111125 0.009299 0.064508 0.016214
0 0.013822 0.849966 0.027637 0.091286
0 0.350504 0.007586 0.069242 0.013818
0 0.006898 0.034557 0.013797 0.064750
