0 0.616151 0.399743 0.080677 0.145106
0 0.966603 0.315287 0.066430 0.117861
0 0.874004 0.947553 0.083154 0.104894
0 0.486530 0.946181 0.081794 0.107639
0 0.656530 0.227252 0.070992 0.120023
0 0.030210 0.811706 0.060419 0.132106
0 0.924788 0.225125 0.075867 0.140954
0 0.065292 0.617488 0.076984 0.144014
0 0.106779 0.705088 0.080188 0.147343
0 0.921466 0.690530 0.071760 0.117384
0 0.368729 0.940296 0.085594 0.119407
0 0.069164 0.117847 0.078297 0.140352
0 0.193497 0.185338 0.077979 0.132185
0 0.227281 0.815069 0.078745 0.136213
0 0.531340 0.064863 0.071383 0.122782
0 0.468790 0.138322 0.072815 0.149523
0 0.296117 0.908535 0.076490 0.141912
0 0.267126 0.157743 0.075221 0.126412
0 0.758279 0.514007 0.078552 0.144718
0 0.911760 0.545338 0.078812 0.138278
0 0.196958 0.613762 0.082859 0.161681
0 0.502539 0.588282 0.068656 0.136315
0 0.782345 0.848356 0.079867 0.122204
0 0.031790 0.456053 0.063268 0.136884
0 0.432382 0.750174 0.076294 0.141477
0 0.318510 0.411363 0.085682 0.138708
0 0.504958 0.280014 0.080880 0.147935
0 0.770339 0.265257 0.082839 0.155208
0 0.500574 0.814354 0.081956 0.158588
0 0.515053 0.452382 0.081560 0.146606
0 0.545776 0.694887 0.079109 0.137931
0 0.274526 0.294229 0.077214 0.146866
0 0.338974 0.127991 0.080167 0.135944
0 0.900270 0.831894 0.082279 0.147870
0 0.915467 0.414391 0.080997 0.128384
0 0.254964 0.499394 0.084411 0.155120
0 0.820984 0.717514 0.083573 0.139315
0 0.829742 0.068611 0.086859 0.137222
0 0.052079 0.252590 0.093820 0.142301
0 0.004323 0.966023 0.008646 0.067954
0 0.990344 0.045097 0.019312 0.088130
0 0.011262 0.333470 0.022523 0.134819
3 0.581178 0.584884 0.077971 0.124574
0 0.980682 0.953884 0.038526 0.090861
0 0.983466 0.831736 0.033068 0.153241
0 0.017333 0.674775 0.034667 0.130736
0 0.794500 0.962613 0.083214 0.074773
0 0.607655 0.479762 0.077122 0.119819
0 0.184911 0.042736 0.079370 0.085472
0 0.031069 0.045428 0.062034 0.090856
0 0.306677 0.042755 0.076141 0.085509
