0 0.402165 0.060657 0.084883 0.119870
0 0.955275 0.308900 0.086711 0.161773
0 0.385741 0.410787 0.089383 0.166565
0 0.495862 0.862558 0.091427 0.150468
0 0.593040 0.849880 0.097169 0.164500
0 0.534828 0.411440 0.090333 0.150556
0 0.244853 0.387322 0.088237 0.150134
0 0.380819 0.817616 0.083997 0.149620
0 0.710382 0.736315 0.099930 0.172222
0 0.039910 0.361271 0.079596 0.148949
0 0.699275 0.881683 0.093617 0.162597
0 0.053630 0.488926 0.082422 0.140880
0 0.409046 0.168104 0.085185 0.142940
0 0.624303 0.375708 0.087305 0.178407
0 0.698689 0.565609 0.090055 0.160708
0 0.933238 0.596755 0.080810 0.166287
0 0.512957 0.154905 0.096919 0.174894
0 0.465168 0.739683 0.097487 0.162755
0 0.446793 0.348074 0.080992 0.176769
0 0.883212 0.272968 0.086977 0.177417
0 0.827359 0.937625 0.088792 0.122509
0 0.182027 0.661780 0.089477 0.147347
0 0.405786 0.589130 0.084474 0.177083
0 0.189523 0.536630 0.092995 0.148370
0 0.066465 0.715810 0.081477 0.149204
0 0.109152 0.566609 0.083924 0.140384
0 0.163909 0.421769 0.091964 0.154898
0 0.122982 0.201935 0.093969 0.163398
0 0.702147 0.396488 0.087992 0.162431
0 0.483039 0.518986 0.086526 0.150472
0 0.835059 0.814884 0.091930 0.158222
0 0.966939 0.448562 0.066122 0.158866
0 0.593660 0.718991 0.089305 0.140907
0 0.426108 0.934493 0.089555 0.129181
0 0.366651 0.989162 0.079219 0.021028
0 0.016335 0.984164 0.032669 0.027958
0 0.137951 0.028657 0.079057 0.054361
0 0.992103 0.121627 0.015508 0.148616
0 0.765734 0.029752 0.090818 0.056764
0 0.006669 0.533373 0.013307 0.153875
0 0.775634 0.454755 0.090326 0.146009
0 0.485470 0.983419 0.096633 0.030764
2 0.269790 0.236241 0.116133 0.196769
0 0.819747 0.483907 0.103964 0.185954
0 0.554185 0.018021 0.086859 0.033356
0 0.008750 0.811461 0.017292 0.142782
0 0.821402 0.651211 0.077826 0.176458
0 0.855803 0.048623 0.073247 0.095995
0 0.564590 0.971306 0.083393 0.054620
0 0.069677 0.968190 0.074151 0.059259
0 0.981062 0.773523 0.037875 0.153713
0 0.957522 0.170095 0.084482 0.157051
0 0.341837 0.037824 0.077529 0.074019
0 0.670059 0.032442 0.092133 0.064884
0 0.625294 0.945949 0.088354 0.103806
0 0.888145 0.121296 0.082471 0.155148
0 0.018669 0.694074 0.037339 0.139380
0 0.884387 0.678632 0.086617 0.181403
0 0.321652 0.334162 0.098258 0.189269
0 0.786409 0.334569 0.103641 0.138509
0 0.469576 0.065264 0.082932 0.130398
0 0.101503 0.897523 0.096573 0.181454
0 0.764799 0.658602 0.084729 0.156833
0 0.031362 0.225222 0.062505 0.160167
0 0.031052 0.081037 0.061953 0.162074
0 0.085243 0.065074 0.081065 0.128306
0 0.649027 0.234944 0.087174 0.156306
0 0.975128 0.661509 0.049464 0.135806
0 0.851732 0.549463 0.079276 0.142861
0 0.329510 0.598484 0.098036 0.162106
0 0.179699 0.066884 0.087310 0.131630
0 0.720885 0.175273 0.085208 0.200556
0 0.953802 0.059375 0.086328 0.117676
0 0.218906 0.933738 0.088828 0.132356
0 0.800203 0.089620 0.092135 0.168019
0 0.105107 0.368583 0.083760 0.169991
0 0.507507 0.304574 0.080461 0.162380
0 0.293404 0.940104 0.087885 0.116949
0 0.170783 0.854762 0.085242 0.159616
0 0.643147 0.108752 0.094643 0.142560
0 0.608785 0.584970 0.101440 0.172162
0 0.771477 0.230907 0.090542 0.143907
0 0.218286 0.145477 0.096432 0.167657
0 0.312757 0.480336 0.098482 0.151208
