0 0.220122 0.422116 0.089922 0.166528
0 0.376815 0.272449 0.093474 0.186213
0 0.026419 0.558255 0.052057 0.165806
0 0.644052 0.531074 0.082969 0.153296
0 0.579339 0.529583 0.085385 0.168463
0 0.957638 0.881708 0.082401 0.147769
0 0.631102 0.383875 0.083599 0.185176
0 0.512247 0.953829 0.085161 0.092343
0 0.593768 0.662528 0.081984 0.139741
0 0.398576 0.891630 0.075693 0.134796
0 0.661404 0.956060 0.087766 0.087880
0 0.440299 0.090273 0.093828 0.169991
0 0.470159 0.907829 0.084089 0.168694
0 0.814529 0.708593 0.083276 0.138981
0 0.834318 0.946644 0.089917 0.105028
0 0.965651 0.606213 0.068698 0.146926
0 0.867979 0.440759 0.089563 0.153519
0 0.969161 0.743662 0.060833 0.158694
0 0.721857 0.541319 0.082234 0.146269
0 0.640615 0.746681 0.082792 0.153806
0 0.463320 0.762722 0.092318 0.146481
0 0.391865 0.423500 0.096135 0.169630
0 0.509083 0.649639 0.095260 0.175148
0 0.418516 0.596000 0.080073 0.153426
0 0.744320 0.738088 0.090682 0.159176
0 0.536732 0.844375 0.079609 0.150509
0 0.698117 0.841509 0.076474 0.181556
0 0.804893 0.843000 0.094557 0.156370
0 0.808846 0.555088 0.099370 0.171731
0 0.130854 0.100162 0.080229 0.151583
0 0.183148 0.206509 0.093766 0.153130
0 0.491086 0.167148 0.094401 0.180741
0 0.149544 0.390736 0.092328 0.153491
0 0.890437 0.104852 0.079542 0.137667
0 0.041107 0.285394 0.081797 0.147676
0 0.956224 0.364185 0.085323 0.145704
0 0.247044 0.303671 0.094839 0.158194
0 0.017227 0.686528 0.034182 0.144519
0 0.023547 0.125606 0.047094 0.165731
0 0.332078 0.065866 0.087927 0.125694
2 0.472383 0.314435 0.083172 0.137204
0 0.423310 0.235056 0.089099 0.170870
0 0.751753 0.396375 0.083057 0.151306
0 0.580128 0.979380 0.084297 0.035907
0 0.035690 0.029315 0.071380 0.057093
0 0.032823 0.800532 0.065646 0.136324
0 0.084146 0.514963 0.083562 0.156222
0 0.394427 0.968972 0.100219 0.061907
0 0.473133 0.523940 0.084911 0.138361
0 0.306430 0.275153 0.096682 0.188287
0 0.093771 0.057912 0.089063 0.113343
0 0.980234 0.945440 0.039531 0.109120
0 0.051193 0.414083 0.101719 0.154481
0 0.013310 0.979940 0.026620 0.039806
0 0.566641 0.347560 0.090729 0.155028
0 0.158747 0.506181 0.080797 0.156176
0 0.984424 0.479648 0.028766 0.164500
0 0.891536 0.304764 0.096250 0.162676
0 0.542042 0.242500 0.096740 0.145704
0 0.939234 0.494204 0.082865 0.151352
0 0.798766 0.302991 0.088104 0.147500
0 0.407943 0.022560 0.094083 0.045120
0 0.842495 0.188106 0.096583 0.155861
0 0.302201 0.411722 0.080453 0.146981
0 0.272096 0.037065 0.098120 0.074130
0 0.908602 0.026255 0.101234 0.052509
0 0.689091 0.425079 0.072089 0.164787
0 0.067451 0.689546 0.084964 0.178593
0 0.368297 0.116093 0.082844 0.166778
0 0.112362 0.295981 0.093318 0.166333
0 0.933880 0.205921 0.097469 0.147454
0 0.988057 0.061546 0.023885 0.123093
0 0.537281 0.444894 0.099771 0.187861
0 0.960167 0.095412 0.079667 0.188824
0 0.073396 0.177083 0.088938 0.172815
0 0.918440 0.940991 0.099214 0.118019
0 0.024930 0.914083 0.049859 0.152741
0 0.456297 0.397032 0.097927 0.163361
0 0.741177 0.967602 0.084073 0.064796
