0 0.565117 0.783653 0.072755 0.129898
0 0.864997 0.113053 0.087786 0.149301
0 0.896479 0.477312 0.091234 0.147162
0 0.506983 0.916896 0.079362 0.137356
0 0.437091 0.109449 0.084927 0.142093
0 0.880409 0.658752 0.075740 0.132995
0 0.683009 0.517539 0.079284 0.128116
0 0.804262 0.570699 0.080742 0.140519
0 0.442841 0.338505 0.089406 0.154241
0 0.766333 0.371380 0.079271 0.144944
0 0.616859 0.586294 0.088089 0.169162
0 0.973313 0.849185 0.053000 0.134380
0 0.688612 0.389889 0.073750 0.125259
0 0.467030 0.625729 0.088070 0.129495
0 0.469521 0.504727 0.075646 0.124694
1 0.524154 0.399882 0.080510 0.146597
0 0.702164 0.016111 0.082401 0.030472
0 0.425255 0.017576 0.084005 0.034847
0 0.013350 0.578475 0.026258 0.137097
0 0.587003 0.942303 0.079901 0.112551
0 0.039629 0.077931 0.074753 0.130667
0 0.401613 0.452611 0.067263 0.115972
0 0.943717 0.028505 0.081477 0.057009
0 0.308365 0.970525 0.074255 0.058949
0 0.201770 0.030046 0.074951 0.058806
0 0.973725 0.957806 0.052549 0.080583
0 0.137260 0.637512 0.081297 0.137569
0 0.301668 0.186794 0.081586 0.144644
0 0.234654 0.749431 0.073620 0.130861
0 0.549277 0.649875 0.077294 0.140889
0 0.755760 0.847813 0.078151 0.145329
0 0.023564 0.824458 0.047128 0.138093
0 0.965089 0.384271 0.069823 0.132069
0 0.686695 0.792847 0.074224 0.152056
0 0.052562 0.481113 0.075516 0.121588
0 0.247854 0.906729 0.073802 0.141431
0 0.287085 0.393035 0.088039 0.158495
0 0.613643 0.206655 0.078141 0.139042
0 0.254974 0.078405 0.085734 0.146282
0 0.166618 0.809248 0.086602 0.155375
0 0.313341 0.724456 0.074391 0.141171
0 0.092193 0.355442 0.087922 0.151986
0 0.236242 0.615757 0.076708 0.132394
0 0.350499 0.085708 0.076096 0.130074
0 0.898661 0.835403 0.083953 0.155222
0 0.829043 0.755097 0.071367 0.132315
0 0.390320 0.680748 0.079740 0.155866
0 0.196167 0.250778 0.080630 0.147204
0 0.118236 0.135875 0.084836 0.137972
0 0.090212 0.746412 0.074685 0.124435
0 0.712053 0.258271 0.080008 0.139375
0 0.171408 0.941058 0.089529 0.117884
0 0.732176 0.620780 0.074430 0.126338
0 0.889432 0.345954 0.078234 0.134417
0 0.399464 0.843201 0.084182 0.146625
0 0.716677 0.984157 0.088646 0.029537
0 0.805876 0.981359 0.083596 0.037088
0 0.011135 0.016931 0.020875 0.033861
0 0.910966 0.984796 0.084635 0.027259
0 0.159454 0.464803 0.079117 0.140671
0 0.323322 0.870854 0.069701 0.134384
0 0.985003 0.087194 0.029667 0.156148
