0 0.887008 0.930190 0.084776 0.139009
0 0.792986 0.433410 0.088471 0.166403
0 0.307316 0.050613 0.081591 0.098847
0 0.057350 0.837917 0.098174 0.135167
0 0.676474 0.752694 0.085557 0.118944
0 0.620814 0.048275 0.078076 0.095282
0 0.913868 0.149002 0.075299 0.144894
0 0.833496 0.661826 0.078117 0.141449
0 0.656924 0.920840 0.094760 0.145792
0 0.273510 0.144743 0.099521 0.142440
0 0.250230 0.390324 0.081784 0.134889
0 0.722611 0.538780 0.086049 0.127782
0 0.063128 0.938546 0.086000 0.120065
0 0.255699 0.267905 0.098180 0.135949
0 0.855065 0.313984 0.085932 0.169875
0 0.886285 0.722539 0.085023 0.142171
0 0.895936 0.595838 0.083419 0.140444
0 0.782495 0.625847 0.074187 0.136620
0 0.799608 0.779035 0.087154 0.138866
0 0.320611 0.349641 0.089029 0.179708
0 0.931513 0.267597 0.088474 0.148398
0 0.834613 0.532428 0.084513 0.144421
0 0.560768 0.093576 0.077026 0.148301
0 0.483126 0.077132 0.088826 0.147042
0 0.382993 0.286222 0.086503 0.151991
0 0.938806 0.510130 0.093445 0.138750
0 0.473422 0.214921 0.082260 0.149769
0 0.088012 0.728294 0.083909 0.145245
0 0.102534 0.208287 0.087172 0.152639
0 0.183372 0.471512 0.086052 0.160014
0 0.913940 0.404363 0.090469 0.145097
0 0.272266 0.483639 0.113484 0.148111
0 0.161625 0.610447 0.086302 0.134588
0 0.920027 0.830012 0.081133 0.157412
0 0.779406 0.057428 0.077224 0.114699
4 0.287503 0.604646 0.091177 0.151356
0 0.016358 0.906641 0.032716 0.142727
0 0.987289 0.133433 0.025177 0.162079
0 0.948695 0.039426 0.083490 0.077889
0 0.817108 0.962222 0.064430 0.074204
0 0.166802 0.018944 0.078307 0.037889
0 0.851036 0.857794 0.086281 0.153329
0 0.240298 0.027991 0.072862 0.054398
0 0.751626 0.962472 0.077570 0.074037
0 0.679583 0.983199 0.083099 0.032019
0 0.986857 0.279141 0.026286 0.139255
0 0.864754 0.013030 0.086169 0.025273
0 0.932027 0.986863 0.078919 0.024644
