0 0.464906 0.201507 0.089271 0.182810
0 0.738781 0.276438 0.087078 0.197634
0 0.606247 0.141618 0.079854 0.165384
0 0.132845 0.981225 0.092945 0.034606
0 0.457819 0.370523 0.091086 0.157926
1 0.541087 0.337685 0.095570 0.162417
0 0.893315 0.783919 0.084104 0.148940
0 0.093527 0.101150 0.088799 0.153792
0 0.946747 0.397289 0.084677 0.134042
0 0.966753 0.713204 0.066495 0.146333
0 0.938083 0.260806 0.082068 0.143398
0 0.767992 0.505660 0.083786 0.136431
0 0.952348 0.540681 0.092128 0.164037
0 0.737262 0.609428 0.080643 0.139708
0 0.952315 0.831873 0.081880 0.123273
0 0.864719 0.237201 0.088750 0.152782
0 0.211066 0.547576 0.084794 0.147542
0 0.803914 0.309620 0.090833 0.160815
0 0.818880 0.446417 0.090776 0.139343
0 0.685112 0.745146 0.086120 0.161977
0 0.909980 0.130081 0.088263 0.141366
0 0.906301 0.655896 0.108148 0.126162
0 0.032884 0.053171 0.065461 0.106343
0 0.578023 0.746292 0.103078 0.160620
0 0.630970 0.502868 0.083482 0.124394
0 0.353014 0.232940 0.083305 0.153500
0 0.292081 0.188931 0.076474 0.127806
0 0.861215 0.056340 0.097992 0.111495
0 0.677809 0.342616 0.085779 0.143472
0 0.755249 0.156266 0.094909 0.140144
0 0.665746 0.221051 0.086336 0.146546
0 0.781888 0.059694 0.088271 0.117537
0 0.609733 0.400731 0.088242 0.133620
0 0.417021 0.271162 0.079672 0.166583
0 0.831464 0.147051 0.076688 0.136861
0 0.548947 0.203745 0.093747 0.151556
0 0.407810 0.107914 0.087448 0.157495
0 0.275771 0.062734 0.096010 0.125468
0 0.506331 0.091769 0.084531 0.133602
0 0.610341 0.281488 0.080250 0.145199
0 0.870303 0.536238 0.088529 0.157347
0 0.171198 0.154826 0.084536 0.157079
0 0.718751 0.873285 0.084159 0.147153
0 0.656385 0.614794 0.086729 0.141319
0 0.673999 0.090181 0.083336 0.133759
0 0.292195 0.314331 0.092391 0.153792
0 0.445103 0.044738 0.086341 0.089477
0 0.987533 0.472674 0.023352 0.136708
0 0.110313 0.020773 0.087911 0.041546
0 0.012160 0.147910 0.023831 0.146375
0 0.336404 0.097067 0.095620 0.191458
