3 0.400824 0.533172 0.101312 0.137719
0 0.574477 0.518688 0.111563 0.142219
0 0.595986 0.945260 0.100910 0.109479
0 0.858578 0.655891 0.106813 0.142844
0 0.322209 0.685701 0.108512 0.151193
0 0.277373 0.842060 0.107246 0.143536
0 0.192549 0.021880 0.119637 0.043552
0 0.762713 0.930164 0.125676 0.139672
0 0.679004 0.337789 0.103219 0.136547
0 0.515670 0.983182 0.105082 0.033042
0 0.468824 0.444901 0.119805 0.145615
0 0.438814 0.314055 0.098746 0.146411
0 0.862416 0.984167 0.107699 0.031667
0 0.509297 0.025490 0.114242 0.050979
0 0.686654 0.977089 0.120215 0.045823
0 0.775770 0.020490 0.113484 0.040625
0 0.539209 0.337008 0.118785 0.150776
0 0.018721 0.048078 0.037441 0.095833
0 0.443063 0.667029 0.108125 0.142932
0 0.951730 0.335099 0.096539 0.143990
0 0.354312 0.242070 0.103117 0.159714
0 0.044760 0.966130 0.089520 0.067438
0 0.971152 0.492180 0.057547 0.143120
0 0.136219 0.971208 0.109266 0.057469
0 0.028527 0.152458 0.056883 0.142594
0 0.917625 0.034086 0.107133 0.067651
0 0.241992 0.428620 0.101086 0.137021
0 0.292510 0.138945 0.110738 0.137911
0 0.763861 0.459323 0.116598 0.157437
0 0.707285 0.791906 0.112953 0.134073
0 0.780332 0.587898 0.105320 0.134776
0 0.980590 0.231987 0.038695 0.125766
0 0.886988 0.786328 0.111148 0.153969
0 0.160986 0.881823 0.111840 0.156156
0 0.519010 0.164154 0.111934 0.148432
0 0.353213 0.928750 0.117020 0.142500
0 0.097063 0.133367 0.101031 0.149901
0 0.852563 0.215487 0.113141 0.148193
0 0.960967 0.127406 0.078035 0.125760
0 0.183152 0.089714 0.107508 0.126885
0 0.771219 0.097141 0.112547 0.148802
0 0.939975 0.947776 0.107176 0.103896
0 0.493930 0.875651 0.104547 0.135323
0 0.550006 0.769948 0.115160 0.140906
0 0.409055 0.840740 0.089328 0.133813
0 0.959629 0.844018 0.080742 0.150797
0 0.378389 0.065573 0.108590 0.131146
0 0.112457 0.649844 0.116211 0.136656
0 0.097559 0.533495 0.114453 0.136896
0 0.641229 0.656201 0.110340 0.147786
0 0.742178 0.228518 0.112191 0.145995
0 0.859330 0.351781 0.114238 0.141719
0 0.053879 0.011078 0.102352 0.022042
0 0.621840 0.099247 0.107219 0.150130
0 0.697285 0.041784 0.110117 0.083016
0 0.958443 0.703508 0.083113 0.141078
