0 0.012145 0.393745 0.024148 0.150991
0 0.986669 0.917431 0.026609 0.146991
0 0.661249 0.018833 0.087909 0.036102
0 0.849414 0.020225 0.088589 0.038551
0 0.750964 0.958366 0.093036 0.083269
0 0.432126 0.946400 0.079690 0.105912
0 0.450204 0.636319 0.096247 0.125944
0 0.551599 0.435509 0.081979 0.149407
0 0.669118 0.320245 0.084195 0.141676
0 0.026509 0.063250 0.052852 0.126500
0 0.054630 0.145056 0.088740 0.138167
0 0.362352 0.175016 0.101885 0.149560
0 0.052089 0.615095 0.103385 0.142116
0 0.724888 0.679181 0.099974 0.156657
0 0.481807 0.429590 0.069760 0.133375
0 0.315208 0.661125 0.080604 0.172769
0 0.410264 0.420771 0.074310 0.130653
0 0.974560 0.062683 0.050880 0.124356
0 0.310318 0.931574 0.088682 0.135426
0 0.446053 0.523789 0.078299 0.119208
0 0.455531 0.828525 0.095245 0.145171
0 0.394542 0.291014 0.088781 0.142176
0 0.306107 0.101345 0.091391 0.159745
0 0.712411 0.208326 0.086719 0.134366
0 0.170716 0.321729 0.083703 0.140764
0 0.373688 0.575185 0.091125 0.165704
0 0.957663 0.261928 0.081956 0.131884
0 0.248169 0.357030 0.083547 0.152208
0 0.335923 0.446037 0.078201 0.149046
0 0.582613 0.334475 0.085633 0.145819
0 0.150249 0.102720 0.088076 0.176866
0 0.611983 0.657063 0.089539 0.142125
0 0.403099 0.720025 0.095380 0.148412
0 0.734199 0.418074 0.081763 0.171083
0 0.876172 0.312822 0.086995 0.161329
0 0.945143 0.400887 0.091698 0.150829
0 0.575434 0.082785 0.092503 0.144468
0 0.732953 0.082266 0.092682 0.134319
0 0.794654 0.864775 0.095870 0.155569
0 0.276719 0.809750 0.087604 0.159944
0 0.711875 0.829419 0.083844 0.147551
0 0.814871 0.420539 0.082367 0.147319
0 0.039372 0.275051 0.078703 0.145315
0 0.937077 0.757634 0.086867 0.161694
0 0.642003 0.523319 0.088161 0.152370
0 0.872659 0.679502 0.092464 0.163486
0 0.211792 0.196035 0.092276 0.155060
0 0.787608 0.271030 0.096914 0.165329
0 0.482336 0.288340 0.094339 0.157329
0 0.046315 0.478197 0.092630 0.148069
0 0.860811 0.525995 0.092263 0.143648
0 0.058732 0.870400 0.087313 0.166181
0 0.989187 0.712597 0.021625 0.151231
0 0.182990 0.453363 0.090583 0.133088
0 0.612242 0.959560 0.102547 0.078352
0 0.943570 0.151516 0.081328 0.129653
0 0.013141 0.758389 0.026281 0.144852
0 0.927135 0.025403 0.066297 0.049315
0 0.084314 0.970384 0.089060 0.056787
