0 0.090935 0.055676 0.102245 0.111352
0 0.986475 0.445333 0.026237 0.139574
0 0.987891 0.680662 0.023724 0.150009
0 0.722375 0.659301 0.086307 0.144046
0 0.925557 0.046595 0.084609 0.093190
0 0.167432 0.177882 0.082802 0.141894
0 0.720887 0.793058 0.083659 0.130162
0 0.252874 0.083125 0.084841 0.150324
0 0.710702 0.527667 0.078607 0.136593
0 0.707579 0.352678 0.074154 0.129181
0 0.110306 0.268646 0.084253 0.138634
0 0.562279 0.760234 0.095307 0.155440
0 0.990685 0.234924 0.018323 0.137977
0 0.703413 0.910463 0.078227 0.123380
0 0.559555 0.897701 0.076953 0.154069
0 0.619130 0.711035 0.089167 0.138782
0 0.166891 0.625894 0.081536 0.148907
0 0.497944 0.933097 0.072930 0.133806
0 0.584311 0.305794 0.081612 0.147042
0 0.843572 0.044394 0.084607 0.088787
0 0.129160 0.388736 0.083221 0.138241
0 0.658042 0.239977 0.084760 0.135843
0 0.885655 0.266625 0.080664 0.145574
0 0.494243 0.080609 0.081581 0.148097
0 0.066763 0.159752 0.080437 0.143347
0 0.611060 0.960012 0.079714 0.079977
0 0.446491 0.555354 0.081909 0.148755
0 0.283738 0.773822 0.082534 0.151912
0 0.278883 0.641148 0.076792 0.140398
0 0.529292 0.381245 0.085828 0.132944
0 0.965888 0.564028 0.067542 0.145519
0 0.014836 0.067500 0.028495 0.127972
0 0.138315 0.527979 0.083661 0.145579
0 0.976122 0.330051 0.047724 0.138500
0 0.505630 0.482664 0.088188 0.134134
0 0.384085 0.665995 0.081586 0.142083
0 0.821828 0.181475 0.082922 0.144745
0 0.634684 0.583023 0.093461 0.145472
0 0.499158 0.240981 0.082154 0.170611
0 0.687613 0.115155 0.086773 0.152514
0 0.753219 0.954093 0.077255 0.091815
0 0.440573 0.885660 0.078365 0.146745
0 0.315737 0.892843 0.080891 0.154472
0 0.531578 0.604206 0.087219 0.138755
0 0.971574 0.089641 0.056852 0.131014
0 0.040688 0.317653 0.075661 0.164074
0 0.795004 0.472306 0.076961 0.143407
0 0.931889 0.433037 0.090596 0.167028
0 0.047010 0.628382 0.089906 0.150032
0 0.638048 0.387650 0.078805 0.158042
0 0.741465 0.236074 0.079487 0.135157
0 0.217857 0.703829 0.073245 0.133065
0 0.213249 0.836831 0.085367 0.146569
0 0.061980 0.482331 0.083680 0.149366
0 0.007960 0.236708 0.015388 0.148796
0 0.252132 0.943544 0.081570 0.110894
0 0.558125 0.170164 0.075776 0.140986
0 0.947259 0.199074 0.083924 0.150694
0 0.006935 0.456083 0.013453 0.147398
0 0.317223 0.047280 0.081930 0.094560
1 0.590128 0.498435 0.084859 0.146157
0 0.389559 0.960935 0.081669 0.074713
0 0.555701 0.038211 0.091370 0.076051
