0 0.349142 0.409461 0.081456 0.147616
0 0.677882 0.892597 0.085794 0.176204
0 0.734367 0.924285 0.095385 0.127986
0 0.733568 0.812975 0.104443 0.159245
0 0.638449 0.863229 0.085794 0.189468
0 0.624861 0.723970 0.075669 0.147782
0 0.979621 0.353218 0.040758 0.166250
0 0.946423 0.195685 0.079940 0.172954
0 0.938126 0.066241 0.079940 0.128843
0 0.558790 0.548896 0.096529 0.144931
0 0.736393 0.631347 0.077677 0.165037
0 0.818217 0.636708 0.098039 0.122139
0 0.801625 0.382646 0.066365 0.195875
0 0.847629 0.291479 0.075414 0.171745
0 0.935865 0.408789 0.087479 0.146273
0 0.843480 0.734583 0.083711 0.127500
0 0.472818 0.674921 0.098042 0.150296
0 0.358187 0.047900 0.075417 0.095801
0 0.332169 0.142056 0.079187 0.146139
0 0.403812 0.090373 0.088234 0.131523
0 0.668290 0.477662 0.101779 0.172417
0 0.676815 0.047900 0.085219 0.095801
0 0.779003 0.061308 0.096531 0.122616
0 0.716784 0.147352 0.082203 0.148954
0 0.697553 0.306227 0.087482 0.161019
0 0.776738 0.772792 0.079940 0.179787
0 0.853663 0.437616 0.070888 0.161019
0 0.552757 0.769440 0.090497 0.175769
0 0.456604 0.545542 0.100302 0.146269
0 0.457734 0.730560 0.099547 0.178444
0 0.358187 0.824477 0.095021 0.172954
0 0.321234 0.918928 0.088990 0.152977
0 0.397780 0.750671 0.079185 0.173083
0 0.170405 0.957486 0.093513 0.085028
0 0.165503 0.868653 0.104828 0.140907
0 0.136091 0.743296 0.095776 0.163704
0 0.047855 0.727206 0.089742 0.158338
0 0.022215 0.163442 0.042987 0.242801
0 0.201324 0.601183 0.090497 0.171745
0 0.305773 0.221762 0.080693 0.182468
0 0.124402 0.554926 0.090497 0.162361
0 0.730103 0.439722 0.096451 0.157352
0 0.653368 0.615454 0.101779 0.105250
0 0.372887 0.364079 0.069982 0.142583
0 0.440484 0.427407 0.082062 0.144093
0 0.570863 0.382905 0.069982 0.147495
0 0.611615 0.248618 0.105557 0.170264
0 0.387970 0.206127 0.083346 0.151440
0 0.469380 0.859646 0.087813 0.147856
0 0.291768 0.053007 0.080797 0.106014
0 0.129117 0.347183 0.111167 0.179745
0 0.631240 0.390377 0.079104 0.154977
0 0.548760 0.637843 0.111115 0.162417
0 0.790025 0.575044 0.102628 0.120412
0 0.682956 0.703910 0.086979 0.147782
