0 0.286129 0.098779 0.081266 0.105464
0 0.140336 0.937604 0.073883 0.112781
0 0.934225 0.497146 0.076355 0.092521
0 0.135875 0.488557 0.076258 0.113208
0 0.082143 0.303570 0.071730 0.100443
0 0.488459 0.828008 0.071496 0.100234
0 0.628336 0.838310 0.071563 0.097297
0 0.788887 0.490523 0.070914 0.100193
0 0.597883 0.353284 0.069680 0.097005
0 0.301881 0.626536 0.070848 0.099042
0 0.212479 0.469719 0.085059 0.103448
0 0.807789 0.700133 0.083094 0.110464
0 0.586949 0.254188 0.069563 0.097208
0 0.479771 0.217224 0.079730 0.105594
0 0.369896 0.109661 0.079191 0.105906
0 0.653572 0.223961 0.069410 0.117349
0 0.151063 0.143859 0.075383 0.098365
0 0.403133 0.349453 0.077328 0.101385
0 0.294420 0.290505 0.074301 0.105104
0 0.207480 0.572865 0.078461 0.105927
0 0.035014 0.711766 0.069918 0.096833
0 0.865088 0.276078 0.063301 0.086042
0 0.471262 0.039089 0.080500 0.078177
0 0.334779 0.420711 0.066520 0.102964
0 0.387561 0.619333 0.078754 0.098385
0 0.232512 0.239862 0.074227 0.103005
0 0.672590 0.605195 0.077922 0.093391
0 0.379336 0.527096 0.071703 0.090776
0 0.138934 0.619510 0.067344 0.102625
0 0.098551 0.819799 0.068609 0.096870
0 0.653236 0.957568 0.072238 0.083219
0 0.106447 0.401307 0.076902 0.093740
0 0.740014 0.652148 0.065512 0.089651
0 0.621514 0.447724 0.068184 0.091135
0 0.834809 0.553008 0.070656 0.100401
0 0.963012 0.951898 0.073977 0.094755
0 0.863396 0.959638 0.080988 0.079964
0 0.737398 0.391529 0.063813 0.086964
0 0.456781 0.418547 0.065203 0.091094
0 0.617930 0.751107 0.062789 0.076505
0 0.247355 0.705154 0.092070 0.122609
0 0.905234 0.885445 0.076180 0.096849
0 0.609955 0.053445 0.068480 0.081526
0 0.975334 0.446057 0.049332 0.109302
0 0.567908 0.540391 0.063535 0.102677
0 0.798742 0.265151 0.070242 0.101208
0 0.228055 0.797495 0.079359 0.090781
0 0.526598 0.293924 0.059211 0.087734
0 0.541592 0.411396 0.073434 0.100083
0 0.396705 0.439328 0.063168 0.084490
0 0.360637 0.964547 0.073172 0.070906
0 0.584252 0.145401 0.081434 0.099625
0 0.191801 0.062125 0.079258 0.079448
0 0.353148 0.256221 0.062844 0.116464
0 0.931918 0.288661 0.073562 0.099885
0 0.545480 0.638297 0.074453 0.096521
0 0.510330 0.491294 0.074488 0.090922
0 0.545453 0.030003 0.069984 0.060005
0 0.807061 0.362573 0.066707 0.090667
0 0.655422 0.326227 0.062750 0.085870
0 0.681088 0.497508 0.065879 0.098036
0 0.978215 0.580724 0.043570 0.117125
0 0.022559 0.619206 0.044719 0.094120
0 0.539523 0.899542 0.062656 0.078312
0 0.537031 0.969346 0.079484 0.061307
0 0.016693 0.035326 0.031910 0.069609
0 0.085811 0.025055 0.079434 0.049401
0 0.314299 0.025164 0.071668 0.049318
0 0.982150 0.195521 0.035699 0.110958
0 0.984877 0.085419 0.030223 0.099318
0 0.063674 0.978586 0.081012 0.042828
0 0.771551 0.589865 0.068125 0.064760
0 0.093426 0.103719 0.055367 0.063385
0 0.015146 0.517445 0.030293 0.090828
0 0.502566 0.729464 0.061570 0.091542
0 0.013223 0.893552 0.026102 0.090250
0 0.171494 0.019906 0.060020 0.036656
0 0.013873 0.438531 0.027746 0.075500
0 0.034031 0.111198 0.068062 0.089969
0 0.011207 0.347531 0.022297 0.105250
0 0.466504 0.986786 0.068945 0.026281
0 0.992340 0.354849 0.015320 0.095448
0 0.985910 0.275669 0.027258 0.078974
0 0.431889 0.008005 0.080973 0.016010
0 0.995512 0.903857 0.008937 0.106693
0 0.752504 0.993049 0.081234 0.012693
0 0.408492 0.299773 0.073031 0.192609
0 0.552484 0.779326 0.077852 0.099099
0 0.721623 0.180073 0.070871 0.104323
0 0.204549 0.346143 0.079512 0.102776
0 0.962152 0.788635 0.075695 0.098469
0 0.303869 0.826370 0.072957 0.097021
0 0.870662 0.188828 0.074707 0.093583
0 0.417154 0.254089 0.071582 0.100375
0 0.782416 0.925742 0.077707 0.104974
0 0.447299 0.123503 0.081387 0.105599
0 0.302959 0.522062 0.080145 0.103812
0 0.142170 0.249529 0.080176 0.104359
0 0.729633 0.288503 0.078664 0.093224
0 0.436152 0.897299 0.076711 0.103839
0 0.080537 0.570388 0.069340 0.096151
0 0.734602 0.044852 0.082781 0.089703
0 0.703969 0.897367 0.077828 0.100964
0 0.043180 0.213029 0.081500 0.108734
0 0.920074 0.718276 0.070773 0.100135
0 0.939049 0.059677 0.079668 0.100281
0 0.804281 0.088773 0.077336 0.099672
0 0.869340 0.430763 0.086977 0.109193
0 0.393838 0.788052 0.093184 0.115552
0 0.271832 0.388156 0.073984 0.098250
0 0.168520 0.845135 0.076453 0.109021
0 0.311398 0.927047 0.083219 0.107490
