0 0.579844 0.284657 0.078406 0.146148
0 0.778932 0.877579 0.094104 0.151620
0 0.649146 0.843282 0.082875 0.142343
0 0.406055 0.249917 0.083641 0.152463
0 0.020245 0.052875 0.038760 0.105009
0 0.025685 0.710958 0.050432 0.147731
0 0.979130 0.594324 0.040490 0.130796
0 0.318565 0.283685 0.077464 0.132389
0 0.792401 0.243917 0.084719 0.159722
0 0.531924 0.050111 0.072974 0.098815
0 0.961792 0.163352 0.076333 0.155148
0 0.845159 0.765250 0.073755 0.134093
0 0.910904 0.061907 0.087443 0.119185
0 0.164958 0.035944 0.075802 0.071889
0 0.967737 0.474875 0.064526 0.154565
0 0.880104 0.986560 0.079156 0.024917
0 0.990219 0.875514 0.019500 0.144324
0 0.981115 0.030370 0.037771 0.060741
0 0.557784 0.155375 0.080901 0.134417
0 0.351924 0.158014 0.082620 0.130380
0 0.782352 0.121144 0.109839 0.193528
0 0.289086 0.793625 0.114859 0.131528
0 0.781047 0.734704 0.079229 0.152463
0 0.555849 0.588352 0.073281 0.121778
0 0.891023 0.208458 0.087766 0.144806
0 0.307281 0.459250 0.076563 0.139204
0 0.486956 0.549759 0.079193 0.138333
0 0.454799 0.415046 0.076151 0.139315
0 0.399375 0.918389 0.081521 0.137037
0 0.224180 0.925505 0.075818 0.139769
0 0.489630 0.919699 0.079437 0.140824
0 0.054201 0.798407 0.083089 0.130407
0 0.413607 0.638713 0.077432 0.140167
0 0.410451 0.775954 0.080432 0.135537
0 0.482042 0.260556 0.075760 0.134296
0 0.491609 0.692185 0.076896 0.139759
0 0.592404 0.770556 0.084047 0.147370
4 0.604680 0.404185 0.086297 0.155333
0 0.299281 0.938454 0.080083 0.123093
0 0.849148 0.629963 0.080557 0.142074
0 0.339083 0.050463 0.097771 0.098167
0 0.829333 0.068384 0.082385 0.132380
0 0.911534 0.700685 0.084130 0.146778
0 0.687302 0.942551 0.091208 0.114861
0 0.242997 0.041500 0.082849 0.082833
0 0.820271 0.952194 0.079448 0.095611
0 0.958997 0.947412 0.078932 0.103861
0 0.904182 0.538759 0.079917 0.140833
0 0.626536 0.094671 0.080365 0.137343
0 0.384130 0.395032 0.077000 0.159972
0 0.107456 0.655380 0.083568 0.135759
0 0.620620 0.644843 0.084729 0.145907
0 0.310529 0.595806 0.077151 0.135574
0 0.212307 0.726588 0.083063 0.140769
0 0.875745 0.894139 0.089823 0.150537
0 0.197385 0.602625 0.076667 0.120565
0 0.081578 0.913222 0.085594 0.131519
0 0.563383 0.932347 0.077776 0.135306
