0 0.141402 0.264690 0.070195 0.093922
0 0.917129 0.937596 0.076742 0.092807
0 0.907258 0.539549 0.073078 0.093880
0 0.046920 0.876089 0.071840 0.094396
0 0.346293 0.627974 0.072836 0.099896
0 0.477709 0.372151 0.080035 0.098844
0 0.520143 0.840331 0.070199 0.091807
0 0.670350 0.064367 0.075020 0.094224
0 0.528508 0.955833 0.079133 0.084667
0 0.689844 0.857997 0.082531 0.100234
0 0.892525 0.835135 0.074777 0.087500
0 0.173367 0.806690 0.067359 0.091745
0 0.597916 0.505193 0.076324 0.098802
0 0.709443 0.762974 0.074316 0.097375
0 0.419273 0.487359 0.072203 0.086427
0 0.946158 0.145753 0.075629 0.091380
0 0.633385 0.662781 0.077832 0.090906
0 0.040139 0.968245 0.075020 0.063510
0 0.963463 0.299549 0.071270 0.099557
0 0.975467 0.076930 0.049066 0.099307
0 0.477098 0.170029 0.076664 0.092620
0 0.926117 0.022482 0.070891 0.044964
0 0.586457 0.716977 0.075875 0.091536
0 0.729605 0.032396 0.063977 0.064625
0 0.973836 0.547945 0.052328 0.096516
0 0.878367 0.982719 0.067867 0.034562
0 0.261121 0.083388 0.069203 0.087026
0 0.348439 0.102026 0.082605 0.108833
0 0.252379 0.020458 0.082219 0.040917
0 0.545566 0.009500 0.077820 0.019000
0 0.339309 0.234617 0.061656 0.080641
0 0.409902 0.221383 0.067398 0.089526
0 0.173307 0.135490 0.066910 0.095938
0 0.016012 0.170930 0.031219 0.084172
0 0.826541 0.019117 0.079020 0.038234
0 0.987500 0.800695 0.023594 0.094026
0 0.033697 0.762643 0.067395 0.090745
0 0.086934 0.393411 0.071422 0.092615
0 0.203273 0.204669 0.070039 0.095432
0 0.484637 0.016448 0.077648 0.032896
0 0.988443 0.363695 0.022660 0.106443
0 0.903871 0.447682 0.072094 0.095312
0 0.639137 0.156708 0.078414 0.109563
0 0.010133 0.570781 0.020172 0.095375
1 0.470141 0.899714 0.071016 0.091302
0 0.107600 0.010711 0.087582 0.021422
0 0.006988 0.848391 0.013977 0.093563
0 0.688371 0.575596 0.069422 0.098693
0 0.805920 0.773497 0.073129 0.084995
0 0.061684 0.206081 0.076477 0.089786
0 0.335045 0.938523 0.078949 0.089870
0 0.442803 0.811305 0.077238 0.105526
0 0.586898 0.405464 0.072648 0.092427
0 0.495043 0.077854 0.075055 0.093760
0 0.764943 0.304677 0.069910 0.101833
0 0.777311 0.962362 0.075316 0.075151
0 0.825070 0.687745 0.074750 0.097979
0 0.763076 0.399719 0.076395 0.092010
0 0.219977 0.413078 0.074859 0.088885
0 0.055113 0.670729 0.075711 0.096740
0 0.215645 0.324654 0.073609 0.098484
0 0.578197 0.797773 0.078402 0.095953
0 0.186092 0.570932 0.076449 0.100896
0 0.409016 0.605039 0.064992 0.088807
0 0.243467 0.820164 0.074535 0.085932
0 0.816164 0.594685 0.071078 0.099891
0 0.764061 0.565359 0.074855 0.090740
0 0.960877 0.635841 0.076660 0.090578
0 0.830820 0.323547 0.068313 0.096146
0 0.821346 0.889977 0.068488 0.092995
0 0.591791 0.891255 0.069035 0.100312
0 0.887307 0.190279 0.079176 0.083214
0 0.104863 0.783102 0.075539 0.111370
0 0.005785 0.661109 0.011570 0.088781
0 0.243854 0.263930 0.077988 0.108766
0 0.459143 0.717630 0.073262 0.095802
0 0.611791 0.028776 0.070754 0.057552
0 0.699578 0.182021 0.074773 0.101198
0 0.836740 0.418680 0.069512 0.097911
0 0.061439 0.511109 0.049996 0.069833
0 0.877398 0.749758 0.072398 0.093172
0 0.505600 0.672284 0.070684 0.098797
0 0.374467 0.421372 0.075645 0.099318
0 0.796436 0.070023 0.079113 0.082276
0 0.956797 0.980570 0.077320 0.038859
0 0.789666 0.480565 0.075152 0.087964
0 0.923236 0.695073 0.075543 0.097833
0 0.106430 0.470854 0.066641 0.092854
0 0.024842 0.473096 0.049074 0.104609
0 0.410676 0.950628 0.067781 0.090547
0 0.455482 0.279953 0.079285 0.087688
0 0.412377 0.045815 0.079699 0.091630
0 0.112885 0.136076 0.073160 0.094547
0 0.864414 0.103750 0.074945 0.098875
0 0.073109 0.296969 0.079742 0.094292
0 0.226754 0.942669 0.069055 0.101672
0 0.292137 0.180440 0.074625 0.099557
0 0.330318 0.810951 0.075355 0.095068
0 0.155422 0.379456 0.071750 0.098214
0 0.330986 0.312706 0.066285 0.088516
0 0.145250 0.045810 0.075906 0.087849
0 0.893084 0.279938 0.075309 0.099323
0 0.556264 0.614768 0.069512 0.097141
0 0.739002 0.673742 0.077605 0.096057
0 0.762365 0.842005 0.068465 0.094219
0 0.685109 0.949883 0.085102 0.089880
0 0.569418 0.190857 0.073539 0.103297
0 0.142236 0.693042 0.075035 0.101010
1 0.338570 0.518359 0.075742 0.101844
0 0.993225 0.019005 0.013551 0.038010
0 0.568543 0.304693 0.075719 0.105469
0 0.224904 0.678987 0.081715 0.109859
0 0.270109 0.471104 0.080648 0.107625
0 0.707820 0.270622 0.071117 0.091411
0 0.654654 0.341977 0.072973 0.096068
0 0.104371 0.586547 0.078852 0.101010
0 0.405740 0.348076 0.074551 0.102630
0 0.678887 0.479745 0.073281 0.101385
0 0.017088 0.081919 0.033949 0.094401
0 0.354426 0.721544 0.073172 0.092984
0 0.018109 0.331490 0.036219 0.099823
0 0.373029 0.875849 0.064348 0.084219
0 0.960514 0.870263 0.069629 0.092745
0 0.489443 0.499112 0.078496 0.108453
0 0.179602 0.898656 0.073766 0.093292
0 0.815561 0.189758 0.071934 0.094755
