0 0.016589 0.797699 0.033177 0.183324
0 0.124836 0.377394 0.104880 0.179435
0 0.978005 0.224454 0.042042 0.155648
0 0.211547 0.942972 0.111667 0.114056
0 0.571961 0.367227 0.101057 0.172509
0 0.798083 0.082815 0.098469 0.165630
0 0.691013 0.083444 0.102786 0.166889
0 0.154211 0.601750 0.117807 0.222296
0 0.893672 0.090602 0.117906 0.181204
0 0.626445 0.499509 0.123120 0.216333
0 0.011945 0.151463 0.023891 0.172389
2 0.459422 0.714435 0.104292 0.171037
0 0.718992 0.583287 0.141234 0.191389
0 0.921281 0.317736 0.135375 0.225602
0 0.079805 0.781856 0.127609 0.219991
0 0.672263 0.915662 0.117318 0.168676
0 0.584523 0.172370 0.104036 0.182611
0 0.855109 0.910130 0.095010 0.176259
0 0.432583 0.908616 0.114667 0.182769
0 0.542010 0.957995 0.114365 0.084009
0 0.874292 0.512491 0.124677 0.248815
0 0.936443 0.928676 0.104677 0.142648
0 0.852750 0.805458 0.106917 0.184639
0 0.046786 0.634815 0.093573 0.175241
0 0.783927 0.863259 0.091646 0.193204
0 0.980565 0.467810 0.037776 0.132194
0 0.419833 0.844829 0.109792 0.164509
0 0.259307 0.381481 0.106073 0.205519
0 0.526922 0.828310 0.101917 0.182361
0 0.787516 0.699509 0.105063 0.174130
0 0.267437 0.565222 0.115052 0.197870
0 0.557466 0.616824 0.108797 0.180519
0 0.814021 0.293861 0.099656 0.180537
0 0.471042 0.405199 0.113760 0.233009
0 0.295839 0.883023 0.128708 0.211213
0 0.450224 0.160579 0.107313 0.185750
0 0.525898 0.238407 0.093651 0.173630
0 0.379461 0.330301 0.110807 0.228491
0 0.414633 0.563255 0.116870 0.188657
0 0.643154 0.662917 0.114703 0.191574
0 0.127633 0.912250 0.103193 0.175500
0 0.589964 0.864500 0.105615 0.190741
0 0.205125 0.778454 0.111823 0.199056
0 0.159047 0.402468 0.131583 0.221843
0 0.341320 0.724046 0.128089 0.209926
0 0.385307 0.148111 0.098646 0.182222
0 0.034427 0.931588 0.068854 0.136824
0 0.973107 0.080481 0.052693 0.160963
0 0.695154 0.373662 0.112151 0.228880
0 0.630255 0.209468 0.109760 0.186435
0 0.915576 0.732491 0.097568 0.179333
