0 0.818090 0.947672 0.075586 0.097313
0 0.345219 0.820466 0.073359 0.087505
0 0.582619 0.150680 0.078238 0.100714
0 0.152996 0.038544 0.072648 0.077089
0 0.427828 0.271867 0.068508 0.096016
0 0.918762 0.040562 0.071781 0.081125
0 0.198996 0.771604 0.072922 0.088156
0 0.090346 0.857630 0.064691 0.085615
0 0.480824 0.813810 0.070211 0.087172
0 0.891146 0.661760 0.066566 0.089167
0 0.736645 0.473870 0.066797 0.089698
0 0.708699 0.172581 0.074883 0.094589
0 0.934039 0.491633 0.071250 0.092339
0 0.159264 0.829458 0.071590 0.073865
0 0.475215 0.120167 0.080422 0.097771
0 0.067602 0.946341 0.078359 0.106922
0 0.395314 0.647500 0.072551 0.090521
0 0.491826 0.412995 0.072434 0.093802
0 0.409979 0.051010 0.073918 0.093938
0 0.417121 0.840841 0.074984 0.093859
0 0.033473 0.694630 0.063141 0.082031
0 0.807316 0.709432 0.082617 0.101938
0 0.838924 0.570237 0.077168 0.096484
0 0.451451 0.364120 0.071785 0.103802
0 0.837395 0.663417 0.060500 0.093479
0 0.241971 0.036656 0.068277 0.073094
0 0.587592 0.048057 0.077918 0.092323
0 0.868764 0.374802 0.080449 0.107531
0 0.058398 0.781529 0.064914 0.079828
0 0.801439 0.264039 0.069668 0.086432
0 0.171119 0.286214 0.065152 0.100531
0 0.079330 0.480721 0.068676 0.095932
0 0.332902 0.949323 0.067820 0.091062
0 0.647199 0.405151 0.064859 0.087000
0 0.788857 0.348305 0.064137 0.087609
0 0.884148 0.229906 0.072625 0.095115
0 0.959594 0.169826 0.070758 0.095953
0 0.801799 0.786349 0.062863 0.081229
0 0.133900 0.968539 0.064238 0.062922
0 0.498162 0.284273 0.066848 0.092359
0 0.443582 0.453487 0.069594 0.078651
0 0.162713 0.898250 0.066832 0.082437
0 0.210826 0.859477 0.056801 0.080495
0 0.391631 0.744430 0.079980 0.114755
0 0.275838 0.299625 0.072121 0.111781
0 0.951350 0.861469 0.065449 0.084552
0 0.254398 0.441104 0.078344 0.085625
0 0.839680 0.188391 0.067531 0.088146
0 0.761941 0.833445 0.070344 0.085464
0 0.964203 0.782578 0.068539 0.100042
0 0.297063 0.970349 0.070453 0.059302
0 0.900953 0.907539 0.063867 0.079901
0 0.949680 0.316135 0.074727 0.082687
0 0.383961 0.461844 0.075664 0.093250
0 0.019002 0.910398 0.036512 0.098495
0 0.709340 0.559349 0.078500 0.097344
0 0.336592 0.035026 0.058309 0.070052
0 0.285225 0.630758 0.063723 0.075109
0 0.645646 0.546289 0.064230 0.079276
0 0.463291 0.974987 0.068910 0.049828
0 0.870236 0.454813 0.076996 0.104104
0 0.711467 0.707167 0.094934 0.137698
0 0.334781 0.188854 0.063984 0.104500
0 0.229078 0.705964 0.088352 0.094156
0 0.315029 0.673854 0.068371 0.089167
0 0.869596 0.874690 0.087402 0.084057
0 0.552937 0.961786 0.071813 0.076427
0 0.084861 0.374466 0.075793 0.084172
0 0.224797 0.245339 0.073703 0.102417
0 0.056334 0.435292 0.068926 0.089313
0 0.764428 0.890758 0.067434 0.084693
0 0.886666 0.114547 0.080770 0.107167
0 0.638631 0.866849 0.105277 0.111813
0 0.086438 0.335026 0.069000 0.080031
0 0.010496 0.542323 0.020484 0.092438
0 0.012252 0.420651 0.024059 0.086438
0 0.109480 0.259945 0.070570 0.087391
0 0.534064 0.866503 0.072285 0.073682
0 0.017320 0.121833 0.034641 0.075437
0 0.480861 0.531185 0.057395 0.092984
0 0.552951 0.512018 0.082504 0.111203
0 0.992254 0.080909 0.015344 0.088870
0 0.229318 0.605073 0.061613 0.130562
0 0.658543 0.988617 0.070102 0.021703
0 0.403271 0.948404 0.093121 0.102359
0 0.007203 0.710539 0.013961 0.091818
0 0.296447 0.552513 0.076457 0.084703
0 0.219658 0.951424 0.090152 0.096484
0 0.793570 0.511401 0.066453 0.087312
0 0.541672 0.935943 0.066453 0.078521
0 0.984178 0.961125 0.031645 0.075344
0 0.297736 0.118318 0.062746 0.081375
0 0.603600 0.895922 0.081918 0.082250
0 0.096408 0.234049 0.069426 0.088922
0 0.989797 0.460896 0.020125 0.086177
0 0.225393 0.205039 0.077168 0.094245
0 0.508457 0.023771 0.086555 0.042708
0 0.991701 0.545359 0.015199 0.084760
0 0.922184 0.099187 0.077711 0.081750
0 0.459645 0.280935 0.134211 0.092557
0 0.984928 0.483151 0.030145 0.088354
