0 0.269082 0.921440 0.076904 0.151898
0 0.064788 0.862146 0.074247 0.147069
0 0.253305 0.229366 0.085411 0.122620
0 0.814202 0.251940 0.089878 0.156991
0 0.604105 0.650887 0.072977 0.149551
0 0.510221 0.677685 0.079297 0.137167
0 0.847794 0.905961 0.086990 0.179199
0 0.730116 0.316451 0.083315 0.149921
0 0.910546 0.633245 0.084393 0.144917
0 0.639268 0.122403 0.080349 0.149574
0 0.525798 0.219183 0.080388 0.147921
0 0.564704 0.519458 0.090180 0.166296
0 0.444868 0.228109 0.082596 0.143745
0 0.716161 0.073310 0.089849 0.139130
0 0.034501 0.259035 0.067680 0.143023
0 0.340980 0.943986 0.078107 0.107759
0 0.111927 0.433521 0.078896 0.147856
0 0.809327 0.392275 0.070466 0.129190
0 0.939686 0.401766 0.082273 0.125634
0 0.355897 0.053655 0.083622 0.107310
0 0.504224 0.048611 0.080297 0.095361
0 0.339559 0.383836 0.093659 0.138023
0 0.163059 0.158998 0.090555 0.158708
0 0.243970 0.759766 0.085846 0.147662
0 0.587908 0.312806 0.067607 0.156565
0 0.120525 0.262894 0.076003 0.141250
0 0.965673 0.527558 0.068471 0.150940
0 0.790868 0.659086 0.085039 0.135579
0 0.125241 0.967347 0.079091 0.065306
0 0.969087 0.659657 0.061826 0.152824
0 0.872698 0.326428 0.080818 0.150829
0 0.653461 0.027211 0.082115 0.051431
0 0.191646 0.659421 0.083979 0.145306
1 0.469708 0.590363 0.099547 0.148144
0 0.472225 0.347162 0.081221 0.136056
0 0.660885 0.805444 0.086490 0.145944
0 0.278565 0.635074 0.096823 0.146185
0 0.391687 0.140757 0.075172 0.129690
0 0.259064 0.355046 0.081049 0.137194
0 0.075100 0.160456 0.076409 0.134579
0 0.100827 0.042921 0.065961 0.085843
0 0.209826 0.069563 0.084885 0.132782
0 0.014897 0.888850 0.028372 0.141634
0 0.016251 0.130676 0.030763 0.145722
0 0.010243 0.760634 0.020362 0.139037
0 0.024292 0.970613 0.046016 0.055347
0 0.529327 0.407433 0.088456 0.157995
0 0.577340 0.845678 0.086253 0.169060
0 0.778478 0.944100 0.075820 0.110625
0 0.916466 0.805549 0.075906 0.138440
0 0.680249 0.213433 0.086810 0.145421
0 0.330689 0.728241 0.089628 0.157259
0 0.149833 0.557833 0.075849 0.132963
0 0.218734 0.552880 0.089766 0.140787
0 0.504210 0.946269 0.082419 0.106611
0 0.730980 0.804472 0.063409 0.158593
0 0.896357 0.514155 0.088729 0.139042
0 0.943815 0.203972 0.094964 0.147167
0 0.447001 0.472081 0.090622 0.149458
0 0.289753 0.507398 0.074323 0.124731
0 0.606987 0.939914 0.100812 0.119171
0 0.650505 0.441086 0.083052 0.132431
0 0.920367 0.928718 0.082651 0.141120
0 0.800030 0.524940 0.079872 0.134676
0 0.755415 0.178868 0.076242 0.138940
0 0.674853 0.667262 0.087591 0.147958
0 0.802056 0.806822 0.085299 0.158949
0 0.858803 0.730204 0.088289 0.153565
0 0.572526 0.081292 0.091219 0.159796
0 0.738544 0.462931 0.078865 0.147481
0 0.288290 0.109551 0.092305 0.155444
0 0.653651 0.321067 0.072719 0.116199
0 0.409807 0.781528 0.084411 0.134556
0 0.363452 0.483287 0.072977 0.120324
0 0.379702 0.284769 0.088060 0.158046
0 0.185901 0.309919 0.075943 0.146023
0 0.204719 0.440688 0.085182 0.136412
0 0.422322 0.940264 0.083732 0.116648
0 0.039557 0.058104 0.074578 0.114940
0 0.502229 0.823560 0.076599 0.155481
