0 0.239842 0.016810 0.092018 0.032657
0 0.678677 0.174243 0.089818 0.177690
0 0.019395 0.377965 0.038789 0.155356
0 0.035178 0.940021 0.070357 0.119292
0 0.352732 0.951002 0.089505 0.096458
0 0.638337 0.935660 0.120477 0.128681
0 0.103771 0.861347 0.084771 0.150843
0 0.116305 0.203681 0.105063 0.200491
0 0.785836 0.096505 0.113005 0.170574
0 0.696414 0.364169 0.099542 0.173125
0 0.019986 0.596060 0.039971 0.224407
0 0.409930 0.602542 0.089604 0.163917
0 0.529880 0.773778 0.090224 0.157565
0 0.381931 0.508451 0.097878 0.157032
0 0.567948 0.869801 0.079432 0.126741
0 0.370283 0.251079 0.091805 0.146046
0 0.151810 0.671887 0.093063 0.215125
0 0.960682 0.042049 0.078635 0.084097
0 0.030969 0.838164 0.061385 0.143144
0 0.983020 0.569595 0.033961 0.155153
0 0.118085 0.412722 0.109701 0.175991
0 0.860669 0.463139 0.109229 0.169491
0 0.838779 0.738738 0.081531 0.137644
0 0.439426 0.854581 0.099841 0.170514
0 0.218389 0.941035 0.116258 0.117931
0 0.824643 0.211146 0.093641 0.178403
0 0.926552 0.622579 0.101099 0.198750
0 0.387444 0.168787 0.086919 0.150676
0 0.045469 0.449403 0.087568 0.149046
0 0.536900 0.639211 0.110096 0.159718
0 0.387410 0.344718 0.091133 0.158926
0 0.359664 0.848407 0.095094 0.163815
0 0.726462 0.612046 0.082841 0.137407
0 0.027164 0.061574 0.054328 0.121565
0 0.763401 0.952319 0.083359 0.094130
0 0.223087 0.461556 0.107664 0.228593
0 0.240345 0.179683 0.081654 0.149097
0 0.280973 0.226683 0.084622 0.157097
0 0.619684 0.323562 0.079747 0.160199
0 0.085587 0.064347 0.093487 0.128167
0 0.672757 0.617435 0.078117 0.139815
0 0.581573 0.435039 0.103542 0.147801
0 0.705707 0.729197 0.086617 0.164042
0 0.184230 0.102157 0.095602 0.171472
0 0.442357 0.082206 0.089953 0.131662
0 0.367577 0.701532 0.093367 0.171537
0 0.449707 0.440745 0.089289 0.162398
0 0.306296 0.585475 0.092044 0.192699
0 0.307185 0.112178 0.088214 0.161773
0 0.517289 0.051845 0.087411 0.101931
0 0.937548 0.126968 0.079326 0.133167
0 0.783436 0.704794 0.084758 0.145662
0 0.780529 0.837683 0.099656 0.151838
0 0.070358 0.628926 0.091539 0.172380
0 0.665887 0.487583 0.080706 0.146435
0 0.478305 0.190354 0.086984 0.143449
0 0.668161 0.826125 0.082349 0.147500
0 0.034042 0.261995 0.068083 0.142454
0 0.588497 0.147551 0.104224 0.168435
0 0.225133 0.641838 0.081734 0.151676
0 0.334259 0.028157 0.086872 0.054454
0 0.447061 0.019137 0.089477 0.036227
0 0.550424 0.946387 0.086672 0.106255
0 0.605023 0.030572 0.090984 0.056773
