0 0.425771 0.495479 0.062418 0.087750
0 0.595955 0.794255 0.058629 0.087573
0 0.113164 0.417635 0.068227 0.083615
0 0.166180 0.797138 0.065602 0.087880
0 0.204477 0.730422 0.067867 0.085510
0 0.794635 0.157453 0.061652 0.074677
0 0.764861 0.839938 0.063973 0.097156
0 0.910658 0.231318 0.061582 0.073563
0 0.122979 0.693076 0.055902 0.081870
0 0.382779 0.111911 0.061598 0.088625
0 0.041406 0.424339 0.065258 0.095781
0 0.310291 0.045526 0.065965 0.088896
0 0.446838 0.584362 0.062605 0.095182
0 0.795248 0.940531 0.060934 0.087781
0 0.878586 0.298154 0.068633 0.078901
0 0.439732 0.192849 0.056738 0.093667
0 0.943332 0.807414 0.067289 0.090974
0 0.738941 0.734042 0.063063 0.086687
0 0.512951 0.873005 0.075660 0.092490
0 0.592543 0.143302 0.057063 0.090083
0 0.399188 0.308451 0.073641 0.096203
0 0.701572 0.608534 0.069035 0.081807
0 0.913613 0.058484 0.061367 0.078010
0 0.701732 0.799021 0.064973 0.084438
0 0.267340 0.798630 0.061383 0.093646
0 0.124428 0.550753 0.063910 0.091578
0 0.833479 0.614141 0.062035 0.084281
0 0.615525 0.279953 0.062863 0.088312
0 0.240795 0.189474 0.067715 0.083448
0 0.717676 0.952560 0.072586 0.089995
0 0.022844 0.611917 0.045031 0.082063
0 0.831855 0.742505 0.060680 0.100021
0 0.069762 0.307995 0.073398 0.082323
0 0.559893 0.970706 0.071848 0.057766
0 0.778363 0.568159 0.061273 0.078922
0 0.315398 0.163508 0.067883 0.085714
0 0.969068 0.713529 0.061863 0.090818
0 0.833234 0.408034 0.062781 0.082786
0 0.373357 0.749505 0.073559 0.080740
0 0.672391 0.972956 0.072031 0.054089
0 0.874859 0.559904 0.056680 0.073953
0 0.565105 0.418815 0.064664 0.104370
0 0.245203 0.689776 0.068930 0.093813
0 0.873729 0.787747 0.068465 0.075193
0 0.285654 0.088010 0.065598 0.083010
0 0.649297 0.783245 0.053984 0.109073
0 0.244078 0.014172 0.068977 0.028344
0 0.010271 0.229523 0.020340 0.083370
0 0.929283 0.010302 0.069426 0.020604
0 0.009475 0.696701 0.017871 0.092005
0 0.478867 0.469120 0.058406 0.074594
0 0.964629 0.216070 0.068477 0.094068
0 0.445797 0.021195 0.057883 0.042391
0 0.982031 0.032503 0.035937 0.062589
0 0.075307 0.988245 0.059941 0.022156
0 0.847174 0.077081 0.068324 0.082047
0 0.008719 0.785602 0.017438 0.085255
0 0.006643 0.147036 0.013285 0.085635
0 0.974986 0.989135 0.050027 0.020031
0 0.992719 0.739406 0.014563 0.088625
0 0.994477 0.616219 0.010609 0.094917
0 0.831730 0.020594 0.069023 0.040052
0 0.665521 0.008193 0.075574 0.016385
0 0.856760 0.017247 0.068559 0.034495
0 0.828805 0.992536 0.072469 0.012813
0 0.674525 0.622820 0.128098 0.083370
0 0.068971 0.142445 0.066301 0.084401
0 0.374191 0.035518 0.061273 0.069609
0 0.271518 0.259859 0.058004 0.077937
0 0.516117 0.928951 0.064711 0.092443
0 0.060678 0.876039 0.065340 0.084453
0 0.968018 0.570682 0.063965 0.084510
0 0.773746 0.025042 0.070070 0.048552
0 0.921469 0.311617 0.058977 0.102818
0 0.641277 0.632042 0.067844 0.087760
0 0.790531 0.697992 0.063539 0.087849
0 0.640953 0.034445 0.063281 0.068891
0 0.900307 0.406846 0.072270 0.089078
0 0.568084 0.026406 0.062441 0.052813
0 0.022742 0.936440 0.044961 0.097182
0 0.350945 0.408023 0.078242 0.074672
0 0.775545 0.646615 0.066621 0.086521
4 0.501385 0.311711 0.073121 0.091818
0 0.077879 0.040492 0.061602 0.080161
0 0.021957 0.044760 0.042836 0.087438
0 0.137518 0.839344 0.069660 0.080083
0 0.840482 0.212823 0.069879 0.081448
0 0.366213 0.633867 0.070145 0.081776
0 0.646898 0.127583 0.064602 0.087917
0 0.613965 0.062526 0.065070 0.079833
0 0.947367 0.055635 0.065758 0.083896
0 0.066951 0.658932 0.069121 0.089563
0 0.479396 0.668591 0.068176 0.084974
0 0.160713 0.196909 0.068051 0.088693
0 0.788107 0.254510 0.058105 0.076604
0 0.053961 0.227409 0.071367 0.089318
0 0.966908 0.143687 0.066184 0.086198
0 0.745756 0.076500 0.063285 0.077115
0 0.295797 0.573612 0.071930 0.095141
0 0.196650 0.421375 0.067770 0.089687
0 0.572521 0.577505 0.060449 0.079927
0 0.222217 0.109362 0.067746 0.089047
0 0.628639 0.509237 0.068199 0.078786
0 0.856051 0.487589 0.067148 0.090062
0 0.323119 0.852930 0.065160 0.084589
0 0.304695 0.722924 0.066039 0.086339
0 0.945469 0.930151 0.064398 0.096104
0 0.463553 0.129372 0.070277 0.088943
0 0.704494 0.532318 0.073457 0.078635
0 0.763002 0.487445 0.059957 0.092859
0 0.536070 0.165172 0.071516 0.089219
0 0.684717 0.879203 0.065457 0.083844
0 0.641611 0.414411 0.068926 0.090219
0 0.266184 0.380133 0.067750 0.093109
0 0.190961 0.039003 0.066695 0.077453
0 0.059361 0.551201 0.071809 0.086359
0 0.224111 0.875680 0.068832 0.095536
0 0.968051 0.336440 0.063898 0.082245
0 0.496648 0.397380 0.067914 0.086844
0 0.419221 0.695336 0.067285 0.093432
0 0.603070 0.687672 0.064328 0.093781
0 0.725387 0.252185 0.072328 0.087661
0 0.729670 0.146565 0.073277 0.085953
0 0.285281 0.924224 0.062391 0.085542
0 0.968512 0.489518 0.062602 0.086578
0 0.508807 0.597250 0.064918 0.090375
0 0.461441 0.801091 0.069023 0.081224
0 0.894293 0.871198 0.067664 0.086490
0 0.159260 0.574786 0.065707 0.085302
0 0.894344 0.712182 0.066727 0.087990
0 0.496447 0.227328 0.072441 0.089385
0 0.312367 0.649997 0.065141 0.067474
0 0.437850 0.439820 0.062426 0.081339
0 0.504510 0.016820 0.067941 0.033401
0 0.134975 0.022188 0.068098 0.044375
0 0.016623 0.370018 0.033121 0.072620
0 0.374867 0.979510 0.058297 0.040094
0 0.849531 0.110036 0.074680 0.082396
0 0.242852 0.483805 0.071836 0.089901
0 0.557088 0.291172 0.060816 0.087010
0 0.985523 0.891982 0.028273 0.097234
0 0.543857 0.712693 0.060910 0.099906
0 0.914076 0.458320 0.060387 0.101016
0 0.677131 0.195109 0.066707 0.084302
0 0.390400 0.558560 0.066441 0.082443
0 0.721090 0.337247 0.070008 0.081641
0 0.393773 0.919904 0.071734 0.087089
0 0.902865 0.160099 0.070020 0.082500
0 0.455525 0.932362 0.061512 0.087307
0 0.207902 0.629542 0.071812 0.079750
0 0.367258 0.221708 0.065945 0.089979
0 0.763150 0.400297 0.070090 0.082958
0 0.528127 0.787477 0.070520 0.079453
0 0.815531 0.331513 0.070664 0.085651
0 0.899219 0.637336 0.062727 0.083359
0 0.856736 0.938831 0.063551 0.089036
0 0.327434 0.296120 0.068602 0.094552
0 0.085928 0.760734 0.068645 0.092521
0 0.395598 0.831003 0.062336 0.093464
0 0.208102 0.312974 0.064414 0.087667
