0 0.654283 0.746252 0.087904 0.134060
0 0.341066 0.785810 0.082779 0.169361
0 0.174148 0.871486 0.076031 0.145389
0 0.983397 0.951310 0.033206 0.094556
0 0.926272 0.589826 0.078195 0.131681
0 0.524669 0.844542 0.081594 0.142694
0 0.315874 0.920826 0.081638 0.146468
0 0.448469 0.867431 0.082443 0.154935
0 0.387225 0.923734 0.079034 0.140153
0 0.565590 0.925065 0.077174 0.138824
0 0.118490 0.956597 0.080245 0.085102
0 0.272564 0.793588 0.076013 0.157046
0 0.985797 0.538808 0.028406 0.132968
1 0.409958 0.739725 0.085401 0.146940
0 0.131507 0.152579 0.083409 0.135500
0 0.645913 0.955514 0.098534 0.088972
0 0.264564 0.962926 0.079013 0.074148
0 0.480999 0.965012 0.103034 0.069403
0 0.008268 0.515891 0.016536 0.138449
1 0.544145 0.711255 0.076570 0.138824
0 0.439086 0.019294 0.092490 0.038588
0 0.990936 0.287153 0.017549 0.150741
0 0.012184 0.163685 0.023831 0.143481
0 0.382741 0.363870 0.096784 0.134954
0 0.683926 0.330752 0.101529 0.153745
0 0.011081 0.897250 0.021688 0.140731
0 0.337003 0.027681 0.095333 0.055361
0 0.051672 0.945502 0.076245 0.108995
0 0.594919 0.805137 0.077536 0.131255
0 0.637663 0.516683 0.093206 0.141977
0 0.199749 0.962053 0.084815 0.074856
0 0.520250 0.041361 0.084469 0.081176
0 0.817135 0.770822 0.088063 0.181144
0 0.955607 0.188910 0.086229 0.150606
0 0.947253 0.907595 0.087620 0.142940
0 0.732500 0.801192 0.091927 0.148079
0 0.556632 0.290981 0.081789 0.137935
0 0.912137 0.060597 0.080232 0.116611
0 0.216598 0.139352 0.072055 0.146370
0 0.020298 0.283384 0.040596 0.125389
0 0.751990 0.265178 0.067625 0.119384
0 0.836505 0.945127 0.085172 0.106375
0 0.491509 0.231509 0.089294 0.162593
0 0.023539 0.402176 0.047078 0.127713
0 0.036495 0.807616 0.071510 0.142250
0 0.855901 0.633491 0.086464 0.135269
0 0.081027 0.708794 0.076513 0.143903
0 0.688801 0.148403 0.076206 0.131056
0 0.745674 0.680083 0.090974 0.134963
0 0.246796 0.670625 0.082966 0.139296
0 0.265648 0.228887 0.082984 0.152551
0 0.842742 0.379630 0.073714 0.131315
0 0.035246 0.642676 0.069143 0.125991
0 0.613464 0.365465 0.070547 0.115245
0 0.917378 0.355757 0.091344 0.149588
0 0.283138 0.076755 0.082646 0.136037
0 0.478820 0.579370 0.083375 0.137269
0 0.557112 0.495947 0.084193 0.149505
0 0.421766 0.141264 0.073229 0.132231
0 0.832003 0.053215 0.097130 0.106431
0 0.729605 0.559729 0.083622 0.134282
0 0.809380 0.532333 0.073828 0.132444
0 0.629262 0.230931 0.077117 0.135889
0 0.082540 0.372884 0.072711 0.138046
0 0.362409 0.631683 0.084958 0.144384
0 0.727926 0.074743 0.085992 0.149486
0 0.093135 0.554861 0.074682 0.132833
0 0.423061 0.482454 0.084815 0.155009
0 0.168362 0.266310 0.095307 0.123407
0 0.081633 0.062169 0.084609 0.124338
0 0.485344 0.408352 0.076370 0.132713
0 0.291793 0.571701 0.079008 0.137949
0 0.692603 0.446567 0.094414 0.134514
0 0.165382 0.510486 0.092378 0.143704
0 0.343829 0.482398 0.081482 0.142917
0 0.584992 0.618187 0.078594 0.128644
0 0.968526 0.685822 0.062948 0.142606
0 0.916324 0.718257 0.075174 0.144995
0 0.883189 0.248174 0.078940 0.146449
0 0.765353 0.917734 0.087628 0.145014
0 0.976954 0.814822 0.046091 0.139745
0 0.046570 0.490123 0.081203 0.139403
0 0.882721 0.827664 0.079344 0.148625
0 0.667993 0.629368 0.086128 0.133653
0 0.595868 0.036775 0.080555 0.072782
0 0.112949 0.869454 0.069138 0.120694
0 0.971257 0.415826 0.056346 0.147662
0 0.163573 0.050488 0.097099 0.098051
0 0.224674 0.838419 0.078385 0.169532
0 0.665589 0.859537 0.093917 0.136593
0 0.477395 0.728956 0.075831 0.165958
1 0.887048 0.481245 0.079576 0.133019
0 0.298483 0.349463 0.082018 0.147537
0 0.241648 0.416924 0.075375 0.137736
1 0.159133 0.384419 0.094823 0.137125
0 0.156695 0.749398 0.094094 0.130759
1 0.359746 0.241958 0.084023 0.150620
1 0.144353 0.635289 0.103622 0.134060
1 0.801264 0.177225 0.083867 0.142912
