1 0.180715 0.783115 0.065383 0.085010
0 0.009488 0.354000 0.018891 0.097208
1 0.263910 0.380289 0.064414 0.083839
1 0.231814 0.936727 0.067691 0.096005
1 0.435937 0.280458 0.073359 0.092750
1 0.971252 0.272703 0.055840 0.096573
1 0.833967 0.751266 0.068840 0.086938
0 0.771975 0.014115 0.077168 0.028229
1 0.161693 0.705849 0.077621 0.093042
1 0.822848 0.957250 0.060805 0.079750
0 0.646687 0.976901 0.067992 0.044969
1 0.681135 0.437745 0.079137 0.087979
1 0.876254 0.938638 0.058445 0.087443
1 0.121723 0.257216 0.071383 0.095589
1 0.211029 0.851091 0.069551 0.089203
1 0.658963 0.354430 0.082316 0.099391
1 0.963506 0.698945 0.070785 0.103328
1 0.423924 0.635703 0.069191 0.089000
1 0.542785 0.415883 0.072547 0.094620
1 0.873404 0.576677 0.074371 0.098167
1 0.717779 0.128651 0.069988 0.091250
1 0.635529 0.493773 0.070105 0.103589
1 0.781930 0.695289 0.068555 0.103974
0 0.550689 0.334018 0.076082 0.089859
1 0.367176 0.303266 0.070688 0.088292
1 0.105621 0.151685 0.072586 0.091859
1 0.687100 0.256987 0.070488 0.105599
1 0.472189 0.427974 0.070145 0.102552
1 0.569967 0.497180 0.068613 0.104224
1 0.728875 0.367073 0.064953 0.108333
0 0.209521 0.024013 0.084520 0.048026
0 0.787609 0.358909 0.072336 0.093880
1 0.375381 0.174474 0.075574 0.100865
0 0.015760 0.746177 0.031520 0.086844
0 0.980170 0.457529 0.039066 0.087682
0 0.149201 0.330250 0.076035 0.116094
0 0.954688 0.026969 0.076047 0.052281
0 0.980895 0.553036 0.037453 0.102312
0 0.980113 0.871307 0.038656 0.093437
0 0.359752 0.585458 0.067246 0.092906
0 0.034355 0.582062 0.068711 0.104875
0 0.963916 0.397805 0.072168 0.105443
0 0.812252 0.297964 0.074613 0.081208
0 0.095488 0.639539 0.065242 0.088568
0 0.451412 0.353716 0.079809 0.088620
0 0.474553 0.964469 0.069230 0.071063
0 0.582127 0.958628 0.060223 0.075672
0 0.345375 0.237604 0.078437 0.097625
0 0.855773 0.819073 0.073359 0.081958
0 0.944682 0.340893 0.070543 0.093432
0 0.598217 0.080969 0.071457 0.092594
0 0.291232 0.038547 0.072957 0.077094
0 0.694455 0.549773 0.094027 0.099828
0 0.922742 0.898161 0.074117 0.095958
0 0.075412 0.043005 0.073090 0.080302
0 0.228898 0.071156 0.078281 0.082240
0 0.691570 0.066932 0.077500 0.097052
0 0.201428 0.148898 0.083191 0.098734
0 0.412990 0.439766 0.062504 0.095906
0 0.971049 0.098701 0.056730 0.101286
0 0.541941 0.895695 0.069172 0.092839
0 0.048512 0.477755 0.073352 0.095927
0 0.896537 0.298055 0.066332 0.093755
0 0.835342 0.882380 0.073262 0.084062
0 0.602814 0.876857 0.064020 0.097734
0 0.901141 0.490906 0.073438 0.092969
0 0.588764 0.648927 0.072082 0.098375
0 0.571311 0.189318 0.068840 0.090292
0 0.438340 0.730984 0.070320 0.105208
0 0.314436 0.335547 0.064746 0.093406
0 0.504580 0.723130 0.070746 0.120542
0 0.259221 0.179872 0.079816 0.101901
0 0.897078 0.720273 0.063422 0.090589
0 0.695623 0.960625 0.065402 0.078750
0 0.728107 0.484331 0.069449 0.088339
0 0.372910 0.848721 0.068625 0.093995
0 0.237561 0.304307 0.076668 0.096229
0 0.311500 0.958057 0.072242 0.083885
0 0.447100 0.191497 0.074496 0.088880
0 0.951154 0.623445 0.079059 0.099286
0 0.771844 0.991833 0.068813 0.016333
1 0.766967 0.067339 0.071340 0.086698
1 0.027393 0.824388 0.054254 0.096911
1 0.509863 0.027245 0.079227 0.050510
1 0.090404 0.765557 0.070457 0.093844
0 0.009076 0.272138 0.017301 0.086776
1 0.060830 0.226068 0.071316 0.087510
1 0.196449 0.372331 0.076039 0.098036
1 0.844781 0.227169 0.072492 0.091839
0 0.837521 0.010326 0.073902 0.020547
1 0.137416 0.060784 0.060613 0.083505
1 0.048914 0.892456 0.076711 0.096286
1 0.281602 0.249453 0.069633 0.090958
0 0.007025 0.888841 0.013316 0.084661
1 0.781082 0.141081 0.071891 0.096432
1 0.277035 0.880432 0.070461 0.096073
1 0.953697 0.807000 0.076949 0.108198
1 0.101498 0.969948 0.066293 0.058219
1 0.673635 0.618646 0.073129 0.095062
0 0.697424 0.011982 0.074715 0.023964
1 0.767529 0.067539 0.070176 0.086682
1 0.035104 0.961156 0.069379 0.075458
0 0.200930 0.520674 0.068109 0.095505
0 0.528230 0.091305 0.073531 0.102349
0 0.163400 0.913836 0.067059 0.093870
0 0.505408 0.830839 0.070590 0.101958
0 0.386578 0.936878 0.063469 0.088984
0 0.440049 0.838680 0.069020 0.112766
0 0.166383 0.448174 0.078320 0.090943
0 0.852104 0.129068 0.069465 0.101198
0 0.048082 0.321409 0.073781 0.109693
0 0.415697 0.548766 0.074059 0.098656
0 0.761645 0.929935 0.071984 0.100755
0 0.770102 0.228474 0.078031 0.085552
0 0.641002 0.156992 0.076223 0.095016
0 0.643400 0.770047 0.073355 0.104083
0 0.717070 0.780664 0.073906 0.102370
0 0.845691 0.663510 0.070133 0.098354
0 0.487510 0.589599 0.077934 0.099719
0 0.314471 0.757201 0.073027 0.093839
0 0.165082 0.613286 0.081422 0.106156
0 0.451691 0.108003 0.075828 0.090641
0 0.099367 0.378352 0.078602 0.107339
0 0.884338 0.042086 0.070520 0.084172
