0 0.570340 0.206095 0.089253 0.137634
0 0.039085 0.305280 0.071513 0.135014
0 0.215294 0.563000 0.079240 0.132843
0 0.215780 0.757655 0.082685 0.150347
0 0.589298 0.338644 0.073487 0.119954
0 0.343911 0.337067 0.081130 0.137449
0 0.276762 0.115745 0.073372 0.133333
0 0.972676 0.543083 0.054372 0.120546
0 0.004388 0.360819 0.008427 0.134861
0 0.975841 0.460176 0.047687 0.129370
0 0.011281 0.961984 0.022172 0.074875
0 0.006298 0.862514 0.012388 0.142333
0 0.577031 0.785002 0.071042 0.116384
0 0.629142 0.852058 0.067367 0.124356
0 0.070430 0.178775 0.080229 0.128245
0 0.402630 0.922620 0.077057 0.140148
0 0.772846 0.590817 0.075849 0.124856
0 0.707406 0.833475 0.076339 0.138551
0 0.586474 0.657956 0.082266 0.138486
0 0.537003 0.425521 0.072698 0.114292
0 0.217090 0.429065 0.077654 0.130583
0 0.328926 0.477694 0.084951 0.133324
0 0.475246 0.954588 0.069195 0.087287
0 0.792296 0.823891 0.083180 0.146773
0 0.841960 0.113565 0.079888 0.134694
0 0.281527 0.859384 0.078263 0.133176
0 0.142410 0.702310 0.075393 0.135981
0 0.764227 0.953542 0.070479 0.090083
0 0.379712 0.705523 0.076216 0.121241
0 0.963016 0.059002 0.073969 0.115949
0 0.596518 0.518294 0.077563 0.131977
0 0.695417 0.951977 0.075516 0.093167
0 0.193005 0.365477 0.073036 0.138120
0 0.466268 0.849863 0.075464 0.116736
0 0.297229 0.634486 0.083073 0.135046
0 0.424663 0.730451 0.070695 0.137227
0 0.490500 0.034912 0.080641 0.069241
0 0.762546 0.067264 0.085456 0.132935
0 0.117889 0.915296 0.078648 0.147241
0 0.476132 0.538595 0.083701 0.132097
0 0.124854 0.478924 0.078464 0.130495
0 0.656285 0.454132 0.070435 0.124106
0 0.663409 0.319944 0.077594 0.137565
0 0.083576 0.581118 0.078052 0.134079
0 0.739908 0.198729 0.073648 0.128153
0 0.805164 0.364002 0.071859 0.118468
0 0.058698 0.712072 0.072990 0.130579
0 0.468824 0.129176 0.078451 0.126870
0 0.118525 0.341380 0.076758 0.135880
0 0.035376 0.571854 0.069961 0.118079
0 0.500020 0.709993 0.079706 0.134986
0 0.052203 0.845215 0.081208 0.129838
0 0.895908 0.663729 0.073664 0.108042
0 0.489049 0.407530 0.075823 0.135532
0 0.978279 0.213037 0.043443 0.123870
0 0.331194 0.607417 0.069737 0.122111
0 0.863335 0.534035 0.084773 0.154356
0 0.363408 0.203102 0.083654 0.148593
0 0.786145 0.473438 0.081529 0.120532
0 0.612005 0.956653 0.086240 0.085611
0 0.827996 0.691275 0.080555 0.137394
0 0.187523 0.032604 0.067891 0.063532
0 0.968199 0.969299 0.063336 0.059921
0 0.199137 0.907704 0.078060 0.127194
0 0.862137 0.266813 0.096565 0.130616
0 0.963706 0.677812 0.067979 0.110875
0 0.891022 0.851525 0.073195 0.122171
0 0.030607 0.974486 0.061214 0.047787
0 0.283025 0.981981 0.080133 0.031926
0 0.670742 0.626144 0.079385 0.130750
0 0.131783 0.098144 0.074680 0.130630
0 0.047779 0.058942 0.071042 0.115227
0 0.409622 0.429407 0.074031 0.129676
0 0.185462 0.195317 0.072961 0.126958
