0 0.993275 0.733312 0.013451 0.147366
0 0.425103 0.985153 0.081810 0.027907
0 0.668349 0.979951 0.078349 0.038560
0 0.806871 0.025690 0.078477 0.051380
0 0.832142 0.687664 0.061279 0.189597
0 0.274165 0.021444 0.077216 0.042630
3 0.785022 0.695463 0.073940 0.132620
0 0.242368 0.970053 0.085570 0.059894
0 0.014371 0.906880 0.028701 0.163741
0 0.981139 0.224748 0.037273 0.150856
0 0.314029 0.961924 0.069542 0.076153
0 0.879639 0.700542 0.075492 0.177787
0 0.310685 0.822005 0.089344 0.227843
0 0.626798 0.708604 0.101305 0.121468
0 0.731158 0.942032 0.081862 0.115139
0 0.824831 0.862683 0.074521 0.209625
0 0.866490 0.074870 0.083646 0.113167
0 0.211509 0.898243 0.078247 0.179773
0 0.765461 0.841870 0.079974 0.193769
0 0.225023 0.178435 0.079630 0.201130
0 0.944645 0.415900 0.071930 0.173421
0 0.278740 0.880588 0.074479 0.169324
0 0.974150 0.825259 0.051701 0.148269
0 0.180023 0.093850 0.077688 0.165542
0 0.660618 0.099641 0.084195 0.178977
0 0.668078 0.864044 0.079672 0.164977
0 0.723354 0.721630 0.079677 0.157509
0 0.345621 0.058389 0.088393 0.115157
0 0.256987 0.286206 0.090281 0.171069
0 0.885314 0.850949 0.080831 0.164667
0 0.746203 0.585727 0.084255 0.146537
0 0.953762 0.575653 0.080992 0.161148
0 0.644720 0.589176 0.083893 0.164139
0 0.596906 0.832190 0.086141 0.164315
0 0.220910 0.446880 0.091148 0.154907
0 0.585796 0.428178 0.096643 0.149514
0 0.104277 0.537324 0.081273 0.142472
0 0.141298 0.880900 0.082341 0.152505
0 0.420716 0.142405 0.093276 0.153625
0 0.508197 0.194199 0.083831 0.137231
0 0.441517 0.445171 0.074107 0.143667
0 0.620806 0.313491 0.084383 0.153500
0 0.247914 0.576190 0.082729 0.160083
0 0.335214 0.575539 0.082812 0.160116
0 0.547802 0.299894 0.080328 0.141231
0 0.178875 0.760296 0.083781 0.142111
0 0.594852 0.181998 0.091687 0.155125
0 0.400264 0.638032 0.088820 0.171509
0 0.377211 0.926745 0.079885 0.146509
0 0.415397 0.249954 0.078826 0.137722
0 0.877504 0.439211 0.085409 0.163903
0 0.037247 0.707708 0.074083 0.142306
0 0.342645 0.318368 0.082159 0.140181
0 0.347693 0.183447 0.079453 0.141384
0 0.512806 0.069762 0.089018 0.139523
0 0.366628 0.783681 0.079536 0.145000
