0 0.221284 0.027924 0.087151 0.054819
3 0.432529 0.661421 0.078755 0.138907
0 0.654275 0.030595 0.081862 0.060144
0 0.432395 0.038817 0.104284 0.077634
0 0.853482 0.038900 0.082062 0.077069
0 0.024836 0.034968 0.049672 0.069685
0 0.656344 0.949400 0.081083 0.100958
0 0.232758 0.096618 0.081943 0.127616
0 0.445073 0.773137 0.095250 0.151542
0 0.191158 0.777942 0.097279 0.149606
0 0.546867 0.308440 0.075260 0.191676
0 0.143646 0.699644 0.089479 0.129833
0 0.769332 0.450743 0.100367 0.149162
0 0.366031 0.600664 0.082953 0.179856
0 0.301055 0.070347 0.089859 0.140694
0 0.971469 0.752963 0.057016 0.145176
0 0.377152 0.944451 0.080872 0.110273
0 0.624453 0.276750 0.086891 0.145000
0 0.051263 0.666910 0.102526 0.124162
0 0.968217 0.882671 0.063555 0.137481
0 0.398594 0.094771 0.085891 0.138662
0 0.135767 0.884308 0.084560 0.149171
0 0.238154 0.214160 0.094672 0.147384
0 0.697526 0.887322 0.094068 0.141486
0 0.473715 0.570678 0.088940 0.133773
0 0.455448 0.168632 0.090318 0.150690
0 0.022504 0.125333 0.044883 0.142944
0 0.452253 0.935933 0.084833 0.128134
0 0.423676 0.502238 0.077497 0.147699
0 0.728841 0.090484 0.086724 0.174505
0 0.147237 0.071639 0.099979 0.138704
0 0.638115 0.772185 0.074469 0.141287
0 0.203465 0.610053 0.101487 0.139403
0 0.925688 0.099775 0.102109 0.153347
0 0.978967 0.974704 0.041414 0.049324
0 0.232253 0.982299 0.091302 0.033727
0 0.993788 0.183329 0.012388 0.189315
0 0.062288 0.984333 0.094331 0.029537
0 0.558527 0.716572 0.085258 0.158560
0 0.713478 0.765252 0.085445 0.132403
0 0.133065 0.343884 0.088151 0.164657
0 0.675376 0.505271 0.082367 0.135727
0 0.298604 0.936498 0.090698 0.127005
0 0.293736 0.621012 0.084529 0.146458
0 0.371486 0.805287 0.081659 0.134815
0 0.855335 0.646095 0.085836 0.140218
0 0.803255 0.097572 0.090328 0.171569
0 0.678204 0.651440 0.084039 0.140222
0 0.478324 0.291456 0.084982 0.147134
0 0.742495 0.558646 0.079552 0.136236
0 0.375607 0.221002 0.082849 0.141801
0 0.655000 0.146535 0.092047 0.166106
0 0.955539 0.217331 0.088693 0.152542
0 0.771180 0.673829 0.091458 0.156741
0 0.488792 0.847718 0.085526 0.137213
0 0.274188 0.483162 0.085828 0.140648
