0 0.960309 0.351856 0.079096 0.176259
0 0.375908 0.751123 0.095326 0.153838
1 0.490603 0.429576 0.076971 0.144310
0 0.426118 0.777479 0.081112 0.145079
0 0.639645 0.302093 0.080352 0.159537
0 0.724370 0.449486 0.099938 0.180176
0 0.101268 0.877338 0.082047 0.140954
0 0.897589 0.966225 0.077781 0.066894
0 0.701608 0.216924 0.080753 0.155347
0 0.453137 0.466836 0.079508 0.148838
0 0.738859 0.216134 0.075135 0.143296
0 0.021346 0.418093 0.042693 0.128009
0 0.357617 0.506722 0.077115 0.130380
0 0.936194 0.911968 0.085784 0.127426
0 0.158667 0.234185 0.081094 0.135417
0 0.930871 0.754988 0.074305 0.124755
0 0.583676 0.354773 0.081164 0.147630
0 0.635479 0.127368 0.079927 0.135060
0 0.648870 0.706484 0.076151 0.131718
0 0.444785 0.324032 0.084315 0.155444
0 0.302924 0.830940 0.076510 0.133315
0 0.040194 0.308942 0.077622 0.141440
0 0.036905 0.061278 0.073268 0.120704
0 0.578145 0.612248 0.083768 0.144014
0 0.241716 0.772940 0.082995 0.139713
0 0.027546 0.183343 0.055091 0.122361
0 0.677103 0.591106 0.078445 0.148333
0 0.779681 0.361343 0.085685 0.140093
0 0.970996 0.687928 0.057862 0.138468
0 0.831082 0.139463 0.087706 0.146352
1 0.580254 0.059215 0.080263 0.117727
1 0.879655 0.845118 0.079076 0.136903
0 0.051509 0.932164 0.098378 0.130662
0 0.020501 0.966785 0.041003 0.066431
1 0.106139 0.316236 0.080492 0.149148
0 0.197441 0.352898 0.092831 0.149750
1 0.586499 0.178958 0.079810 0.151380
0 0.216566 0.385551 0.079930 0.163880
