0 0.786005 0.361856 0.084531 0.127898
0 0.585609 0.058866 0.073427 0.114880
0 0.276474 0.362921 0.105271 0.121509
0 0.849930 0.223319 0.087578 0.158898
0 0.239018 0.871194 0.097036 0.130167
0 0.166221 0.320278 0.089901 0.166815
0 0.692490 0.171856 0.077615 0.132491
0 0.975615 0.184088 0.048552 0.136787
0 0.825094 0.060389 0.082646 0.120778
0 0.910628 0.039079 0.088130 0.075176
0 0.008758 0.759565 0.017516 0.167241
0 0.762685 0.234236 0.086766 0.129657
0 0.185826 0.519917 0.069901 0.154611
0 0.950349 0.588282 0.074813 0.135231
0 0.097464 0.039560 0.079000 0.073435
0 0.990974 0.536676 0.017177 0.153926
0 0.766708 0.033472 0.089104 0.066944
0 0.493729 0.221662 0.075385 0.139194
0 0.431042 0.042014 0.072646 0.077324
0 0.790422 0.595731 0.088594 0.128130
0 0.523180 0.585167 0.089714 0.178944
0 0.176021 0.969292 0.121375 0.061417
0 0.937695 0.970773 0.107891 0.058454
0 0.007148 0.305241 0.014297 0.156852
0 0.034484 0.017431 0.068969 0.030731
0 0.985117 0.723653 0.027839 0.138509
0 0.682776 0.056444 0.097344 0.112407
0 0.537292 0.148662 0.099354 0.110731
0 0.708753 0.270157 0.087818 0.150056
0 0.888901 0.746745 0.084385 0.139546
0 0.372953 0.848250 0.083167 0.165278
0 0.695651 0.846500 0.084844 0.150167
0 0.490823 0.647856 0.088833 0.140750
0 0.046273 0.930343 0.083932 0.139315
0 0.307625 0.470921 0.084427 0.160194
0 0.518016 0.940065 0.077000 0.115519
0 0.341070 0.260815 0.079130 0.166148
0 0.586484 0.623648 0.085677 0.150370
0 0.247013 0.531394 0.083703 0.153139
0 0.861174 0.932255 0.087745 0.134565
0 0.439049 0.382463 0.101797 0.136259
0 0.459143 0.890593 0.077339 0.136426
0 0.331456 0.936009 0.080901 0.123130
0 0.260232 0.263560 0.085130 0.130935
0 0.147414 0.773954 0.078266 0.135870
0 0.254596 0.716407 0.082693 0.152148
0 0.560714 0.799903 0.074917 0.159250
0 0.621914 0.751343 0.101380 0.157815
0 0.277573 0.114037 0.094156 0.134685
0 0.632552 0.132028 0.078135 0.166315
0 0.775289 0.941634 0.081786 0.115009
0 0.677810 0.383199 0.083141 0.155472
0 0.049513 0.756380 0.083234 0.147722
0 0.433706 0.503380 0.079422 0.136519
0 0.421122 0.633722 0.087568 0.129426
0 0.814445 0.472690 0.083547 0.139991
0 0.737312 0.566977 0.091479 0.156750
0 0.043393 0.369847 0.073641 0.161935
0 0.408003 0.276079 0.086661 0.136380
0 0.365026 0.523759 0.073156 0.139556
0 0.955049 0.816606 0.089901 0.134139
0 0.676857 0.562491 0.070349 0.147926
0 0.751570 0.112560 0.092172 0.121102
0 0.609125 0.522338 0.088312 0.145583
0 0.125021 0.106995 0.100719 0.127139
0 0.312758 0.784514 0.077234 0.179269
0 0.723771 0.460310 0.090854 0.128213
0 0.834383 0.811352 0.080661 0.129500
0 0.780984 0.704435 0.089833 0.139852
0 0.868052 0.532565 0.082354 0.140704
0 0.458021 0.743972 0.102823 0.136704
0 0.239245 0.048796 0.089990 0.097593
0 0.512667 0.053843 0.091250 0.105852
0 0.174904 0.906486 0.090630 0.124028
0 0.133812 0.227653 0.083448 0.131083
0 0.348740 0.054185 0.082938 0.108370
0 0.867479 0.113940 0.083802 0.115213
0 0.926253 0.881972 0.089651 0.138593
0 0.561070 0.257403 0.088005 0.136213
0 0.540401 0.546769 0.079260 0.163815
0 0.049901 0.627259 0.092260 0.137037
4 0.606070 0.408986 0.099786 0.160528
0 0.126940 0.458023 0.079026 0.140083
