0 0.820921 0.361650 0.081669 0.136236
0 0.561760 0.655750 0.073328 0.141009
0 0.340651 0.078451 0.080656 0.138079
0 0.109510 0.761655 0.071922 0.136255
0 0.610977 0.465194 0.083630 0.154398
0 0.800086 0.707083 0.082266 0.146759
0 0.948694 0.653903 0.079414 0.137296
0 0.491924 0.133928 0.079693 0.140412
0 0.304669 0.564514 0.081620 0.129704
0 0.478329 0.484301 0.080383 0.144213
0 0.253195 0.459854 0.083010 0.150681
0 0.910418 0.896692 0.081185 0.147727
0 0.413443 0.344769 0.066766 0.129037
0 0.490835 0.617697 0.078122 0.144542
0 0.617100 0.751537 0.082294 0.161954
0 0.189242 0.766016 0.075401 0.133884
0 0.804729 0.121350 0.095323 0.144708
0 0.133750 0.502373 0.077099 0.131856
0 0.136457 0.291870 0.089883 0.140713
0 0.344951 0.303708 0.072531 0.142815
0 0.031434 0.766787 0.062867 0.130704
0 0.069611 0.876382 0.075930 0.126810
0 0.417288 0.153456 0.074096 0.117125
0 0.070688 0.466606 0.069786 0.123444
0 0.578656 0.870558 0.064937 0.116514
0 0.474941 0.896285 0.077716 0.124949
0 0.011986 0.880387 0.023971 0.134375
0 0.992579 0.688789 0.014841 0.134079
0 0.005833 0.629775 0.011573 0.137773
0 0.429453 0.980296 0.078521 0.036537
0 0.512960 0.980373 0.079154 0.038088
0 0.584043 0.033905 0.070784 0.067810
0 0.031313 0.961187 0.062625 0.077162
0 0.228301 0.199331 0.068331 0.132486
0 0.065344 0.355461 0.074599 0.123764
0 0.270721 0.196505 0.077391 0.139843
0 0.638172 0.925032 0.065880 0.118685
0 0.722712 0.956688 0.075039 0.086625
0 0.912882 0.563176 0.064789 0.105444
0 0.953715 0.473525 0.081107 0.147032
0 0.957111 0.322567 0.069685 0.124310
0 0.423632 0.600093 0.062107 0.117426
0 0.573523 0.155019 0.084885 0.135241
0 0.508792 0.350414 0.076932 0.137579
0 0.736165 0.830465 0.077570 0.131847
0 0.687167 0.392134 0.076625 0.132741
0 0.333693 0.441363 0.066786 0.123292
0 0.182517 0.399389 0.079560 0.136639
0 0.387029 0.837852 0.086932 0.154352
0 0.371915 0.698255 0.083430 0.142667
0 0.833581 0.918187 0.080151 0.145625
0 0.905574 0.068389 0.085268 0.136778
0 0.757846 0.445164 0.073932 0.135440
0 0.935376 0.197914 0.076247 0.140894
0 0.018326 0.050139 0.036651 0.099491
0 0.744076 0.030345 0.080703 0.060690
0 0.014279 0.341676 0.028526 0.134083
3 0.813781 0.525410 0.069693 0.122662
0 0.479184 0.019634 0.074529 0.039269
