0 0.436892 0.775863 0.084310 0.141125
0 0.390667 0.464271 0.080490 0.130431
0 0.861378 0.380919 0.078422 0.130995
0 0.369440 0.730227 0.084365 0.158361
0 0.560010 0.868123 0.078792 0.150708
0 0.194326 0.916637 0.081333 0.145764
0 0.325533 0.129903 0.074779 0.130500
0 0.721671 0.507475 0.086414 0.141690
0 0.345276 0.865116 0.083151 0.146111
0 0.151095 0.231810 0.086008 0.139796
0 0.416708 0.901829 0.084068 0.148546
0 0.702979 0.393921 0.076172 0.121157
0 0.934678 0.209514 0.077159 0.121185
0 0.261991 0.364789 0.086367 0.143903
0 0.272723 0.933208 0.093195 0.133583
0 0.106309 0.118595 0.079919 0.141995
0 0.964870 0.663023 0.070224 0.150778
0 0.792866 0.345194 0.079430 0.146944
0 0.458625 0.521400 0.082573 0.140792
0 0.619167 0.082780 0.082932 0.142051
0 0.213771 0.505414 0.077870 0.161116
0 0.948824 0.090130 0.093107 0.155028
0 0.041328 0.436692 0.082656 0.157477
0 0.372526 0.214317 0.085859 0.142088
0 0.544396 0.106111 0.080479 0.141880
0 0.179316 0.119664 0.083034 0.137792
0 0.730047 0.281708 0.087917 0.147565
0 0.640993 0.562810 0.070622 0.122130
0 0.264971 0.793486 0.078641 0.137009
0 0.141749 0.476125 0.084706 0.145852
0 0.603387 0.665458 0.092331 0.153111
0 0.585104 0.388433 0.073547 0.123301
0 0.414077 0.617037 0.083201 0.145574
0 0.488333 0.197956 0.079182 0.139560
0 0.036117 0.209697 0.072063 0.146255
0 0.376811 0.343715 0.086398 0.138949
0 0.085879 0.537079 0.077440 0.135981
0 0.099083 0.687694 0.086068 0.146806
0 0.783298 0.738449 0.085680 0.140370
0 0.697443 0.769213 0.088792 0.160157
0 0.052172 0.809197 0.077453 0.137208
0 0.252632 0.637417 0.081091 0.142907
0 0.623690 0.209241 0.074635 0.128769
0 0.535270 0.590785 0.074294 0.130949
0 0.947646 0.396387 0.089250 0.151042
0 0.490760 0.403674 0.083000 0.133468
0 0.767036 0.607019 0.092302 0.155463
0 0.272095 0.229937 0.084117 0.140616
0 0.691820 0.172245 0.082229 0.141417
0 0.622104 0.803736 0.085115 0.151528
0 0.901934 0.493338 0.090060 0.146287
0 0.540432 0.290731 0.088630 0.157602
0 0.834991 0.874789 0.086299 0.144884
0 0.934401 0.786676 0.093948 0.164648
0 0.175458 0.616701 0.087813 0.151125
0 0.939732 0.013877 0.088380 0.027755
0 0.257578 0.711255 0.079562 0.293981
0 0.577322 0.502583 0.076815 0.123417
0 0.708323 0.057907 0.082401 0.113759
0 0.154147 0.033127 0.086143 0.065236
0 0.856056 0.967681 0.086409 0.064639
0 0.375530 0.056317 0.080701 0.111273
0 0.887051 0.275775 0.084826 0.144264
0 0.467785 0.054602 0.085003 0.106204
0 0.748996 0.856400 0.093654 0.140727
0 0.643712 0.956296 0.078826 0.086741
0 0.723874 0.951627 0.088336 0.096394
0 0.696818 0.632854 0.080005 0.136440
0 0.242008 0.104771 0.079536 0.158495
0 0.974827 0.289924 0.050346 0.148292
0 0.424400 0.139347 0.079810 0.148528
0 0.159341 0.353907 0.095833 0.133204
0 0.641842 0.332944 0.081513 0.141898
0 0.468156 0.953975 0.091583 0.092051
0 0.013243 0.950032 0.026487 0.096435
4 0.292857 0.500366 0.104094 0.184157
0 0.009760 0.727718 0.019042 0.135769
0 0.310257 0.017692 0.086393 0.035282
0 0.038258 0.017285 0.076516 0.034569
0 0.990875 0.080593 0.017854 0.161185
0 0.368099 0.959560 0.086771 0.077981
0 0.571316 0.967264 0.083758 0.065472
0 0.021458 0.084704 0.042917 0.140870
0 0.967451 0.979602 0.065099 0.040111
0 0.781854 0.025271 0.100490 0.050542
0 0.986618 0.767102 0.026763 0.147546
0 0.975505 0.899044 0.048990 0.143495
