0 0.007823 0.090681 0.014859 0.153583
0 0.995945 0.754569 0.008109 0.116296
0 0.974721 0.011301 0.050557 0.022213
0 0.264868 0.574852 0.080664 0.125009
0 0.011816 0.049419 0.023133 0.098838
0 0.820324 0.238509 0.066596 0.136278
0 0.018730 0.583465 0.037247 0.125782
0 0.698328 0.940373 0.062615 0.113931
0 0.801681 0.978014 0.079607 0.043185
0 0.995000 0.063468 0.010000 0.123620
0 0.161207 0.185794 0.071445 0.126431
0 0.508051 0.416097 0.077544 0.127407
0 0.991508 0.605803 0.016193 0.112338
0 0.823539 0.011979 0.077599 0.023875
0 0.056059 0.878565 0.079258 0.120278
0 0.406440 0.055646 0.085083 0.111292
0 0.987936 0.181419 0.023393 0.105060
0 0.186079 0.057113 0.089346 0.114060
0 0.981902 0.956144 0.035576 0.086722
0 0.293594 0.023488 0.066068 0.046653
0 0.031047 0.367789 0.060974 0.111227
0 0.013930 0.480977 0.027859 0.115750
0 0.623978 0.081542 0.071367 0.110611
0 0.531630 0.052655 0.100651 0.105310
0 0.409243 0.966012 0.062096 0.067625
0 0.024344 0.315431 0.048688 0.139722
0 0.031460 0.758000 0.062919 0.116741
0 0.161556 0.234269 0.080492 0.156009
0 0.898168 0.547484 0.075419 0.128884
0 0.207178 0.716894 0.076242 0.106741
0 0.234533 0.775664 0.088284 0.106069
0 0.480134 0.094461 0.066049 0.109671
0 0.476585 0.393671 0.077664 0.136602
0 0.656036 0.102889 0.074708 0.130463
0 0.561404 0.656718 0.077974 0.111306
0 0.083514 0.282183 0.089487 0.148477
0 0.721212 0.910331 0.073513 0.128245
0 0.348458 0.919516 0.070542 0.121810
0 0.718678 0.033389 0.080279 0.064843
0 0.839618 0.683995 0.089648 0.154176
0 0.976720 0.364877 0.046419 0.137560
0 0.773655 0.712491 0.088445 0.115630
0 0.050311 0.950891 0.070018 0.097579
0 0.680009 0.536463 0.068951 0.116704
0 0.759266 0.788604 0.092469 0.127958
0 0.842074 0.489792 0.067836 0.124361
0 0.071130 0.462738 0.086568 0.130421
0 0.859854 0.099051 0.088906 0.175861
0 0.307990 0.567361 0.071958 0.138704
0 0.922866 0.516030 0.080305 0.128347
0 0.298047 0.878854 0.082526 0.121162
0 0.616806 0.238662 0.081831 0.150694
0 0.034807 0.614799 0.068646 0.142782
0 0.534456 0.263336 0.077052 0.132236
0 0.729082 0.649641 0.069951 0.144144
0 0.242880 0.201044 0.083427 0.135032
0 0.496818 0.282417 0.080734 0.135843
0 0.377956 0.101162 0.075380 0.131194
0 0.399079 0.251405 0.074008 0.134458
0 0.196518 0.890595 0.069250 0.141810
0 0.183947 0.529586 0.090539 0.151199
0 0.245889 0.890248 0.075237 0.133264
0 0.782272 0.407111 0.085924 0.117222
0 0.546717 0.547021 0.078664 0.108477
0 0.502359 0.622009 0.076062 0.123509
0 0.449712 0.739639 0.088596 0.162537
0 0.952410 0.653062 0.086674 0.129162
0 0.479508 0.154815 0.077203 0.129361
0 0.362910 0.259076 0.062945 0.119292
0 0.814872 0.539315 0.074563 0.146565
0 0.952306 0.179546 0.082091 0.127324
0 0.339428 0.609530 0.070430 0.115245
0 0.115527 0.049350 0.072971 0.098079
0 0.757215 0.114072 0.067695 0.150653
0 0.582202 0.856273 0.084706 0.121722
0 0.800960 0.846299 0.083628 0.136968
0 0.686525 0.639148 0.078648 0.141741
0 0.936086 0.882507 0.066635 0.108412
0 0.220104 0.639428 0.067078 0.111995
0 0.774086 0.229259 0.083547 0.155093
0 0.540501 0.482463 0.071919 0.122843
0 0.477660 0.951477 0.076362 0.096759
0 0.083655 0.595400 0.084331 0.127940
0 0.563125 0.765352 0.091234 0.133574
0 0.954691 0.291938 0.076471 0.139532
0 0.142322 0.948468 0.078378 0.102157
0 0.109712 0.695162 0.094503 0.136537
0 0.603297 0.448687 0.061948 0.086671
0 0.525125 0.896250 0.065813 0.126806
0 0.346630 0.751662 0.077292 0.135741
0 0.618671 0.354199 0.065258 0.109157
0 0.621277 0.946231 0.073935 0.107537
0 0.438513 0.429030 0.077365 0.147032
0 0.068314 0.167181 0.086716 0.114889
0 0.807418 0.349836 0.080555 0.129403
0 0.887116 0.827958 0.073852 0.115620
0 0.283982 0.418657 0.093500 0.131093
0 0.911178 0.380972 0.079805 0.140852
0 0.712853 0.348407 0.083716 0.126981
0 0.685568 0.810032 0.067932 0.126019
0 0.273651 0.312910 0.082042 0.127505
0 0.451168 0.586887 0.075732 0.132144
0 0.880172 0.927528 0.067500 0.129389
0 0.619298 0.669866 0.079956 0.150259
0 0.309125 0.176782 0.070427 0.122509
0 0.954652 0.774248 0.076602 0.143968
0 0.692082 0.222933 0.070612 0.132162
0 0.282091 0.694475 0.074797 0.130551
0 0.207828 0.353762 0.075130 0.146458
0 0.391432 0.528796 0.069604 0.122398
0 0.370212 0.386083 0.078924 0.141824
3 0.252734 0.126238 0.077255 0.129338
3 0.619230 0.523530 0.074555 0.114708
