0 0.054259 0.567449 0.078539 0.170046
0 0.891458 0.115468 0.077531 0.169815
0 0.451305 0.869164 0.076948 0.177468
0 0.162572 0.744947 0.090299 0.151440
0 0.574026 0.215343 0.079589 0.141954
0 0.028355 0.748836 0.056711 0.152653
0 0.567876 0.612486 0.096279 0.161139
0 0.397249 0.932113 0.082898 0.133144
0 0.382757 0.795192 0.090076 0.147810
0 0.213423 0.059539 0.082732 0.118486
0 0.470885 0.577417 0.083255 0.151278
0 0.255956 0.629442 0.075036 0.136551
0 0.647316 0.563252 0.074388 0.151292
0 0.621578 0.892491 0.076969 0.162769
0 0.342947 0.192449 0.084570 0.148704
0 0.116448 0.610868 0.079391 0.154412
0 0.264443 0.147250 0.083708 0.149269
0 0.445919 0.702150 0.078698 0.138097
0 0.304555 0.755324 0.078812 0.147824
0 0.152607 0.216130 0.079172 0.140102
0 0.458198 0.057782 0.077005 0.114769
0 0.378665 0.085113 0.082299 0.144236
0 0.571915 0.352667 0.088159 0.142111
0 0.271020 0.296623 0.082607 0.164162
0 0.377327 0.654963 0.085451 0.149787
0 0.083848 0.859329 0.075107 0.156963
0 0.499302 0.387556 0.087609 0.152315
0 0.083241 0.721486 0.078654 0.137870
0 0.200051 0.350069 0.088440 0.164000
0 0.038139 0.075812 0.076164 0.147625
0 0.138658 0.074567 0.081768 0.146662
0 0.521938 0.114356 0.082766 0.139157
0 0.232328 0.876928 0.082510 0.131606
0 0.574496 0.760708 0.089956 0.149796
0 0.226227 0.503113 0.087891 0.149505
0 0.186323 0.620076 0.079536 0.153088
0 0.116751 0.463720 0.089211 0.158977
0 0.904633 0.511338 0.076240 0.131120
0 0.518077 0.927164 0.085763 0.139523
0 0.614257 0.451738 0.094299 0.144968
0 0.921292 0.265285 0.083474 0.134532
1 0.655603 0.709299 0.081482 0.148782
1 0.493053 0.244660 0.081951 0.153875
0 0.994181 0.060833 0.011638 0.121296
0 0.521202 0.023190 0.090128 0.045250
0 0.084466 0.030833 0.086422 0.061361
0 0.661760 0.974035 0.090120 0.051079
0 0.342576 0.972454 0.084771 0.054704
0 0.039225 0.974414 0.078451 0.050921
0 0.853013 0.666394 0.096536 0.138028
0 0.982327 0.710764 0.035346 0.140833
0 0.848104 0.960924 0.089354 0.077097
0 0.980715 0.426771 0.038570 0.154181
0 0.228273 0.969708 0.075922 0.060583
0 0.526475 0.825625 0.095883 0.148324
0 0.975596 0.940600 0.048411 0.114671
0 0.896836 0.380199 0.086505 0.136065
0 0.839803 0.443072 0.082258 0.131051
0 0.311509 0.596975 0.077654 0.155097
0 0.438283 0.158148 0.095529 0.154870
0 0.956306 0.154218 0.082320 0.129296
0 0.960848 0.046049 0.071279 0.091162
0 0.975448 0.283347 0.049104 0.153046
0 0.847353 0.801553 0.079690 0.143514
0 0.233316 0.759961 0.083294 0.141894
0 0.728405 0.727384 0.078049 0.134991
0 0.834703 0.571387 0.088083 0.136995
0 0.957943 0.611961 0.084115 0.134597
0 0.031271 0.881912 0.062083 0.142009
0 0.920108 0.943502 0.075154 0.111940
0 0.697999 0.872437 0.084221 0.150838
0 0.767370 0.488475 0.079687 0.152597
0 0.058475 0.332664 0.080362 0.152458
0 0.138866 0.945137 0.083242 0.109579
0 0.716151 0.570713 0.076859 0.148417
0 0.777083 0.824303 0.072776 0.141542
0 0.917070 0.730928 0.086974 0.149190
