1 0.836382 0.716995 0.085299 0.138667
0 0.300191 0.268850 0.075930 0.136838
0 0.005565 0.101843 0.011130 0.131417
0 0.011672 0.486873 0.023344 0.169588
1 0.047656 0.656963 0.085031 0.141731
0 0.621560 0.977019 0.073620 0.043556
0 0.785264 0.814988 0.079846 0.146282
0 0.248660 0.153389 0.080492 0.159833
0 0.872803 0.472097 0.094518 0.128685
0 0.303535 0.491303 0.075878 0.145255
0 0.785464 0.469317 0.082599 0.144023
0 0.522901 0.584773 0.084641 0.148324
0 0.590898 0.338873 0.083286 0.169477
0 0.882698 0.226699 0.082349 0.130741
0 0.095910 0.565199 0.072008 0.130426
0 0.216608 0.404042 0.084242 0.126602
0 0.107380 0.218428 0.081760 0.136514
0 0.412581 0.434389 0.080594 0.137972
0 0.522388 0.276155 0.074203 0.135440
0 0.373016 0.173310 0.078260 0.134750
0 0.764667 0.192146 0.079062 0.155088
0 0.533909 0.075900 0.084688 0.141134
0 0.445773 0.249398 0.078677 0.140056
0 0.143674 0.986169 0.080661 0.024634
0 0.182549 0.161785 0.080510 0.141810
0 0.156059 0.483556 0.082961 0.139407
0 0.574840 0.481725 0.077242 0.128792
0 0.378801 0.314458 0.080997 0.131343
0 0.633401 0.236252 0.077245 0.151625
0 0.975290 0.814016 0.049419 0.167134
0 0.205888 0.023924 0.071630 0.047847
0 0.015529 0.905903 0.031057 0.136843
1 0.809350 0.328134 0.077586 0.136667
0 0.017443 0.750667 0.034885 0.140843
1 0.721445 0.606356 0.076615 0.135287
0 0.977042 0.677644 0.045917 0.146491
0 0.387260 0.032194 0.085042 0.064389
0 0.929105 0.032354 0.078039 0.064236
1 0.684382 0.301144 0.085919 0.163361
0 0.227158 0.709275 0.081560 0.144171
0 0.075561 0.956602 0.078185 0.085981
0 0.973138 0.938461 0.053724 0.121616
0 0.299802 0.641106 0.084943 0.146213
0 0.632121 0.675859 0.084680 0.125866
0 0.745768 0.947313 0.089531 0.104014
0 0.755754 0.699333 0.081779 0.130648
0 0.527760 0.939884 0.083073 0.118870
0 0.271889 0.044833 0.076143 0.088389
0 0.918409 0.716419 0.080292 0.140032
0 0.465158 0.042271 0.073872 0.084542
0 0.240626 0.833859 0.085393 0.139829
0 0.819072 0.051586 0.084185 0.101958
0 0.948552 0.409755 0.074979 0.131759
0 0.686630 0.146919 0.087479 0.170144
0 0.131862 0.895308 0.081505 0.153236
0 0.741440 0.086623 0.082250 0.134468
0 0.818612 0.183002 0.070609 0.161069
0 0.393340 0.565153 0.083435 0.131639
0 0.968207 0.126769 0.063586 0.132824
0 0.089523 0.092843 0.075063 0.122083
0 0.647198 0.801641 0.071865 0.123736
0 0.194783 0.925771 0.075721 0.143171
0 0.303604 0.912491 0.086339 0.140324
0 0.343569 0.088345 0.090617 0.132477
0 0.505362 0.811984 0.082646 0.145940
0 0.588076 0.158655 0.081458 0.148588
0 0.910839 0.588030 0.089448 0.135366
0 0.155009 0.322435 0.080221 0.139648
0 0.163145 0.771977 0.080534 0.151602
0 0.427173 0.877537 0.079919 0.168204
0 0.627408 0.547456 0.081695 0.131606
0 0.680861 0.452338 0.088102 0.146731
0 0.981754 0.463854 0.036492 0.171319
0 0.881004 0.099796 0.081971 0.137417
0 0.476049 0.696021 0.082365 0.134218
0 0.521102 0.411806 0.077958 0.133898
0 0.957400 0.256863 0.077648 0.134264
0 0.359072 0.825924 0.077367 0.142190
0 0.714789 0.022648 0.093599 0.044880
0 0.826109 0.934539 0.080937 0.129449
0 0.824280 0.592993 0.075581 0.124819
0 0.397839 0.716442 0.076396 0.139060
0 0.720953 0.843528 0.073057 0.147491
0 0.879680 0.357713 0.078995 0.139148
0 0.575607 0.762500 0.077948 0.150509
0 0.049483 0.453921 0.074846 0.144259
0 0.015699 0.247113 0.031305 0.156727
0 0.020056 0.028053 0.039695 0.054282
0 0.105618 0.022803 0.081451 0.044310
0 0.990134 0.304315 0.019732 0.155991
0 0.261487 0.977859 0.091167 0.043727
