0 0.957086 0.377137 0.085828 0.170505
0 0.141073 0.303963 0.111354 0.123065
0 0.617227 0.121113 0.095849 0.144477
0 0.216962 0.118081 0.080133 0.170236
0 0.650332 0.610132 0.092393 0.154319
0 0.361665 0.513965 0.105273 0.158616
0 0.648984 0.367375 0.109953 0.158056
0 0.272971 0.175463 0.094505 0.154806
0 0.355426 0.971870 0.098086 0.056259
0 0.230875 0.274833 0.117036 0.166407
0 0.547676 0.053301 0.103534 0.106602
0 0.075328 0.095472 0.117318 0.136731
0 0.631234 0.033197 0.088833 0.066394
1 0.967590 0.081699 0.063924 0.139398
1 0.583495 0.536720 0.086266 0.156097
0 0.009822 0.207329 0.019643 0.163907
0 0.992141 0.432023 0.015719 0.160176
0 0.507491 0.574373 0.103581 0.157634
0 0.039939 0.902859 0.079742 0.140310
0 0.662970 0.487736 0.090372 0.135880
0 0.957638 0.677338 0.084036 0.161954
0 0.315599 0.643296 0.114505 0.134889
0 0.348605 0.122183 0.089487 0.171949
1 0.486105 0.721609 0.094753 0.149995
1 0.296530 0.473826 0.103820 0.122282
0 0.278674 0.355725 0.090458 0.149347
0 0.958427 0.817826 0.083146 0.144662
0 0.570283 0.938887 0.091898 0.121958
0 0.568958 0.808157 0.101818 0.154083
0 0.375543 0.757711 0.104169 0.135968
0 0.160540 0.191088 0.094133 0.144231
0 0.398254 0.612845 0.090732 0.162782
0 0.949730 0.937894 0.098258 0.124213
0 0.692872 0.085220 0.097344 0.166079
0 0.314512 0.841778 0.088690 0.161194
0 0.582928 0.670917 0.107034 0.149250
1 0.976901 0.553829 0.046198 0.148231
1 0.059924 0.197590 0.105766 0.143894
1 0.282475 0.060417 0.096893 0.118028
