0 0.966328 0.389500 0.065583 0.155463
0 0.517563 0.635486 0.080490 0.141324
0 0.658396 0.835282 0.083708 0.130769
0 0.529026 0.322949 0.074438 0.117657
0 0.740786 0.077176 0.077042 0.154352
0 0.674128 0.940796 0.087130 0.113648
0 0.384091 0.636718 0.082901 0.151213
0 0.682706 0.052486 0.074078 0.104935
0 0.685969 0.337838 0.083333 0.151731
0 0.359388 0.471157 0.082359 0.145593
0 0.488878 0.484481 0.081297 0.138389
0 0.573635 0.474972 0.094927 0.165648
0 0.759159 0.866106 0.068224 0.126750
0 0.374669 0.414204 0.081484 0.135130
0 0.982310 0.548176 0.034443 0.163259
0 0.167919 0.031671 0.093224 0.063343
0 0.417612 0.268801 0.081682 0.149306
0 0.708193 0.466079 0.080302 0.153472
0 0.806549 0.069181 0.089984 0.138361
0 0.248229 0.839458 0.091813 0.149861
0 0.968130 0.675949 0.063312 0.136620
0 0.526464 0.868653 0.082542 0.148046
0 0.652419 0.601037 0.069745 0.139630
0 0.452333 0.520745 0.086594 0.164194
0 0.017018 0.527139 0.030380 0.159685
0 0.355510 0.978375 0.082729 0.040213
0 0.040104 0.954273 0.078802 0.091454
0 0.025813 0.924097 0.049823 0.136546
0 0.630320 0.976875 0.105391 0.046250
0 0.278878 0.943532 0.085766 0.112935
0 0.816138 0.635287 0.089536 0.153074
0 0.290695 0.441977 0.072255 0.144324
0 0.905297 0.327671 0.092344 0.155287
0 0.729411 0.565963 0.088250 0.142815
0 0.311677 0.757421 0.085271 0.156361
0 0.478443 0.362759 0.086531 0.137444
0 0.821984 0.811005 0.095740 0.143731
0 0.120310 0.736389 0.093172 0.167056
0 0.287987 0.222171 0.090828 0.158046
0 0.943667 0.129745 0.081677 0.137935
0 0.867422 0.514255 0.081052 0.142583
0 0.392073 0.138829 0.100208 0.156250
0 0.042510 0.101241 0.082021 0.144389
0 0.965049 0.890111 0.069901 0.148815
0 0.069917 0.853620 0.090062 0.151759
0 0.244339 0.107787 0.089938 0.156000
0 0.720214 0.794144 0.078125 0.151972
0 0.201701 0.676662 0.089193 0.154417
0 0.929789 0.709292 0.085891 0.146935
0 0.590065 0.865389 0.078047 0.144463
0 0.638643 0.088685 0.082120 0.144019
0 0.976549 0.037190 0.043224 0.068157
0 0.912099 0.569792 0.075490 0.120713
0 0.619745 0.613505 0.078042 0.144065
0 0.914891 0.937931 0.085240 0.121972
0 0.345755 0.300532 0.077927 0.141972
0 0.070961 0.613949 0.090974 0.164880
3 0.531185 0.219495 0.085203 0.154676
