0 0.365874 0.381771 0.079013 0.136625
0 0.846617 0.193616 0.085359 0.146046
0 0.929605 0.596912 0.079336 0.153222
0 0.883944 0.941711 0.079362 0.116579
0 0.824122 0.814044 0.083797 0.135921
0 0.810964 0.630331 0.086214 0.153375
0 0.517771 0.906139 0.084849 0.157000
0 0.380540 0.253111 0.078497 0.147407
0 0.841546 0.444160 0.090440 0.151560
0 0.917145 0.453593 0.092081 0.161611
0 0.964249 0.872613 0.071503 0.159866
0 0.969939 0.539417 0.059674 0.150463
0 0.868809 0.563958 0.092060 0.166583
0 0.519719 0.765257 0.088344 0.162319
0 0.477098 0.032009 0.085518 0.061852
0 0.653917 0.892644 0.086484 0.163065
0 0.029792 0.877317 0.059583 0.164866
0 0.860000 0.028713 0.096401 0.057426
0 0.949954 0.965898 0.087430 0.068204
0 0.343836 0.883799 0.101120 0.125912
0 0.402066 0.591139 0.100091 0.167833
0 0.408443 0.037900 0.095281 0.075801
0 0.330854 0.599664 0.086969 0.138032
0 0.579092 0.934111 0.091023 0.131778
0 0.006960 0.543282 0.013456 0.143028
0 0.163840 0.911225 0.097367 0.144088
0 0.029766 0.049935 0.058714 0.095648
0 0.991027 0.970243 0.017945 0.059514
0 0.329493 0.817350 0.109159 0.149755
0 0.750734 0.940056 0.088281 0.119889
0 0.592680 0.820206 0.093958 0.148903
0 0.721395 0.847100 0.096320 0.154106
0 0.674868 0.753887 0.087992 0.149051
0 0.767440 0.735787 0.090911 0.152444
0 0.924504 0.781002 0.083065 0.157477
0 0.013898 0.665266 0.027641 0.142912
0 0.735285 0.060171 0.085201 0.113491
0 0.352637 0.956674 0.093096 0.086653
0 0.251706 0.765745 0.089750 0.168685
0 0.878229 0.097556 0.098245 0.152778
0 0.301599 0.693491 0.088323 0.157028
0 0.411796 0.123477 0.082081 0.141046
0 0.467365 0.833833 0.094953 0.169981
0 0.417836 0.891569 0.078333 0.170352
0 0.052531 0.715579 0.084875 0.144019
0 0.799074 0.087222 0.090138 0.165546
0 0.870875 0.704218 0.088849 0.149769
1 0.184336 0.792005 0.079901 0.155065
0 0.237602 0.891894 0.090214 0.138852
0 0.120198 0.810789 0.077573 0.143245
0 0.872400 0.320961 0.093638 0.160088
0 0.432208 0.719988 0.091365 0.156912
0 0.355419 0.495144 0.092396 0.136954
