0 0.103363 0.106326 0.101133 0.150911
0 0.007350 0.348734 0.012168 0.110406
0 0.275770 0.084852 0.093109 0.107703
0 0.077770 0.011344 0.075875 0.022688
0 0.627895 0.312286 0.073438 0.125510
0 0.982152 0.661404 0.035695 0.114734
0 0.547324 0.050010 0.107930 0.091292
0 0.578854 0.925750 0.072121 0.093740
0 0.519211 0.932594 0.090711 0.134469
0 0.465146 0.178117 0.077668 0.104620
0 0.389018 0.892026 0.079316 0.108292
0 0.568555 0.074820 0.085945 0.088630
0 0.461229 0.381305 0.084473 0.104026
0 0.543061 0.721513 0.076512 0.098286
0 0.436133 0.840771 0.069969 0.115156
0 0.619777 0.757143 0.073039 0.104328
0 0.704514 0.430523 0.073277 0.102786
0 0.263229 0.400906 0.084582 0.101250
0 0.087682 0.853615 0.090418 0.130208
0 0.638111 0.163349 0.069121 0.089292
0 0.893863 0.370089 0.080594 0.107979
0 0.777711 0.532010 0.089883 0.105500
0 0.655697 0.062406 0.078988 0.117427
0 0.269611 0.770844 0.076879 0.106510
0 0.961449 0.300099 0.073937 0.102771
0 0.271137 0.183122 0.082852 0.094932
0 0.793391 0.012510 0.087977 0.025021
0 0.035000 0.883669 0.067656 0.098630
0 0.206055 0.113721 0.086352 0.126599
0 0.030766 0.574518 0.060805 0.153411
0 0.913982 0.935039 0.085785 0.101172
0 0.940400 0.041393 0.073480 0.082786
0 0.796514 0.862292 0.083848 0.140969
0 0.152793 0.033094 0.080945 0.066187
0 0.378580 0.524583 0.085824 0.126885
0 0.769508 0.645862 0.078570 0.093578
0 0.327758 0.100141 0.073211 0.093479
0 0.342309 0.321539 0.080453 0.113870
0 0.984037 0.543956 0.031926 0.107432
0 0.380162 0.168893 0.080348 0.113984
0 0.302633 0.588383 0.090656 0.107495
0 0.404793 0.036643 0.097805 0.071807
0 0.170074 0.629872 0.102570 0.159609
0 0.496766 0.629898 0.093742 0.115578
0 0.016594 0.224875 0.033187 0.109292
0 0.907279 0.045305 0.091410 0.090609
0 0.202111 0.278536 0.081402 0.101187
0 0.698199 0.282875 0.076172 0.100385
0 0.006479 0.123201 0.011676 0.115974
0 0.282783 0.677177 0.078340 0.108896
0 0.513170 0.526945 0.075395 0.136609
0 0.383434 0.677497 0.080820 0.167214
0 0.543148 0.815393 0.080102 0.100161
0 0.503822 0.828799 0.083770 0.094276
0 0.009004 0.041487 0.018008 0.080661
0 0.705643 0.018789 0.079824 0.037578
0 0.652779 0.823081 0.091801 0.117516
0 0.021141 0.814961 0.039727 0.113505
0 0.709621 0.772867 0.079313 0.112005
0 0.977223 0.756622 0.045555 0.128078
0 0.658162 0.653008 0.075699 0.107193
0 0.038051 0.723203 0.076102 0.116729
0 0.211898 0.363393 0.074047 0.117255
0 0.728633 0.164984 0.076328 0.111010
0 0.126793 0.795935 0.094047 0.104599
0 0.183465 0.191255 0.076227 0.105552
0 0.297611 0.013339 0.092121 0.026677
0 0.958238 0.118599 0.075664 0.102458
0 0.859297 0.890518 0.073398 0.097693
0 0.185486 0.847945 0.082840 0.102839
0 0.116277 0.412779 0.079516 0.118266
0 0.016359 0.951932 0.029359 0.096135
0 0.772758 0.723719 0.077508 0.097542
0 0.048707 0.459247 0.082211 0.122203
0 0.829150 0.677503 0.083738 0.102068
3 0.248121 0.239755 0.063570 0.078979
0 0.676074 0.959396 0.085453 0.081208
0 0.099031 0.954044 0.105234 0.091911
0 0.114830 0.496417 0.082137 0.125000
0 0.959072 0.885565 0.078145 0.138193
0 0.963457 0.209167 0.073086 0.106562
0 0.048014 0.243893 0.083496 0.108203
0 0.476170 0.704898 0.080168 0.099714
0 0.770188 0.077549 0.088469 0.141714
0 0.316453 0.473633 0.114687 0.119911
0 0.900275 0.287552 0.073332 0.104365
0 0.570832 0.396070 0.077313 0.112651
0 0.508082 0.232010 0.094562 0.105385
