0 0.531523 0.222479 0.084797 0.133588
0 0.380618 0.392215 0.081727 0.148958
0 0.110581 0.188600 0.086812 0.149023
0 0.677880 0.294227 0.078609 0.132074
0 0.547115 0.504745 0.080125 0.141417
0 0.652665 0.185674 0.091539 0.135051
0 0.793789 0.473208 0.086729 0.155556
0 0.741921 0.218475 0.084430 0.152199
0 0.261971 0.165711 0.076948 0.138616
0 0.212773 0.361505 0.078729 0.137111
0 0.721190 0.540375 0.078365 0.135528
0 0.332392 0.226579 0.081799 0.144102
0 0.713320 0.408222 0.082016 0.131852
0 0.551661 0.349109 0.085021 0.135894
0 0.839039 0.335669 0.080656 0.141106
0 0.185576 0.116028 0.089484 0.159361
0 0.104238 0.059993 0.074294 0.117181
0 0.445958 0.313556 0.079552 0.132630
0 0.101595 0.407995 0.085310 0.141676
0 0.456871 0.186530 0.079008 0.125255
0 0.301288 0.421938 0.086586 0.141236
0 0.433220 0.530431 0.078107 0.130741
0 0.033014 0.836539 0.066029 0.138505
0 0.387742 0.631854 0.076771 0.131097
0 0.748259 0.671706 0.076523 0.131125
0 0.030415 0.406329 0.060534 0.117889
0 0.912104 0.343421 0.073672 0.142972
0 0.170909 0.265662 0.083370 0.131981
0 0.244794 0.604986 0.080036 0.141546
0 0.540049 0.091836 0.087938 0.134144
0 0.963202 0.467035 0.073596 0.146708
0 0.791189 0.939620 0.078836 0.118213
0 0.919797 0.178521 0.075719 0.133236
0 0.421458 0.077521 0.093396 0.148486
0 0.360786 0.756653 0.080083 0.129019
0 0.679124 0.752579 0.077352 0.129843
0 0.624273 0.576356 0.084323 0.130833
0 0.249435 0.934479 0.082943 0.128690
0 0.311270 0.662354 0.071883 0.126319
0 0.180609 0.754866 0.086693 0.155630
0 0.853113 0.589789 0.081242 0.130579
0 0.323693 0.050898 0.073859 0.101435
0 0.930474 0.645292 0.071589 0.123796
0 0.726158 0.857053 0.076867 0.141218
0 0.081805 0.646604 0.078953 0.131542
0 0.637822 0.064396 0.089003 0.127912
0 0.183128 0.492002 0.074010 0.132597
0 0.104292 0.789343 0.077891 0.127806
0 0.418826 0.851275 0.084521 0.142282
0 0.512958 0.618294 0.069823 0.120625
1 0.480812 0.432988 0.078000 0.143097
0 0.912022 0.055505 0.078268 0.106565
0 0.016063 0.946951 0.032125 0.105171
0 0.427186 0.960394 0.069857 0.077398
0 0.516509 0.956373 0.082201 0.085958
0 0.980275 0.594863 0.039451 0.121069
0 0.491211 0.815785 0.067979 0.114542
0 0.023219 0.669417 0.046437 0.140657
0 0.067565 0.952361 0.073323 0.095222
0 0.244566 0.043069 0.077654 0.086139
0 0.851577 0.097248 0.077716 0.133560
0 0.021848 0.180843 0.043695 0.131398
0 0.155832 0.900627 0.077872 0.130773
0 0.832234 0.714437 0.085359 0.128912
0 0.975378 0.933868 0.049245 0.127468
0 0.590823 0.824317 0.073922 0.124801
0 0.608230 0.701426 0.081695 0.129417
0 0.645788 0.907995 0.084841 0.130926
0 0.977579 0.232625 0.044841 0.138194
0 0.896400 0.894051 0.075081 0.125333
0 0.828232 0.839100 0.081187 0.133097
0 0.031223 0.064431 0.061831 0.120528
0 0.968615 0.807627 0.062495 0.124449
0 0.305436 0.848287 0.077143 0.129306
0 0.842405 0.209141 0.087612 0.121949
0 0.333940 0.964961 0.081177 0.068625
0 0.971240 0.033301 0.056427 0.064491
1 0.621816 0.446618 0.078404 0.137597
0 0.012417 0.534704 0.024797 0.128037
0 0.912677 0.782669 0.069500 0.139940
0 0.980669 0.357817 0.038661 0.133745
