0 0.332443 0.454998 0.091198 0.156403
0 0.493917 0.331926 0.075323 0.126500
0 0.027900 0.710072 0.055799 0.145069
0 0.680681 0.093072 0.082570 0.134681
0 0.112229 0.046160 0.083625 0.091060
0 0.885711 0.619199 0.077760 0.142704
0 0.199159 0.336799 0.081526 0.145171
0 0.644622 0.670900 0.083927 0.138097
0 0.081089 0.556465 0.085958 0.158310
0 0.770029 0.210697 0.073422 0.130199
0 0.017177 0.947444 0.034354 0.104296
0 0.968276 0.049613 0.063448 0.097931
0 0.389854 0.085190 0.096391 0.170111
0 0.698389 0.015382 0.090914 0.029903
0 0.276664 0.938824 0.086828 0.120519
0 0.974745 0.334315 0.050062 0.137269
0 0.873326 0.026988 0.080661 0.053079
0 0.315789 0.024806 0.077271 0.048667
0 0.089129 0.977062 0.095680 0.044310
0 0.016849 0.032644 0.033687 0.063093
0 0.568766 0.484049 0.085406 0.158088
0 0.186281 0.026583 0.078396 0.052028
0 0.099060 0.167991 0.086083 0.156139
0 0.951077 0.538507 0.096305 0.160829
0 0.853064 0.116750 0.082560 0.130222
0 0.566008 0.683537 0.078943 0.142657
0 0.217527 0.719479 0.078273 0.138310
0 0.105283 0.798829 0.090393 0.156398
0 0.590249 0.333477 0.080352 0.146537
0 0.370547 0.311243 0.092104 0.157079
0 0.153661 0.619880 0.086260 0.151861
0 0.644926 0.533731 0.084018 0.147361
0 0.850986 0.935370 0.080273 0.127537
0 0.035422 0.238738 0.070844 0.156208
0 0.886757 0.223729 0.089758 0.135875
0 0.225767 0.183400 0.095352 0.157505
0 0.388147 0.712833 0.092076 0.163222
0 0.446914 0.488241 0.081349 0.141704
0 0.670031 0.243553 0.081859 0.167634
0 0.316225 0.622333 0.085586 0.155093
0 0.302311 0.111796 0.083570 0.139056
0 0.950540 0.940255 0.086872 0.118481
0 0.632290 0.806995 0.087878 0.147954
0 0.914402 0.400072 0.088622 0.154931
0 0.518267 0.814951 0.094055 0.168884
