0 0.268458 0.789764 0.080573 0.159102
0 0.739049 0.242227 0.093224 0.162361
0 0.501497 0.187352 0.088693 0.166944
3 0.308432 0.345847 0.082333 0.140213
0 0.022979 0.713171 0.045958 0.163731
0 0.422456 0.221343 0.086214 0.153796
0 0.347956 0.793569 0.083578 0.170880
0 0.756279 0.909111 0.096474 0.152759
0 0.605682 0.563704 0.091615 0.159241
0 0.943211 0.139273 0.096536 0.191083
0 0.192932 0.240417 0.095656 0.150185
0 0.758029 0.637384 0.096245 0.156546
0 0.780583 0.117356 0.090198 0.147435
0 0.071966 0.781579 0.083839 0.156324
0 0.362982 0.600310 0.087411 0.167398
0 0.273737 0.620329 0.092578 0.152435
0 0.482036 0.890130 0.084333 0.161833
0 0.544203 0.301977 0.091125 0.149935
0 0.783969 0.782463 0.089469 0.154907
0 0.819016 0.270532 0.083802 0.152139
0 0.578750 0.420694 0.084687 0.160370
0 0.127794 0.082301 0.082161 0.149083
0 0.625396 0.804398 0.074073 0.149759
0 0.558607 0.864903 0.083984 0.153176
0 0.694635 0.767889 0.076240 0.133944
0 0.968544 0.986787 0.061464 0.026426
0 0.208461 0.696269 0.089724 0.152796
0 0.369646 0.986681 0.077542 0.024861
0 0.721279 0.380116 0.091974 0.139620
0 0.993081 0.600755 0.013839 0.163750
0 0.961273 0.320296 0.077453 0.169481
0 0.336716 0.108259 0.084234 0.175074
0 0.229557 0.982819 0.084521 0.030787
0 0.016484 0.065486 0.030146 0.130972
0 0.016378 0.195310 0.032755 0.144787
0 0.010776 0.888944 0.019938 0.156315
0 0.379724 0.402000 0.088229 0.170574
0 0.985966 0.188130 0.026474 0.182074
0 0.404083 0.921912 0.079885 0.149528
0 0.137904 0.414463 0.086797 0.156537
0 0.901081 0.816769 0.090609 0.153426
0 0.080586 0.528042 0.082141 0.171509
0 0.909089 0.416056 0.096344 0.158741
0 0.876198 0.073162 0.089656 0.146324
0 0.223677 0.383093 0.088167 0.154481
0 0.190464 0.904282 0.095281 0.167009
0 0.635242 0.347991 0.082672 0.164167
0 0.416599 0.085676 0.082854 0.136500
0 0.677143 0.505949 0.089901 0.158269
0 0.554169 0.110519 0.086328 0.151981
0 0.292716 0.460384 0.102703 0.134546
0 0.660318 0.953315 0.086760 0.093370
0 0.045172 0.941514 0.079552 0.116972
0 0.268289 0.053824 0.085203 0.107648
0 0.613148 0.052981 0.079089 0.105963
0 0.965286 0.885208 0.069427 0.177250
0 0.020464 0.506852 0.040344 0.158630
0 0.163089 0.568630 0.088792 0.168944
0 0.975112 0.044569 0.049776 0.088139
0 0.650727 0.665412 0.098057 0.155120
0 0.044490 0.289787 0.087938 0.160111
0 0.489875 0.035657 0.078458 0.071315
0 0.053156 0.071361 0.076448 0.142722
0 0.456255 0.971255 0.083010 0.057491
0 0.681078 0.020130 0.078927 0.040259
0 0.800557 0.975134 0.088531 0.049583
