0 0.045803 0.074185 0.084482 0.138648
0 0.133094 0.611919 0.084010 0.155134
0 0.731707 0.862722 0.098279 0.185111
0 0.250276 0.513118 0.087422 0.163690
0 0.545505 0.448657 0.085141 0.146713
0 0.713150 0.314502 0.092534 0.154366
0 0.032020 0.493324 0.063612 0.167731
0 0.519392 0.594870 0.095852 0.155741
0 0.487164 0.680014 0.088099 0.153269
0 0.588410 0.050806 0.095372 0.100741
0 0.042428 0.019331 0.084857 0.035227
0 0.005555 0.593958 0.011036 0.153417
0 0.984725 0.546086 0.030549 0.172310
0 0.991639 0.297495 0.016721 0.164454
0 0.581570 0.983428 0.080208 0.031431
0 0.960117 0.979456 0.079766 0.040292
0 0.051121 0.622424 0.081169 0.136134
0 0.725892 0.977285 0.100695 0.044671
0 0.015165 0.723067 0.030331 0.149755
0 0.276395 0.873826 0.088242 0.141569
0 0.501938 0.017796 0.089911 0.035593
0 0.434652 0.300565 0.077951 0.188157
0 0.664660 0.196350 0.087924 0.103958
0 0.270889 0.019002 0.085669 0.038005
0 0.961422 0.040782 0.077156 0.079537
0 0.194855 0.969475 0.086706 0.060069
0 0.202355 0.112111 0.085174 0.139102
0 0.124850 0.370653 0.093742 0.166148
0 0.311030 0.733917 0.099914 0.179074
0 0.794852 0.274356 0.082635 0.184546
0 0.555262 0.816720 0.082372 0.132875
0 0.300077 0.136870 0.100414 0.179037
0 0.189685 0.197294 0.079651 0.120866
0 0.083100 0.942488 0.094779 0.113245
0 0.790060 0.830951 0.089505 0.154708
0 0.646724 0.438389 0.079198 0.123139
0 0.052889 0.237340 0.096211 0.167912
0 0.086319 0.757678 0.070940 0.135208
0 0.966625 0.404208 0.066531 0.146454
0 0.120326 0.774972 0.066490 0.158963
0 0.219743 0.350090 0.099070 0.175458
0 0.814276 0.089523 0.097240 0.169519
0 0.908120 0.058148 0.084078 0.113574
0 0.721340 0.058486 0.072992 0.115389
0 0.267172 0.157053 0.087885 0.152449
0 0.523214 0.240898 0.073901 0.157722
0 0.214258 0.731664 0.071781 0.161884
0 0.640271 0.905387 0.083943 0.146042
0 0.373867 0.862785 0.074599 0.126032
0 0.601585 0.150595 0.093701 0.162356
0 0.164297 0.532727 0.082740 0.141565
0 0.026361 0.876995 0.052086 0.147685
0 0.135835 0.190852 0.082997 0.151398
0 0.389336 0.373306 0.085354 0.143157
0 0.443047 0.777394 0.083714 0.155009
0 0.313082 0.507692 0.087398 0.157597
0 0.417479 0.511856 0.077349 0.149361
0 0.795729 0.681606 0.093010 0.143787
0 0.638775 0.820016 0.080799 0.144366
0 0.686702 0.517750 0.089159 0.164778
0 0.545223 0.900120 0.093784 0.155194
0 0.857952 0.405264 0.082201 0.143704
0 0.176055 0.868264 0.085578 0.148065
0 0.460280 0.129678 0.098112 0.169819
0 0.924669 0.824354 0.082740 0.150458
0 0.503827 0.411630 0.076930 0.138917
0 0.588827 0.326894 0.086518 0.145926
0 0.573793 0.710674 0.099461 0.163884
0 0.834704 0.926056 0.088706 0.135852
