0 0.697578 0.149125 0.069094 0.122898
0 0.740521 0.279157 0.077542 0.140889
0 0.005628 0.958236 0.011255 0.083528
0 0.010060 0.130481 0.019411 0.152944
0 0.508768 0.984759 0.077526 0.029519
0 0.507141 0.211333 0.080250 0.141833
0 0.877125 0.015931 0.087687 0.029454
0 0.683779 0.344023 0.063422 0.143046
0 0.487578 0.457255 0.083208 0.136602
0 0.556573 0.400407 0.074365 0.146722
0 0.278807 0.129120 0.076250 0.148944
0 0.118253 0.306787 0.083984 0.126870
0 0.018328 0.704704 0.036656 0.151704
0 0.331917 0.276204 0.091917 0.161130
0 0.079977 0.570157 0.107766 0.155630
0 0.018458 0.437185 0.036917 0.155815
0 0.379065 0.025537 0.084339 0.051074
0 0.399349 0.260421 0.088500 0.143750
0 0.615320 0.351671 0.076828 0.139472
0 0.057203 0.161773 0.087448 0.129824
0 0.971565 0.184472 0.054984 0.156963
0 0.924344 0.283995 0.084167 0.134343
0 0.049961 0.290611 0.086839 0.137111
0 0.842542 0.230537 0.081729 0.147815
0 0.739737 0.090907 0.091505 0.163815
0 0.953779 0.040269 0.083953 0.080537
0 0.492070 0.333713 0.097464 0.138000
0 0.096534 0.447278 0.082161 0.129833
0 0.023091 0.853032 0.046182 0.157491
0 0.151633 0.765838 0.089953 0.150435
0 0.618023 0.211069 0.081245 0.135898
0 0.673708 0.610852 0.089865 0.162574
0 0.556719 0.129370 0.085417 0.143833
0 0.581987 0.609407 0.086922 0.143500
0 0.983664 0.577926 0.030714 0.172111
0 0.240349 0.498301 0.081146 0.137324
0 0.165034 0.538023 0.084380 0.138102
0 0.861016 0.395403 0.081427 0.146676
0 0.655661 0.967986 0.090698 0.059954
0 0.416776 0.567236 0.084250 0.154935
0 0.388070 0.397162 0.083099 0.144213
0 0.202797 0.201519 0.083271 0.140981
0 0.530862 0.526727 0.094849 0.154046
0 0.646922 0.066167 0.093917 0.132333
0 0.946932 0.410792 0.083646 0.138639
0 0.166643 0.067995 0.092609 0.133806
0 0.353315 0.111597 0.080599 0.137991
0 0.894216 0.145361 0.089193 0.140481
0 0.496023 0.055236 0.077036 0.110472
0 0.044737 0.056042 0.087786 0.112083
0 0.797130 0.482153 0.081208 0.148861
0 0.310432 0.630412 0.082510 0.130880
0 0.331760 0.483829 0.085094 0.148083
0 0.099797 0.698222 0.092250 0.152944
0 0.619742 0.490741 0.084661 0.140537
0 0.727187 0.514157 0.079469 0.139148
0 0.193469 0.958880 0.105042 0.082241
0 0.073448 0.914759 0.090448 0.154481
0 0.858927 0.960296 0.087271 0.079407
0 0.217607 0.671708 0.086172 0.140065
0 0.528367 0.656282 0.093880 0.141509
0 0.437951 0.135384 0.079036 0.138472
0 0.935747 0.553560 0.086943 0.162602
0 0.439078 0.962588 0.080990 0.073009
0 0.309734 0.760231 0.089250 0.150574
0 0.860547 0.554745 0.080844 0.156213
0 0.336758 0.838208 0.092245 0.156546
0 0.338549 0.952310 0.087099 0.095380
0 0.738737 0.669491 0.068359 0.123259
0 0.755617 0.812977 0.084297 0.150954
0 0.193755 0.852843 0.104187 0.161167
0 0.567680 0.724361 0.073203 0.128944
0 0.702995 0.935931 0.082125 0.126380
0 0.926260 0.925926 0.091646 0.147926
0 0.963797 0.820667 0.072406 0.149704
0 0.491414 0.775824 0.096974 0.144537
0 0.911547 0.755347 0.088417 0.161306
0 0.600823 0.906157 0.089760 0.148000
0 0.414380 0.839153 0.082552 0.141769
0 0.770010 0.937407 0.082177 0.125185
0 0.691255 0.755259 0.084885 0.151833
0 0.828057 0.789296 0.075708 0.157370
0 0.530388 0.840722 0.085786 0.152148
2 0.190714 0.400042 0.133302 0.107120
2 0.765740 0.371759 0.102917 0.132648
