0 0.542855 0.419992 0.069211 0.082078
0 0.747621 0.279990 0.065813 0.090187
0 0.135029 0.433424 0.061730 0.082411
0 0.447338 0.072049 0.062145 0.081589
0 0.800020 0.110576 0.070750 0.084651
0 0.333670 0.568974 0.064426 0.086042
0 0.967830 0.882620 0.064223 0.081896
0 0.464975 0.488693 0.060621 0.079719
0 0.214037 0.289945 0.061770 0.090839
0 0.811000 0.033604 0.065461 0.067208
0 0.642957 0.439224 0.080383 0.072802
0 0.291227 0.959518 0.069773 0.080964
0 0.720799 0.707562 0.057129 0.094344
0 0.928738 0.457479 0.061883 0.093813
0 0.624195 0.792812 0.058617 0.080323
0 0.596316 0.865865 0.066148 0.075448
0 0.024090 0.208622 0.048180 0.104255
0 0.332426 0.810872 0.060484 0.083109
0 0.263436 0.162484 0.074129 0.087708
0 0.491080 0.334242 0.062684 0.078849
0 0.751910 0.630609 0.071297 0.071302
0 0.445225 0.936620 0.056770 0.084271
0 0.075982 0.757245 0.073699 0.090917
0 0.865289 0.479802 0.070039 0.083198
0 0.550164 0.162990 0.063398 0.083250
0 0.689084 0.203893 0.066520 0.088818
0 0.554775 0.537021 0.061316 0.084229
0 0.974135 0.511286 0.051340 0.084729
0 0.115736 0.856365 0.059707 0.085677
0 0.380939 0.178320 0.066488 0.082370
0 0.169250 0.578435 0.068437 0.091641
0 0.734209 0.391138 0.064332 0.084620
0 0.329504 0.897073 0.061602 0.073573
0 0.882434 0.567953 0.076109 0.096406
0 0.467486 0.190581 0.067395 0.098016
0 0.662104 0.367638 0.071090 0.078141
0 0.162758 0.912471 0.057125 0.076318
0 0.677689 0.755680 0.062871 0.083057
0 0.572555 0.678076 0.068695 0.081849
0 0.693199 0.489120 0.075469 0.096490
0 0.184217 0.178969 0.068988 0.090177
0 0.409861 0.814635 0.067113 0.092177
0 0.958111 0.663602 0.074434 0.096859
0 0.041744 0.927591 0.068980 0.087161
0 0.885652 0.159990 0.079234 0.110073
0 0.960656 0.795956 0.076234 0.091109
0 0.665568 0.926276 0.070020 0.100656
0 0.062656 0.626057 0.066852 0.087354
0 0.906102 0.041026 0.073984 0.079250
0 0.266041 0.719815 0.064441 0.085984
0 0.499531 0.041875 0.060102 0.083750
0 0.511742 0.612070 0.074906 0.100036
0 0.746188 0.547680 0.069984 0.091214
0 0.780059 0.720018 0.067742 0.092495
0 0.072740 0.387466 0.075434 0.105339
0 0.539678 0.758810 0.065254 0.092245
0 0.815143 0.284750 0.066160 0.094500
0 0.486164 0.831323 0.068438 0.083698
0 0.218762 0.859773 0.065625 0.084370
0 0.152350 0.315203 0.071754 0.105604
0 0.102846 0.960701 0.066301 0.074453
0 0.446717 0.739409 0.062785 0.078307
0 0.350627 0.274044 0.069973 0.087391
0 0.196877 0.678508 0.070277 0.083703
0 0.265182 0.562958 0.067285 0.086490
0 0.027314 0.544555 0.054113 0.074891
0 0.662324 0.651685 0.062258 0.086151
0 0.402471 0.557969 0.074035 0.111833
0 0.553383 0.960253 0.065195 0.079495
0 0.033393 0.116161 0.066277 0.088688
0 0.682814 0.057534 0.065152 0.082630
0 0.610236 0.730388 0.059262 0.091984
0 0.403291 0.354591 0.068184 0.079224
0 0.959771 0.007565 0.063473 0.015130
0 0.032883 0.574844 0.060719 0.123708
0 0.366547 0.972503 0.067250 0.052922
0 0.932775 0.304526 0.063363 0.106021
0 0.140951 0.728583 0.064082 0.091885
0 0.559389 0.033576 0.059660 0.065724
0 0.472250 0.052542 0.102852 0.079917
0 0.012543 0.669148 0.024992 0.105818
0 0.990211 0.362698 0.019578 0.089177
0 0.966643 0.990888 0.058270 0.018224
0 0.010383 0.366661 0.020227 0.092052
0 0.865072 0.010258 0.066816 0.020464
0 0.526020 0.899490 0.076406 0.092292
0 0.563340 0.368247 0.078328 0.076755
0 0.705086 0.978932 0.079570 0.042135
0 0.899334 0.979914 0.076707 0.039839
0 0.275266 0.300523 0.065914 0.090026
0 0.290346 0.023797 0.071566 0.047250
0 0.556750 0.297268 0.053937 0.084922
0 0.981648 0.597326 0.036703 0.085682
0 0.215621 0.507089 0.063898 0.069187
0 0.300732 0.101206 0.083543 0.103516
0 0.189480 0.033680 0.064125 0.067359
0 0.396414 0.434893 0.056781 0.077568
0 0.199064 0.437315 0.062988 0.079318
0 0.619410 0.979958 0.071812 0.040083
0 0.143975 0.515810 0.060621 0.079068
0 0.982064 0.069005 0.035285 0.080604
0 0.796768 0.819130 0.061973 0.070948
0 0.686760 0.297464 0.059770 0.086563
0 0.043680 0.841083 0.085391 0.095052
0 0.942760 0.104307 0.060270 0.073938
0 0.721648 0.012734 0.062406 0.025469
0 0.391521 0.033841 0.064082 0.066599
0 0.048549 0.472169 0.057543 0.074568
0 0.341336 0.384958 0.064141 0.088365
0 0.600010 0.597914 0.073168 0.084016
