4 0.555052 0.559625 0.095792 0.153843
0 0.349878 0.261264 0.094359 0.138806
0 0.354401 0.039227 0.076771 0.074954
0 0.678695 0.261935 0.074630 0.139667
0 0.625669 0.090648 0.091432 0.143889
0 0.626409 0.766593 0.092349 0.171907
0 0.727919 0.379069 0.075682 0.144435
0 0.687919 0.752611 0.074797 0.123926
0 0.851214 0.647444 0.090646 0.139333
0 0.236867 0.126468 0.073943 0.123306
0 0.036432 0.159440 0.072865 0.158731
0 0.491036 0.619991 0.066740 0.114870
0 0.796852 0.411926 0.089089 0.141500
0 0.801289 0.720968 0.090922 0.137620
0 0.047797 0.952319 0.095594 0.095361
0 0.682370 0.044657 0.080479 0.089315
0 0.551146 0.065361 0.090417 0.120056
0 0.431182 0.031157 0.090250 0.062315
0 0.036779 0.881778 0.073557 0.113630
0 0.601974 0.187963 0.102063 0.132093
0 0.225930 0.934792 0.092349 0.130417
0 0.265930 0.831148 0.080807 0.118056
0 0.086589 0.108745 0.116000 0.163454
0 0.107964 0.047306 0.082458 0.094611
0 0.797411 0.058296 0.087177 0.113130
0 0.471776 0.294782 0.089427 0.146157
0 0.025552 0.768398 0.051000 0.129241
0 0.974331 0.035370 0.049036 0.069648
0 0.762721 0.628088 0.102578 0.140565
0 0.982667 0.603088 0.033438 0.136120
0 0.978154 0.466829 0.042932 0.134065
0 0.171651 0.722755 0.093490 0.133880
0 0.260526 0.054653 0.107531 0.109306
0 0.063555 0.610231 0.083807 0.129778
0 0.738346 0.972440 0.083484 0.055120
0 0.014289 0.361264 0.027766 0.124546
0 0.021539 0.249296 0.041943 0.130130
0 0.595659 0.019394 0.092547 0.038787
0 0.955336 0.963088 0.077068 0.073824
0 0.982656 0.943458 0.033760 0.097806
0 0.916065 0.539296 0.090620 0.142056
0 0.990792 0.201153 0.018313 0.143417
0 0.438297 0.980917 0.100583 0.037296
0 0.431414 0.531185 0.090776 0.125130
0 0.378391 0.597028 0.091500 0.140796
0 0.339841 0.690000 0.085266 0.161926
0 0.303544 0.474685 0.092339 0.138815
0 0.283695 0.592375 0.090089 0.131731
0 0.148961 0.485699 0.088453 0.142583
0 0.112578 0.229727 0.101313 0.129194
0 0.824323 0.846495 0.086281 0.137102
0 0.189331 0.375875 0.087203 0.124009
0 0.128607 0.885727 0.083693 0.131731
0 0.479458 0.937370 0.090646 0.119648
0 0.509745 0.178222 0.085042 0.137870
0 0.905607 0.798995 0.091870 0.129083
0 0.258646 0.725657 0.097458 0.118204
0 0.214760 0.256745 0.084510 0.140361
0 0.572167 0.937403 0.085177 0.125194
0 0.516831 0.445222 0.088005 0.151759
0 0.092557 0.723306 0.078844 0.116889
0 0.403273 0.768394 0.093901 0.130250
0 0.718003 0.893796 0.086453 0.128444
0 0.744286 0.144356 0.091531 0.140843
0 0.499169 0.825431 0.100089 0.125880
0 0.562005 0.685963 0.098063 0.132852
0 0.570773 0.293644 0.079745 0.131676
0 0.334062 0.848935 0.078417 0.141741
0 0.280630 0.343176 0.076458 0.126685
0 0.659763 0.463259 0.092505 0.157519
0 0.207294 0.644977 0.081286 0.130194
0 0.929885 0.685579 0.087979 0.149750
0 0.733060 0.517935 0.090380 0.152241
0 0.486240 0.717519 0.094562 0.117296
0 0.347219 0.130231 0.089260 0.133481
0 0.169656 0.123824 0.070271 0.152907
0 0.636263 0.339319 0.085266 0.152306
0 0.690755 0.647491 0.111812 0.134019
0 0.195932 0.823319 0.085135 0.116917
0 0.425917 0.408093 0.094750 0.133407
0 0.752065 0.789843 0.076089 0.155574
0 0.657799 0.953282 0.080953 0.092676
0 0.815547 0.534250 0.091906 0.133704
