0 0.151559 0.597294 0.073211 0.167440
0 0.456202 0.928514 0.089638 0.136148
0 0.295048 0.652685 0.076341 0.141972
0 0.212741 0.868363 0.080013 0.129894
0 0.079051 0.849072 0.087617 0.161523
0 0.238591 0.728495 0.076354 0.138583
0 0.820318 0.444678 0.085302 0.164588
0 0.951302 0.573595 0.080667 0.136273
0 0.413685 0.721072 0.075302 0.151431
0 0.924479 0.936933 0.080625 0.126134
0 0.900398 0.699873 0.090062 0.173681
0 0.042844 0.269437 0.085016 0.145792
0 0.265023 0.512491 0.093271 0.153222
0 0.843948 0.604028 0.084552 0.162917
0 0.219535 0.614296 0.089294 0.153917
0 0.183128 0.470356 0.086786 0.152843
0 0.030923 0.917713 0.061846 0.143046
0 0.380305 0.593380 0.080385 0.135889
0 0.824094 0.754833 0.086266 0.169657
0 0.173223 0.743537 0.076419 0.141222
0 0.925010 0.424074 0.090432 0.143824
0 0.113487 0.452764 0.078490 0.147954
0 0.111837 0.699419 0.076216 0.142421
0 0.349043 0.724873 0.073388 0.147023
0 0.522604 0.528806 0.084880 0.144111
0 0.335439 0.500134 0.075888 0.158463
0 0.755152 0.373213 0.084242 0.143759
0 0.453763 0.640745 0.082312 0.149389
0 0.537457 0.791917 0.083737 0.155843
0 0.751387 0.522319 0.085201 0.145796
0 0.599026 0.306637 0.085318 0.163532
0 0.464645 0.795546 0.078341 0.146028
0 0.164663 0.957794 0.085612 0.082681
0 0.546522 0.392519 0.079008 0.140528
0 0.474262 0.398278 0.080357 0.148306
0 0.853387 0.913488 0.079987 0.150810
0 0.662770 0.399002 0.103242 0.130060
0 0.083589 0.960926 0.085557 0.075000
0 0.276319 0.375060 0.073154 0.142444
0 0.405988 0.405949 0.078930 0.145593
0 0.977969 0.936611 0.044062 0.121935
0 0.139392 0.865021 0.076263 0.172560
0 0.521871 0.661995 0.069122 0.129593
0 0.116893 0.082370 0.089276 0.159065
0 0.928121 0.299623 0.095753 0.133051
0 0.341392 0.356956 0.074164 0.139745
0 0.739353 0.152611 0.080372 0.147389
0 0.641122 0.696780 0.083677 0.158440
0 0.791185 0.057856 0.087130 0.111324
0 0.586410 0.733229 0.080982 0.172282
0 0.852051 0.336569 0.069143 0.114343
0 0.065146 0.143072 0.082141 0.155468
0 0.151072 0.330176 0.093482 0.176074
0 0.982608 0.792028 0.034560 0.150167
0 0.446904 0.515322 0.075552 0.119856
0 0.468546 0.259796 0.080232 0.160454
0 0.670984 0.077838 0.087172 0.151815
0 0.269596 0.107940 0.089714 0.137769
0 0.981620 0.454634 0.036505 0.139019
0 0.220764 0.365488 0.068154 0.176940
0 0.696264 0.751697 0.073216 0.133560
0 0.586693 0.881185 0.099083 0.145630
0 0.195819 0.117373 0.083622 0.151542
0 0.532965 0.265956 0.072404 0.141023
0 0.655478 0.843229 0.086008 0.157106
0 0.898264 0.827326 0.107419 0.139940
0 0.811247 0.165352 0.079594 0.149583
0 0.409767 0.260794 0.073706 0.170949
0 0.723419 0.883083 0.070630 0.157861
0 0.787951 0.882993 0.074609 0.159727
0 0.089432 0.562046 0.089078 0.159398
0 0.774230 0.270097 0.086242 0.139361
0 0.541445 0.068937 0.083172 0.135736
0 0.019841 0.681037 0.039682 0.156380
0 0.608701 0.125245 0.066391 0.161287
0 0.018389 0.119470 0.036492 0.175903
0 0.886896 0.501537 0.093823 0.165713
0 0.649673 0.226604 0.085836 0.158051
0 0.699917 0.633150 0.097052 0.162616
0 0.756220 0.766870 0.067602 0.128231
0 0.268115 0.239336 0.087099 0.142208
0 0.540068 0.174444 0.086339 0.123528
0 0.864879 0.053449 0.072023 0.101926
0 0.986560 0.650970 0.026099 0.156125
0 0.978120 0.054160 0.042500 0.102875
0 0.032474 0.543810 0.063677 0.138907
0 0.593892 0.031292 0.087221 0.059713
0 0.572043 0.788102 0.107070 0.256731
1 0.051781 0.406623 0.091339 0.165606
0 0.427204 0.047090 0.098513 0.094181
1 0.656039 0.510831 0.089354 0.140181
0 0.605629 0.971030 0.093378 0.057940
0 0.486143 0.044738 0.076875 0.089477
0 0.727491 0.028192 0.082701 0.056384
0 0.298055 0.034613 0.082516 0.068106
0 0.525677 0.967030 0.084854 0.065940
1 0.342673 0.221438 0.076867 0.147356
0 0.709017 0.284981 0.075258 0.177093
0 0.593380 0.597847 0.091677 0.149611
0 0.101914 0.313069 0.075344 0.184731
0 0.867236 0.215785 0.087513 0.156792
0 0.683253 0.958655 0.095193 0.082690
0 0.015639 0.815044 0.029320 0.140968
0 0.913982 0.160294 0.101922 0.175245
0 0.216845 0.034697 0.090701 0.066218
0 0.940458 0.087449 0.087974 0.174583
0 0.046430 0.039521 0.084729 0.079042
0 0.777346 0.649493 0.075500 0.133329
0 0.425991 0.134806 0.100919 0.141370
0 0.053605 0.711514 0.097961 0.218509
0 0.376111 0.064769 0.091966 0.129537
0 0.141336 0.206803 0.108276 0.114718
