0 0.183355 0.882122 0.070914 0.094922
0 0.141178 0.486362 0.067926 0.092307
0 0.028744 0.179182 0.057488 0.093250
0 0.114529 0.911555 0.073066 0.099276
0 0.970727 0.449117 0.058547 0.094589
0 0.082502 0.683359 0.068285 0.093708
0 0.316109 0.184698 0.069906 0.091135
0 0.704977 0.680242 0.074828 0.097078
0 0.529328 0.077187 0.071047 0.092385
0 0.427801 0.206737 0.073828 0.097141
0 0.065125 0.370458 0.073375 0.082427
0 0.086172 0.207875 0.067195 0.084615
0 0.187938 0.787661 0.070336 0.087469
0 0.044613 0.893833 0.072680 0.093760
0 0.046480 0.496831 0.072664 0.089276
0 0.139320 0.360953 0.072445 0.097031
0 0.383246 0.140729 0.084836 0.088177
0 0.195902 0.287068 0.067633 0.089260
0 0.456229 0.298315 0.077512 0.087505
0 0.258049 0.139375 0.071527 0.103302
0 0.763713 0.928451 0.071184 0.095599
0 0.908945 0.404747 0.065703 0.091391
0 0.349965 0.269380 0.073500 0.097646
0 0.565307 0.312161 0.068793 0.094479
0 0.235678 0.348760 0.068980 0.086333
0 0.957199 0.185641 0.080172 0.097708
0 0.489850 0.152083 0.069840 0.091917
0 0.265246 0.424284 0.069328 0.084391
0 0.047002 0.755961 0.073762 0.094151
0 0.645900 0.038581 0.080574 0.076693
0 0.091287 0.291057 0.074699 0.088448
0 0.795600 0.586174 0.084410 0.084922
0 0.834623 0.354388 0.077223 0.102557
0 0.276715 0.044435 0.071953 0.086880
0 0.030080 0.041464 0.059184 0.080094
0 0.632775 0.314828 0.071066 0.091792
0 0.139703 0.732078 0.069195 0.090365
0 0.124926 0.570180 0.067133 0.090203
0 0.970104 0.823656 0.059176 0.100687
0 0.665748 0.403641 0.070340 0.085854
0 0.650135 0.772927 0.068871 0.090302
0 0.355854 0.381807 0.067090 0.087167
0 0.663715 0.960010 0.071484 0.079979
0 0.887607 0.633755 0.071691 0.089656
0 0.729404 0.263440 0.078238 0.095047
0 0.538217 0.685385 0.078176 0.092854
0 0.125697 0.041201 0.067934 0.079141
0 0.159711 0.646628 0.075367 0.096120
0 0.836381 0.132742 0.075520 0.095953
0 0.422652 0.375826 0.063469 0.085807
0 0.287182 0.888289 0.082590 0.084786
0 0.253342 0.505565 0.069816 0.086016
0 0.527895 0.873544 0.072234 0.102026
0 0.344869 0.740057 0.068652 0.089802
0 0.273670 0.680185 0.071160 0.082911
0 0.366820 0.655924 0.076180 0.090776
0 0.703461 0.339966 0.072242 0.080141
0 0.485420 0.437198 0.069473 0.090521
0 0.740100 0.766667 0.071879 0.095500
0 0.849443 0.724581 0.076574 0.095172
0 0.490957 0.241583 0.064445 0.086823
0 0.677371 0.488437 0.076180 0.096646
0 0.338340 0.475948 0.068609 0.089188
0 0.634217 0.886234 0.072418 0.092552
0 0.589898 0.952063 0.072602 0.095875
0 0.807027 0.661331 0.076055 0.082807
0 0.703857 0.888682 0.066965 0.105292
0 0.307029 0.958372 0.085340 0.083255
0 0.198262 0.452596 0.066258 0.089120
0 0.973625 0.613190 0.052750 0.095839
0 0.913229 0.957867 0.073191 0.084266
0 0.284848 0.805516 0.072875 0.089240
0 0.059355 0.596711 0.060578 0.081370
0 0.619861 0.110846 0.076035 0.091995
0 0.351400 0.848055 0.072504 0.099380
0 0.190350 0.195232 0.070145 0.092464
0 0.077150 0.450258 0.072473 0.089266
0 0.289689 0.607315 0.080777 0.076411
0 0.608400 0.701820 0.068754 0.092432
0 0.816465 0.463523 0.074883 0.103578
0 0.531852 0.776893 0.076523 0.090026
0 0.682576 0.144979 0.071074 0.089083
0 0.436797 0.479115 0.071078 0.089344
0 0.917051 0.510042 0.078445 0.098719
0 0.297203 0.557372 0.068102 0.076422
0 0.073934 0.116062 0.064898 0.080458
0 0.570756 0.168307 0.076566 0.083979
0 0.502051 0.355987 0.071422 0.074984
0 0.946072 0.101115 0.077637 0.083010
0 0.975023 0.048068 0.049953 0.091792
0 0.146016 0.123432 0.070477 0.091469
0 0.405293 0.937648 0.062258 0.080766
0 0.408217 0.076518 0.075754 0.090016
0 0.341600 0.040740 0.060324 0.077615
0 0.759910 0.523451 0.062859 0.081818
0 0.579201 0.490409 0.064582 0.092703
0 0.150877 0.969880 0.066871 0.059156
0 0.577889 0.599878 0.073863 0.109901
0 0.207412 0.087070 0.065988 0.086422
0 0.601887 0.836826 0.069008 0.088828
0 0.914494 0.857065 0.072340 0.102255
0 0.749457 0.183138 0.075320 0.083057
0 0.899611 0.764823 0.068230 0.086490
0 0.771496 0.442706 0.066352 0.086089
0 0.527787 0.970081 0.071457 0.055786
0 0.440490 0.631466 0.067684 0.100120
0 0.778207 0.025766 0.082172 0.051531
0 0.774609 0.100503 0.069664 0.091797
0 0.299437 0.334138 0.072836 0.102359
0 0.015988 0.353151 0.031977 0.100615
0 0.599633 0.233299 0.075219 0.084786
0 0.207914 0.023341 0.069469 0.046682
0 0.849562 0.899578 0.069922 0.092010
0 0.824834 0.965969 0.072488 0.066854
0 0.022266 0.979169 0.044531 0.039536
0 0.015471 0.813375 0.030941 0.087427
0 0.423803 0.978547 0.066340 0.042521
0 0.988701 0.231924 0.022270 0.092964
0 0.390461 0.016893 0.073633 0.033786
0 0.007631 0.113310 0.014785 0.087255
0 0.208088 0.989672 0.069809 0.019167
0 0.538240 0.403682 0.072223 0.073646
0 0.773838 0.990682 0.069230 0.017146
0 0.005121 0.618781 0.010242 0.088677
0 0.092439 0.992643 0.071348 0.014641
0 0.554723 0.965549 0.130328 0.068901
