0 0.041000 0.498616 0.080635 0.129676
0 0.065534 0.134153 0.093880 0.150954
0 0.775273 0.872315 0.079432 0.132704
0 0.328799 0.462662 0.082505 0.155676
0 0.400927 0.490333 0.077000 0.135704
0 0.282875 0.913611 0.103469 0.158630
0 0.581714 0.815361 0.085375 0.125111
0 0.707216 0.904324 0.073953 0.181556
0 0.188755 0.860528 0.089635 0.147685
0 0.258685 0.772523 0.086328 0.136417
0 0.444682 0.672833 0.088344 0.163481
0 0.825049 0.455861 0.096964 0.152574
0 0.968924 0.061356 0.062151 0.121972
0 0.507138 0.840824 0.074391 0.129870
0 0.220794 0.289815 0.092161 0.147778
0 0.123104 0.225773 0.094094 0.173417
2 0.322586 0.629574 0.083359 0.147981
0 0.921419 0.928204 0.089495 0.142370
0 0.885880 0.782431 0.087792 0.156583
0 0.815445 0.755972 0.080953 0.166444
0 0.756615 0.175574 0.090583 0.148426
0 0.616786 0.076565 0.092458 0.149593
0 0.397307 0.311759 0.087479 0.170222
0 0.763607 0.649759 0.086651 0.142481
0 0.551747 0.351764 0.095036 0.155694
0 0.972544 0.704116 0.054911 0.157546
0 0.518099 0.225847 0.082635 0.148435
0 0.068401 0.602102 0.086010 0.146796
0 0.488060 0.120097 0.082630 0.129713
0 0.662570 0.671222 0.097516 0.144574
0 0.344625 0.739407 0.090042 0.143759
0 0.263302 0.397468 0.085687 0.156398
0 0.032732 0.284556 0.065464 0.151278
0 0.631484 0.553264 0.091458 0.146843
0 0.707133 0.066870 0.088547 0.131630
0 0.406685 0.073833 0.096766 0.142278
0 0.594755 0.442088 0.082906 0.140546
0 0.844513 0.589722 0.095609 0.157426
0 0.144193 0.620926 0.085583 0.145722
0 0.960505 0.187625 0.078990 0.153750
0 0.906969 0.420278 0.082385 0.139111
0 0.791492 0.357000 0.097359 0.158407
0 0.831872 0.220227 0.091391 0.161454
0 0.937906 0.534894 0.088167 0.150546
0 0.424393 0.518537 0.105880 0.148426
0 0.966227 0.972556 0.067547 0.050778
0 0.852247 0.969310 0.075651 0.055120
0 0.777755 0.968023 0.083396 0.063954
0 0.028799 0.971292 0.057599 0.052343
0 0.022161 0.789662 0.043573 0.109417
0 0.150021 0.084111 0.085750 0.146537
2 0.573331 0.695977 0.083870 0.151028
0 0.025344 0.681032 0.050687 0.155361
0 0.513352 0.037264 0.095089 0.072472
0 0.186755 0.194227 0.074969 0.133120
0 0.449464 0.545296 0.097448 0.137963
0 0.018036 0.893190 0.035563 0.132472
0 0.985612 0.570366 0.028276 0.143769
0 0.266128 0.528444 0.099484 0.140389
0 0.985068 0.837060 0.029448 0.155787
0 0.028599 0.073185 0.057063 0.140037
0 0.631294 0.855444 0.094714 0.170241
0 0.253966 0.645611 0.082974 0.146352
0 0.512682 0.666218 0.085458 0.199324
0 0.979461 0.311486 0.040161 0.165898
0 0.479180 0.938569 0.083922 0.119102
