0 0.610078 0.507843 0.092172 0.147528
0 0.133934 0.652475 0.091023 0.149468
0 0.447492 0.317157 0.090047 0.166528
0 0.582832 0.640613 0.078773 0.147810
0 0.626008 0.185486 0.085885 0.155852
0 0.609578 0.328169 0.084000 0.145606
1 0.730031 0.296347 0.078328 0.152204
0 0.923190 0.768007 0.097896 0.104440
0 0.410516 0.023227 0.097896 0.046454
0 0.983108 0.222495 0.033784 0.157241
1 0.886310 0.261241 0.073859 0.129231
1 0.816009 0.259391 0.075346 0.159532
1 0.444297 0.522468 0.076120 0.142537
1 0.338018 0.488153 0.078521 0.133343
0 0.015250 0.362174 0.030500 0.139394
0 0.200710 0.026345 0.081773 0.052532
1 0.759247 0.191475 0.090698 0.142551
1 0.059638 0.474493 0.081417 0.139514
1 0.818212 0.611516 0.082201 0.142745
1 0.301003 0.605817 0.085422 0.137532
0 0.322370 0.037127 0.082370 0.074255
0 0.490223 0.756329 0.067716 0.189463
0 0.837854 0.039630 0.086594 0.078185
0 0.688482 0.356130 0.097917 0.154796
0 0.357997 0.959382 0.085010 0.080699
0 0.027939 0.558963 0.055878 0.141380
0 0.253953 0.500882 0.098953 0.153153
0 0.036883 0.046375 0.072766 0.090741
0 0.504730 0.350164 0.078294 0.175356
0 0.394639 0.864676 0.089039 0.159546
0 0.316986 0.139250 0.077211 0.148176
0 0.193913 0.113606 0.080706 0.132370
0 0.027924 0.725329 0.055849 0.172417
0 0.080805 0.903530 0.096010 0.149569
0 0.123064 0.052662 0.082409 0.104463
0 0.363137 0.683049 0.074424 0.166792
0 0.263704 0.389072 0.094055 0.135069
0 0.873862 0.114715 0.095245 0.181301
0 0.655488 0.621785 0.078997 0.157829
0 0.427862 0.757127 0.079458 0.186134
0 0.359001 0.398032 0.095570 0.152380
0 0.680866 0.734481 0.101029 0.163287
0 0.260762 0.074637 0.065503 0.113921
0 0.247216 0.820826 0.076401 0.147810
0 0.542954 0.722676 0.091951 0.167111
0 0.640057 0.011028 0.086396 0.022056
0 0.767867 0.068056 0.090094 0.135083
0 0.186681 0.551079 0.086888 0.156537
0 0.182350 0.935530 0.080190 0.127875
0 0.936797 0.170762 0.082250 0.154699
0 0.448676 0.180067 0.090893 0.127569
0 0.262414 0.259498 0.081703 0.137162
0 0.968310 0.520875 0.063328 0.147019
0 0.815091 0.489264 0.085224 0.139787
0 0.970732 0.064417 0.058536 0.128833
0 0.938980 0.647255 0.088305 0.152250
0 0.040918 0.192468 0.081602 0.133907
0 0.070126 0.333294 0.091451 0.149412
0 0.311637 0.850884 0.078628 0.146056
0 0.809762 0.753542 0.088810 0.144111
0 0.091107 0.765586 0.084995 0.146634
1 0.670882 0.457072 0.119909 0.158551
0 0.473315 0.073745 0.089661 0.146000
0 0.217763 0.699134 0.087750 0.148139
0 0.691121 0.091160 0.080393 0.154727
0 0.868758 0.412093 0.085911 0.140083
0 0.540592 0.148507 0.081201 0.162875
0 0.516992 0.576447 0.090682 0.157755
0 0.890449 0.545352 0.079310 0.139009
1 0.383173 0.086000 0.081133 0.142981
1 0.717178 0.551021 0.086508 0.145634
0 0.747611 0.664044 0.082737 0.156773
0 0.943372 0.381579 0.082167 0.141519
0 0.231346 0.986093 0.070604 0.025417
1 0.535051 0.421653 0.087888 0.161991
0 0.988027 0.621315 0.023742 0.147398
1 0.186939 0.252431 0.078445 0.150796
