0 0.446398 0.175634 0.084203 0.143250
0 0.282557 0.249796 0.078562 0.116222
0 0.610052 0.710157 0.080094 0.146370
0 0.956974 0.607644 0.080896 0.137083
0 0.653612 0.262968 0.080974 0.133398
0 0.885214 0.849546 0.089104 0.145352
0 0.146341 0.838259 0.083464 0.139593
0 0.573247 0.075116 0.070932 0.122491
0 0.707271 0.765356 0.073187 0.120824
0 0.300904 0.747287 0.071109 0.120056
0 0.375828 0.451694 0.084104 0.146407
0 0.849544 0.953435 0.082859 0.093130
0 0.149549 0.212398 0.077245 0.138593
0 0.762711 0.509454 0.083911 0.145556
0 0.806911 0.781565 0.082208 0.127593
0 0.106974 0.956157 0.081125 0.087685
0 0.264865 0.910139 0.080615 0.130574
0 0.041865 0.889801 0.083729 0.142639
0 0.226591 0.656856 0.084599 0.150231
0 0.344862 0.922051 0.083109 0.149861
0 0.570089 0.862782 0.076219 0.130324
0 0.093435 0.567796 0.081224 0.142778
4 0.531398 0.400444 0.097099 0.165741
4 0.455799 0.443162 0.080057 0.143528
0 0.848393 0.666986 0.083370 0.138157
0 0.501292 0.784431 0.083896 0.147269
0 0.196641 0.495917 0.076125 0.126259
0 0.898182 0.282884 0.085823 0.141250
0 0.075995 0.236718 0.071531 0.136898
0 0.576318 0.295889 0.086115 0.147741
0 0.225008 0.794593 0.085745 0.126593
0 0.304180 0.583847 0.072807 0.128343
0 0.488503 0.639685 0.085870 0.144093
0 0.434393 0.315139 0.083182 0.141852
0 0.648070 0.409190 0.081245 0.133287
0 0.972628 0.052537 0.054328 0.105074
0 0.343966 0.046106 0.071745 0.091120
0 0.216013 0.351176 0.078411 0.141296
0 0.977805 0.490009 0.044391 0.120833
0 0.158143 0.053153 0.069818 0.106306
0 0.386135 0.759028 0.074063 0.124426
0 0.709724 0.153181 0.074063 0.133713
0 0.225406 0.158611 0.083479 0.133648
0 0.080521 0.718454 0.074823 0.124648
0 0.644708 0.107259 0.073698 0.128852
0 0.882169 0.530727 0.080432 0.130269
0 0.761945 0.922171 0.074224 0.133435
0 0.950198 0.164347 0.077667 0.144065
0 0.383714 0.623694 0.072833 0.121074
0 0.351135 0.149398 0.074594 0.113944
0 0.354940 0.290611 0.078818 0.140074
0 0.456758 0.053111 0.078870 0.105130
0 0.614802 0.958310 0.085990 0.082528
0 0.885479 0.045477 0.079854 0.090861
0 0.970865 0.869310 0.057208 0.105046
0 0.527333 0.012838 0.078375 0.025194
0 0.995409 0.164449 0.009182 0.131806
0 0.031643 0.977060 0.062464 0.041528
0 0.524594 0.983657 0.077781 0.029537
0 0.015516 0.037792 0.031031 0.074324
0 0.010190 0.479116 0.020026 0.135250
0 0.096883 0.025370 0.071318 0.050741
0 0.012393 0.166713 0.024786 0.124407
0 0.234482 0.027250 0.085536 0.054500
0 0.704607 0.973546 0.081224 0.048759
0 0.015758 0.631727 0.030734 0.128546
0 0.173344 0.117477 0.069906 0.114269
0 0.965917 0.964204 0.065948 0.071593
0 0.203052 0.957477 0.079260 0.084917
0 0.978771 0.339954 0.042354 0.149204
0 0.711714 0.044019 0.072969 0.088037
0 0.638982 0.548028 0.078036 0.127130
0 0.756708 0.353333 0.074885 0.117722
0 0.463542 0.932889 0.076125 0.129463
0 0.916867 0.412556 0.072828 0.124481
0 0.959919 0.749472 0.078266 0.131111
0 0.123063 0.417218 0.078656 0.128898
