0 0.801729 0.027727 0.126802 0.055454
0 0.830755 0.641000 0.136865 0.244093
0 0.027966 0.961806 0.054599 0.076389
0 0.339188 0.172421 0.157177 0.215769
0 0.655508 0.025125 0.143807 0.050250
0 0.564891 0.880926 0.137479 0.237574
0 0.961516 0.214676 0.076969 0.209370
0 0.916781 0.976875 0.129604 0.045120
0 0.320721 0.857213 0.118057 0.214963
2 0.314839 0.351292 0.135198 0.225861
0 0.042945 0.224319 0.085891 0.212102
0 0.848930 0.351116 0.125130 0.210824
0 0.581115 0.413532 0.129656 0.199028
0 0.233685 0.472972 0.110589 0.212463
0 0.097448 0.472194 0.128083 0.230574
0 0.091109 0.776565 0.145219 0.235852
0 0.426656 0.847852 0.116292 0.231944
0 0.174440 0.651157 0.130422 0.224741
0 0.120227 0.937556 0.118047 0.124889
0 0.500427 0.270542 0.127281 0.216731
0 0.414544 0.058662 0.117766 0.112120
0 0.622172 0.610838 0.132927 0.236787
0 0.685896 0.145306 0.152927 0.228278
0 0.835573 0.149157 0.129115 0.217204
0 0.960117 0.414319 0.077755 0.246065
0 0.375391 0.525148 0.138750 0.220722
0 0.766802 0.926921 0.121063 0.146157
0 0.028909 0.586236 0.056141 0.217083
0 0.956398 0.679019 0.085255 0.243407
0 0.028060 0.840000 0.055224 0.205870
0 0.587154 0.205722 0.138641 0.247056
0 0.728453 0.408940 0.113156 0.226157
