0 0.445284 0.134986 0.078297 0.135028
0 0.427078 0.306528 0.077729 0.138519
0 0.354859 0.121042 0.078542 0.132991
0 0.836862 0.240843 0.079703 0.141852
0 0.940417 0.276889 0.076240 0.130741
0 0.930745 0.414343 0.082396 0.116111
0 0.876495 0.019519 0.087896 0.039037
0 0.772211 0.383069 0.077401 0.141972
0 0.904065 0.883361 0.079734 0.144574
0 0.285615 0.955903 0.078021 0.088194
0 0.649242 0.967213 0.072797 0.065574
0 0.966398 0.748213 0.067203 0.152019
0 0.497180 0.248194 0.086359 0.153556
0 0.006188 0.694782 0.012177 0.137250
0 0.828578 0.977676 0.093948 0.041944
0 0.682755 0.434894 0.081573 0.136472
0 0.571503 0.958227 0.073682 0.082602
0 0.762583 0.864759 0.089563 0.148185
0 0.491883 0.938079 0.077859 0.119509
0 0.400089 0.575440 0.083917 0.145065
0 0.299687 0.380856 0.087375 0.128398
0 0.778161 0.063394 0.077000 0.126787
0 0.807104 0.740060 0.073385 0.145713
0 0.940831 0.600639 0.083745 0.141519
0 0.657794 0.793875 0.086578 0.146713
0 0.559406 0.793167 0.077667 0.127185
0 0.912253 0.746856 0.078516 0.141787
0 0.690906 0.039370 0.068396 0.078593
0 0.506401 0.459426 0.080781 0.143907
0 0.610320 0.154111 0.082974 0.149537
0 0.180458 0.267759 0.080500 0.129148
0 0.096026 0.955662 0.076208 0.088676
0 0.849474 0.413023 0.081552 0.132991
0 0.030161 0.930338 0.060323 0.126731
0 0.105102 0.247167 0.078214 0.140148
0 0.519094 0.035394 0.078083 0.070787
0 0.085555 0.683352 0.080016 0.138222
0 0.331576 0.694301 0.076839 0.127491
0 0.946000 0.094611 0.072917 0.131704
0 0.418146 0.704176 0.077323 0.125870
0 0.614635 0.356944 0.087729 0.158907
0 0.252096 0.716912 0.078651 0.140713
0 0.149906 0.398861 0.082167 0.140833
0 0.483328 0.754718 0.075542 0.139139
0 0.710086 0.306005 0.077880 0.138528
0 0.274995 0.016718 0.085042 0.030769
0 0.265227 0.544264 0.075286 0.144398
0 0.498385 0.595546 0.080323 0.140111
0 0.361466 0.958741 0.076859 0.081981
0 0.977974 0.191889 0.044052 0.125704
0 0.687208 0.172630 0.082979 0.149185
0 0.914102 0.021991 0.083443 0.043981
0 0.025109 0.132639 0.050219 0.122574
0 0.040120 0.563194 0.080021 0.146667
0 0.614260 0.894014 0.071042 0.120324
0 0.966831 0.914514 0.066339 0.154046
0 0.300698 0.810875 0.073448 0.129639
0 0.341466 0.031551 0.070411 0.062546
0 0.213685 0.047931 0.071234 0.095861
0 0.045036 0.723241 0.069750 0.128796
0 0.621469 0.586287 0.076552 0.128463
0 0.979977 0.452366 0.040047 0.144435
0 0.024294 0.039380 0.046828 0.075685
0 0.839016 0.620718 0.074635 0.130472
0 0.245938 0.898287 0.070365 0.146759
0 0.066292 0.850671 0.082260 0.136861
0 0.029089 0.291000 0.058177 0.139889
0 0.406917 0.862167 0.081375 0.152222
0 0.012286 0.830625 0.023823 0.135750
0 0.989602 0.635731 0.020797 0.142093
0 0.087461 0.038148 0.076807 0.076296
0 0.182680 0.775940 0.073005 0.140435
0 0.185693 0.641157 0.075531 0.131370
0 0.727771 0.535907 0.072292 0.125630
0 0.179336 0.145431 0.077547 0.130694
0 0.074914 0.383282 0.074516 0.132880
0 0.126130 0.540338 0.078990 0.136954
0 0.701044 0.688319 0.089297 0.137954
4 0.360799 0.430199 0.087057 0.180046
