2 0.595469 0.508699 0.081000 0.146380
0 0.918805 0.694847 0.078745 0.139583
0 0.472167 0.757435 0.082375 0.151463
0 0.530031 0.686838 0.082771 0.138806
0 0.313443 0.278898 0.086698 0.143500
0 0.173018 0.363727 0.091484 0.161435
0 0.826266 0.705671 0.097146 0.156676
0 0.701625 0.355528 0.092813 0.154148
0 0.724156 0.643296 0.100854 0.159315
0 0.413615 0.291532 0.083177 0.160824
0 0.759479 0.757352 0.094521 0.142556
0 0.495068 0.424125 0.089646 0.146417
0 0.078607 0.794486 0.084370 0.147991
0 0.542141 0.567620 0.091375 0.142167
0 0.834745 0.592685 0.090729 0.147630
0 0.770156 0.512505 0.081667 0.150324
0 0.233555 0.619407 0.091109 0.166926
0 0.479086 0.589880 0.081599 0.134370
0 0.201169 0.751653 0.080161 0.141046
0 0.616339 0.860000 0.083781 0.152537
0 0.146716 0.843060 0.080286 0.134528
0 0.956104 0.586593 0.084104 0.141426
0 0.503966 0.837403 0.098557 0.151806
0 0.369797 0.200102 0.081260 0.143463
0 0.482117 0.310370 0.085141 0.155907
0 0.777818 0.300463 0.082031 0.147426
0 0.907375 0.201116 0.090052 0.157639
0 0.034471 0.266718 0.068828 0.151139
0 0.614354 0.373079 0.095094 0.151880
0 0.055745 0.489500 0.084000 0.157333
0 0.845617 0.409486 0.089068 0.161009
0 0.606188 0.246801 0.080656 0.132676
0 0.439010 0.928153 0.082958 0.138250
0 0.702078 0.219347 0.100448 0.157231
0 0.107206 0.466560 0.099276 0.142880
0 0.039599 0.136245 0.079198 0.151380
0 0.659565 0.462870 0.087682 0.153593
0 0.033865 0.705088 0.067729 0.155861
0 0.770896 0.884097 0.082521 0.135750
0 0.252716 0.054255 0.081599 0.106102
0 0.496477 0.949440 0.074557 0.101120
0 0.921336 0.937051 0.075953 0.119528
0 0.184198 0.070227 0.083896 0.140454
0 0.829266 0.222111 0.092010 0.151444
0 0.548594 0.957296 0.065083 0.078204
0 0.331708 0.042042 0.095823 0.081324
0 0.964138 0.794176 0.071724 0.164407
0 0.634286 0.136917 0.084708 0.143296
0 0.971641 0.209028 0.055396 0.154426
0 0.105310 0.075690 0.093755 0.147843
0 0.690302 0.535204 0.079062 0.140630
0 0.866268 0.947556 0.095495 0.104889
0 0.244938 0.343931 0.082854 0.164065
0 0.920727 0.829667 0.080714 0.152370
0 0.922023 0.104574 0.081057 0.136407
0 0.183805 0.939870 0.090589 0.120259
0 0.174737 0.539009 0.082589 0.137352
0 0.023174 0.951889 0.046349 0.096222
0 0.122331 0.154764 0.101224 0.162269
0 0.475977 0.172111 0.101391 0.156019
0 0.374794 0.097296 0.090349 0.147759
0 0.158167 0.714685 0.088448 0.144111
0 0.233927 0.869931 0.082021 0.176972
0 0.294904 0.431560 0.089203 0.167435
0 0.121247 0.602532 0.090453 0.144602
0 0.489396 0.055880 0.089740 0.109222
0 0.273654 0.149185 0.073839 0.129630
0 0.087052 0.341199 0.093813 0.158769
0 0.971112 0.467639 0.055036 0.147074
0 0.316937 0.610958 0.088729 0.149009
0 0.675802 0.104329 0.086917 0.147009
0 0.044339 0.038306 0.088229 0.076556
0 0.759227 0.945685 0.088839 0.108630
0 0.278789 0.872255 0.064724 0.214250
0 0.670393 0.760755 0.097016 0.151231
0 0.937534 0.357574 0.080953 0.133481
0 0.184083 0.212398 0.093896 0.157778
0 0.860055 0.060685 0.102276 0.117889
0 0.064443 0.962130 0.082333 0.071500
0 0.639680 0.626931 0.086203 0.146750
0 0.019544 0.565764 0.039089 0.164824
0 0.801417 0.146685 0.074781 0.127074
0 0.981909 0.296009 0.034266 0.140000
0 0.620862 0.040148 0.096880 0.077222
0 0.244365 0.968810 0.097094 0.060417
0 0.646643 0.980741 0.088307 0.038519
0 0.552234 0.315602 0.075688 0.135074
0 0.746271 0.018954 0.099281 0.031093
0 0.378690 0.972278 0.083984 0.052981
0 0.990336 0.925519 0.019328 0.142204
0 0.021172 0.398667 0.042344 0.153463
0 0.993120 0.688144 0.013760 0.139046
