0 0.604069 0.502514 0.099279 0.163981
0 0.907172 0.268877 0.091250 0.165995
0 0.989628 0.061090 0.020745 0.122181
0 0.018534 0.916498 0.036911 0.153375
0 0.498846 0.254322 0.097432 0.163727
0 0.941254 0.948069 0.097169 0.103463
0 0.982559 0.301727 0.034883 0.151565
0 0.796362 0.436748 0.095724 0.169338
0 0.018568 0.686965 0.036047 0.175005
0 0.121138 0.052898 0.083005 0.103102
0 0.076439 0.789326 0.100982 0.178958
0 0.010120 0.091069 0.020172 0.147509
0 0.066212 0.356530 0.087674 0.148329
0 0.665587 0.719991 0.086576 0.168259
1 0.743138 0.307278 0.090167 0.149343
0 0.120504 0.924565 0.092987 0.150519
0 0.551496 0.935375 0.101070 0.128139
0 0.702611 0.425150 0.095352 0.152921
0 0.974647 0.888451 0.049539 0.164468
0 0.089979 0.561741 0.099151 0.167306
0 0.819790 0.022977 0.089513 0.045954
0 0.346837 0.781007 0.090779 0.161208
0 0.289064 0.883266 0.089435 0.147384
0 0.198076 0.069299 0.103573 0.138597
0 0.843478 0.692468 0.095961 0.163694
0 0.030607 0.486741 0.061214 0.163806
0 0.779824 0.617838 0.097367 0.158667
0 0.840893 0.352854 0.089594 0.164116
0 0.138697 0.426299 0.089612 0.161375
0 0.905180 0.042713 0.109120 0.085426
0 0.409978 0.852650 0.090982 0.155403
0 0.724350 0.793025 0.089326 0.145051
0 0.012951 0.352970 0.024969 0.157875
0 0.778602 0.174447 0.082396 0.161690
0 0.257863 0.614336 0.095836 0.164625
0 0.233724 0.167988 0.088401 0.145236
0 0.703999 0.142583 0.082727 0.133417
0 0.839896 0.920477 0.102417 0.149250
0 0.728000 0.921074 0.107469 0.157852
0 0.952467 0.127454 0.092893 0.166361
0 0.970039 0.743674 0.059922 0.156940
0 0.809771 0.808065 0.102146 0.160741
0 0.647512 0.083120 0.095461 0.156787
0 0.210620 0.491164 0.089526 0.155319
0 0.156941 0.268690 0.094815 0.165435
0 0.555259 0.018072 0.104539 0.036144
0 0.234326 0.348294 0.090302 0.162394
0 0.250176 0.761410 0.094279 0.152616
0 0.162681 0.759931 0.092857 0.175491
0 0.929965 0.641472 0.098753 0.162491
0 0.506241 0.110944 0.098904 0.153222
0 0.500629 0.777718 0.092352 0.165787
0 0.447986 0.685787 0.096299 0.155750
0 0.236010 0.960171 0.093391 0.078037
0 0.872753 0.520507 0.099010 0.170727
0 0.982134 0.554560 0.035185 0.157463
0 0.645762 0.341840 0.096716 0.166042
0 0.462423 0.945674 0.100091 0.103421
0 0.065094 0.099127 0.078516 0.139190
0 0.034746 0.213130 0.069492 0.155352
0 0.740329 0.511241 0.101003 0.154593
0 0.693596 0.250447 0.107542 0.134495
1 0.580257 0.807625 0.083503 0.155065
1 0.754349 0.054477 0.079245 0.106546
