0 0.270030 0.957961 0.083466 0.082116
0 0.430621 0.730546 0.095966 0.137528
0 0.243665 0.551907 0.081076 0.144269
0 0.799812 0.366718 0.087437 0.152815
0 0.733143 0.945222 0.104141 0.109056
0 0.546975 0.635933 0.081919 0.171551
0 0.286342 0.410060 0.080789 0.152231
0 0.464717 0.613271 0.101680 0.150606
0 0.343984 0.712613 0.099078 0.164644
0 0.034083 0.234546 0.067812 0.161657
0 0.190727 0.944456 0.088896 0.110782
0 0.962604 0.506843 0.074792 0.151074
0 0.510630 0.456581 0.102203 0.153449
0 0.225734 0.686692 0.086000 0.165903
0 0.378841 0.198299 0.088771 0.157218
0 0.338622 0.323236 0.076458 0.140407
0 0.185154 0.354058 0.084615 0.144088
0 0.068387 0.921269 0.087711 0.155852
0 0.053263 0.068757 0.089630 0.137514
0 0.520027 0.907993 0.077924 0.147042
0 0.030669 0.979488 0.061339 0.038792
0 0.960454 0.187113 0.078982 0.142190
0 0.675934 0.148785 0.084279 0.150801
0 0.818622 0.195882 0.090089 0.139940
0 0.508629 0.773743 0.075727 0.138384
0 0.071020 0.570720 0.084862 0.142745
0 0.962417 0.933968 0.075167 0.130926
0 0.583753 0.754535 0.083708 0.138301
0 0.414383 0.356833 0.089000 0.154241
0 0.908233 0.346447 0.084508 0.140588
0 0.651230 0.509769 0.077029 0.140861
0 0.427978 0.854664 0.094852 0.150181
0 0.150013 0.799194 0.092667 0.163241
0 0.781396 0.511914 0.085641 0.154523
0 0.896964 0.016359 0.074125 0.032718
0 0.901199 0.860840 0.084138 0.162866
0 0.074660 0.381611 0.092539 0.163343
0 0.626879 0.640778 0.089258 0.145528
0 0.714556 0.459766 0.084315 0.174505
0 0.824048 0.873838 0.085372 0.168898
0 0.886049 0.130086 0.085896 0.149690
0 0.700368 0.706426 0.083596 0.146463
1 0.318751 0.584900 0.083586 0.149171
0 0.160921 0.127157 0.093128 0.159278
0 0.157490 0.561407 0.086630 0.167870
0 0.887376 0.718481 0.087716 0.134343
0 0.826216 0.030051 0.093661 0.058991
0 0.754203 0.134882 0.083135 0.168199
0 0.017704 0.622014 0.035398 0.148306
0 0.651335 0.964618 0.097742 0.068958
