0 0.173471 0.450662 0.078630 0.145935
0 0.575039 0.078375 0.091714 0.151380
0 0.570008 0.213287 0.079047 0.144685
0 0.276964 0.106273 0.080302 0.155620
0 0.719648 0.607528 0.088682 0.157852
0 0.426984 0.128366 0.080542 0.172454
0 0.187352 0.259241 0.077078 0.147389
0 0.355555 0.534870 0.085536 0.162259
0 0.359122 0.357301 0.091589 0.157250
0 0.040599 0.309074 0.081198 0.153648
0 0.589263 0.804898 0.086484 0.141167
0 0.203266 0.087407 0.084187 0.150815
0 0.831977 0.911106 0.080307 0.160972
0 0.381982 0.224648 0.090089 0.150593
0 0.491956 0.562986 0.083484 0.135102
0 0.072404 0.456593 0.085005 0.138630
0 0.861203 0.612861 0.082823 0.161056
0 0.889336 0.945588 0.078443 0.101843
0 0.512284 0.266037 0.092828 0.147630
0 0.361232 0.062389 0.089495 0.121296
0 0.976081 0.145759 0.047557 0.157833
0 0.019461 0.066051 0.038484 0.131157
0 0.306831 0.439384 0.085568 0.147028
0 0.522172 0.401556 0.086271 0.150204
0 0.246461 0.379454 0.082859 0.151593
0 0.009307 0.748250 0.018615 0.175963
0 0.952333 0.062111 0.087281 0.121833
0 0.622745 0.978917 0.094740 0.036519
0 0.992086 0.277472 0.015474 0.139037
0 0.140034 0.025185 0.091839 0.049870
0 0.403792 0.617593 0.076031 0.144648
0 0.122224 0.639130 0.088604 0.155537
0 0.159052 0.929333 0.083771 0.140704
0 0.269635 0.680792 0.087292 0.153991
0 0.561750 0.683417 0.080833 0.143426
0 0.793026 0.564009 0.079031 0.157222
0 0.842544 0.271056 0.080036 0.135093
0 0.040464 0.157838 0.080927 0.157602
0 0.725615 0.975736 0.094062 0.044602
0 0.048969 0.571134 0.081635 0.140231
0 0.052016 0.715819 0.091083 0.149250
0 0.644789 0.679495 0.083682 0.168972
0 0.765747 0.914778 0.076828 0.162667
0 0.856635 0.760106 0.084510 0.146713
0 0.933401 0.387259 0.091958 0.147074
0 0.276872 0.949741 0.089984 0.098074
0 0.973633 0.815157 0.052734 0.163111
0 0.982781 0.489032 0.034333 0.138472
0 0.861271 0.041444 0.075948 0.082889
0 0.573539 0.933102 0.078859 0.133796
0 0.588443 0.559231 0.083094 0.157056
0 0.360055 0.906412 0.094130 0.159491
0 0.944143 0.581241 0.089349 0.145944
0 0.666253 0.140597 0.089026 0.148176
0 0.671000 0.286060 0.086427 0.155306
0 0.902109 0.156014 0.084031 0.154028
0 0.053846 0.859880 0.086953 0.158204
0 0.742521 0.438778 0.077979 0.143852
0 0.748951 0.304019 0.087714 0.149611
0 0.943620 0.716306 0.085958 0.150944
2 0.433094 0.406537 0.107188 0.186944
0 0.263237 0.242931 0.088339 0.133528
0 0.620435 0.388954 0.094641 0.166259
0 0.154052 0.775310 0.083490 0.148380
0 0.471990 0.705736 0.083052 0.160213
0 0.493091 0.096435 0.083526 0.157019
0 0.124464 0.351667 0.086188 0.178981
