0 0.529709 0.576370 0.064441 0.088198
0 0.340313 0.552042 0.084141 0.108677
0 0.435896 0.147294 0.071090 0.094484
0 0.181109 0.092977 0.083898 0.081609
0 0.196396 0.188000 0.074504 0.101625
0 0.847727 0.092042 0.085695 0.095313
0 0.854539 0.828721 0.079461 0.101141
0 0.409887 0.641820 0.077063 0.101547
0 0.419291 0.538841 0.075668 0.108089
0 0.789205 0.737339 0.066590 0.084990
0 0.861848 0.674948 0.071992 0.095094
0 0.289643 0.857872 0.066418 0.083464
0 0.254488 0.772109 0.070898 0.102281
0 0.734320 0.357576 0.065141 0.086193
0 0.464301 0.401956 0.071383 0.092609
0 0.202256 0.386451 0.075441 0.106609
0 0.702801 0.278872 0.066250 0.101745
0 0.600748 0.658143 0.080105 0.112661
0 0.669973 0.378599 0.068477 0.106563
0 0.741359 0.667328 0.072734 0.084552
0 0.246021 0.329034 0.066137 0.086641
0 0.972904 0.723716 0.054191 0.080724
0 0.083420 0.537365 0.067457 0.097198
0 0.751658 0.113430 0.073418 0.098068
0 0.080508 0.245638 0.070492 0.096589
0 0.527693 0.354953 0.070434 0.097427
0 0.579520 0.427742 0.065523 0.099943
0 0.438287 0.301411 0.068285 0.084656
0 0.828396 0.171258 0.066277 0.076880
0 0.480426 0.483445 0.069758 0.076193
0 0.284545 0.249771 0.074410 0.100990
0 0.487953 0.050607 0.077961 0.100964
0 0.026205 0.540109 0.051785 0.128854
0 0.939504 0.132875 0.071617 0.093146
0 0.315840 0.780979 0.065008 0.083625
0 0.903434 0.587516 0.066859 0.092042
0 0.642707 0.039648 0.065750 0.079203
0 0.337254 0.320646 0.074789 0.085187
0 0.536332 0.175693 0.069047 0.091969
0 0.525438 0.888135 0.081703 0.110406
0 0.376594 0.125076 0.064781 0.082714
0 0.671836 0.854982 0.066125 0.111630
0 0.396510 0.368154 0.067504 0.087495
0 0.674197 0.702797 0.072223 0.096604
0 0.197361 0.030917 0.074027 0.060156
0 0.396092 0.223424 0.072152 0.082682
0 0.721857 0.444479 0.074113 0.094573
0 0.552582 0.030531 0.061742 0.061062
0 0.295932 0.688784 0.068551 0.090193
0 0.707873 0.027115 0.078090 0.053240
0 0.294736 0.485622 0.064582 0.083318
0 0.179260 0.540841 0.065613 0.083516
0 0.565443 0.153633 0.071816 0.104693
0 0.861740 0.598602 0.073113 0.091818
0 0.681693 0.128664 0.069035 0.114786
0 0.973047 0.030706 0.052594 0.060057
0 0.268959 0.026354 0.068723 0.051594
0 0.563029 0.594661 0.066848 0.092448
0 0.656611 0.654690 0.065574 0.084328
0 0.148895 0.573039 0.062250 0.097776
0 0.016740 0.302604 0.033480 0.083385
0 0.594133 0.829138 0.086023 0.105547
0 0.715814 0.779297 0.078395 0.122708
0 0.967926 0.635971 0.064148 0.093401
0 0.134441 0.234466 0.067258 0.089849
0 0.884422 0.186599 0.085406 0.100469
0 0.351201 0.212654 0.071059 0.086089
0 0.618398 0.498820 0.065211 0.122859
0 0.305068 0.395768 0.064199 0.083776
0 0.012463 0.208318 0.024355 0.089427
0 0.776352 0.902901 0.069352 0.086271
0 0.731789 0.566643 0.071359 0.095703
0 0.143363 0.275266 0.068492 0.088240
0 0.813408 0.978029 0.063973 0.043943
0 0.263455 0.981497 0.072051 0.037005
0 0.749979 0.965945 0.069605 0.068109
0 0.023658 0.415193 0.045934 0.106510
0 0.360270 0.683284 0.082516 0.092120
0 0.132137 0.011997 0.068156 0.023995
0 0.777025 0.809255 0.077199 0.084719
0 0.210158 0.618146 0.066660 0.082521
0 0.764676 0.558737 0.070375 0.103786
0 0.340412 0.163141 0.070035 0.096656
0 0.152008 0.688479 0.074594 0.102615
0 0.371881 0.032935 0.075020 0.065870
0 0.439783 0.013411 0.056059 0.025219
0 0.008570 0.671039 0.016891 0.116193
0 0.334531 0.391594 0.065477 0.093167
0 0.233135 0.630826 0.071738 0.078641
0 0.804699 0.899464 0.067156 0.090510
0 0.979936 0.609424 0.040129 0.091193
0 0.661809 0.566581 0.064828 0.085609
0 0.583498 0.515195 0.059332 0.081328
0 0.006326 0.432497 0.011715 0.099443
