0 0.692463 0.876477 0.065793 0.100391
0 0.522854 0.454839 0.064574 0.094198
0 0.874039 0.422310 0.068531 0.091078
0 0.047637 0.442721 0.067578 0.086036
0 0.781906 0.629419 0.067711 0.080391
0 0.943080 0.286557 0.065785 0.093948
0 0.145092 0.548680 0.069246 0.086359
0 0.734719 0.526049 0.066023 0.094672
0 0.716334 0.281643 0.072965 0.086401
0 0.633631 0.777674 0.068418 0.081995
0 0.331506 0.045555 0.070160 0.076526
0 0.046090 0.363586 0.069586 0.087516
0 0.093273 0.029826 0.064758 0.059651
0 0.099729 0.427130 0.064980 0.083635
0 0.286855 0.971732 0.077477 0.056536
0 0.228545 0.155836 0.076145 0.120807
0 0.735465 0.460948 0.074844 0.098240
0 0.293666 0.615086 0.073496 0.083307
1 0.633689 0.445859 0.073465 0.093833
1 0.329629 0.489135 0.076695 0.098417
1 0.396752 0.615901 0.072145 0.089760
1 0.696750 0.969867 0.081055 0.060266
1 0.752203 0.708284 0.079297 0.095078
1 0.356178 0.486768 0.063105 0.088057
1 0.814516 0.406458 0.071602 0.092510
1 0.395600 0.306846 0.068465 0.094964
1 0.224596 0.741917 0.067152 0.080583
1 0.415133 0.045547 0.068664 0.091094
1 0.108744 0.106766 0.073277 0.095104
1 0.303492 0.334456 0.068836 0.088464
1 0.275918 0.529776 0.072938 0.099687
1 0.599252 0.171036 0.069691 0.088521
1 0.554777 0.284357 0.074672 0.103130
1 0.778961 0.881768 0.071109 0.088255
1 0.820730 0.952034 0.067273 0.094349
1 0.492613 0.310122 0.066711 0.088464
1 0.565588 0.103417 0.069746 0.088500
1 0.253971 0.451969 0.080066 0.088312
1 0.942074 0.113443 0.069625 0.088729
1 0.228504 0.299706 0.072898 0.091568
1 0.450324 0.415125 0.069359 0.093115
1 0.074316 0.677583 0.065047 0.075687
1 0.054172 0.713375 0.065078 0.090302
1 0.037721 0.831083 0.073973 0.088875
1 0.465613 0.370734 0.065437 0.087542
1 0.308947 0.701378 0.084176 0.097568
1 0.658809 0.363156 0.064977 0.081396
1 0.687078 0.817164 0.060977 0.081922
1 0.162504 0.784466 0.067852 0.085703
1 0.478676 0.514411 0.076195 0.098677
0 0.102262 0.167893 0.067047 0.091828
0 0.319629 0.870695 0.063883 0.089901
0 0.760555 0.953078 0.072664 0.089958
0 0.014252 0.753888 0.028004 0.106255
0 0.757951 0.095247 0.070512 0.103109
0 0.370920 0.211432 0.065113 0.083958
0 0.509121 0.900247 0.069859 0.095734
0 0.431586 0.739167 0.065477 0.088354
0 0.874850 0.270451 0.068309 0.095193
0 0.500062 0.766940 0.064219 0.087641
0 0.355855 0.243341 0.072687 0.090266
0 0.977354 0.960927 0.045293 0.076979
0 0.261383 0.058258 0.070953 0.086849
0 0.875672 0.968659 0.072398 0.061526
0 0.330504 0.257010 0.067633 0.090719
0 0.057076 0.905005 0.066535 0.085938
0 0.025238 0.083445 0.050281 0.093766
0 0.571980 0.873115 0.065914 0.094385
0 0.394969 0.100609 0.077148 0.090573
0 0.165863 0.263284 0.070211 0.103818
0 0.046922 0.593716 0.067492 0.083089
0 0.026980 0.912505 0.053898 0.090073
0 0.178426 0.217740 0.070844 0.086490
0 0.719674 0.108750 0.070855 0.094323
0 0.451385 0.276310 0.067168 0.093172
0 0.550225 0.037148 0.075355 0.074297
0 0.036992 0.172122 0.070352 0.120359
0 0.905125 0.048870 0.073242 0.087562
0 0.962021 0.439490 0.075434 0.102135
0 0.128598 0.949995 0.085266 0.098083
0 0.930975 0.620172 0.077676 0.096302
0 0.212725 0.558701 0.068738 0.087693
0 0.616246 0.552141 0.071203 0.100687
0 0.448311 0.914500 0.071059 0.094740
0 0.373590 0.769878 0.065523 0.092432
0 0.181645 0.875031 0.084242 0.098615
0 0.625984 0.104948 0.065977 0.079094
0 0.360213 0.874724 0.061777 0.087312
0 0.175918 0.499393 0.056320 0.077380
0 0.485820 0.082315 0.075523 0.121547
0 0.494605 0.845797 0.069203 0.085021
0 0.958525 0.365935 0.080707 0.088245
0 0.679777 0.058742 0.069680 0.090422
0 0.927176 0.209221 0.075539 0.094286
0 0.122238 0.620810 0.065930 0.080943
0 0.552197 0.956742 0.072754 0.085443
0 0.773582 0.326789 0.082469 0.114255
0 0.171197 0.633206 0.068816 0.081609
0 0.077279 0.544086 0.071926 0.100464
0 0.587164 0.036706 0.070898 0.072161
0 0.426191 0.253852 0.067844 0.082797
0 0.965678 0.605586 0.068645 0.082120
0 0.636270 0.009320 0.060727 0.018641
0 0.837445 0.254206 0.069508 0.082724
0 0.678334 0.545898 0.070012 0.113911
0 0.594012 0.848435 0.071109 0.097464
0 0.630664 0.648328 0.065023 0.076833
0 0.420518 0.515911 0.070848 0.094729
0 0.410070 0.834341 0.064563 0.096036
0 0.655178 0.246255 0.068160 0.111354
0 0.256762 0.327896 0.066633 0.090062
0 0.722973 0.025326 0.074422 0.049078
0 0.246477 0.834786 0.082281 0.102552
0 0.887480 0.152198 0.068344 0.082958
0 0.226072 0.633813 0.070840 0.095823
0 0.419395 0.163685 0.074195 0.098818
0 0.786461 0.784833 0.068633 0.085240
0 0.877941 0.093841 0.063750 0.081182
0 0.287217 0.096065 0.073277 0.084203
0 0.024934 0.577203 0.049867 0.090333
0 0.603658 0.657422 0.071590 0.091385
0 0.989893 0.293714 0.020215 0.090146
0 0.373303 0.631794 0.065152 0.094505
0 0.406939 0.877891 0.066473 0.089042
0 0.510492 0.740190 0.069102 0.097859
0 0.978730 0.901029 0.042375 0.094141
0 0.960508 0.044073 0.076602 0.088146
0 0.018947 0.492299 0.037895 0.088661
0 0.037959 0.982539 0.067418 0.034922
0 0.749238 0.796927 0.064602 0.085115
0 0.576973 0.231945 0.069937 0.081911
0 0.498941 0.976271 0.074188 0.046229
0 0.332375 0.803792 0.067969 0.083521
