0 0.006216 0.481319 0.011922 0.162417
0 0.986622 0.684486 0.026755 0.136926
0 0.086698 0.367428 0.089026 0.133718
0 0.982518 0.548181 0.034302 0.164380
0 0.121556 0.447007 0.089372 0.150051
0 0.158497 0.337354 0.076896 0.160458
0 0.034029 0.336382 0.067865 0.189773
0 0.588358 0.556019 0.075279 0.184639
0 0.727824 0.348421 0.084784 0.160963
0 0.698776 0.447567 0.114083 0.135894
0 0.788326 0.461079 0.081781 0.183361
0 0.607915 0.372951 0.070148 0.186514
0 0.197793 0.448479 0.082185 0.182282
0 0.028434 0.570347 0.056784 0.132898
0 0.302255 0.345583 0.077641 0.157926
0 0.047069 0.461875 0.092544 0.161574
0 0.256828 0.417144 0.077922 0.180889
0 0.974728 0.823833 0.050544 0.178111
0 0.494137 0.505778 0.080622 0.160454
0 0.557514 0.442613 0.086487 0.184440
0 0.494047 0.358516 0.076714 0.172773
0 0.091277 0.257889 0.101180 0.138806
0 0.532978 0.602650 0.084799 0.147597
0 0.425003 0.490546 0.081687 0.129843
0 0.362965 0.363623 0.068638 0.139329
0 0.361868 0.512718 0.073471 0.166824
0 0.950424 0.604079 0.078083 0.181731
0 0.756656 0.273789 0.096937 0.147134
0 0.729943 0.549009 0.101594 0.148231
0 0.429355 0.371049 0.083029 0.144208
0 0.639305 0.652657 0.089573 0.123287
0 0.819009 0.203505 0.075549 0.144213
0 0.225997 0.307157 0.080057 0.131009
0 0.815767 0.336005 0.099747 0.143222
0 0.092452 0.558956 0.089091 0.157903
0 0.927895 0.455868 0.079893 0.148505
0 0.439371 0.598072 0.096044 0.146412
0 0.648302 0.534669 0.074953 0.152255
0 0.173695 0.549220 0.089005 0.156255
0 0.814479 0.636053 0.085922 0.178912
0 0.747767 0.151894 0.093951 0.131222
0 0.873866 0.559220 0.084914 0.134847
0 0.296637 0.492613 0.079409 0.150458
0 0.555382 0.284567 0.088977 0.150671
0 0.739215 0.669921 0.091190 0.144074
0 0.855052 0.429542 0.084182 0.166269
0 0.884362 0.690500 0.086276 0.156991
0 0.932488 0.767641 0.078518 0.136782
4 0.663665 0.329789 0.090471 0.220347
