0 0.337258 0.636292 0.091755 0.170157
0 0.310323 0.441954 0.088906 0.187000
0 0.144120 0.964847 0.098812 0.068435
0 0.709828 0.015685 0.086271 0.031370
0 0.887823 0.774546 0.080490 0.143389
0 0.419253 0.371130 0.089943 0.158796
0 0.006956 0.528611 0.013911 0.147648
0 0.606312 0.430019 0.074448 0.144130
0 0.968969 0.380148 0.059823 0.176611
0 0.076086 0.367403 0.084984 0.191657
0 0.103862 0.857949 0.092318 0.156750
0 0.476865 0.315194 0.073833 0.198741
0 0.674109 0.491125 0.087146 0.165287
0 0.027755 0.419213 0.055510 0.150241
0 0.087982 0.720468 0.088901 0.151602
0 0.828094 0.398505 0.083802 0.165213
0 0.978995 0.686454 0.042010 0.144500
0 0.023062 0.825866 0.044937 0.152972
0 0.061052 0.948949 0.086656 0.100009
0 0.234185 0.444856 0.085839 0.202898
0 0.786349 0.053532 0.088135 0.103750
0 0.848167 0.279181 0.082208 0.167009
0 0.540581 0.327606 0.080370 0.158176
0 0.040372 0.636324 0.080297 0.139667
4 0.557539 0.563639 0.111745 0.278074
0 0.899078 0.637144 0.084167 0.150065
0 0.218750 0.899944 0.091229 0.146981
0 0.132786 0.445889 0.096125 0.167185
0 0.946570 0.048727 0.096266 0.097435
0 0.165867 0.746708 0.086901 0.177343
0 0.709523 0.368407 0.093286 0.155315
0 0.048523 0.119991 0.091120 0.186000
0 0.533776 0.830134 0.086552 0.173306
0 0.484393 0.931514 0.088682 0.136972
0 0.921646 0.294421 0.076917 0.179954
0 0.810581 0.834926 0.089609 0.166407
0 0.364417 0.084681 0.079979 0.140528
0 0.807414 0.672181 0.097089 0.162935
0 0.388036 0.943995 0.091510 0.106806
0 0.290089 0.071894 0.083969 0.143176
0 0.965133 0.817958 0.069734 0.157083
0 0.679844 0.735468 0.091927 0.154972
0 0.616172 0.184722 0.091531 0.176019
0 0.493560 0.653565 0.078193 0.172370
0 0.648896 0.592935 0.090427 0.137185
0 0.743492 0.476611 0.080953 0.144870
0 0.819839 0.530338 0.094146 0.147769
0 0.896404 0.932500 0.092224 0.135000
0 0.766620 0.263921 0.094875 0.190287
0 0.430206 0.594134 0.076734 0.140602
0 0.692685 0.105898 0.083411 0.153537
0 0.464120 0.144690 0.088823 0.162176
0 0.611508 0.856190 0.086505 0.169620
0 0.744904 0.947986 0.084464 0.102028
0 0.353805 0.218014 0.090099 0.151657
0 0.287221 0.742657 0.082911 0.151944
0 0.257797 0.193644 0.084187 0.149546
0 0.351966 0.832060 0.097036 0.162065
0 0.964229 0.161000 0.071271 0.153741
0 0.899622 0.418394 0.081349 0.150991
0 0.189221 0.356347 0.085276 0.157843
0 0.538401 0.161241 0.072094 0.164981
