0 0.506530 0.479391 0.097878 0.155606
0 0.044672 0.017597 0.089344 0.033000
0 0.546211 0.236972 0.111729 0.167037
0 0.409913 0.359532 0.085753 0.166417
0 0.263009 0.215451 0.092138 0.140931
0 0.332818 0.301894 0.109818 0.192000
0 0.797082 0.860384 0.099654 0.167389
0 0.633615 0.345109 0.087812 0.170384
0 0.112062 0.083933 0.086052 0.154782
0 0.727224 0.793896 0.102875 0.178718
0 0.533607 0.373866 0.101693 0.162259
0 0.610823 0.658912 0.098526 0.165537
0 0.232296 0.322676 0.107654 0.172306
0 0.376176 0.787755 0.109258 0.187731
0 0.617568 0.511218 0.107146 0.171685
0 0.831242 0.746157 0.103339 0.161463
0 0.840757 0.360016 0.088003 0.185782
0 0.710724 0.929403 0.088109 0.140472
0 0.168479 0.199632 0.117047 0.181468
0 0.324572 0.912153 0.111096 0.175694
0 0.972845 0.024907 0.054310 0.049815
0 0.882926 0.492940 0.103138 0.169352
0 0.038076 0.086944 0.075984 0.148657
0 0.869043 0.909472 0.084513 0.171593
0 0.922470 0.390847 0.101867 0.152694
0 0.035732 0.812366 0.071063 0.161778
0 0.472081 0.718125 0.111057 0.190824
0 0.476435 0.932896 0.087375 0.133736
0 0.637264 0.095104 0.114122 0.190208
0 0.403617 0.933382 0.081375 0.132495
0 0.237243 0.086028 0.115070 0.160361
0 0.293510 0.430623 0.107078 0.157921
0 0.028164 0.225081 0.056328 0.187412
0 0.519690 0.093414 0.142755 0.174051
0 0.533543 0.828019 0.107951 0.197102
0 0.375885 0.500454 0.110104 0.155815
0 0.400339 0.636674 0.098250 0.153653
0 0.917100 0.259368 0.088326 0.144958
0 0.042383 0.935442 0.084031 0.127125
0 0.459121 0.559968 0.096992 0.162676
0 0.333241 0.111407 0.111466 0.198185
0 0.853654 0.174669 0.135073 0.186921
0 0.939831 0.115035 0.119276 0.180634
0 0.943658 0.879162 0.108930 0.218787
0 0.808598 0.960944 0.103560 0.076519
0 0.974953 0.317954 0.050094 0.191713
0 0.111469 0.957009 0.090229 0.084444
0 0.249924 0.957324 0.101182 0.083889
0 0.913522 0.037382 0.095779 0.074106
0 0.010966 0.710440 0.021932 0.153463
0 0.979232 0.178523 0.041323 0.183398
0 0.143495 0.014785 0.090385 0.029569
0 0.431789 0.024606 0.124312 0.049213
