0 0.922060 0.665051 0.082255 0.151528
2 0.388677 0.747449 0.087510 0.169343
0 0.900305 0.311394 0.086870 0.142991
2 0.848484 0.658907 0.087771 0.142796
2 0.817362 0.406444 0.092839 0.165389
0 0.950841 0.533486 0.088859 0.134472
0 0.014776 0.024819 0.029552 0.045509
0 0.618612 0.017472 0.079193 0.033000
0 0.990031 0.885782 0.019937 0.129324
0 0.978630 0.756292 0.042510 0.132657
0 0.990273 0.469426 0.019453 0.160315
0 0.988206 0.616593 0.023589 0.159019
0 0.414740 0.971426 0.080958 0.051370
0 0.948555 0.180556 0.099130 0.163759
0 0.409815 0.022134 0.098172 0.044269
0 0.019503 0.113833 0.039005 0.153315
0 0.020875 0.347338 0.040615 0.131491
0 0.015344 0.748329 0.030687 0.150343
0 0.336755 0.965454 0.085812 0.069093
0 0.151372 0.727852 0.094682 0.126019
0 0.530729 0.973079 0.086271 0.050991
0 0.131367 0.025806 0.092797 0.051611
0 0.908698 0.799699 0.095490 0.157546
0 0.972826 0.961417 0.051422 0.077167
0 0.699565 0.612417 0.102703 0.145000
0 0.973911 0.065773 0.052177 0.131546
0 0.253414 0.947685 0.091807 0.104630
0 0.593464 0.061662 0.098354 0.119120
0 0.762102 0.061338 0.090776 0.122676
0 0.886214 0.938657 0.085687 0.122685
0 0.348883 0.882662 0.098432 0.144083
0 0.140883 0.616657 0.107036 0.139907
0 0.946005 0.406310 0.087385 0.145194
0 0.066487 0.665190 0.098380 0.165917
0 0.839857 0.058718 0.091026 0.117435
0 0.400354 0.425778 0.075292 0.121315
0 0.068622 0.115838 0.087516 0.156806
0 0.168500 0.952190 0.099500 0.095620
0 0.319609 0.747787 0.083354 0.161500
0 0.715661 0.504046 0.101458 0.138722
0 0.227315 0.500042 0.093307 0.168231
0 0.027831 0.231042 0.055661 0.135343
0 0.074711 0.843727 0.092484 0.156454
0 0.473760 0.717009 0.098417 0.183407
0 0.860182 0.525435 0.091917 0.160778
0 0.625979 0.645069 0.087865 0.157306
0 0.287383 0.631384 0.102630 0.143361
0 0.460562 0.160032 0.077385 0.203269
0 0.095294 0.501472 0.088318 0.160167
0 0.509659 0.266671 0.086766 0.152509
0 0.339034 0.569995 0.096318 0.154491
0 0.213714 0.259926 0.092833 0.165352
0 0.236625 0.748343 0.090219 0.152222
0 0.770336 0.821157 0.086745 0.170481
0 0.686299 0.270894 0.088870 0.134306
0 0.708534 0.379199 0.096505 0.142787
0 0.326747 0.203884 0.088391 0.145176
0 0.158172 0.845958 0.096010 0.163250
0 0.143667 0.288333 0.096177 0.162444
0 0.534062 0.134972 0.088406 0.147296
0 0.808315 0.931287 0.090641 0.137426
0 0.774440 0.182778 0.103109 0.145667
0 0.459937 0.883037 0.096677 0.164704
0 0.537521 0.664611 0.096375 0.170796
0 0.032638 0.939583 0.065182 0.118704
0 0.638253 0.157727 0.088516 0.139583
0 0.327151 0.436931 0.093615 0.147769
0 0.387237 0.087472 0.104391 0.135741
0 0.284727 0.103491 0.097849 0.157148
0 0.151021 0.431412 0.097146 0.169694
0 0.358563 0.310736 0.094396 0.157565
0 0.684089 0.746792 0.091396 0.153157
0 0.596201 0.356745 0.095547 0.169454
0 0.596898 0.753032 0.081849 0.162657
