0 0.988022 0.609463 0.023253 0.142852
0 0.027848 0.568900 0.054331 0.175606
0 0.640539 0.230306 0.078557 0.197000
0 0.786716 0.175669 0.075698 0.193847
0 0.035906 0.375086 0.070984 0.141819
0 0.395741 0.262845 0.095331 0.142468
0 0.104917 0.431859 0.096641 0.158968
1 0.740391 0.806979 0.076198 0.139264
1 0.561983 0.229074 0.102013 0.134583
0 0.862759 0.653088 0.084716 0.240639
0 0.989902 0.948752 0.019414 0.100375
0 0.415663 0.863231 0.080992 0.139722
0 0.032306 0.076516 0.064612 0.153032
0 0.019129 0.688435 0.036055 0.121037
0 0.990961 0.176097 0.017031 0.147750
0 0.181633 0.333032 0.093854 0.166630
0 0.901781 0.053169 0.075604 0.103745
0 0.193568 0.049458 0.094156 0.097935
0 0.935835 0.212468 0.096263 0.165574
0 0.400594 0.159988 0.081708 0.132199
0 0.201445 0.905671 0.123786 0.185602
0 0.187167 0.692581 0.098115 0.150301
0 0.161965 0.807780 0.088503 0.152579
0 0.351867 0.088711 0.068208 0.134421
0 0.222078 0.454653 0.100047 0.139093
0 0.327935 0.482264 0.087750 0.136620
0 0.166704 0.201113 0.081398 0.161458
0 0.505094 0.588762 0.089495 0.170208
0 0.465767 0.710259 0.098471 0.160528
0 0.407544 0.048285 0.075052 0.092792
0 0.751327 0.459127 0.089773 0.141634
0 0.018820 0.823306 0.037536 0.158796
0 0.547931 0.104169 0.079935 0.133384
0 0.461569 0.088914 0.083539 0.149181
0 0.967914 0.793799 0.063286 0.147069
0 0.166431 0.557634 0.085971 0.154574
0 0.105741 0.056343 0.093352 0.112685
0 0.331629 0.604829 0.098315 0.155593
0 0.688658 0.062352 0.081633 0.121954
0 0.289961 0.950968 0.078651 0.097491
0 0.787566 0.330701 0.079263 0.147181
0 0.694893 0.563095 0.081318 0.151227
0 0.909105 0.731917 0.088341 0.155620
0 0.510060 0.921944 0.093385 0.155565
0 0.045917 0.939051 0.077849 0.118944
0 0.565253 0.353343 0.094000 0.153731
0 0.029569 0.233910 0.059138 0.161958
0 0.477677 0.243956 0.083099 0.177449
0 0.963956 0.473597 0.071776 0.144481
0 0.958629 0.064155 0.075508 0.126671
0 0.712612 0.179468 0.081375 0.147037
0 0.084832 0.758817 0.082206 0.148144
0 0.583385 0.674088 0.079917 0.181056
0 0.655135 0.395248 0.081224 0.143977
0 0.093102 0.184259 0.073661 0.133935
0 0.380221 0.721273 0.087604 0.141306
0 0.257005 0.771442 0.083927 0.166051
0 0.553445 0.820012 0.081599 0.150653
0 0.794749 0.924516 0.089232 0.148958
0 0.612092 0.489639 0.089164 0.151537
0 0.335092 0.840345 0.085622 0.155523
0 0.864797 0.868345 0.085833 0.153931
0 0.845624 0.471542 0.101143 0.150056
0 0.680854 0.726745 0.080964 0.149491
0 0.349913 0.362817 0.072648 0.141542
0 0.637430 0.913611 0.095927 0.163889
0 0.244367 0.589843 0.079281 0.155500
0 0.421059 0.462083 0.089133 0.153491
