0 0.478652 0.017868 0.090070 0.034708
0 0.049081 0.016951 0.074667 0.033042
0 0.899855 0.018238 0.081930 0.034875
0 0.330513 0.962870 0.082807 0.072722
0 0.903865 0.964826 0.082141 0.070319
0 0.022118 0.086343 0.044237 0.138111
0 0.751025 0.943676 0.083065 0.111093
0 0.240258 0.076519 0.075885 0.135028
0 0.132635 0.770183 0.085354 0.152718
0 0.224695 0.221910 0.085130 0.152134
0 0.685357 0.133366 0.085411 0.158009
0 0.826799 0.226650 0.116026 0.194171
0 0.441047 0.603843 0.075635 0.131602
0 0.651497 0.442252 0.081276 0.146931
0 0.464241 0.728484 0.080872 0.141171
0 0.956641 0.870104 0.086719 0.172792
0 0.838574 0.729910 0.098352 0.168671
0 0.455456 0.468225 0.082844 0.145949
0 0.178243 0.437009 0.093669 0.153843
0 0.542454 0.304720 0.090534 0.149264
0 0.069986 0.529961 0.095133 0.159718
0 0.793451 0.076891 0.090031 0.147551
0 0.790885 0.837477 0.084344 0.144361
0 0.025758 0.974428 0.051516 0.050245
0 0.371611 0.512542 0.092185 0.165556
0 0.425733 0.293153 0.080607 0.154083
0 0.986948 0.295431 0.025958 0.143491
0 0.960594 0.061218 0.078812 0.121880
0 0.132973 0.032458 0.085216 0.064824
0 0.824423 0.512238 0.094685 0.173551
