0 0.986789 0.105653 0.026391 0.154509
2 0.522667 0.763204 0.077250 0.154981
0 0.982635 0.948694 0.034427 0.099981
0 0.835125 0.062333 0.087979 0.118500
0 0.147440 0.768569 0.083411 0.120898
0 0.676156 0.328162 0.094521 0.145491
0 0.016648 0.940639 0.031557 0.118259
0 0.347966 0.052190 0.078432 0.102306
0 0.557589 0.923454 0.082625 0.149000
0 0.839656 0.518736 0.103396 0.143676
0 0.624602 0.077546 0.095755 0.155093
0 0.320862 0.745088 0.085495 0.143565
0 0.853711 0.836810 0.081891 0.141880
0 0.571096 0.381111 0.088943 0.160944
0 0.452117 0.571824 0.085630 0.155852
0 0.636398 0.219671 0.092172 0.150250
0 0.824232 0.373111 0.087120 0.173463
0 0.218216 0.228676 0.091724 0.169259
0 0.544867 0.612954 0.082172 0.147741
0 0.628404 0.552736 0.086276 0.150935
0 0.205596 0.484431 0.089849 0.154639
0 0.482635 0.261116 0.086906 0.162009
0 0.141474 0.381324 0.081083 0.163185
0 0.285289 0.567125 0.096891 0.168787
0 0.726378 0.627361 0.096995 0.159204
0 0.515523 0.480588 0.094828 0.153454
0 0.096674 0.083954 0.097432 0.145500
0 0.088091 0.537537 0.085859 0.151796
0 0.408596 0.122731 0.096755 0.157648
0 0.034638 0.167218 0.069276 0.152546
0 0.802625 0.720556 0.096833 0.175389
0 0.797974 0.190301 0.093125 0.161380
0 0.661344 0.840644 0.091375 0.160806
0 0.370266 0.564597 0.087740 0.157472
0 0.315432 0.911634 0.083990 0.165083
0 0.881854 0.633046 0.098865 0.152481
0 0.497008 0.061157 0.079099 0.122074
0 0.287245 0.094194 0.095688 0.166685
0 0.296568 0.233366 0.074698 0.133676
0 0.250182 0.377468 0.096635 0.154991
0 0.340865 0.413426 0.088885 0.176685
0 0.241964 0.714944 0.102427 0.164407
0 0.078643 0.281727 0.090880 0.140583
0 0.955573 0.197106 0.088854 0.160287
0 0.479940 0.917588 0.083016 0.158861
0 0.371323 0.245037 0.083240 0.149463
0 0.928638 0.759139 0.095703 0.169796
0 0.699172 0.711801 0.089781 0.154213
0 0.067958 0.764347 0.093302 0.178028
0 0.961443 0.368245 0.077115 0.169917
0 0.687904 0.457009 0.086589 0.149963
0 0.238089 0.872833 0.086740 0.167963
0 0.141807 0.564088 0.079375 0.162028
0 0.878320 0.132079 0.088401 0.166102
0 0.395740 0.803657 0.087719 0.158333
0 0.727229 0.931370 0.088906 0.132722
0 0.396901 0.920222 0.091396 0.156963
0 0.903740 0.333750 0.090969 0.173130
0 0.020747 0.597301 0.041495 0.169213
0 0.052013 0.415884 0.094349 0.155731
0 0.030628 0.047120 0.061255 0.094241
0 0.979211 0.818074 0.040974 0.168759
0 0.962331 0.690546 0.074391 0.141037
0 0.073268 0.665861 0.089536 0.134000
