0 0.518123 0.027348 0.100228 0.054439
0 0.151574 0.681551 0.108218 0.109120
0 0.981904 0.065057 0.035768 0.112922
0 0.374454 0.608706 0.097010 0.106888
0 0.741617 0.609689 0.091906 0.114933
0 0.037618 0.046075 0.074796 0.089897
0 0.976524 0.343086 0.046651 0.107253
0 0.892679 0.622148 0.098885 0.112546
0 0.849188 0.966875 0.097272 0.066250
0 0.972967 0.623398 0.053927 0.113483
0 0.117718 0.628637 0.098738 0.115926
0 0.033632 0.961088 0.066694 0.077824
0 0.767894 0.978660 0.095787 0.042680
0 0.733046 0.023333 0.094279 0.046327
0 0.790536 0.434730 0.073017 0.090664
0 0.207207 0.594349 0.092261 0.110180
2 0.379963 0.513151 0.106246 0.108184
0 0.496142 0.984041 0.094738 0.031003
0 0.779398 0.377796 0.074745 0.100684
0 0.991933 0.811412 0.016134 0.135777
0 0.667674 0.976206 0.099228 0.047587
0 0.448054 0.571062 0.080583 0.117155
0 0.590000 0.991615 0.094483 0.016770
0 0.005968 0.793701 0.011875 0.130900
0 0.873262 0.007724 0.093167 0.015448
0 0.308522 0.235141 0.094552 0.120406
0 0.155613 0.510566 0.085278 0.101553
0 0.068914 0.328326 0.097126 0.119151
0 0.252432 0.660689 0.090760 0.116512
0 0.370824 0.413405 0.103499 0.112202
0 0.961752 0.898058 0.076497 0.108081
0 0.656017 0.043660 0.088615 0.087320
0 0.493181 0.536479 0.093870 0.121559
0 0.511159 0.271587 0.103538 0.132104
0 0.391323 0.056314 0.086373 0.112629
0 0.623283 0.906111 0.102438 0.116564
0 0.095372 0.435172 0.088777 0.125201
0 0.847519 0.549552 0.095239 0.128045
0 0.910071 0.047212 0.090536 0.094156
0 0.732770 0.095995 0.094545 0.114604
0 0.709579 0.434982 0.093866 0.131548
0 0.775253 0.519727 0.095829 0.108776
0 0.415835 0.805023 0.095143 0.119388
0 0.672973 0.688372 0.103221 0.116744
0 0.722230 0.928760 0.082948 0.122366
0 0.672782 0.810435 0.100448 0.119851
0 0.852812 0.120851 0.096852 0.120664
0 0.463752 0.151674 0.096470 0.122464
0 0.555515 0.695409 0.097311 0.110705
0 0.302199 0.932438 0.091659 0.120607
0 0.570787 0.808336 0.087508 0.120910
0 0.891779 0.345450 0.095972 0.122104
0 0.960708 0.254552 0.078561 0.119383
0 0.774365 0.205550 0.092643 0.112387
0 0.661537 0.204115 0.090120 0.112325
0 0.933430 0.446294 0.100563 0.131271
0 0.238565 0.454964 0.097076 0.110586
0 0.679724 0.304480 0.087650 0.106142
0 0.666964 0.515391 0.087917 0.112449
0 0.773513 0.778912 0.089819 0.115612
0 0.196532 0.360000 0.089252 0.112870
0 0.537961 0.376641 0.093353 0.117912
0 0.631925 0.396309 0.092168 0.120499
0 0.467650 0.428835 0.093009 0.116754
0 0.576339 0.144090 0.110617 0.133086
0 0.038225 0.227137 0.076242 0.120910
0 0.057367 0.547767 0.092928 0.109249
0 0.346750 0.312551 0.107782 0.120689
0 0.314894 0.811139 0.100644 0.112793
0 0.491429 0.758356 0.083059 0.112608
0 0.513084 0.881731 0.087728 0.116322
0 0.888256 0.214524 0.097840 0.112773
0 0.294639 0.555715 0.095799 0.118765
0 0.426636 0.678323 0.114498 0.124722
0 0.874464 0.903755 0.107809 0.111286
0 0.171802 0.943578 0.091119 0.112845
0 0.219780 0.047467 0.088665 0.094933
0 0.962785 0.539995 0.073210 0.118889
0 0.210141 0.242737 0.091184 0.121204
0 0.354365 0.738588 0.094664 0.125592
0 0.039657 0.639439 0.079097 0.110720
0 0.874429 0.779437 0.104938 0.113904
0 0.115627 0.740376 0.105127 0.126872
0 0.798667 0.675340 0.083993 0.121543
0 0.046738 0.849303 0.086262 0.113431
0 0.912544 0.718277 0.113013 0.121595
0 0.123054 0.837269 0.079657 0.099259
0 0.141408 0.180779 0.089498 0.118740
0 0.075264 0.109362 0.094703 0.112130
0 0.558627 0.566788 0.093410 0.109727
0 0.618148 0.602731 0.109568 0.123035
0 0.836644 0.834123 0.097608 0.108349
0 0.819406 0.373002 0.069961 0.090427
0 0.206227 0.867006 0.099097 0.118961
0 0.022897 0.424787 0.045556 0.120725
0 0.439931 0.955319 0.107392 0.089362
0 0.322299 0.026932 0.091813 0.053863
