1 0.292072 0.104806 0.086685 0.164519
1 0.716306 0.823292 0.103013 0.169241
1 0.741340 0.731141 0.097404 0.136995
1 0.890448 0.231262 0.099339 0.160644
1 0.637397 0.223271 0.088581 0.177495
1 0.827298 0.537042 0.098096 0.137981
1 0.591663 0.354257 0.102846 0.139644
0 0.468701 0.215586 0.089198 0.127199
0 0.297715 0.668729 0.093148 0.177356
0 0.189672 0.081958 0.099266 0.163917
0 0.203423 0.939350 0.082435 0.119218
0 0.148121 0.860368 0.090117 0.170523
0 0.267329 0.240141 0.083737 0.190282
0 0.052521 0.802083 0.086068 0.195204
0 0.500030 0.084426 0.097461 0.168852
0 0.889651 0.754069 0.088359 0.193750
0 0.336940 0.289289 0.084719 0.154551
0 0.919566 0.041951 0.081523 0.083181
0 0.328730 0.406632 0.107445 0.122116
0 0.689302 0.317852 0.096839 0.175065
0 0.036626 0.610225 0.071878 0.193412
0 0.369078 0.522192 0.104391 0.149764
0 0.271258 0.907336 0.079375 0.177949
0 0.413395 0.948891 0.086143 0.099134
0 0.096759 0.631563 0.080565 0.203792
0 0.703090 0.048764 0.091518 0.097528
1 0.561036 0.204826 0.090906 0.179366
0 0.980901 0.253616 0.038073 0.152574
0 0.552414 0.580081 0.095953 0.165505
0 0.198439 0.219051 0.086310 0.145981
0 0.830010 0.112764 0.094604 0.165769
0 0.909339 0.463340 0.093896 0.162986
0 0.809016 0.415044 0.101818 0.160588
0 0.448294 0.775352 0.094750 0.170972
0 0.616348 0.068914 0.101326 0.136060
0 0.981684 0.639014 0.036633 0.175963
0 0.095737 0.154141 0.109620 0.168968
0 0.527695 0.859340 0.090391 0.171995
0 0.063398 0.243845 0.106599 0.163718
0 0.484043 0.943273 0.095612 0.110963
0 0.102404 0.055206 0.095469 0.107106
0 0.341366 0.035199 0.085857 0.070398
0 0.025569 0.893039 0.050023 0.166069
0 0.020747 0.326424 0.041495 0.149986
0 0.964798 0.083289 0.068091 0.154745
0 0.935283 0.156502 0.106081 0.169634
0 0.311759 0.964012 0.072648 0.071301
0 0.386273 0.660438 0.114193 0.171523
0 0.745077 0.160894 0.087378 0.156472
1 0.473320 0.648222 0.094234 0.160759
0 0.660372 0.895132 0.094047 0.153403
0 0.639984 0.565025 0.099391 0.165051
0 0.772313 0.975563 0.089651 0.044782
0 0.819440 0.659836 0.103036 0.143218
0 0.607517 0.696755 0.102284 0.145574
0 0.938832 0.864421 0.096471 0.147685
0 0.954290 0.358377 0.085919 0.140847
0 0.431069 0.433127 0.093008 0.158875
0 0.505508 0.477738 0.096333 0.162625
0 0.870530 0.940113 0.103326 0.116273
0 0.357891 0.147171 0.085073 0.164731
0 0.715018 0.523752 0.094021 0.158968
0 0.398397 0.821944 0.084107 0.167528
0 0.946615 0.703674 0.083885 0.176440
