0 0.209315 0.107243 0.082141 0.151347
0 0.944109 0.264042 0.086333 0.137639
0 0.488615 0.068833 0.073479 0.132269
0 0.629915 0.195961 0.080591 0.141829
0 0.618693 0.930317 0.088734 0.137829
0 0.840193 0.842157 0.073984 0.132231
0 0.762882 0.804944 0.080414 0.138833
0 0.497583 0.934185 0.085766 0.129796
0 0.913904 0.940933 0.096771 0.118134
0 0.691125 0.471569 0.078406 0.122324
0 0.257889 0.413301 0.081424 0.138120
0 0.588315 0.801493 0.082380 0.149810
0 0.278314 0.933778 0.080341 0.130333
0 0.707249 0.231926 0.074289 0.126222
0 0.462128 0.406329 0.085729 0.144815
0 0.628512 0.384204 0.082305 0.141130
0 0.251650 0.241493 0.078128 0.146356
0 0.884529 0.544012 0.081047 0.142199
0 0.674673 0.813016 0.082096 0.139051
0 0.554271 0.449039 0.075484 0.139208
0 0.885013 0.700891 0.083266 0.145671
0 0.259749 0.555859 0.080768 0.137468
0 0.740082 0.098926 0.070924 0.126389
0 0.808615 0.158431 0.078906 0.140593
0 0.313296 0.706905 0.082315 0.145884
0 0.313288 0.301951 0.079128 0.132319
0 0.055669 0.118053 0.071531 0.126801
0 0.959911 0.651014 0.075411 0.134833
0 0.383148 0.768551 0.077620 0.129398
0 0.486352 0.778169 0.089401 0.142810
0 0.304292 0.167097 0.078542 0.115389
0 0.299306 0.052282 0.079872 0.102852
0 0.651887 0.592896 0.070919 0.125699
0 0.771470 0.454940 0.074930 0.131565
0 0.582888 0.100606 0.072865 0.131537
0 0.666897 0.036137 0.067523 0.071671
0 0.243628 0.813412 0.073979 0.125611
0 0.949543 0.422771 0.076414 0.163356
0 0.048922 0.954454 0.072120 0.088907
0 0.182315 0.950627 0.073937 0.096708
0 0.967855 0.036340 0.063581 0.071514
0 0.907254 0.142438 0.071852 0.124208
0 0.016975 0.716606 0.033951 0.132741
0 0.073734 0.774752 0.080672 0.154023
0 0.984098 0.834623 0.031805 0.148051
0 0.017111 0.389451 0.034221 0.139477
0 0.201095 0.649002 0.073174 0.119875
0 0.542124 0.642241 0.085341 0.143806
0 0.988310 0.389282 0.023380 0.174296
0 0.007382 0.948620 0.014763 0.102759
0 0.150480 0.423905 0.080237 0.135486
0 0.005715 0.091016 0.011039 0.138505
0 0.420911 0.957875 0.075745 0.079315
0 0.125190 0.056324 0.057089 0.095111
