1 0.623091 0.518817 0.086964 0.155384
0 0.252424 0.170850 0.087510 0.155319
0 0.242065 0.305065 0.086047 0.121824
0 0.073070 0.941521 0.090844 0.116801
0 0.038198 0.061782 0.076219 0.123361
0 0.433678 0.078528 0.089102 0.131815
0 0.425599 0.479387 0.099828 0.161894
0 0.863661 0.499907 0.096948 0.175269
0 0.757266 0.700144 0.090755 0.163741
0 0.738345 0.204681 0.096435 0.147435
0 0.925008 0.926412 0.099224 0.147176
0 0.962471 0.107188 0.074771 0.143245
0 0.970113 0.351201 0.059346 0.165255
0 0.330546 0.963481 0.089018 0.071185
0 0.868169 0.048285 0.083729 0.096292
0 0.119368 0.504583 0.087898 0.148491
0 0.250424 0.499255 0.093036 0.169231
0 0.445775 0.210551 0.105122 0.161778
0 0.390353 0.028887 0.081852 0.056866
0 0.105999 0.034995 0.090810 0.069991
0 0.765039 0.965752 0.100391 0.068495
0 0.021740 0.577285 0.043479 0.146949
0 0.230395 0.885303 0.091497 0.150764
0 0.672551 0.728785 0.123055 0.093681
0 0.012810 0.449120 0.024969 0.136398
0 0.033891 0.353095 0.063151 0.114477
0 0.622307 0.970699 0.096380 0.057870
0 0.774219 0.020375 0.087021 0.039685
0 0.246014 0.974225 0.084956 0.051551
0 0.194056 0.097650 0.099482 0.170079
0 0.994051 0.526549 0.011898 0.158051
0 0.149411 0.905551 0.089203 0.163509
0 0.094922 0.340539 0.081406 0.143560
0 0.907086 0.604380 0.086828 0.149398
0 0.446260 0.351081 0.095542 0.147208
0 0.070671 0.828704 0.080352 0.132167
0 0.757048 0.371914 0.095607 0.174616
0 0.557898 0.932662 0.086365 0.134676
0 0.359939 0.556100 0.086987 0.167014
0 0.441096 0.682046 0.087474 0.156417
0 0.092772 0.632613 0.091612 0.149171
0 0.535159 0.636370 0.088875 0.163370
0 0.128551 0.760269 0.087633 0.149917
0 0.312202 0.846852 0.082654 0.147194
0 0.580646 0.785722 0.077693 0.141639
0 0.701971 0.092155 0.100943 0.159486
0 0.386773 0.817498 0.082651 0.139616
0 0.656975 0.629949 0.081398 0.129519
0 0.374645 0.303461 0.082529 0.153329
0 0.082230 0.197178 0.094628 0.162486
0 0.792491 0.105394 0.084492 0.148130
0 0.651470 0.882718 0.092477 0.151870
0 0.185812 0.432475 0.083562 0.150245
0 0.336987 0.693106 0.102651 0.168843
0 0.680408 0.329088 0.087768 0.165046
0 0.703174 0.519310 0.088901 0.158861
0 0.954405 0.683477 0.091190 0.140657
0 0.839758 0.726317 0.088026 0.150551
0 0.935883 0.803130 0.099797 0.134259
0 0.320034 0.049792 0.080031 0.099583
0 0.793380 0.864449 0.082146 0.155296
0 0.461090 0.015164 0.084393 0.028366
0 0.815922 0.605539 0.096359 0.130005
