0 0.113227 0.401787 0.086911 0.147963
3 0.651448 0.205056 0.084792 0.139667
0 0.506971 0.740394 0.095109 0.162046
0 0.540904 0.862454 0.098380 0.144981
0 0.526633 0.304958 0.089578 0.150991
0 0.251831 0.448514 0.092182 0.154917
0 0.209112 0.640620 0.083453 0.144370
0 0.533036 0.157412 0.094740 0.155231
0 0.458367 0.880259 0.075526 0.141611
0 0.382294 0.221000 0.083682 0.143796
0 0.250477 0.247769 0.099995 0.167963
0 0.554617 0.483463 0.096620 0.162148
0 0.492669 0.595870 0.086932 0.152944
0 0.158526 0.906375 0.092135 0.161787
0 0.331339 0.102602 0.097563 0.152630
0 0.942323 0.213181 0.095854 0.149935
0 0.626932 0.906412 0.081740 0.154750
0 0.714227 0.835338 0.093036 0.167472
0 0.728115 0.204991 0.077250 0.161111
0 0.804201 0.217097 0.084880 0.164843
0 0.142138 0.551963 0.088870 0.152907
0 0.061633 0.088472 0.094703 0.159870
0 0.753234 0.424505 0.096854 0.167157
0 0.743490 0.677565 0.097844 0.166074
0 0.064029 0.272454 0.092422 0.153833
0 0.665305 0.441130 0.085828 0.153167
0 0.423049 0.664329 0.091703 0.163120
0 0.806188 0.067843 0.086750 0.132759
0 0.359971 0.412662 0.092005 0.151731
0 0.156393 0.189366 0.088932 0.156472
0 0.437188 0.068889 0.091083 0.137778
0 0.968581 0.061787 0.062839 0.123574
0 0.256432 0.795528 0.100719 0.159444
0 0.616148 0.305963 0.090641 0.174222
0 0.247883 0.953069 0.090714 0.093861
0 0.887542 0.346468 0.082219 0.143639
0 0.057130 0.755764 0.095927 0.146917
0 0.903359 0.590903 0.092979 0.157954
0 0.201615 0.066722 0.087677 0.133444
0 0.411039 0.951505 0.086661 0.096454
0 0.971180 0.714236 0.056547 0.151194
0 0.062654 0.613741 0.083964 0.149074
0 0.886839 0.886255 0.095906 0.161065
0 0.534583 0.957514 0.095865 0.084972
0 0.964357 0.322278 0.071286 0.142000
0 0.966552 0.451917 0.066885 0.143333
0 0.922539 0.762069 0.088714 0.147935
0 0.018591 0.558528 0.036526 0.154037
0 0.982711 0.563162 0.034578 0.142343
0 0.670750 0.016602 0.094281 0.032685
0 0.013964 0.351931 0.027073 0.134120
0 0.017268 0.035255 0.034536 0.070120
0 0.961018 0.967079 0.077964 0.065843
0 0.350805 0.016699 0.091380 0.033398
0 0.879297 0.981764 0.100740 0.036380
0 0.470818 0.989588 0.075438 0.020824
