1 0.147430 0.718215 0.078182 0.127819
1 0.291500 0.331171 0.090542 0.155426
1 0.220928 0.626910 0.093346 0.145384
0 0.177405 0.053292 0.077180 0.106185
0 0.023280 0.219780 0.046560 0.127477
0 0.766315 0.677465 0.099609 0.142838
0 0.683826 0.707109 0.076073 0.162949
0 0.408184 0.152312 0.064263 0.134412
0 0.801178 0.782333 0.090659 0.151991
0 0.104342 0.062819 0.075445 0.125213
0 0.430845 0.881792 0.090055 0.132343
0 0.066940 0.931498 0.089833 0.136079
0 0.821245 0.596356 0.079932 0.129944
0 0.650935 0.382056 0.077917 0.179000
0 0.420396 0.752919 0.082318 0.120625
0 0.664198 0.897350 0.075766 0.134847
0 0.597432 0.926741 0.077510 0.146519
0 0.340663 0.531942 0.091357 0.133736
0 0.476014 0.663738 0.078602 0.147282
0 0.116013 0.193319 0.075729 0.113630
0 0.085625 0.764991 0.083896 0.167907
0 0.718479 0.170308 0.072714 0.163477
0 0.787686 0.227021 0.085138 0.147431
0 0.221293 0.940850 0.087414 0.117579
0 0.381831 0.288965 0.099964 0.146977
0 0.920327 0.139970 0.083534 0.140403
0 0.295151 0.708299 0.084974 0.130449
0 0.578702 0.146243 0.087107 0.157856
0 0.049530 0.127322 0.076482 0.121699
0 0.334009 0.862657 0.075404 0.142926
0 0.967651 0.229104 0.064698 0.145449
0 0.150174 0.466894 0.095437 0.155157
0 0.109335 0.313407 0.082685 0.143241
0 0.724061 0.383278 0.087997 0.145611
0 0.664346 0.549546 0.090276 0.154713
0 0.221833 0.785616 0.085167 0.148389
0 0.283059 0.477204 0.085508 0.143704
0 0.189236 0.342509 0.076221 0.143880
0 0.865512 0.053167 0.108477 0.105269
0 0.946768 0.947255 0.092188 0.104037
0 0.872677 0.733669 0.088464 0.136856
0 0.981035 0.420796 0.037930 0.149491
0 0.832400 0.908576 0.093826 0.140125
0 0.364993 0.956516 0.087711 0.086968
0 0.754165 0.896391 0.078174 0.119856
0 0.652040 0.032389 0.084529 0.064778
0 0.012182 0.614278 0.024365 0.144102
0 0.750898 0.978875 0.087344 0.042250
0 0.988125 0.755470 0.023750 0.176079
0 0.863974 0.979123 0.082599 0.041431
0 0.487840 0.986398 0.092831 0.027204
0 0.030359 0.985576 0.060719 0.028588
0 0.007044 0.031597 0.013693 0.063194
0 0.281868 0.013606 0.093128 0.024796
0 0.276659 0.987907 0.085760 0.022898
