0 0.293195 0.715611 0.086953 0.146028
0 0.886116 0.138810 0.071497 0.125778
0 0.752533 0.200407 0.080628 0.153667
0 0.516786 0.081500 0.077531 0.134898
0 0.627143 0.505208 0.079682 0.129602
0 0.181417 0.627699 0.077740 0.137713
0 0.642645 0.583380 0.084982 0.113074
0 0.538036 0.953690 0.067677 0.092620
0 0.825427 0.052058 0.071750 0.104116
0 0.796417 0.814375 0.072958 0.149361
0 0.365294 0.261688 0.070161 0.118060
0 0.468366 0.798090 0.070367 0.134986
0 0.732648 0.649586 0.074115 0.109032
0 0.489895 0.560525 0.078305 0.140384
0 0.040444 0.543269 0.073695 0.152250
0 0.873908 0.514769 0.072654 0.129111
0 0.453987 0.674530 0.078234 0.128921
0 0.175104 0.320083 0.079958 0.133741
0 0.932997 0.643771 0.073260 0.146699
0 0.047186 0.185993 0.075997 0.137718
0 0.729026 0.519738 0.076182 0.138866
0 0.386863 0.380722 0.077997 0.144546
0 0.898699 0.600421 0.081831 0.144565
0 0.449895 0.080141 0.071133 0.148097
0 0.107460 0.243775 0.075404 0.141708
0 0.299655 0.824722 0.077211 0.138639
0 0.143583 0.472954 0.075302 0.133935
0 0.612730 0.374868 0.077497 0.139819
0 0.098376 0.912685 0.074971 0.147176
0 0.209086 0.707613 0.072229 0.137958
0 0.031526 0.406711 0.062568 0.138912
0 0.177647 0.194625 0.070633 0.117343
0 0.335280 0.466944 0.076669 0.152963
0 0.110051 0.364375 0.075398 0.113407
0 0.970184 0.047201 0.059633 0.094403
0 0.265716 0.531708 0.078792 0.138046
0 0.821724 0.906984 0.088286 0.139264
0 0.976798 0.691921 0.046404 0.135731
0 0.798225 0.439030 0.065591 0.134116
0 0.963173 0.144509 0.073148 0.122519
0 0.264395 0.955917 0.064591 0.088167
0 0.196633 0.440255 0.078411 0.152046
0 0.310068 0.603426 0.086354 0.129269
0 0.446383 0.288333 0.073198 0.138843
0 0.899047 0.761507 0.076141 0.121329
0 0.752852 0.367868 0.069755 0.172088
0 0.526104 0.194250 0.066062 0.118806
0 0.941732 0.362734 0.061036 0.147625
0 0.634009 0.687694 0.080638 0.152611
0 0.080096 0.627532 0.065318 0.150148
0 0.955474 0.787312 0.066760 0.122829
0 0.230876 0.928623 0.074555 0.124236
0 0.347214 0.938106 0.084099 0.122833
0 0.679559 0.428988 0.077143 0.128829
0 0.543561 0.853069 0.072831 0.120852
0 0.547493 0.745338 0.071409 0.127222
0 0.371335 0.083806 0.072961 0.134806
0 0.690684 0.720440 0.070695 0.126907
0 0.887549 0.375194 0.070375 0.154713
0 0.832148 0.228072 0.082104 0.116671
0 0.414509 0.162998 0.067695 0.125014
0 0.890667 0.939602 0.071818 0.120796
0 0.814027 0.739910 0.073008 0.141060
0 0.734796 0.774111 0.080747 0.175907
0 0.005973 0.176868 0.011945 0.137977
0 0.724240 0.034935 0.077224 0.068620
0 0.607975 0.013201 0.071117 0.026403
0 0.883393 0.036333 0.068708 0.072667
0 0.993723 0.389859 0.012555 0.129014
0 0.036272 0.842734 0.072544 0.146838
0 0.099991 0.501991 0.074742 0.124500
0 0.476043 0.975963 0.074732 0.044972
0 0.303625 0.022419 0.075786 0.044838
0 0.933327 0.950558 0.065065 0.098884
0 0.006802 0.586569 0.013604 0.181389
0 0.117634 0.973551 0.077596 0.052898
0 0.812286 0.337970 0.071141 0.115458
