0 0.536841 0.199039 0.081469 0.163097
0 0.083556 0.161093 0.075727 0.142630
0 0.771978 0.407072 0.074732 0.149366
0 0.709599 0.188410 0.080948 0.137412
0 0.310608 0.506083 0.076346 0.118407
0 0.613299 0.656789 0.072896 0.143542
0 0.398949 0.651475 0.082831 0.134116
0 0.395935 0.868280 0.077406 0.142569
0 0.031977 0.355829 0.063922 0.124185
0 0.762643 0.099301 0.084656 0.140917
0 0.851436 0.714704 0.065612 0.162657
0 0.739424 0.757331 0.079042 0.160514
0 0.371694 0.210991 0.079721 0.117500
0 0.836385 0.258704 0.075557 0.165611
0 0.132508 0.633505 0.079281 0.149759
0 0.231020 0.450912 0.082237 0.128528
0 0.842357 0.101759 0.094516 0.147852
0 0.710109 0.384694 0.068208 0.147352
0 0.674504 0.763620 0.065518 0.151333
0 0.096303 0.304787 0.085987 0.140213
0 0.194190 0.585109 0.071745 0.149819
0 0.867651 0.936053 0.074026 0.127579
0 0.112335 0.425963 0.096508 0.127389
0 0.262288 0.618762 0.071331 0.160690
0 0.208427 0.701887 0.082146 0.114477
0 0.464504 0.710097 0.075367 0.141907
0 0.937207 0.884234 0.093727 0.134523
0 0.567470 0.882544 0.081299 0.136403
0 0.325055 0.152595 0.084521 0.173116
0 0.672732 0.619053 0.078266 0.140023
0 0.650958 0.482530 0.093437 0.113384
0 0.456368 0.398625 0.082763 0.161028
0 0.545134 0.362998 0.101471 0.157125
0 0.669622 0.936562 0.081568 0.125292
0 0.483465 0.885319 0.094982 0.158019
0 0.903775 0.805440 0.096549 0.117806
0 0.042318 0.870366 0.082625 0.117028
0 0.043365 0.656655 0.086729 0.117338
0 0.217367 0.072058 0.078552 0.139356
0 0.299992 0.416368 0.096667 0.139199
0 0.463022 0.948051 0.079404 0.101630
0 0.122473 0.945815 0.069523 0.107324
0 0.953378 0.419461 0.084943 0.135236
0 0.185462 0.344067 0.085096 0.158912
0 0.388789 0.455403 0.075094 0.131231
0 0.920811 0.239009 0.089487 0.159454
0 0.622952 0.785407 0.069430 0.126648
0 0.348482 0.778123 0.074656 0.129495
0 0.534587 0.475606 0.091570 0.128944
0 0.892548 0.366343 0.085529 0.144213
0 0.503141 0.089389 0.088734 0.163648
0 0.455400 0.232377 0.085398 0.145551
0 0.423401 0.092266 0.072042 0.125986
0 0.796931 0.555312 0.082258 0.143329
0 0.263461 0.313736 0.087500 0.153528
0 0.035651 0.231556 0.071302 0.142296
0 0.675665 0.064565 0.078810 0.129130
0 0.733664 0.871292 0.078734 0.118815
0 0.311937 0.704954 0.090865 0.141509
0 0.240040 0.214167 0.086773 0.162481
0 0.609406 0.143185 0.091229 0.121056
0 0.652740 0.387352 0.066875 0.113528
0 0.183051 0.942021 0.058596 0.105505
0 0.600316 0.051856 0.086263 0.097259
0 0.260544 0.013125 0.077443 0.026250
0 0.215193 0.864544 0.070917 0.152662
0 0.523807 0.735796 0.085229 0.150574
0 0.008823 0.938794 0.017526 0.122412
0 0.986234 0.346796 0.027385 0.171046
0 0.131936 0.023676 0.075763 0.047259
0 0.864303 0.018315 0.104909 0.036630
0 0.553272 0.977458 0.096367 0.042157
0 0.938962 0.970296 0.093799 0.059111
0 0.627566 0.343303 0.073273 0.157375
0 0.261927 0.917352 0.074057 0.147009
0 0.046077 0.955521 0.071581 0.087079
0 0.026883 0.110192 0.052958 0.168023
0 0.389503 0.556264 0.116536 0.125093
0 0.294706 0.963035 0.084906 0.073523
0 0.983272 0.068655 0.033221 0.137310
0 0.067602 0.532606 0.077052 0.138231
0 0.569085 0.294326 0.083029 0.149681
0 0.978960 0.206187 0.042081 0.133495
0 0.975353 0.502204 0.049294 0.143657
0 0.340046 0.045278 0.092659 0.088185
0 0.971421 0.736912 0.057159 0.156741
0 0.023673 0.760674 0.047346 0.158505
0 0.163452 0.216745 0.083596 0.196241
0 0.805318 0.797477 0.062677 0.184389
0 0.107634 0.798817 0.082294 0.126588
