0 0.320262 0.892143 0.077617 0.101776
0 0.606734 0.449430 0.071180 0.086672
0 0.537268 0.474156 0.071371 0.101396
0 0.075393 0.614437 0.069934 0.084417
0 0.822555 0.297469 0.064023 0.110010
0 0.426443 0.565914 0.076902 0.092672
0 0.838760 0.400323 0.062684 0.094542
0 0.195842 0.411924 0.077191 0.091109
0 0.507100 0.786664 0.060191 0.090797
0 0.908697 0.832326 0.070230 0.093057
0 0.703012 0.487388 0.069758 0.089005
0 0.735162 0.943172 0.072910 0.090719
0 0.527842 0.384419 0.073457 0.091505
0 0.125762 0.426242 0.067039 0.099214
0 0.257291 0.173534 0.064785 0.086089
0 0.464926 0.347260 0.075180 0.103135
0 0.762088 0.240443 0.066215 0.086802
0 0.824723 0.920182 0.078500 0.093292
0 0.253979 0.398250 0.074301 0.098385
0 0.428393 0.041484 0.079801 0.079552
0 0.641082 0.527326 0.073047 0.101714
0 0.614775 0.293190 0.080926 0.099453
0 0.750748 0.678318 0.071520 0.099083
0 0.643107 0.936977 0.073301 0.093630
0 0.411660 0.278299 0.067398 0.101776
0 0.884346 0.258154 0.064051 0.080672
0 0.764443 0.827112 0.066145 0.097036
0 0.261650 0.639815 0.064348 0.094464
0 0.743234 0.319857 0.081555 0.085307
0 0.229758 0.097016 0.065547 0.093635
0 0.228473 0.847273 0.078062 0.094130
0 0.393414 0.180161 0.070883 0.096896
0 0.634689 0.198081 0.068434 0.103880
0 0.020395 0.061289 0.040789 0.106870
0 0.888613 0.696242 0.064016 0.101922
0 0.042096 0.445094 0.076051 0.090990
0 0.836875 0.828482 0.068922 0.089755
0 0.451832 0.127148 0.072813 0.094943
0 0.254555 0.934789 0.066531 0.097411
0 0.689248 0.166323 0.065590 0.095448
0 0.897605 0.349893 0.079367 0.096745
0 0.835529 0.033919 0.066590 0.067839
0 0.078654 0.260224 0.079676 0.088865
0 0.203211 0.500000 0.078547 0.092521
0 0.037318 0.541471 0.068059 0.099661
0 0.117066 0.527375 0.066539 0.095865
0 0.711498 0.760396 0.073793 0.096740
0 0.694080 0.033643 0.074809 0.067286
0 0.292072 0.047180 0.071301 0.088724
0 0.753115 0.155628 0.065395 0.087682
0 0.865865 0.168104 0.076691 0.092167
0 0.819328 0.683747 0.071461 0.097432
0 0.593527 0.113661 0.075000 0.099552
0 0.781576 0.536529 0.073629 0.099641
0 0.162771 0.087380 0.072082 0.087146
0 0.947508 0.909242 0.077437 0.100776
0 0.362535 0.087182 0.081445 0.101240
0 0.029672 0.925091 0.059344 0.093828
0 0.165811 0.748464 0.076355 0.091177
0 0.504258 0.181349 0.071430 0.089698
0 0.106045 0.170378 0.070934 0.101464
0 0.909721 0.550734 0.086652 0.103354
0 0.754949 0.423544 0.080516 0.092953
0 0.819389 0.108240 0.064527 0.081646
0 0.067701 0.974984 0.071230 0.049240
0 0.344793 0.429320 0.076437 0.088193
0 0.313826 0.802190 0.074191 0.090734
0 0.400893 0.849792 0.069051 0.092313
0 0.645861 0.813602 0.073879 0.091328
0 0.953676 0.982023 0.083383 0.033484
0 0.355783 0.016773 0.078809 0.033547
0 0.703752 0.865039 0.071043 0.091682
0 0.577572 0.794102 0.068551 0.092130
0 0.499543 0.948250 0.075781 0.090094
0 0.039691 0.686602 0.071086 0.082099
0 0.323125 0.710115 0.078781 0.097229
0 0.549045 0.669383 0.076402 0.096224
0 0.498098 0.547919 0.072016 0.093505
0 0.175025 0.233276 0.070184 0.088917
0 0.623924 0.620984 0.068980 0.091271
0 0.166824 0.020380 0.073656 0.040760
0 0.197955 0.966130 0.075496 0.065917
0 0.936426 0.754766 0.054992 0.091781
0 0.764059 0.017508 0.078422 0.035016
0 0.197730 0.677987 0.061812 0.080359
0 0.982340 0.305779 0.035320 0.104630
0 0.314668 0.519805 0.063414 0.100078
0 0.100961 0.786872 0.076477 0.092849
0 0.971773 0.607523 0.056453 0.089849
0 0.325158 0.290711 0.077738 0.093349
0 0.391414 0.701651 0.068586 0.096615
0 0.249277 0.762042 0.067398 0.085938
0 0.663684 0.400779 0.077430 0.082099
0 0.884129 0.979766 0.072930 0.036552
0 0.616090 0.715844 0.068406 0.098271
0 0.373986 0.514685 0.070301 0.107203
0 0.806896 0.982641 0.084473 0.031073
0 0.310459 0.972208 0.078949 0.055583
0 0.951189 0.041997 0.079863 0.075745
0 0.901906 0.018141 0.063875 0.032813
0 0.952307 0.476099 0.060051 0.086250
0 0.552719 0.599042 0.068867 0.091969
0 0.527457 0.871242 0.069828 0.080359
0 0.021102 0.763773 0.042203 0.103172
0 0.011693 0.309667 0.019980 0.116948
0 0.118963 0.931138 0.078043 0.096526
0 0.087631 0.068036 0.067652 0.098719
1 0.180568 0.324523 0.075121 0.093307
0 0.122336 0.834531 0.075039 0.087688
0 0.040258 0.143299 0.074234 0.098974
0 0.372061 0.350227 0.068113 0.090818
0 0.315977 0.215628 0.066891 0.077224
0 0.927375 0.119643 0.078313 0.083203
0 0.666748 0.351315 0.075863 0.083203
0 0.955314 0.685766 0.068113 0.091906
0 0.447312 0.828250 0.072602 0.094083
0 0.449760 0.743956 0.071785 0.079943
0 0.432018 0.660479 0.082801 0.091365
0 0.327193 0.658849 0.068113 0.093542
0 0.597678 0.031055 0.072488 0.062109
0 0.946072 0.169036 0.069262 0.090979
0 0.565439 0.212279 0.065270 0.093599
0 0.728590 0.592016 0.069883 0.085146
0 0.893105 0.443310 0.075094 0.083891
0 0.253553 0.263815 0.074012 0.091255
0 0.201525 0.590492 0.070488 0.092724
0 0.126545 0.669763 0.074832 0.093880
0 0.101174 0.343471 0.073402 0.078245
0 0.531887 0.022969 0.075031 0.045937
