0 0.986047 0.024984 0.027906 0.049968
0 0.992206 0.108454 0.015422 0.144898
0 0.501271 0.232833 0.068380 0.133750
3 0.525029 0.502069 0.078302 0.150454
0 0.014070 0.441720 0.028062 0.148440
0 0.209803 0.025880 0.084279 0.051759
0 0.986185 0.931882 0.027630 0.134468
0 0.939461 0.923352 0.090708 0.150157
0 0.976202 0.672613 0.047596 0.144347
0 0.309454 0.791056 0.069435 0.151296
0 0.550789 0.597150 0.090885 0.146440
0 0.431764 0.263882 0.083711 0.149838
0 0.599880 0.701255 0.082854 0.150380
0 0.051883 0.256986 0.092708 0.181778
0 0.114349 0.633542 0.095620 0.154602
0 0.138000 0.114373 0.080156 0.152856
0 0.136268 0.898935 0.092281 0.157657
0 0.312887 0.569192 0.094503 0.145477
0 0.455672 0.510000 0.083177 0.173324
0 0.194871 0.609789 0.081544 0.172921
0 0.871646 0.887627 0.080010 0.163005
0 0.587837 0.262035 0.079596 0.141208
0 0.398467 0.925769 0.082997 0.148463
0 0.969589 0.497706 0.060823 0.155273
0 0.323570 0.417796 0.088568 0.165657
0 0.799997 0.067338 0.089724 0.134676
0 0.598551 0.114139 0.095013 0.165259
0 0.672039 0.314241 0.094766 0.161833
0 0.841362 0.205389 0.092875 0.141565
0 0.209707 0.164646 0.085018 0.147681
0 0.853583 0.335502 0.090214 0.141764
0 0.520445 0.747558 0.089615 0.172708
0 0.240176 0.390067 0.091065 0.164560
0 0.342167 0.192722 0.093651 0.167759
0 0.260354 0.684530 0.093469 0.168282
0 0.383215 0.751042 0.091378 0.169731
0 0.038134 0.598449 0.076070 0.168954
0 0.098138 0.757634 0.093656 0.155630
0 0.490542 0.087829 0.089875 0.146074
0 0.958128 0.798479 0.083135 0.145375
0 0.795461 0.584639 0.088016 0.153528
0 0.865102 0.652090 0.084615 0.145718
0 0.685172 0.462356 0.091104 0.153796
0 0.967743 0.340030 0.064513 0.160653
0 0.994445 0.246931 0.010875 0.155907
0 0.787784 0.752380 0.091484 0.157259
0 0.880674 0.093218 0.091016 0.151435
0 0.908294 0.420977 0.088250 0.165278
0 0.122906 0.011169 0.076448 0.022338
0 0.461322 0.013319 0.083294 0.026639
0 0.611005 0.012125 0.079073 0.024250
0 0.913520 0.983907 0.092628 0.031796
