0 0.658643 0.650343 0.094203 0.160667
0 0.677678 0.897803 0.094831 0.160764
0 0.194307 0.639648 0.092130 0.151907
0 0.692712 0.482465 0.083852 0.144949
0 0.036611 0.622750 0.073221 0.185111
0 0.417743 0.944894 0.092997 0.109787
0 0.634171 0.044079 0.093544 0.088157
0 0.822227 0.960539 0.092714 0.078921
0 0.401036 0.404808 0.094943 0.153310
0 0.026367 0.318340 0.052734 0.153903
0 0.957155 0.058157 0.078945 0.114120
0 0.836684 0.448132 0.091471 0.155847
0 0.212688 0.516150 0.102854 0.162329
0 0.330186 0.475243 0.101174 0.167514
0 0.961189 0.599028 0.075674 0.165157
0 0.568951 0.106211 0.091026 0.157255
0 0.580813 0.671160 0.090865 0.153884
0 0.432648 0.787606 0.083948 0.155731
0 0.314849 0.610134 0.099281 0.151611
0 0.358132 0.767604 0.091143 0.169644
0 0.586044 0.942435 0.097646 0.113648
0 0.282964 0.732644 0.089995 0.157463
0 0.831409 0.743750 0.105688 0.170583
0 0.807111 0.878840 0.100315 0.146736
0 0.563543 0.794016 0.084023 0.133134
0 0.526290 0.307514 0.093378 0.159167
0 0.593056 0.252880 0.089794 0.159250
0 0.709480 0.755549 0.090023 0.160218
0 0.228285 0.837801 0.089018 0.155120
0 0.493336 0.666792 0.086323 0.152065
0 0.759602 0.446579 0.079318 0.137880
0 0.159398 0.901111 0.095464 0.167833
0 0.956053 0.883509 0.086008 0.150741
0 0.053191 0.203715 0.094596 0.160745
0 0.962022 0.743826 0.074846 0.153644
0 0.750458 0.946266 0.089161 0.106866
0 0.235520 0.951606 0.088659 0.093463
0 0.083884 0.345206 0.091461 0.152088
0 0.903366 0.941269 0.091544 0.117463
0 0.146208 0.143889 0.098182 0.151537
0 0.491039 0.963553 0.085755 0.072894
0 0.026034 0.085944 0.051104 0.158546
0 0.144374 0.269278 0.085690 0.138398
0 0.401893 0.071875 0.076427 0.134398
0 0.475098 0.040771 0.082872 0.075468
0 0.109536 0.672731 0.081031 0.160426
0 0.065336 0.961597 0.081031 0.076806
0 0.812574 0.062870 0.080112 0.119667
0 0.952077 0.337887 0.079190 0.139310
0 0.883938 0.038317 0.086557 0.073829
0 0.443604 0.301236 0.091594 0.140620
0 0.233846 0.346889 0.090240 0.157315
0 0.151434 0.046500 0.100367 0.086926
0 0.229702 0.220021 0.093003 0.152403
0 0.827086 0.583667 0.095844 0.155315
0 0.094857 0.476391 0.090552 0.157542
0 0.937792 0.474236 0.088885 0.149898
0 0.353267 0.195630 0.103138 0.164259
1 0.517238 0.483551 0.091992 0.164056
0 0.760935 0.218819 0.092266 0.155556
0 0.619771 0.539241 0.099089 0.158676
0 0.321521 0.953326 0.078036 0.093347
0 0.031891 0.790394 0.063781 0.169269
0 0.515223 0.877514 0.080956 0.137250
0 0.441044 0.565808 0.096328 0.154403
0 0.680039 0.233819 0.093120 0.160630
0 0.981272 0.117350 0.037456 0.114523
0 0.332832 0.069419 0.080112 0.132764
0 0.694957 0.084521 0.088414 0.144051
