0 0.337302 0.606907 0.073849 0.146648
0 0.599471 0.364005 0.080880 0.148639
0 0.643130 0.046331 0.083328 0.091356
0 0.460629 0.216944 0.085977 0.149611
0 0.668991 0.229910 0.086841 0.157560
0 0.118749 0.428611 0.088826 0.148389
0 0.182366 0.516775 0.077810 0.127782
0 0.811944 0.961995 0.073497 0.075370
0 0.186966 0.941627 0.081661 0.115394
0 0.599388 0.152921 0.081188 0.157963
0 0.273945 0.704706 0.085510 0.142255
0 0.391113 0.107961 0.093237 0.139162
0 0.168523 0.648530 0.084552 0.142866
0 0.593529 0.824072 0.065604 0.126042
0 0.116464 0.021062 0.090010 0.042125
0 0.733764 0.148593 0.090102 0.163194
0 0.714374 0.350111 0.081320 0.144454
0 0.602859 0.674630 0.088880 0.157519
0 0.944836 0.073433 0.094990 0.141745
0 0.386680 0.877681 0.080641 0.147806
0 0.407270 0.463021 0.077018 0.152060
0 0.039759 0.577375 0.078862 0.152528
0 0.886382 0.611674 0.082190 0.150051
0 0.958439 0.760431 0.083122 0.170759
0 0.861190 0.050917 0.082031 0.100454
0 0.009733 0.075359 0.019273 0.143338
0 0.832941 0.767546 0.082216 0.137741
0 0.956353 0.210060 0.085732 0.144407
0 0.009275 0.680164 0.018549 0.135301
0 0.259755 0.576583 0.082052 0.143407
0 0.560831 0.529083 0.080255 0.157704
0 0.962570 0.549141 0.074656 0.127264
0 0.979204 0.022438 0.041352 0.035819
0 0.095996 0.949836 0.101294 0.099449
0 0.675983 0.874227 0.094529 0.167148
0 0.324701 0.333870 0.092937 0.142278
0 0.783475 0.435030 0.089685 0.155384
0 0.336263 0.464509 0.083047 0.139454
0 0.516147 0.107910 0.082518 0.142088
0 0.865521 0.193551 0.087844 0.149731
0 0.749724 0.937347 0.075896 0.124620
0 0.303105 0.824002 0.091471 0.142116
0 0.270885 0.251257 0.071531 0.127458
0 0.793462 0.295745 0.086201 0.134519
0 0.290245 0.944565 0.087885 0.110435
0 0.788937 0.644569 0.086948 0.147787
0 0.062262 0.118231 0.089971 0.150722
0 0.365460 0.231389 0.094581 0.150120
0 0.245789 0.064465 0.085323 0.128931
0 0.451887 0.044324 0.081904 0.088648
0 0.459335 0.888630 0.071617 0.150861
0 0.045694 0.745211 0.083977 0.149755
0 0.947788 0.435525 0.096201 0.152403
0 0.530062 0.879685 0.076125 0.165241
0 0.413099 0.600333 0.088094 0.152157
0 0.325678 0.043269 0.077737 0.085444
0 0.179133 0.792986 0.098630 0.158972
0 0.734719 0.776748 0.084672 0.145977
0 0.022223 0.331516 0.044445 0.146440
0 0.708180 0.487354 0.078911 0.141903
0 0.723633 0.033153 0.087776 0.066306
0 0.200444 0.300528 0.076669 0.147500
0 0.836406 0.514854 0.089255 0.158440
0 0.157638 0.202306 0.093979 0.143046
0 0.175257 0.071375 0.085685 0.142750
0 0.878591 0.977389 0.080828 0.043093
0 0.900406 0.874595 0.087047 0.152171
0 0.632605 0.487637 0.077685 0.139662
0 0.020202 0.883785 0.040404 0.132995
0 0.076461 0.266139 0.080818 0.151491
0 0.527371 0.331400 0.072659 0.159208
0 0.455470 0.362486 0.083487 0.146519
0 0.955921 0.967847 0.088159 0.063935
