0 0.923041 0.992320 0.100785 0.015359
0 0.742211 0.011315 0.095344 0.022359
0 0.376230 0.991810 0.094523 0.016380
0 0.660566 0.012839 0.096953 0.025479
0 0.007748 0.767253 0.015496 0.131745
0 0.586982 0.990862 0.098129 0.018276
4 0.378168 0.711279 0.112305 0.150568
0 0.268916 0.015518 0.101082 0.031036
0 0.284809 0.982208 0.106984 0.035583
0 0.965498 0.314036 0.068613 0.148771
0 0.459488 0.932544 0.089148 0.107297
0 0.463080 0.972583 0.105652 0.054437
0 0.159881 0.516781 0.092184 0.121563
0 0.175619 0.571706 0.104090 0.124536
0 0.019074 0.359284 0.038148 0.116432
0 0.979311 0.158758 0.041051 0.139651
0 0.811883 0.038349 0.091031 0.076698
0 0.175250 0.050898 0.097305 0.101464
0 0.123512 0.044641 0.104617 0.089281
0 0.693318 0.969268 0.112613 0.061307
0 0.899529 0.898286 0.106301 0.128125
0 0.931352 0.542242 0.120352 0.109286
0 0.969076 0.769245 0.061848 0.129458
0 0.378623 0.906143 0.094980 0.135755
0 0.036166 0.571227 0.072113 0.160286
0 0.398545 0.308044 0.108480 0.126964
0 0.719572 0.193331 0.090574 0.124974
0 0.760086 0.812247 0.084992 0.151474
0 0.793959 0.218766 0.099082 0.132760
0 0.103889 0.624221 0.101418 0.154964
0 0.430494 0.050237 0.092395 0.100474
0 0.950895 0.645635 0.098211 0.129729
0 0.802232 0.687622 0.100816 0.135641
0 0.965820 0.948786 0.067539 0.101229
0 0.881004 0.449539 0.098016 0.128182
0 0.514811 0.049039 0.108707 0.098078
0 0.342283 0.835320 0.107504 0.129682
0 0.036799 0.932919 0.073598 0.133641
0 0.343350 0.065943 0.084605 0.119687
0 0.538758 0.929849 0.113750 0.129344
0 0.768498 0.572305 0.103434 0.128839
0 0.386732 0.387451 0.106316 0.144578
0 0.873348 0.751758 0.100711 0.130359
0 0.268584 0.560008 0.091230 0.131776
0 0.444822 0.197372 0.102691 0.148182
0 0.932070 0.844232 0.098414 0.123578
0 0.681307 0.815523 0.089863 0.110953
0 0.625455 0.895810 0.101582 0.121057
0 0.594227 0.788099 0.098805 0.138198
0 0.348502 0.585388 0.099793 0.131974
0 0.804984 0.916336 0.094602 0.131161
0 0.070207 0.209349 0.102906 0.124375
0 0.615035 0.061922 0.106789 0.123667
0 0.137713 0.950997 0.105059 0.097661
0 0.195127 0.312047 0.104129 0.139271
0 0.512633 0.180237 0.105070 0.134141
0 0.669145 0.359477 0.107047 0.156234
0 0.075916 0.377852 0.099059 0.124047
0 0.205805 0.894266 0.113437 0.137740
0 0.169990 0.198633 0.107121 0.136380
0 0.750227 0.447737 0.103008 0.126620
0 0.597803 0.647286 0.103066 0.128208
0 0.305541 0.230094 0.102340 0.145042
0 0.441461 0.568646 0.102656 0.132177
0 0.570098 0.399872 0.099195 0.141099
0 0.198648 0.755891 0.110898 0.140792
0 0.037965 0.102953 0.075930 0.148219
0 0.479717 0.419456 0.104980 0.139047
0 0.669588 0.567224 0.103629 0.136958
0 0.484574 0.737242 0.118789 0.157130
