0 0.655460 0.061549 0.078013 0.123097
0 0.723137 0.056229 0.069711 0.109958
0 0.684965 0.937005 0.076956 0.125991
0 0.648453 0.909440 0.077031 0.109843
0 0.068701 0.962921 0.060182 0.074157
0 0.171813 0.952236 0.069010 0.084167
0 0.122824 0.926558 0.086742 0.144079
0 0.260040 0.367354 0.086742 0.164051
0 0.584620 0.461507 0.076312 0.169755
0 0.815719 0.446458 0.100385 0.102852
0 0.208566 0.329532 0.076924 0.147370
0 0.026147 0.647016 0.050336 0.156579
0 0.590441 0.704810 0.084690 0.165352
0 0.257206 0.041625 0.081344 0.083250
0 0.082677 0.036613 0.083427 0.072736
0 0.525182 0.932910 0.076802 0.129153
0 0.994251 0.275523 0.011497 0.148648
0 0.768146 0.068442 0.065516 0.136579
0 0.724611 0.948025 0.088430 0.101903
0 0.507120 0.289542 0.070740 0.144574
0 0.053543 0.657588 0.083424 0.185704
0 0.519729 0.038796 0.074714 0.072815
0 0.931409 0.339125 0.065458 0.160769
0 0.233819 0.207227 0.072909 0.167194
0 0.556305 0.301157 0.082542 0.116806
0 0.777917 0.658343 0.087771 0.158944
0 0.362533 0.677697 0.083414 0.136625
0 0.275352 0.497639 0.094115 0.134185
0 0.015505 0.772019 0.030094 0.157324
0 0.662384 0.634995 0.097378 0.147000
0 0.022767 0.933396 0.045534 0.131236
0 0.890411 0.378109 0.074943 0.188708
0 0.278001 0.618306 0.070065 0.146833
0 0.810809 0.528581 0.086398 0.130171
0 0.384805 0.960227 0.076385 0.076148
0 0.028513 0.511312 0.057026 0.174458
0 0.584262 0.576690 0.082727 0.140639
0 0.753254 0.565856 0.065404 0.161361
0 0.857973 0.961803 0.094128 0.071329
0 0.308668 0.392750 0.081190 0.140324
0 0.818943 0.049472 0.078703 0.096963
0 0.672146 0.820806 0.106411 0.144972
0 0.251108 0.731167 0.069857 0.171389
0 0.458004 0.822829 0.091013 0.195546
0 0.536057 0.389558 0.114578 0.139486
0 0.022022 0.383234 0.042070 0.150671
0 0.548148 0.872336 0.081818 0.147977
0 0.371184 0.112514 0.098174 0.133056
0 0.906359 0.070611 0.087443 0.140778
0 0.390102 0.434609 0.084880 0.160162
0 0.418007 0.711271 0.070951 0.169375
0 0.520663 0.535162 0.090940 0.153343
0 0.132867 0.480387 0.073005 0.157801
0 0.282277 0.230354 0.080669 0.147968
0 0.718263 0.675704 0.071891 0.189019
0 0.729505 0.168016 0.084396 0.154495
0 0.640563 0.736139 0.096370 0.129546
0 0.106367 0.588157 0.081380 0.137611
0 0.157947 0.106347 0.078378 0.155722
0 0.963376 0.625574 0.072612 0.150509
0 0.396004 0.547387 0.079867 0.155681
0 0.813116 0.200569 0.097852 0.173111
0 0.468758 0.271382 0.089323 0.156810
0 0.647517 0.414882 0.076888 0.159375
0 0.678250 0.239394 0.088021 0.152241
0 0.437365 0.947826 0.068839 0.098912
0 0.348634 0.205801 0.081591 0.138824
0 0.176208 0.197419 0.103958 0.156273
0 0.420026 0.227266 0.085771 0.150273
0 0.322927 0.939537 0.085547 0.119963
0 0.096633 0.131097 0.082276 0.178917
0 0.505798 0.688410 0.072508 0.179208
0 0.347562 0.060387 0.084031 0.117542
0 0.360701 0.843132 0.075396 0.174755
0 0.159574 0.718539 0.095753 0.177319
0 0.716491 0.356400 0.081424 0.161347
0 0.965633 0.745072 0.068734 0.146505
0 0.379025 0.324130 0.084055 0.133222
0 0.189039 0.834074 0.088156 0.170435
0 0.572201 0.077405 0.082281 0.130153
0 0.581068 0.203949 0.094063 0.157583
0 0.926474 0.882257 0.088599 0.189856
0 0.774835 0.832859 0.083987 0.153912
0 0.925352 0.537993 0.077448 0.178894
0 0.253758 0.884248 0.083391 0.136690
0 0.847112 0.850750 0.083833 0.138583
0 0.848862 0.716407 0.088333 0.152269
0 0.169694 0.556785 0.086883 0.175875
0 0.045299 0.315245 0.089339 0.147926
0 0.079934 0.491838 0.077211 0.167491
0 0.333786 0.495014 0.068255 0.173370
0 0.671122 0.119942 0.078719 0.139106
0 0.991673 0.839826 0.016654 0.173838
0 0.869833 0.237588 0.084135 0.138241
0 0.023382 0.133007 0.045799 0.138708
0 0.454160 0.555516 0.069289 0.170458
0 0.932431 0.172139 0.083924 0.140130
0 0.811538 0.349231 0.082076 0.153398
0 0.968751 0.360051 0.062497 0.192917
0 0.473712 0.092058 0.086346 0.159458
0 0.029033 0.049801 0.056398 0.097000
0 0.210746 0.060252 0.066404 0.120505
0 0.142767 0.314655 0.092888 0.131560
