4 0.585982 0.249222 0.083599 0.154056
4 0.511893 0.294870 0.088922 0.161944
4 0.040216 0.817699 0.079391 0.158935
0 0.190443 0.515546 0.076698 0.157630
0 0.566711 0.415134 0.072714 0.139139
0 0.547828 0.912037 0.106396 0.137889
0 0.050151 0.962315 0.066396 0.074296
0 0.536812 0.149486 0.069208 0.155602
0 0.037456 0.522352 0.070703 0.148944
0 0.577276 0.563634 0.075792 0.136417
0 0.650208 0.962796 0.078083 0.074407
0 0.088641 0.453069 0.074354 0.124565
0 0.885893 0.792681 0.076734 0.133509
0 0.724255 0.044903 0.070083 0.083046
0 0.258565 0.538995 0.071672 0.123694
0 0.969789 0.377106 0.057609 0.148287
0 0.658146 0.206065 0.071677 0.148704
0 0.720625 0.136875 0.080760 0.125602
0 0.789680 0.194625 0.079516 0.135565
0 0.629206 0.517454 0.086557 0.135278
0 0.355021 0.508250 0.079656 0.133648
0 0.825677 0.084523 0.074479 0.123750
0 0.412734 0.934421 0.085281 0.131157
0 0.445781 0.765759 0.070573 0.130537
0 0.134945 0.193574 0.080818 0.151463
0 0.275568 0.424236 0.077875 0.145824
0 0.607734 0.090093 0.089073 0.158463
0 0.892508 0.385648 0.081620 0.139870
0 0.188284 0.749324 0.070943 0.123926
0 0.712797 0.519852 0.078781 0.138519
0 0.476479 0.066750 0.081396 0.131463
0 0.939622 0.222181 0.069703 0.114176
0 0.433456 0.260194 0.081120 0.132685
0 0.042385 0.134069 0.083198 0.136472
0 0.178641 0.059653 0.079146 0.118880
0 0.364758 0.160019 0.077609 0.130963
0 0.114143 0.767417 0.069745 0.127593
0 0.706654 0.739329 0.084401 0.155398
0 0.587151 0.689060 0.078469 0.124491
0 0.955893 0.856500 0.088214 0.146519
0 0.797529 0.468569 0.078401 0.147157
0 0.393135 0.704912 0.073156 0.156194
0 0.344513 0.850616 0.074641 0.131509
0 0.831570 0.326704 0.074880 0.150796
0 0.837641 0.583542 0.086177 0.146176
0 0.636242 0.772935 0.077120 0.128389
0 0.807797 0.940787 0.077115 0.118278
0 0.196523 0.892111 0.075453 0.135815
0 0.693977 0.885051 0.079953 0.134676
0 0.572591 0.843912 0.083714 0.125472
0 0.432122 0.550306 0.076505 0.137611
0 0.116880 0.568634 0.082917 0.145398
0 0.260604 0.690505 0.074552 0.168528
0 0.931927 0.096134 0.084135 0.142880
0 0.319740 0.644009 0.072365 0.158722
0 0.963357 0.523708 0.072036 0.125028
0 0.654214 0.642981 0.078625 0.121056
0 0.424909 0.392181 0.077443 0.133324
0 0.129719 0.387889 0.079344 0.141574
0 0.774737 0.828380 0.077901 0.119500
0 0.711643 0.276120 0.082818 0.144778
0 0.312854 0.299204 0.083167 0.145704
0 0.871979 0.926106 0.076302 0.134787
0 0.648083 0.383630 0.073458 0.122463
0 0.117047 0.949139 0.076594 0.100722
0 0.511263 0.494255 0.087734 0.140806
0 0.244607 0.092079 0.076203 0.144231
0 0.875979 0.224236 0.074125 0.141287
0 0.041448 0.295787 0.078021 0.140537
0 0.005013 0.771046 0.010026 0.157944
0 0.987589 0.944102 0.022885 0.111796
0 0.533737 0.979620 0.090547 0.040759
0 0.011078 0.460329 0.022156 0.158361
0 0.010326 0.946472 0.020068 0.107056
0 0.966570 0.020398 0.066172 0.040796
0 0.102505 0.027106 0.080833 0.054213
0 0.032445 0.039218 0.064891 0.078435
0 0.788802 0.027509 0.073573 0.055019
0 0.062667 0.681176 0.083917 0.149185
0 0.656521 0.033588 0.069667 0.067176
0 0.981901 0.180204 0.036198 0.143259
0 0.202359 0.617241 0.087083 0.143574
0 0.366044 0.293384 0.065984 0.131194
0 0.404503 0.051602 0.073432 0.101019
0 0.472508 0.165759 0.085141 0.128963
