0 0.294293 0.047528 0.084258 0.094324
0 0.901757 0.906350 0.079331 0.124949
0 0.108714 0.948509 0.082115 0.102981
0 0.975428 0.594400 0.049096 0.136949
0 0.359852 0.450461 0.077349 0.126440
0 0.988977 0.236750 0.022047 0.137444
0 0.704014 0.584236 0.084737 0.141861
0 0.735535 0.708093 0.079820 0.131630
0 0.596389 0.790382 0.077560 0.139995
0 0.673202 0.199690 0.085070 0.132657
0 0.229520 0.802544 0.077768 0.145431
0 0.268387 0.151891 0.076977 0.133977
0 0.880911 0.301669 0.082021 0.152153
0 0.226529 0.551699 0.080380 0.152093
0 0.401081 0.320641 0.079760 0.138236
0 0.024842 0.404859 0.049685 0.141227
0 0.529861 0.077447 0.081221 0.145199
0 0.670687 0.765292 0.077505 0.127815
0 0.944887 0.073301 0.084586 0.139389
0 0.831603 0.434625 0.083674 0.141417
0 0.605152 0.123183 0.079107 0.139801
0 0.159422 0.864787 0.082771 0.152176
0 0.924044 0.661454 0.069339 0.124019
0 0.783167 0.547238 0.078047 0.146514
0 0.912224 0.514220 0.086380 0.142171
0 0.666971 0.897218 0.083120 0.144843
0 0.427927 0.827426 0.077708 0.138778
0 0.406836 0.594174 0.089724 0.162986
0 0.591698 0.562340 0.081297 0.135940
0 0.970495 0.751648 0.059010 0.138787
0 0.951699 0.393382 0.086529 0.143366
0 0.853918 0.624491 0.079211 0.146454
0 0.106331 0.147109 0.077307 0.129329
0 0.877767 0.015646 0.086367 0.031208
0 0.881979 0.774236 0.091005 0.149972
0 0.565870 0.239060 0.070396 0.133704
0 0.574449 0.414986 0.084721 0.151454
0 0.740725 0.148083 0.076159 0.138074
0 0.784212 0.315211 0.085164 0.142338
0 0.005945 0.051981 0.011755 0.103963
0 0.815944 0.974312 0.099430 0.050116
0 0.302145 0.620606 0.085284 0.136750
0 0.036215 0.939116 0.072430 0.117407
0 0.288331 0.755387 0.071302 0.133597
0 0.216117 0.033164 0.077177 0.066005
0 0.023022 0.535775 0.045810 0.125968
0 0.951246 0.913657 0.073987 0.130287
0 0.517316 0.961683 0.076622 0.072884
0 0.213319 0.453861 0.077674 0.127102
0 0.455044 0.956826 0.078115 0.085921
0 0.808163 0.187201 0.078518 0.141958
0 0.576089 0.654718 0.078062 0.145463
0 0.750241 0.041444 0.078023 0.080796
0 0.774401 0.931317 0.096156 0.136634
0 0.374710 0.725944 0.083107 0.143093
0 0.325798 0.265896 0.087497 0.154662
0 0.139639 0.410259 0.081112 0.133722
0 0.837842 0.067336 0.072586 0.122162
0 0.671578 0.048826 0.083214 0.096468
0 0.418995 0.037213 0.076130 0.074426
0 0.990240 0.868773 0.019427 0.125685
0 0.124572 0.985481 0.078862 0.028676
