0 0.989786 0.128236 0.020427 0.173546
0 0.982620 0.520132 0.034589 0.151819
0 0.751807 0.034095 0.089547 0.068190
0 0.846174 0.963229 0.080833 0.073542
0 0.207615 0.042644 0.089719 0.085204
0 0.140098 0.807044 0.088487 0.151097
0 0.981030 0.657113 0.037904 0.145662
0 0.030349 0.630525 0.060458 0.158866
0 0.542975 0.048225 0.084971 0.094560
0 0.848424 0.430944 0.081911 0.153204
0 0.052616 0.914134 0.078159 0.135046
0 0.748517 0.386861 0.087445 0.134972
0 0.081488 0.064903 0.081872 0.129806
0 0.644254 0.901692 0.073690 0.131644
0 0.769164 0.498495 0.087844 0.135556
0 0.026513 0.083458 0.053026 0.156352
0 0.160125 0.566856 0.080307 0.142037
0 0.731941 0.943049 0.084034 0.112718
0 0.680383 0.137171 0.078135 0.161287
0 0.757798 0.840095 0.067956 0.122023
0 0.614637 0.063838 0.082383 0.127352
0 0.395098 0.061426 0.079607 0.122194
0 0.960064 0.941231 0.079638 0.114398
0 0.349990 0.813782 0.087833 0.153787
0 0.306690 0.929625 0.084214 0.140185
0 0.466798 0.129236 0.077987 0.140880
0 0.574620 0.554662 0.086568 0.150667
0 0.948651 0.258472 0.083255 0.134611
0 0.640706 0.735688 0.084318 0.138569
0 0.204823 0.891493 0.081724 0.147292
0 0.042702 0.430400 0.074414 0.126542
0 0.757702 0.715127 0.079315 0.141921
0 0.911393 0.774069 0.084922 0.151120
0 0.317495 0.140898 0.080682 0.144593
0 0.450227 0.443336 0.078302 0.140921
0 0.663254 0.472037 0.095383 0.169667
0 0.367220 0.413975 0.080029 0.144958
0 0.647367 0.336187 0.083568 0.132218
0 0.214207 0.222257 0.084549 0.134495
0 0.846982 0.571926 0.088865 0.154583
0 0.791132 0.292435 0.083893 0.142231
0 0.351732 0.674868 0.083323 0.140051
0 0.008818 0.372289 0.017453 0.130449
0 0.542872 0.896424 0.088380 0.155116
0 0.275862 0.562873 0.080536 0.140329
0 0.454763 0.675692 0.084417 0.147718
0 0.127621 0.442683 0.077643 0.142727
0 0.277319 0.760940 0.079247 0.145704
0 0.297585 0.375792 0.086117 0.152500
0 0.130574 0.280201 0.084732 0.146394
0 0.949660 0.021137 0.088544 0.041060
0 0.925251 0.377292 0.085711 0.143667
0 0.496172 0.792317 0.077557 0.133079
0 0.066965 0.197880 0.083805 0.139824
0 0.420697 0.318097 0.088732 0.143370
0 0.737867 0.208130 0.091495 0.163481
0 0.215660 0.441428 0.078305 0.141403
0 0.036542 0.982160 0.073083 0.033782
0 0.677767 0.014153 0.092680 0.027259
0 0.573163 0.186928 0.082471 0.148829
