1 0.244024 0.367513 0.108796 0.147197
1 0.147658 0.944254 0.094066 0.111296
1 0.211279 0.779673 0.105374 0.158400
1 0.054147 0.612227 0.107377 0.123570
1 0.653868 0.156211 0.107612 0.136435
1 0.362083 0.504604 0.102384 0.158272
1 0.635295 0.762978 0.095197 0.136317
0 0.334167 0.057132 0.105108 0.114264
0 0.659132 0.405424 0.103410 0.131662
0 0.036453 0.259591 0.072280 0.153153
0 0.435696 0.146795 0.101971 0.124043
0 0.036624 0.098423 0.073194 0.154285
0 0.178939 0.061950 0.088187 0.123632
0 0.463677 0.313038 0.100154 0.144542
0 0.088499 0.910213 0.108951 0.121950
0 0.956804 0.907140 0.086393 0.127706
0 0.106356 0.451628 0.104479 0.127227
0 0.375401 0.610913 0.106458 0.123400
0 0.794614 0.579570 0.092477 0.129357
0 0.027371 0.843567 0.054695 0.141404
0 0.569888 0.860944 0.096358 0.142052
0 0.338042 0.734763 0.095297 0.163025
0 0.778133 0.443758 0.094985 0.120478
0 0.880706 0.789097 0.098179 0.124192
0 0.465042 0.655962 0.101373 0.133056
0 0.099398 0.061767 0.091250 0.122752
0 0.784417 0.163014 0.119900 0.132685
0 0.797868 0.298953 0.102758 0.137330
0 0.470698 0.511296 0.103611 0.127623
0 0.047641 0.520574 0.095197 0.117413
0 0.106402 0.254059 0.091894 0.167901
0 0.658561 0.934745 0.099761 0.130509
0 0.688189 0.235589 0.106524 0.149491
0 0.956298 0.276986 0.087404 0.127305
0 0.111497 0.795062 0.100170 0.132922
0 0.433729 0.049390 0.110042 0.098781
0 0.902602 0.037353 0.105050 0.073513
0 0.219246 0.611950 0.091879 0.164918
0 0.526372 0.462945 0.085529 0.127978
0 0.608879 0.279108 0.082643 0.168483
0 0.224591 0.951327 0.088966 0.096770
0 0.134336 0.631471 0.092384 0.167593
0 0.608696 0.512513 0.108449 0.130756
0 0.482247 0.855049 0.103723 0.133729
0 0.017550 0.390231 0.034853 0.148755
0 0.548472 0.326191 0.060694 0.230540
0 0.978387 0.381278 0.043225 0.104090
0 0.246566 0.022346 0.098364 0.044630
0 0.840980 0.695062 0.115201 0.119722
0 0.776815 0.965936 0.095336 0.067294
0 0.980442 0.777971 0.038144 0.151826
0 0.960511 0.125098 0.078978 0.192325
0 0.891395 0.976983 0.102079 0.046034
0 0.718474 0.956024 0.073137 0.087953
0 0.891177 0.312999 0.102855 0.154342
0 0.601705 0.966420 0.098920 0.066790
0 0.984566 0.972785 0.030436 0.054429
0 0.070980 0.984763 0.104066 0.029959
0 0.289497 0.806373 0.079086 0.199023
0 0.012645 0.658423 0.025289 0.121157
0 0.588299 0.456860 0.048765 0.105499
0 0.993785 0.095908 0.012022 0.157063
0 0.550710 0.738189 0.090694 0.123477
0 0.413100 0.416667 0.094124 0.130833
0 0.497801 0.191222 0.086852 0.140221
0 0.884751 0.555051 0.097782 0.129774
0 0.590613 0.084048 0.104352 0.141872
0 0.810382 0.059907 0.116906 0.119815
0 0.532132 0.612333 0.087643 0.123915
0 0.280015 0.587793 0.096181 0.154475
0 0.186217 0.483385 0.093191 0.144815
0 0.295666 0.460800 0.092118 0.144758
