0 0.693691 0.040387 0.076128 0.073171
0 0.733168 0.786528 0.084471 0.157519
0 0.631062 0.032891 0.079911 0.064542
0 0.013276 0.857428 0.026214 0.148921
0 0.984596 0.078590 0.029385 0.152745
0 0.137685 0.705394 0.057312 0.181630
0 0.125215 0.967120 0.076992 0.065759
0 0.945008 0.084227 0.087854 0.155269
0 0.628928 0.803264 0.108883 0.138046
0 0.288400 0.873264 0.090018 0.175954
0 0.462227 0.555549 0.083182 0.180190
0 0.571733 0.572676 0.092862 0.200787
0 0.613760 0.693324 0.102849 0.129639
0 0.471013 0.871227 0.077302 0.140204
0 0.518525 0.308097 0.084398 0.164315
0 0.781473 0.107160 0.099128 0.130458
0 0.458658 0.411442 0.070534 0.129218
0 0.973375 0.201863 0.053250 0.150292
0 0.347749 0.482303 0.094773 0.153014
0 0.165086 0.078556 0.087510 0.152157
0 0.789441 0.338125 0.088549 0.145991
0 0.181047 0.371921 0.084115 0.150306
0 0.523941 0.504856 0.076977 0.158583
0 0.797413 0.741187 0.094143 0.159347
0 0.102712 0.564801 0.086841 0.159287
0 0.323211 0.329058 0.085760 0.167431
0 0.045180 0.678604 0.083516 0.181301
0 0.120430 0.314312 0.074870 0.175542
0 0.146852 0.475229 0.094974 0.162125
0 0.671889 0.859947 0.085716 0.150588
0 0.894267 0.951280 0.088643 0.097088
0 0.963105 0.367329 0.073789 0.165417
0 0.217273 0.785748 0.085531 0.164403
0 0.681714 0.489403 0.076906 0.131954
0 0.922521 0.830875 0.084240 0.153537
0 0.606292 0.395539 0.092161 0.141412
0 0.770406 0.938162 0.088312 0.122315
0 0.330240 0.161910 0.086078 0.154736
0 0.889846 0.234889 0.102359 0.153222
0 0.045271 0.491197 0.090542 0.151394
0 0.971732 0.577660 0.056536 0.150014
0 0.666930 0.261014 0.089146 0.156509
0 0.960172 0.719495 0.078974 0.162583
0 0.770302 0.509005 0.085651 0.139204
0 0.236777 0.555007 0.090742 0.163181
0 0.790316 0.624574 0.101289 0.136019
0 0.862467 0.760167 0.090102 0.165676
0 0.047139 0.351745 0.089794 0.153343
0 0.907257 0.033438 0.090169 0.066597
1 0.543001 0.900095 0.083081 0.149255
0 0.434021 0.026914 0.090505 0.051458
0 0.051090 0.979109 0.097914 0.039421
1 0.409118 0.575875 0.078852 0.177380
0 0.980052 0.966280 0.038964 0.067440
1 0.426039 0.728060 0.080135 0.152269
1 0.648586 0.592046 0.080885 0.139120
1 0.342719 0.811771 0.084198 0.163727
1 0.502891 0.719137 0.085536 0.159097
0 0.006596 0.655711 0.012990 0.173042
1 0.230479 0.929810 0.087922 0.139287
1 0.395121 0.381273 0.076185 0.159389
1 0.222625 0.157940 0.086099 0.150491
