2 0.375113 0.271896 0.072977 0.099250
0 0.468541 0.442497 0.073863 0.089984
0 0.022125 0.225992 0.042680 0.102609
0 0.738822 0.951805 0.085629 0.096391
0 0.970559 0.103398 0.058883 0.113484
0 0.898076 0.878299 0.075691 0.096391
0 0.918273 0.041578 0.073938 0.080646
0 0.197416 0.874971 0.069941 0.106453
0 0.427771 0.839589 0.069473 0.099740
0 0.008352 0.466393 0.016703 0.092005
0 0.638768 0.729646 0.072480 0.091906
0 0.059855 0.727154 0.079883 0.101630
0 0.482203 0.800510 0.069375 0.091792
0 0.349199 0.029693 0.071891 0.057552
0 0.708033 0.864492 0.075691 0.102359
0 0.009373 0.060469 0.018746 0.111177
0 0.539090 0.621323 0.071117 0.093865
0 0.799336 0.036779 0.077961 0.072224
0 0.226475 0.205841 0.080363 0.095214
0 0.881932 0.956029 0.071184 0.087932
0 0.021227 0.547297 0.042289 0.090271
0 0.985791 0.775367 0.027402 0.089974
0 0.695221 0.354938 0.075934 0.104052
0 0.294502 0.661107 0.069457 0.101568
0 0.164092 0.344997 0.077512 0.095495
0 0.667910 0.498552 0.072484 0.093271
0 0.579561 0.035607 0.074465 0.071214
0 0.824768 0.532086 0.080434 0.086234
0 0.610480 0.571727 0.077492 0.095297
0 0.810287 0.963044 0.069871 0.073911
0 0.448365 0.221391 0.084855 0.102771
0 0.005842 0.965029 0.011684 0.069943
0 0.507469 0.065643 0.074250 0.103797
0 0.031998 0.952945 0.060293 0.092099
0 0.950389 0.191951 0.081020 0.103818
0 0.943352 0.979391 0.070852 0.040531
0 0.135580 0.255344 0.071605 0.096219
0 0.252693 0.738068 0.078762 0.098271
0 0.239564 0.636878 0.072801 0.099755
0 0.241937 0.358919 0.084844 0.111974
0 0.649693 0.418982 0.068254 0.086443
0 0.209408 0.280185 0.075949 0.089922
0 0.985975 0.981013 0.028051 0.037922
0 0.101902 0.129299 0.078148 0.096807
0 0.307436 0.788594 0.075941 0.113781
0 0.797121 0.253443 0.073773 0.101938
0 0.292723 0.179195 0.078211 0.105286
0 0.937619 0.815125 0.072520 0.102260
0 0.076820 0.216789 0.073273 0.102193
0 0.757254 0.602440 0.062367 0.082974
0 0.436053 0.639344 0.074340 0.091198
0 0.011033 0.310292 0.022066 0.093896
0 0.124248 0.986539 0.069066 0.023557
0 0.440789 0.304932 0.069297 0.086990
0 0.185031 0.421620 0.073063 0.090896
0 0.389834 0.165141 0.073090 0.097271
0 0.010428 0.858023 0.020855 0.098651
0 0.640746 0.860141 0.071117 0.104354
0 0.082031 0.980021 0.071000 0.038708
0 0.315143 0.256440 0.068621 0.095557
0 0.407469 0.972776 0.070828 0.054448
0 0.123875 0.807034 0.066734 0.083505
0 0.028625 0.633581 0.057250 0.096047
0 0.177850 0.661128 0.068246 0.094089
0 0.400057 0.371000 0.077621 0.106948
0 0.509762 0.384242 0.067359 0.084818
0 0.991873 0.926034 0.016176 0.093286
0 0.629006 0.649255 0.077434 0.089219
0 0.595439 0.788935 0.073785 0.099422
0 0.844699 0.810086 0.057539 0.095776
0 0.315029 0.533312 0.068957 0.098167
0 0.975777 0.861872 0.048445 0.094109
0 0.273938 0.968195 0.074891 0.063245
0 0.107338 0.910396 0.074770 0.102260
0 0.568523 0.867240 0.072672 0.090990
0 0.323162 0.096719 0.079168 0.101531
0 0.143893 0.728331 0.073934 0.092880
0 0.310766 0.338719 0.063523 0.083156
0 0.842187 0.324589 0.077414 0.098115
0 0.378080 0.541151 0.070965 0.093052
0 0.046301 0.465898 0.068430 0.102807
0 0.559439 0.104898 0.067816 0.086036
0 0.655293 0.958711 0.072164 0.082078
0 0.694150 0.656044 0.075957 0.118193
0 0.280611 0.024763 0.077145 0.046745
0 0.758697 0.328060 0.073504 0.097380
0 0.466273 0.555047 0.079898 0.103771
0 0.450787 0.726852 0.075918 0.097578
0 0.871775 0.120352 0.074527 0.092891
0 0.845834 0.447708 0.073918 0.102354
0 0.717617 0.106432 0.074617 0.100198
0 0.910084 0.268917 0.081949 0.106552
0 0.159232 0.173914 0.071754 0.118464
0 0.862479 0.687589 0.070598 0.093188
0 0.347074 0.955180 0.072969 0.089630
0 0.981070 0.592797 0.036500 0.090562
0 0.576254 0.307109 0.077227 0.097792
0 0.635176 0.276107 0.072578 0.093172
0 0.685639 0.185250 0.069848 0.093479
0 0.415336 0.020299 0.071492 0.038672
0 0.202285 0.988740 0.078242 0.021604
0 0.793822 0.713086 0.079121 0.104036
0 0.989801 0.960883 0.020398 0.078234
0 0.251922 0.546927 0.079836 0.097000
0 0.544920 0.227547 0.077707 0.094708
0 0.628348 0.192922 0.082609 0.110167
0 0.600193 0.381807 0.078840 0.101740
0 0.749178 0.803943 0.079582 0.099063
0 0.098301 0.654315 0.068563 0.087891
0 0.843037 0.609063 0.082340 0.089563
0 0.274781 0.876802 0.069516 0.088865
0 0.368492 0.629060 0.073102 0.093589
0 0.801848 0.390724 0.072969 0.093729
0 0.942041 0.656086 0.072043 0.098130
0 0.719057 0.726237 0.072457 0.089328
0 0.419609 0.080318 0.073312 0.093802
0 0.392926 0.904427 0.077039 0.101125
0 0.199674 0.011430 0.078277 0.021349
0 0.463354 0.895253 0.070699 0.109505
0 0.531350 0.789521 0.058223 0.122406
0 0.372521 0.780581 0.063895 0.100995
0 0.508176 0.158784 0.072844 0.090943
0 0.140934 0.057547 0.077320 0.101396
0 0.746025 0.007849 0.076684 0.012281
0 0.863490 0.209966 0.072707 0.096901
0 0.053676 0.857062 0.072258 0.104688
