0 0.967784 0.410426 0.056964 0.117750
0 0.994997 0.133521 0.009995 0.120032
0 0.989574 0.026630 0.020852 0.053259
0 0.787815 0.026787 0.112677 0.053222
0 0.018949 0.817345 0.037898 0.135736
0 0.590896 0.429097 0.076240 0.130074
1 0.668380 0.448257 0.085109 0.172606
0 0.049609 0.584882 0.086500 0.169375
0 0.209372 0.836875 0.084344 0.139074
0 0.813812 0.303081 0.082677 0.147301
0 0.931461 0.035000 0.075344 0.070000
0 0.582223 0.519958 0.072435 0.110880
0 0.858051 0.519435 0.109596 0.110472
0 0.731467 0.058961 0.111794 0.116801
0 0.347839 0.493106 0.092078 0.135944
0 0.237701 0.952558 0.068073 0.093116
0 0.053152 0.460708 0.074805 0.163935
0 0.898245 0.432931 0.083870 0.137491
0 0.340163 0.623058 0.076102 0.202060
0 0.448745 0.923579 0.076219 0.139546
0 0.365733 0.250058 0.069008 0.151042
0 0.764078 0.887748 0.074417 0.135671
0 0.298612 0.187778 0.078234 0.111565
0 0.594789 0.950109 0.084255 0.097977
0 0.848490 0.910660 0.094672 0.127745
0 0.949879 0.926414 0.077346 0.144810
0 0.317957 0.875130 0.087284 0.160537
0 0.156173 0.464576 0.075253 0.155394
0 0.514863 0.901271 0.081232 0.142977
0 0.952969 0.622116 0.094062 0.116926
0 0.261932 0.446081 0.067589 0.155495
0 0.549165 0.151171 0.063273 0.161194
0 0.952174 0.743734 0.086328 0.130273
0 0.131293 0.894331 0.088055 0.133856
0 0.672707 0.915493 0.081961 0.133023
0 0.724034 0.373079 0.079156 0.146759
0 0.658128 0.091938 0.075578 0.116468
0 0.097259 0.122593 0.088862 0.152333
0 0.042145 0.723400 0.084289 0.119801
0 0.474165 0.063963 0.092633 0.127157
0 0.775460 0.718914 0.084419 0.114958
0 0.944738 0.272009 0.088398 0.127981
0 0.228104 0.325208 0.093240 0.129454
0 0.373279 0.802745 0.081927 0.132056
0 0.609257 0.824389 0.081773 0.157935
0 0.189225 0.685370 0.083404 0.141139
0 0.644243 0.571836 0.080997 0.115458
0 0.638538 0.706537 0.074305 0.144019
0 0.869530 0.781292 0.090919 0.120602
0 0.798161 0.422433 0.083990 0.132319
0 0.380818 0.104222 0.081563 0.126111
0 0.136486 0.264493 0.083581 0.143921
0 0.667906 0.257905 0.071604 0.147116
0 0.865014 0.251993 0.089378 0.146588
0 0.485299 0.456266 0.081708 0.136884
0 0.566632 0.679935 0.082794 0.134833
0 0.720368 0.157081 0.086633 0.130977
0 0.508578 0.583655 0.087406 0.137810
0 0.596168 0.292509 0.072029 0.135602
0 0.203118 0.185887 0.084081 0.150708
0 0.314410 0.978708 0.093159 0.040028
