0 0.227690 0.070907 0.099135 0.140500
0 0.961042 0.339961 0.077917 0.160644
0 0.973543 0.670940 0.052914 0.151676
0 0.687224 0.654183 0.088917 0.139255
0 0.902895 0.301303 0.079779 0.164894
0 0.538257 0.857764 0.096471 0.146713
0 0.968737 0.068373 0.062526 0.136745
0 0.677069 0.935338 0.082049 0.129324
0 0.725815 0.346734 0.080776 0.146153
0 0.869035 0.916037 0.070003 0.162796
0 0.741229 0.857440 0.076198 0.134333
0 0.221328 0.940944 0.085589 0.113731
0 0.236492 0.622606 0.076875 0.144806
0 0.940391 0.913655 0.079385 0.160708
0 0.765677 0.726706 0.086073 0.159162
0 0.364850 0.238185 0.087419 0.157398
0 0.956164 0.481113 0.087672 0.162699
0 0.045087 0.851222 0.084404 0.164028
0 0.174773 0.814718 0.090182 0.149648
0 0.137691 0.196102 0.090055 0.157778
0 0.052915 0.485299 0.085352 0.148014
0 0.771951 0.571694 0.078276 0.141083
0 0.558138 0.127736 0.081818 0.142880
0 0.530540 0.959266 0.081190 0.079181
0 0.378967 0.861444 0.079956 0.155324
0 0.841221 0.527488 0.088286 0.151440
0 0.377794 0.602956 0.088391 0.163255
0 0.626509 0.871435 0.089826 0.160537
0 0.127411 0.333250 0.091573 0.169787
0 0.317728 0.706206 0.080034 0.154440
0 0.829988 0.662141 0.092102 0.150847
0 0.142473 0.931431 0.081721 0.136861
1 0.165013 0.679736 0.086589 0.135398
0 0.674844 0.522037 0.088219 0.146898
0 0.172648 0.541403 0.096297 0.152935
0 0.422507 0.368440 0.092945 0.162519
0 0.855954 0.173442 0.097034 0.165801
0 0.810201 0.870306 0.078469 0.169417
0 0.448704 0.925789 0.085154 0.125903
0 0.471906 0.250630 0.097182 0.163056
0 0.309766 0.861940 0.071755 0.141315
0 0.958203 0.199521 0.083229 0.152681
0 0.218283 0.199863 0.085773 0.152014
0 0.144335 0.063303 0.082909 0.126606
0 0.337411 0.366019 0.086974 0.138157
0 0.453046 0.497440 0.083346 0.159324
0 0.125986 0.483836 0.078065 0.147458
0 0.604328 0.443720 0.082510 0.157505
0 0.975189 0.819220 0.049622 0.146560
0 0.857253 0.056477 0.085443 0.112954
0 0.917586 0.113655 0.076484 0.143431
0 0.056904 0.357544 0.080068 0.140995
0 0.450665 0.119817 0.084435 0.145588
0 0.755087 0.180954 0.097794 0.171917
0 0.818212 0.985868 0.079362 0.023921
1 0.298701 0.483711 0.090401 0.174718
0 0.613072 0.644306 0.110602 0.190074
0 0.886379 0.147667 0.119930 0.160009
0 0.991454 0.947650 0.017091 0.104699
0 0.008612 0.894745 0.016563 0.182583
0 0.072227 0.041766 0.089859 0.083532
0 0.749023 0.959859 0.080083 0.078986
0 0.324973 0.962384 0.061742 0.073880
0 0.515797 0.045148 0.081078 0.087324
0 0.290230 0.048079 0.078081 0.096157
0 0.066273 0.941153 0.079307 0.115093
0 0.361845 0.049921 0.078633 0.097185
0 0.378745 0.471438 0.089370 0.137394
