0 0.398383 0.288701 0.075214 0.154597
0 0.840560 0.876979 0.078609 0.140847
0 0.874396 0.737569 0.087479 0.149306
0 0.975852 0.493435 0.048297 0.159917
0 0.416082 0.069780 0.079669 0.133597
0 0.366583 0.817637 0.090844 0.132097
0 0.526875 0.593016 0.074521 0.144579
0 0.906841 0.222164 0.084536 0.141718
0 0.446861 0.181722 0.080419 0.147528
0 0.313230 0.471477 0.092497 0.127981
0 0.384294 0.694111 0.086453 0.155287
0 0.249487 0.604866 0.077927 0.150565
0 0.300742 0.729475 0.071125 0.124190
0 0.920996 0.536257 0.080805 0.153690
0 0.546906 0.246866 0.083135 0.161093
0 0.864488 0.324903 0.080831 0.141917
0 0.495945 0.359502 0.080505 0.144977
0 0.853053 0.515502 0.065539 0.159106
0 0.597534 0.618764 0.075901 0.130704
0 0.785133 0.356669 0.079432 0.136699
0 0.938974 0.385891 0.080224 0.147745
0 0.169480 0.124681 0.081987 0.145843
0 0.730202 0.638701 0.076664 0.135255
0 0.043204 0.523417 0.084117 0.139852
0 0.400742 0.533424 0.086948 0.145181
0 0.721724 0.488162 0.083682 0.159861
0 0.112510 0.460674 0.079594 0.152995
0 0.145654 0.275829 0.078854 0.155704
0 0.057004 0.161002 0.086914 0.137625
0 0.571930 0.406375 0.083031 0.157593
0 0.784945 0.539956 0.079646 0.144569
0 0.329277 0.602745 0.081393 0.143556
0 0.293874 0.360451 0.075409 0.137505
0 0.013388 0.303562 0.026776 0.146356
0 0.009161 0.581757 0.018115 0.149449
0 0.371917 0.973012 0.086479 0.052829
0 0.988215 0.346676 0.023570 0.149074
1 0.919573 0.858898 0.082589 0.148833
1 0.976622 0.901995 0.046755 0.157509
1 0.971562 0.073875 0.056875 0.139259
1 0.742168 0.088111 0.086164 0.146204
0 0.909818 0.034366 0.085823 0.068731
1 0.219134 0.359819 0.075846 0.141713
1 0.100029 0.596162 0.078500 0.133583
0 0.445637 0.965896 0.081372 0.068208
1 0.755927 0.223854 0.085635 0.141727
1 0.409228 0.894863 0.073956 0.126634
1 0.442715 0.647704 0.074602 0.136019
0 0.035654 0.411616 0.071307 0.135028
1 0.641868 0.511789 0.075596 0.134153
0 0.477542 0.036134 0.063036 0.071963
0 0.116599 0.050986 0.091958 0.101972
0 0.805354 0.674428 0.079641 0.136847
0 0.627462 0.179525 0.077346 0.149153
1 0.067444 0.300067 0.084674 0.148588
