0 0.134121 0.272808 0.098169 0.132162
0 0.249732 0.826856 0.091453 0.153074
1 0.757400 0.063493 0.078680 0.126782
0 0.379126 0.403414 0.100315 0.150292
0 0.251040 0.578259 0.101404 0.144972
0 0.368220 0.638181 0.082383 0.156361
0 0.747577 0.197664 0.089060 0.161977
0 0.617992 0.528340 0.095563 0.155319
0 0.213668 0.714720 0.088206 0.153838
0 0.537316 0.435803 0.087414 0.140338
0 0.409733 0.083137 0.093492 0.166273
0 0.967451 0.245493 0.063740 0.154773
0 0.895698 0.948178 0.082385 0.103449
0 0.965547 0.710169 0.068557 0.131264
0 0.924777 0.429266 0.090977 0.184310
0 0.686587 0.299928 0.099716 0.170190
0 0.787120 0.914556 0.099807 0.138833
0 0.124776 0.147356 0.094589 0.145074
0 0.971406 0.498581 0.057187 0.124319
0 0.096751 0.958646 0.092669 0.082708
0 0.964134 0.953750 0.069914 0.092500
0 0.975299 0.381766 0.049401 0.148560
0 0.153755 0.050100 0.090656 0.100199
0 0.321654 0.049924 0.079255 0.099847
0 0.736477 0.469405 0.090198 0.151995
0 0.972874 0.608620 0.054253 0.132796
0 0.025014 0.281498 0.050029 0.147875
0 0.875215 0.348322 0.128216 0.106551
0 0.811247 0.018491 0.094484 0.036981
0 0.456436 0.971817 0.084320 0.052014
0 0.007299 0.972303 0.014599 0.055394
1 0.583689 0.333215 0.089039 0.161051
0 0.840392 0.790118 0.094643 0.154005
0 0.486863 0.766373 0.084992 0.146106
0 0.274010 0.125727 0.095521 0.150750
0 0.894966 0.244995 0.090917 0.138991
0 0.507294 0.312861 0.082229 0.154907
0 0.221036 0.438074 0.106943 0.187065
0 0.867806 0.666600 0.082628 0.136718
0 0.388559 0.939294 0.087523 0.120458
0 0.825643 0.574104 0.108224 0.145440
0 0.626685 0.669931 0.099875 0.153093
0 0.034832 0.861634 0.069664 0.158343
0 0.592049 0.825424 0.094109 0.164819
0 0.513866 0.935755 0.084622 0.128491
0 0.282030 0.287553 0.083924 0.147347
0 0.965255 0.841102 0.069490 0.154546
0 0.547055 0.683662 0.076010 0.148324
0 0.354922 0.801882 0.076563 0.155644
0 0.193406 0.919683 0.080807 0.149977
0 0.414863 0.516882 0.096180 0.159264
0 0.104423 0.591188 0.081273 0.157356
0 0.129193 0.445972 0.090286 0.157176
0 0.787042 0.684014 0.091380 0.152676
0 0.452760 0.627280 0.097016 0.160144
0 0.302147 0.693250 0.083565 0.154833
0 0.852303 0.461963 0.089232 0.145593
0 0.210142 0.194046 0.090336 0.162333
0 0.443339 0.249567 0.085771 0.152588
0 0.666362 0.430993 0.089464 0.127644
0 0.361560 0.269083 0.090370 0.160009
