0 0.349954 0.023468 0.067685 0.046130
1 0.492716 0.691963 0.094813 0.154917
0 0.006749 0.140322 0.013451 0.152847
0 0.323016 0.967120 0.093552 0.065759
0 0.010290 0.267935 0.019857 0.133620
0 0.852052 0.967160 0.074630 0.065681
0 0.855357 0.041502 0.087776 0.083005
0 0.979501 0.518875 0.040997 0.136963
0 0.982755 0.385076 0.032714 0.170995
0 0.031082 0.036993 0.061789 0.073986
0 0.018923 0.603606 0.037081 0.146000
0 0.564926 0.934118 0.077737 0.131764
0 0.587138 0.805900 0.089823 0.153366
0 0.168695 0.940773 0.085760 0.115880
0 0.029039 0.481535 0.055922 0.124921
0 0.220094 0.079306 0.083021 0.127194
0 0.649137 0.891046 0.081201 0.138278
0 0.337453 0.122924 0.084948 0.150394
0 0.779221 0.957287 0.089193 0.085426
0 0.293530 0.055898 0.080138 0.108620
0 0.406729 0.893940 0.079885 0.141083
0 0.508227 0.821694 0.085688 0.148204
0 0.706659 0.782463 0.085323 0.158083
0 0.645117 0.726949 0.077068 0.155648
0 0.068820 0.806451 0.086318 0.159597
0 0.979607 0.928516 0.040786 0.138069
0 0.352314 0.811778 0.087742 0.152028
0 0.672940 0.057366 0.092891 0.112444
0 0.472171 0.935574 0.092883 0.128852
0 0.029589 0.895771 0.059177 0.154319
0 0.820594 0.415171 0.079458 0.186935
0 0.239961 0.944514 0.078995 0.106491
0 0.469172 0.164294 0.096141 0.112551
0 0.418512 0.393968 0.095164 0.151361
0 0.028186 0.758623 0.056372 0.154986
0 0.420458 0.742208 0.080422 0.143583
0 0.425788 0.618808 0.084216 0.135069
0 0.119276 0.230116 0.089823 0.137454
0 0.129099 0.576373 0.070479 0.136227
0 0.365496 0.687255 0.082388 0.125574
0 0.967975 0.623877 0.064049 0.177366
0 0.577957 0.673856 0.081549 0.152306
0 0.086781 0.325711 0.075682 0.124069
0 0.156138 0.130544 0.084266 0.162486
0 0.757016 0.494634 0.080781 0.174676
0 0.946471 0.334701 0.077776 0.160569
0 0.695753 0.657581 0.084156 0.131532
0 0.965668 0.068139 0.067273 0.135102
0 0.414480 0.072074 0.081107 0.121065
0 0.204813 0.306942 0.079682 0.125394
0 0.069350 0.572870 0.081753 0.157454
0 0.049818 0.197796 0.086625 0.151278
0 0.905395 0.439877 0.088862 0.148727
0 0.248996 0.213447 0.086352 0.147699
0 0.457060 0.506699 0.082005 0.159435
0 0.096082 0.696407 0.072857 0.125843
0 0.643823 0.574044 0.074026 0.153995
0 0.269305 0.509458 0.073771 0.123065
0 0.761514 0.850028 0.095310 0.159843
0 0.452827 0.299176 0.075008 0.129102
0 0.286411 0.860912 0.079214 0.157796
0 0.995397 0.129238 0.009206 0.152977
0 0.503090 0.066789 0.098857 0.129995
0 0.091798 0.072641 0.081810 0.144329
0 0.388872 0.506778 0.074760 0.131213
0 0.364354 0.249970 0.083969 0.132088
0 0.902641 0.078986 0.084099 0.156241
0 0.098038 0.920697 0.096898 0.158606
0 0.512457 0.431694 0.102305 0.164583
0 0.808060 0.759461 0.103042 0.151764
0 0.963768 0.207345 0.072464 0.157125
0 0.519246 0.296806 0.075784 0.129741
0 0.274199 0.331389 0.086560 0.145620
0 0.878100 0.314444 0.084815 0.164296
0 0.707487 0.546150 0.071724 0.129088
0 0.851288 0.531764 0.098201 0.155602
0 0.346536 0.372850 0.089974 0.141477
0 0.748565 0.013032 0.086484 0.026065
0 0.849960 0.177956 0.079232 0.161347
0 0.331217 0.549032 0.081357 0.162000
0 0.113247 0.447086 0.093833 0.165190
0 0.219755 0.716919 0.102490 0.152329
0 0.918199 0.590222 0.079523 0.140352
0 0.146240 0.777215 0.092714 0.167356
0 0.215220 0.847356 0.088997 0.151870
0 0.031525 0.357225 0.062727 0.151032
0 0.546142 0.184331 0.084867 0.135236
0 0.849691 0.663139 0.087023 0.149713
0 0.602632 0.488130 0.086872 0.161130
0 0.226607 0.418609 0.088115 0.135208
0 0.772591 0.645215 0.084104 0.153051
0 0.517801 0.568264 0.087789 0.137602
0 0.183617 0.492856 0.087922 0.146509
1 0.604672 0.114241 0.080688 0.158917
