1 0.354404 0.474069 0.085443 0.160407
0 0.905397 0.691363 0.085378 0.166690
0 0.091375 0.032576 0.096729 0.064810
0 0.425660 0.451838 0.086909 0.161194
0 0.534676 0.855488 0.084086 0.148699
0 0.407105 0.875049 0.099487 0.158606
0 0.030592 0.844644 0.061185 0.139759
0 0.430400 0.640076 0.101216 0.148199
0 0.208647 0.398264 0.104555 0.164407
0 0.057043 0.934519 0.085643 0.130963
0 0.694444 0.780829 0.091544 0.155176
0 0.129143 0.934968 0.084891 0.126898
0 0.161294 0.322829 0.088812 0.153093
0 0.553156 0.065363 0.092406 0.130162
0 0.967785 0.622248 0.064430 0.154736
0 0.695754 0.948308 0.095852 0.103384
0 0.449581 0.124414 0.082943 0.142014
0 0.379049 0.599222 0.098948 0.176269
0 0.491068 0.042674 0.084120 0.081792
0 0.701568 0.054764 0.092458 0.109528
0 0.767388 0.783639 0.093318 0.158991
0 0.748342 0.875218 0.091003 0.153991
0 0.455243 0.953361 0.089174 0.093278
0 0.364957 0.948100 0.092461 0.103736
0 0.008180 0.956731 0.016359 0.083704
0 0.218870 0.969137 0.091208 0.061292
0 0.772068 0.017215 0.100297 0.034431
0 0.935763 0.974741 0.091573 0.048981
0 0.066996 0.118951 0.096919 0.174366
0 0.040928 0.725641 0.081857 0.146421
0 0.316309 0.844544 0.092612 0.145755
0 0.660690 0.279410 0.087068 0.149134
0 0.661803 0.422708 0.097997 0.164528
0 0.956701 0.757331 0.086599 0.156310
0 0.249395 0.773414 0.083357 0.158523
0 0.720345 0.670086 0.087659 0.147310
0 0.428210 0.755796 0.086258 0.146278
0 0.131365 0.202391 0.093464 0.147588
0 0.838224 0.727681 0.090120 0.156037
0 0.608186 0.527602 0.089633 0.153056
0 0.521453 0.172676 0.086417 0.147556
0 0.933536 0.884111 0.086849 0.148185
0 0.692176 0.171387 0.096471 0.147829
0 0.063742 0.598718 0.090922 0.154074
0 0.647919 0.877708 0.091771 0.145444
0 0.693594 0.550072 0.082708 0.141718
0 0.302141 0.617134 0.086984 0.161000
0 0.223445 0.644854 0.085672 0.142875
0 0.558275 0.405780 0.095487 0.160810
0 0.199605 0.529259 0.094721 0.152491
0 0.494076 0.301359 0.085370 0.142227
0 0.859482 0.843819 0.109667 0.174241
0 0.108047 0.488345 0.089583 0.157875
0 0.143911 0.078528 0.082542 0.135157
0 0.275954 0.481933 0.083518 0.149551
0 0.132197 0.640803 0.091768 0.165486
