0 0.606896 0.769546 0.082755 0.133546
0 0.679991 0.016509 0.084773 0.032130
0 0.144038 0.022970 0.093279 0.045940
1 0.080227 0.054917 0.083000 0.109833
1 0.146431 0.312951 0.093560 0.154005
1 0.733040 0.171181 0.093779 0.131120
0 0.539737 0.964831 0.093703 0.070338
0 0.007772 0.869611 0.015544 0.172991
1 0.592786 0.403620 0.088802 0.150583
0 0.423466 0.019382 0.095667 0.038764
1 0.080491 0.627236 0.084273 0.179231
1 0.968822 0.454095 0.062357 0.154088
1 0.186358 0.738639 0.092591 0.142093
1 0.852660 0.710056 0.084326 0.141778
0 0.298145 0.500701 0.082117 0.215319
1 0.636333 0.646227 0.090198 0.158435
1 0.187298 0.076433 0.093789 0.147745
1 0.229230 0.388525 0.085977 0.151569
1 0.341565 0.715137 0.093245 0.136792
0 0.984328 0.920634 0.030568 0.129852
1 0.662161 0.519701 0.100531 0.142292
0 0.018363 0.539461 0.036727 0.129171
1 0.468923 0.340778 0.091341 0.144472
0 0.924201 0.033225 0.074406 0.064903
0 0.315501 0.048299 0.102779 0.095523
0 0.429849 0.451384 0.088219 0.149889
1 0.159292 0.466706 0.098000 0.169968
0 0.534303 0.039743 0.100935 0.079486
0 0.841460 0.083569 0.085315 0.142167
1 0.240799 0.528856 0.075380 0.142546
0 0.978000 0.148921 0.044000 0.122556
1 0.044251 0.440567 0.086451 0.155282
0 0.348319 0.236053 0.094180 0.164477
0 0.812960 0.952507 0.093565 0.094264
0 0.066035 0.259845 0.086117 0.169977
0 0.029332 0.292116 0.058664 0.178028
0 0.724565 0.767100 0.091193 0.139181
0 0.452305 0.718597 0.102453 0.150907
0 0.961345 0.250190 0.077310 0.143380
0 0.979008 0.782421 0.040734 0.165407
0 0.030464 0.127565 0.058839 0.169046
0 0.048473 0.926713 0.092398 0.146574
0 0.575150 0.892801 0.094195 0.155352
0 0.100953 0.842637 0.078323 0.153912
0 0.294604 0.138366 0.083188 0.135833
0 0.825814 0.223553 0.099122 0.162134
0 0.338477 0.846940 0.086583 0.151630
0 0.793777 0.634477 0.072862 0.146907
0 0.698704 0.272810 0.102555 0.143417
0 0.502896 0.629731 0.088276 0.143954
0 0.157294 0.614294 0.097443 0.147375
0 0.044435 0.779801 0.088870 0.163019
0 0.405582 0.795606 0.079909 0.143157
0 0.126897 0.174579 0.083435 0.145009
0 0.263013 0.676493 0.078182 0.144273
0 0.431616 0.229280 0.079701 0.135968
0 0.396397 0.107704 0.098742 0.163713
0 0.174322 0.870035 0.094680 0.157838
0 0.429112 0.585266 0.092339 0.139505
0 0.477781 0.862361 0.096240 0.168731
0 0.940428 0.850389 0.078419 0.142370
0 0.024396 0.667294 0.048792 0.143551
0 0.911957 0.951472 0.095648 0.096778
0 0.404525 0.927715 0.092982 0.144569
0 0.875225 0.306704 0.078612 0.151972
0 0.340319 0.586130 0.088112 0.147019
0 0.827414 0.409271 0.090495 0.157995
0 0.719961 0.624688 0.088865 0.173227
0 0.266238 0.268146 0.088935 0.151273
0 0.911171 0.144637 0.093622 0.165745
0 0.490514 0.115285 0.087779 0.151181
0 0.844168 0.557306 0.104669 0.160398
0 0.768939 0.352813 0.081107 0.182708
0 0.531447 0.504306 0.085789 0.155102
0 0.696467 0.407088 0.091971 0.148676
0 0.938908 0.351190 0.082805 0.151343
0 0.353741 0.418687 0.088716 0.182347
0 0.854553 0.865074 0.097753 0.176593
1 0.743340 0.059690 0.095779 0.114537
