3 0.127460 0.631475 0.073169 0.144940
0 0.658895 0.271104 0.091763 0.150403
0 0.994014 0.503303 0.011695 0.134190
0 0.022012 0.018069 0.043966 0.035759
0 0.634480 0.237176 0.109602 0.155815
0 0.009832 0.943375 0.019471 0.113250
0 0.064034 0.966463 0.100839 0.067074
0 0.726512 0.982100 0.086904 0.035505
0 0.016892 0.320815 0.033784 0.144713
0 0.776648 0.022984 0.090839 0.045968
0 0.985057 0.382799 0.029885 0.163773
0 0.144147 0.048567 0.098477 0.096477
0 0.102473 0.254894 0.107789 0.143593
0 0.718672 0.897741 0.083052 0.153713
0 0.206316 0.953167 0.097503 0.093667
0 0.633388 0.526653 0.094646 0.188148
0 0.167685 0.659611 0.077000 0.147546
0 0.538491 0.526965 0.088404 0.137699
0 0.965436 0.964116 0.068898 0.070741
0 0.953805 0.812604 0.085495 0.136829
0 0.221005 0.719688 0.082219 0.142356
0 0.562062 0.466234 0.090182 0.149440
0 0.021842 0.101572 0.043133 0.154986
0 0.189070 0.102676 0.090984 0.160380
0 0.198462 0.782153 0.086034 0.148954
0 0.678059 0.889866 0.094195 0.161361
0 0.438965 0.069822 0.087622 0.139644
0 0.286755 0.955755 0.079490 0.087454
0 0.455970 0.175563 0.083612 0.157301
0 0.933009 0.888637 0.094362 0.152264
0 0.093721 0.375801 0.096974 0.144574
0 0.027348 0.836553 0.054424 0.150218
0 0.948939 0.076347 0.101560 0.152694
0 0.066090 0.457803 0.085107 0.129977
0 0.434708 0.918546 0.106354 0.162907
0 0.263930 0.359866 0.094958 0.180574
0 0.394497 0.719514 0.093807 0.169315
0 0.261682 0.083472 0.106625 0.166583
0 0.271118 0.834359 0.097164 0.181023
0 0.103526 0.120965 0.087359 0.151819
0 0.593306 0.951266 0.085586 0.096810
0 0.872546 0.255796 0.098622 0.196167
0 0.502230 0.360294 0.091982 0.147634
0 0.119531 0.927387 0.100313 0.144745
0 0.552363 0.746815 0.089445 0.149639
0 0.470168 0.298697 0.083555 0.133477
0 0.405909 0.590676 0.080286 0.134417
0 0.058620 0.553924 0.085010 0.157227
0 0.419163 0.366201 0.085924 0.130458
0 0.822806 0.373150 0.089409 0.154875
0 0.535422 0.654801 0.086385 0.151139
0 0.331145 0.242986 0.096841 0.154019
0 0.658703 0.062252 0.096135 0.124181
0 0.787793 0.545558 0.091602 0.161773
0 0.531966 0.066519 0.089385 0.133037
0 0.912861 0.749275 0.087258 0.145921
0 0.297637 0.687389 0.085299 0.149037
0 0.295745 0.497222 0.087859 0.177454
0 0.572891 0.306227 0.085307 0.138833
0 0.346388 0.374604 0.080370 0.140301
0 0.466198 0.497058 0.083536 0.158051
0 0.842965 0.461942 0.087383 0.143190
0 0.374487 0.803076 0.091786 0.146403
0 0.156828 0.440102 0.084453 0.145231
0 0.047620 0.742398 0.085583 0.144667
0 0.804555 0.804030 0.080521 0.148708
0 0.707427 0.397345 0.085146 0.141921
0 0.403625 0.185477 0.087109 0.160546
0 0.471936 0.754072 0.081565 0.151069
0 0.218129 0.521201 0.091919 0.159218
0 0.948486 0.207373 0.082091 0.140421
0 0.812710 0.082072 0.086956 0.150171
0 0.745305 0.732317 0.088937 0.151329
0 0.913513 0.533701 0.092578 0.156634
0 0.642267 0.764132 0.088893 0.158338
0 0.710783 0.609153 0.089924 0.152861
