0 0.866151 0.092486 0.081047 0.131435
0 0.885214 0.856838 0.077531 0.134815
0 0.118408 0.756331 0.080872 0.149199
0 0.981939 0.975076 0.032898 0.045588
0 0.949044 0.928581 0.080568 0.131412
0 0.032833 0.810505 0.065552 0.123528
0 0.039167 0.035019 0.067974 0.070037
0 0.954477 0.366303 0.086380 0.145884
0 0.157807 0.186910 0.082719 0.127968
0 0.657814 0.031417 0.082133 0.062833
0 0.540820 0.602937 0.075870 0.134023
0 0.011794 0.095382 0.022766 0.135921
0 0.293572 0.843463 0.079451 0.124213
0 0.691801 0.966917 0.077549 0.063157
0 0.333974 0.205144 0.074010 0.131769
0 0.127307 0.480053 0.076443 0.122023
0 0.308708 0.292106 0.086188 0.142231
0 0.771543 0.248845 0.071836 0.120829
0 0.737033 0.118218 0.075664 0.141546
0 0.464630 0.118197 0.069354 0.126977
0 0.199210 0.911894 0.087201 0.144269
0 0.961595 0.173942 0.076810 0.140199
0 0.825576 0.608530 0.075375 0.131579
0 0.695083 0.805384 0.078875 0.135685
0 0.371243 0.920431 0.071841 0.121731
0 0.920217 0.663780 0.078742 0.132551
0 0.393401 0.519428 0.075188 0.133977
0 0.666066 0.403238 0.078096 0.138597
0 0.022353 0.426720 0.043091 0.129218
0 0.739025 0.535118 0.076336 0.138144
0 0.461007 0.605921 0.075299 0.146222
0 0.599965 0.300387 0.075904 0.135560
0 0.766085 0.887676 0.079409 0.134787
0 0.671268 0.216208 0.072990 0.120713
0 0.119161 0.018877 0.091448 0.037755
0 0.201260 0.022271 0.090781 0.044542
0 0.354129 0.036597 0.083815 0.071676
0 0.275790 0.432514 0.074081 0.123574
0 0.453557 0.017498 0.084042 0.034995
0 0.982457 0.508206 0.035086 0.130255
0 0.990133 0.647641 0.019266 0.125218
1 0.454385 0.395181 0.075042 0.127472
0 0.852749 0.238817 0.085706 0.144801
0 0.435430 0.259931 0.073260 0.142157
0 0.754357 0.376725 0.074458 0.124338
0 0.566738 0.159053 0.087846 0.148431
0 0.008608 0.249914 0.016857 0.152014
0 0.959889 0.021743 0.079716 0.043486
0 0.298878 0.956229 0.071911 0.081412
0 0.754530 0.684586 0.077799 0.140069
0 0.852350 0.410125 0.075023 0.132815
0 0.205914 0.380229 0.073531 0.128949
0 0.589586 0.480731 0.081036 0.132389
