0 0.097898 0.018486 0.090422 0.036972
1 0.836150 0.832572 0.090430 0.200347
0 0.789453 0.523845 0.096318 0.196606
1 0.795069 0.267764 0.098091 0.179417
0 0.303918 0.173956 0.063336 0.123153
1 0.101633 0.364440 0.094104 0.173602
1 0.965417 0.904748 0.068443 0.157718
0 0.937882 0.506479 0.084086 0.144264
0 0.803159 0.949632 0.092120 0.100736
0 0.030458 0.448796 0.060458 0.170426
0 0.181560 0.835722 0.106802 0.168417
0 0.321202 0.696387 0.096659 0.149718
0 0.370789 0.791715 0.094141 0.164634
0 0.496587 0.912083 0.111961 0.147500
0 0.148594 0.074183 0.090958 0.148366
0 0.587178 0.677213 0.086878 0.192491
0 0.029363 0.053245 0.058294 0.106000
0 0.651797 0.639222 0.077453 0.151954
0 0.409040 0.898657 0.093680 0.155704
0 0.530784 0.808713 0.120047 0.150352
0 0.583746 0.356685 0.090810 0.145880
0 0.314495 0.572664 0.103125 0.133069
0 0.674751 0.449949 0.078367 0.161074
0 0.693764 0.705125 0.087878 0.194407
0 0.768736 0.686500 0.072258 0.150861
0 0.748549 0.434493 0.089010 0.159255
0 0.500704 0.721488 0.106982 0.139644
0 0.976924 0.156771 0.046063 0.151218
0 0.472572 0.498718 0.092159 0.145259
0 0.426646 0.391845 0.095453 0.132856
0 0.434012 0.057257 0.102883 0.112171
1 0.484786 0.215444 0.078214 0.147111
0 0.327763 0.082329 0.077323 0.139963
0 0.045193 0.773641 0.089766 0.159440
0 0.150655 0.716683 0.091695 0.142662
0 0.069779 0.624199 0.097026 0.168630
0 0.709217 0.107438 0.081909 0.161208
0 0.413277 0.271352 0.106049 0.152120
0 0.244331 0.473664 0.086094 0.145931
0 0.941605 0.633343 0.091945 0.150037
0 0.844010 0.667164 0.092771 0.144347
0 0.802410 0.087245 0.095247 0.149583
0 0.980128 0.046051 0.039427 0.090574
0 0.983661 0.549257 0.031906 0.140375
0 0.340188 0.458109 0.117260 0.141236
0 0.018548 0.680671 0.036518 0.166648
0 0.246137 0.212352 0.089294 0.176185
0 0.607296 0.455373 0.092284 0.204699
0 0.544285 0.215100 0.074232 0.184468
0 0.197104 0.145803 0.098938 0.173875
0 0.853839 0.530553 0.097573 0.176606
1 0.634309 0.097176 0.082424 0.150935
0 0.971012 0.296306 0.057617 0.151194
0 0.268367 0.083215 0.074349 0.129727
0 0.241620 0.646567 0.101026 0.155005
1 0.548057 0.069345 0.098813 0.138690
1 0.418648 0.657361 0.096240 0.185750
1 0.391353 0.146586 0.088070 0.153616
1 0.264725 0.920294 0.090576 0.150255
1 0.711613 0.559338 0.083982 0.120083
1 0.602854 0.216039 0.090995 0.156949
0 0.892156 0.771634 0.076073 0.168065
0 0.007474 0.850900 0.014703 0.151097
1 0.342893 0.342669 0.091953 0.145273
