0 0.224857 0.953981 0.094922 0.092037
0 0.971565 0.859782 0.056057 0.138509
0 0.028201 0.061912 0.056401 0.123231
0 0.618375 0.821213 0.084990 0.173667
0 0.894016 0.939000 0.086844 0.122000
0 0.702609 0.762477 0.091906 0.149287
0 0.687727 0.893028 0.106630 0.136000
0 0.464852 0.605514 0.089776 0.176343
0 0.544992 0.053185 0.086464 0.106370
0 0.027060 0.361333 0.054120 0.155370
0 0.522500 0.948880 0.076333 0.102241
0 0.960083 0.355787 0.072719 0.143963
0 0.903714 0.805565 0.083010 0.144778
0 0.806622 0.456593 0.079432 0.145537
0 0.683396 0.045722 0.084073 0.091444
0 0.955995 0.048741 0.085260 0.097481
0 0.812122 0.191199 0.072328 0.124139
0 0.076982 0.118042 0.089026 0.150472
0 0.917935 0.477106 0.079693 0.138769
0 0.619055 0.658394 0.085578 0.138546
0 0.690029 0.329630 0.083630 0.131685
0 0.516263 0.674875 0.087318 0.147009
0 0.684187 0.203856 0.093937 0.147028
0 0.344456 0.228583 0.091672 0.156000
0 0.759737 0.275509 0.076464 0.130000
0 0.811195 0.780829 0.088078 0.144935
0 0.226604 0.391421 0.089333 0.139102
0 0.885042 0.321935 0.094750 0.147574
0 0.427057 0.786981 0.084229 0.150648
0 0.903870 0.662847 0.101000 0.157583
0 0.148583 0.937949 0.079333 0.124102
0 0.494146 0.849824 0.082229 0.131000
0 0.861036 0.073398 0.092469 0.141722
0 0.669995 0.563574 0.094771 0.147148
0 0.556359 0.323384 0.082146 0.147009
0 0.246659 0.523713 0.083807 0.146685
0 0.732669 0.431380 0.083672 0.142574
0 0.629089 0.121338 0.097604 0.146509
0 0.401503 0.558685 0.086255 0.163963
0 0.478242 0.257699 0.098839 0.158491
0 0.070456 0.926755 0.087141 0.146120
0 0.453115 0.118426 0.090594 0.150426
0 0.254435 0.842676 0.085068 0.143759
0 0.164156 0.129801 0.084240 0.141861
0 0.920672 0.182981 0.092198 0.162630
0 0.965057 0.577440 0.069854 0.151806
0 0.403581 0.406069 0.088464 0.146157
0 0.057323 0.254051 0.097073 0.149417
0 0.159672 0.481468 0.083083 0.136657
0 0.367523 0.922231 0.100234 0.149556
0 0.331492 0.799356 0.080661 0.130472
0 0.646958 0.428875 0.091865 0.139472
0 0.259271 0.269532 0.088615 0.149046
0 0.242917 0.671380 0.091135 0.156667
0 0.356240 0.074986 0.088719 0.146306
0 0.137273 0.309653 0.083932 0.142898
0 0.324599 0.371477 0.091385 0.146157
0 0.057630 0.571824 0.091260 0.133130
0 0.541643 0.480954 0.090995 0.147148
0 0.165268 0.624852 0.091505 0.159500
0 0.046495 0.704491 0.090781 0.149741
0 0.373161 0.684167 0.087250 0.141870
0 0.855602 0.551718 0.083589 0.130954
0 0.163992 0.782097 0.097443 0.166954
0 0.804104 0.014546 0.087771 0.028870
0 0.150414 0.014481 0.090964 0.028963
0 0.024594 0.965412 0.048094 0.062991
0 0.704055 0.972745 0.094214 0.054231
0 0.994216 0.391722 0.011568 0.154852
0 0.985112 0.956727 0.029776 0.086546
0 0.421833 0.030796 0.076458 0.061426
0 0.975253 0.721389 0.049495 0.158685
0 0.276542 0.142051 0.099510 0.146194
0 0.018951 0.855694 0.037901 0.147148
0 0.811146 0.957120 0.086073 0.085000
0 0.982953 0.233505 0.034094 0.146546
0 0.562924 0.770440 0.101786 0.162398
0 0.239279 0.051764 0.093891 0.099528
4 0.747810 0.647611 0.090151 0.157630
