0 0.708401 0.495657 0.083406 0.132000
0 0.420617 0.898435 0.086995 0.168833
0 0.277740 0.573338 0.094240 0.161583
0 0.020164 0.023894 0.038130 0.037991
0 0.010201 0.735639 0.020401 0.165667
0 0.533974 0.777431 0.080740 0.155806
0 0.475872 0.307542 0.075141 0.149083
0 0.285448 0.711208 0.091240 0.158176
0 0.717206 0.367440 0.093109 0.153620
0 0.666214 0.639718 0.079250 0.172343
0 0.012279 0.459046 0.024557 0.165093
0 0.196190 0.344532 0.086328 0.157583
0 0.017977 0.878699 0.035151 0.156435
0 0.336391 0.499667 0.083896 0.158111
0 0.317365 0.217088 0.092667 0.149176
0 0.012747 0.100023 0.024932 0.155102
0 0.544503 0.019787 0.079609 0.035981
0 0.391898 0.970273 0.098651 0.057102
0 0.267797 0.357310 0.075708 0.153602
0 0.761076 0.026639 0.081797 0.052426
0 0.071302 0.728606 0.088313 0.168528
0 0.147997 0.778292 0.087297 0.168009
0 0.330922 0.079236 0.084021 0.148843
0 0.261487 0.052019 0.089099 0.103000
0 0.635247 0.965731 0.092005 0.068537
0 0.257388 0.967301 0.075391 0.065398
0 0.802922 0.943269 0.089135 0.113019
0 0.025406 0.605421 0.049854 0.176287
0 0.157417 0.032125 0.076573 0.063972
0 0.260807 0.145370 0.087510 0.144019
0 0.200911 0.660606 0.081948 0.170620
0 0.129958 0.416972 0.085479 0.166481
0 0.072711 0.499769 0.086068 0.143593
0 0.674742 0.048514 0.079641 0.094935
0 0.959203 0.946926 0.080531 0.102556
0 0.640594 0.206944 0.091333 0.167296
0 0.123547 0.618681 0.085292 0.168657
0 0.768344 0.128741 0.098573 0.166296
0 0.057432 0.356787 0.080385 0.187037
0 0.981734 0.853685 0.036531 0.142593
2 0.607721 0.560620 0.080026 0.140148
0 0.017914 0.297324 0.035828 0.161759
0 0.133492 0.128097 0.083589 0.162046
0 0.193620 0.211565 0.077604 0.162944
0 0.409130 0.250097 0.088146 0.168639
0 0.121466 0.283750 0.088286 0.167333
0 0.840659 0.820153 0.090224 0.161731
0 0.406380 0.080806 0.098969 0.156796
0 0.356576 0.343556 0.094964 0.156685
0 0.585617 0.449556 0.102557 0.143667
0 0.780354 0.537949 0.081802 0.147657
0 0.615672 0.343773 0.091687 0.151954
0 0.781406 0.288231 0.082781 0.183167
0 0.733687 0.912593 0.083927 0.164648
0 0.387518 0.633208 0.073828 0.164491
0 0.496594 0.927560 0.084510 0.144880
0 0.532107 0.183509 0.097057 0.183407
0 0.813602 0.672130 0.094932 0.171074
0 0.606482 0.721458 0.092766 0.176361
0 0.058974 0.089718 0.077208 0.162139
0 0.465719 0.603333 0.092573 0.158593
0 0.606872 0.053278 0.073974 0.105704
0 0.480013 0.725037 0.102068 0.170037
0 0.833148 0.443245 0.081620 0.176398
0 0.888760 0.934991 0.080469 0.130019
0 0.378792 0.780944 0.101927 0.168778
0 0.432906 0.434852 0.086792 0.137630
0 0.201990 0.890167 0.085771 0.158167
