0 0.198564 0.963470 0.052997 0.063079
0 0.993615 0.789806 0.012771 0.121731
0 0.463195 0.965345 0.090521 0.068560
0 0.382410 0.976248 0.072971 0.044745
0 0.236641 0.019468 0.069177 0.038231
0 0.263663 0.972657 0.077695 0.054685
0 0.015931 0.322049 0.031862 0.137245
0 0.015779 0.760063 0.029396 0.139644
0 0.762059 0.016722 0.078508 0.032676
0 0.378891 0.024174 0.082734 0.048347
0 0.016268 0.906130 0.031516 0.154093
0 0.537411 0.786521 0.087651 0.120532
0 0.745424 0.967440 0.066469 0.065120
0 0.650314 0.447220 0.070805 0.170884
0 0.197661 0.826704 0.088484 0.115157
0 0.953866 0.944581 0.091419 0.110838
0 0.074840 0.770505 0.084846 0.131741
0 0.350027 0.638806 0.087039 0.120167
0 0.439284 0.404792 0.078604 0.159889
0 0.021314 0.193942 0.042628 0.120681
0 0.448573 0.545838 0.084135 0.132019
0 0.662108 0.303602 0.077529 0.136167
0 0.020560 0.066417 0.040443 0.130546
0 0.460543 0.105873 0.084372 0.124477
0 0.768225 0.714854 0.071841 0.133810
0 0.959020 0.829338 0.077674 0.132333
0 0.811245 0.434234 0.076203 0.138755
0 0.179845 0.553442 0.083794 0.120042
0 0.631535 0.057303 0.088945 0.111653
0 0.513686 0.050780 0.074180 0.097412
0 0.596061 0.859556 0.079237 0.136343
0 0.188794 0.430252 0.083984 0.131551
0 0.141216 0.257442 0.074130 0.160727
0 0.873939 0.839405 0.072638 0.138292
0 0.843884 0.041581 0.086102 0.082403
0 0.040956 0.515507 0.080896 0.126255
0 0.201284 0.303484 0.074198 0.144505
0 0.239507 0.119720 0.074549 0.136819
0 0.905509 0.713241 0.077102 0.142389
0 0.316378 0.514752 0.074490 0.134208
0 0.527796 0.246905 0.070742 0.124838
0 0.260327 0.259780 0.077039 0.143218
0 0.457443 0.851720 0.077026 0.152282
0 0.183650 0.054935 0.077674 0.107315
0 0.700203 0.559171 0.080151 0.137454
0 0.920158 0.421137 0.083221 0.140875
0 0.091355 0.406218 0.086940 0.143926
0 0.529549 0.355051 0.090401 0.115769
0 0.971977 0.326836 0.056047 0.139190
0 0.788586 0.899914 0.085922 0.115190
0 0.565324 0.558458 0.070107 0.132222
0 0.965046 0.052713 0.069909 0.105426
0 0.264596 0.605546 0.074401 0.128991
0 0.591247 0.442310 0.067062 0.132167
0 0.171773 0.707435 0.077375 0.143704
0 0.142150 0.923991 0.073201 0.141241
0 0.112919 0.125380 0.085667 0.138750
0 0.077316 0.262153 0.066086 0.135046
0 0.089309 0.624817 0.080919 0.142579
0 0.714743 0.849523 0.078076 0.133454
0 0.572115 0.694850 0.084703 0.143514
0 0.741158 0.441067 0.071878 0.136042
0 0.070431 0.929778 0.076268 0.138713
0 0.307091 0.212062 0.082484 0.132745
0 0.382322 0.469530 0.077497 0.138208
0 0.560232 0.139146 0.077568 0.138819
0 0.455186 0.676757 0.086456 0.140903
0 0.457224 0.226958 0.081266 0.131833
0 0.962730 0.522486 0.074539 0.142028
0 0.908143 0.269419 0.072365 0.128514
0 0.333372 0.094019 0.089104 0.154546
0 0.863967 0.506532 0.076654 0.120194
0 0.307284 0.762942 0.089219 0.158718
0 0.732046 0.227829 0.084346 0.156648
0 0.835470 0.720836 0.067247 0.137875
0 0.674253 0.936370 0.076661 0.127259
0 0.962917 0.180981 0.073589 0.127741
0 0.284076 0.382833 0.087198 0.128120
0 0.843788 0.328405 0.073727 0.126810
0 0.645672 0.167907 0.069500 0.135963
0 0.518318 0.900692 0.070385 0.138986
0 0.270337 0.881711 0.077992 0.133495
0 0.782362 0.574014 0.088385 0.151130
1 0.508124 0.446560 0.076747 0.132880
