0 0.910223 0.101769 0.105581 0.106046
0 0.119878 0.036074 0.073906 0.068509
0 0.260526 0.053264 0.067120 0.106528
0 0.673422 0.390690 0.096531 0.179787
0 0.752229 0.491914 0.097286 0.175764
0 0.815954 0.329690 0.093513 0.135546
0 0.026001 0.954134 0.052003 0.091731
0 0.361581 0.939109 0.107844 0.115301
0 0.349514 0.860609 0.107841 0.098005
0 0.092350 0.784187 0.103320 0.119458
0 0.302382 0.085678 0.098039 0.156995
0 0.957874 0.201650 0.084253 0.116134
0 0.136648 0.549616 0.088635 0.135898
0 0.218095 0.356120 0.085773 0.141148
0 0.310230 0.690227 0.078393 0.140815
0 0.498496 0.848549 0.082794 0.150477
0 0.429715 0.791192 0.091263 0.143319
0 0.638319 0.486282 0.097044 0.148667
0 0.730689 0.189104 0.091966 0.152579
0 0.147936 0.329225 0.080096 0.150838
0 0.396424 0.324808 0.093156 0.138644
0 0.550348 0.578961 0.095695 0.140181
0 0.102211 0.427734 0.083010 0.139625
0 0.560150 0.928553 0.088596 0.138171
0 0.068428 0.130035 0.082174 0.150819
0 0.374232 0.659766 0.091036 0.141051
0 0.484208 0.380565 0.076625 0.134176
0 0.827891 0.063176 0.097755 0.126352
0 0.567402 0.815384 0.084576 0.132083
0 0.624951 0.317965 0.088531 0.125153
0 0.735426 0.336384 0.099555 0.148037
0 0.803721 0.211273 0.078500 0.144972
0 0.567560 0.466866 0.080958 0.132722
0 0.671648 0.216995 0.087177 0.123769
0 0.940836 0.436262 0.077281 0.144014
0 0.257874 0.794630 0.121044 0.109250
0 0.658246 0.694488 0.111732 0.097662
0 0.351449 0.382465 0.108940 0.178773
0 0.615415 0.764007 0.091247 0.147319
0 0.977952 0.078785 0.042789 0.134014
0 0.970973 0.488843 0.056154 0.145917
0 0.964216 0.346942 0.071568 0.125245
0 0.717983 0.627894 0.102398 0.118639
0 0.863530 0.506678 0.085497 0.181310
0 0.206324 0.073479 0.073138 0.140773
0 0.430309 0.225507 0.124284 0.131292
0 0.553040 0.370368 0.082622 0.143347
0 0.946169 0.585069 0.091083 0.167787
0 0.636605 0.934389 0.092023 0.130426
0 0.060266 0.574894 0.100016 0.147639
0 0.265836 0.462354 0.092948 0.144810
0 0.382479 0.467403 0.118500 0.149259
0 0.141983 0.119063 0.082440 0.158477
0 0.039715 0.368352 0.079430 0.154769
0 0.266238 0.912819 0.101242 0.160889
0 0.718154 0.753086 0.088828 0.151699
0 0.224417 0.587044 0.103422 0.130829
0 0.405810 0.576729 0.112521 0.128958
0 0.236971 0.708676 0.091609 0.140509
0 0.703878 0.072157 0.120521 0.134000
