0 0.933947 0.554372 0.098809 0.099536
0 0.935969 0.916445 0.066094 0.127318
0 0.005494 0.771409 0.010988 0.081505
0 0.032703 0.337732 0.063273 0.082474
0 0.184402 0.562156 0.065180 0.105219
1 0.647775 0.920094 0.081941 0.112406
0 0.648777 0.981346 0.087414 0.036047
0 0.543797 0.625245 0.107961 0.122375
0 0.125873 0.559911 0.071660 0.123417
0 0.772764 0.871776 0.073520 0.106906
0 0.878965 0.766164 0.080023 0.090870
1 0.078203 0.114750 0.081273 0.099219
0 0.875162 0.956367 0.076762 0.087266
0 0.811207 0.073622 0.077008 0.098318
0 0.800662 0.159586 0.093676 0.103953
0 0.457852 0.185242 0.081797 0.096370
0 0.874137 0.109841 0.077336 0.098286
0 0.580928 0.903193 0.082660 0.109594
0 0.732914 0.200370 0.075383 0.101083
0 0.299828 0.355831 0.078508 0.109672
0 0.610447 0.158812 0.077715 0.093365
0 0.421176 0.881419 0.074320 0.103307
0 0.678727 0.464909 0.071922 0.101026
0 0.533320 0.192922 0.084828 0.110250
0 0.219211 0.196667 0.078953 0.096875
0 0.572859 0.660318 0.073039 0.120031
0 0.690762 0.641646 0.071383 0.085458
0 0.594494 0.475781 0.082832 0.104000
0 0.738164 0.430333 0.086578 0.098354
0 0.966959 0.289245 0.066082 0.112302
0 0.308455 0.919789 0.079324 0.100943
0 0.689330 0.558362 0.074621 0.095245
0 0.077467 0.892518 0.075754 0.108703
0 0.828260 0.362526 0.080988 0.112927
0 0.234898 0.906026 0.075992 0.102958
0 0.082695 0.261341 0.094437 0.100953
0 0.960604 0.836320 0.077934 0.095557
0 0.587977 0.572458 0.091961 0.104969
0 0.568750 0.291122 0.076258 0.106432
0 0.915434 0.178596 0.086359 0.093099
0 0.135816 0.787924 0.084891 0.093932
0 0.430488 0.729010 0.083500 0.094396
0 0.208469 0.369818 0.084820 0.109302
0 0.898727 0.629448 0.087906 0.093698
0 0.873244 0.400411 0.074082 0.113740
0 0.374795 0.771341 0.067910 0.124964
0 0.139158 0.708997 0.079973 0.102068
0 0.226963 0.288466 0.071504 0.104641
0 0.470004 0.794029 0.067219 0.095339
0 0.972523 0.202823 0.054953 0.096615
0 0.344832 0.646070 0.085664 0.101255
0 0.159695 0.276875 0.075539 0.097656
0 0.704096 0.278526 0.072715 0.094552
0 0.941594 0.067797 0.083102 0.092563
0 0.303020 0.178862 0.096578 0.100005
0 0.388844 0.479576 0.077023 0.098703
0 0.634855 0.275281 0.072609 0.113917
0 0.772033 0.507005 0.089160 0.100198
0 0.745055 0.713831 0.074500 0.108557
0 0.253832 0.425779 0.108937 0.129432
0 0.818307 0.592372 0.076918 0.111943
0 0.665648 0.204786 0.070141 0.095323
0 0.356822 0.882109 0.071293 0.104969
0 0.064137 0.041378 0.078461 0.082755
0 0.240898 0.802945 0.074398 0.102276
0 0.936295 0.375625 0.075613 0.094510
0 0.215354 0.693664 0.076605 0.099693
0 0.188492 0.830352 0.064562 0.118474
0 0.659416 0.707135 0.074809 0.080198
0 0.805756 0.934977 0.076645 0.091464
0 0.270092 0.725375 0.069848 0.086490
0 0.054709 0.668823 0.079668 0.092354
0 0.461262 0.563607 0.083773 0.123797
0 0.764357 0.279750 0.074488 0.100667
0 0.165090 0.640951 0.077172 0.092516
0 0.025512 0.953917 0.051023 0.092167
0 0.081518 0.969299 0.076746 0.058693
0 0.515437 0.605651 0.074875 0.111073
0 0.307217 0.805852 0.074707 0.102661
0 0.541479 0.352563 0.091309 0.133594
0 0.072506 0.589148 0.071824 0.095682
0 0.717635 0.890750 0.073855 0.111906
0 0.290336 0.253779 0.088180 0.088693
0 0.953334 0.500076 0.084926 0.084443
0 0.154047 0.407755 0.070469 0.099271
0 0.326330 0.718599 0.074098 0.101948
0 0.490742 0.964013 0.076578 0.071172
0 0.291635 0.116289 0.072363 0.098672
0 0.342365 0.525237 0.062129 0.113766
0 0.635988 0.383490 0.078430 0.098833
0 0.436572 0.275943 0.087465 0.111167
0 0.259252 0.962393 0.098324 0.075214
0 0.552562 0.964828 0.074102 0.070344
0 0.073896 0.509904 0.089426 0.090120
0 0.353965 0.309880 0.073414 0.081771
0 0.374164 0.381833 0.060867 0.128844
0 0.415779 0.332857 0.075699 0.116578
0 0.079789 0.435615 0.075992 0.084667
0 0.344832 0.970229 0.087320 0.059542
0 0.701715 0.134253 0.073422 0.093130
0 0.503957 0.076062 0.066227 0.110021
0 0.092178 0.354807 0.075957 0.106740
0 0.488561 0.247005 0.095309 0.107437
1 0.845307 0.231005 0.080238 0.115010
0 0.240855 0.090315 0.077664 0.091411
0 0.913799 0.250911 0.079309 0.096323
0 0.207162 0.485719 0.067848 0.082135
0 0.517088 0.720016 0.100473 0.084198
0 0.973805 0.428312 0.052273 0.091865
0 0.152678 0.057216 0.099293 0.083474
0 0.914523 0.712341 0.084703 0.095943
0 0.533957 0.779370 0.080445 0.095552
0 0.778438 0.667500 0.091672 0.102354
1 0.848551 0.518362 0.086437 0.106057
0 0.760209 0.582971 0.066246 0.087276
0 0.049512 0.177172 0.088992 0.109031
1 0.447307 0.061138 0.072418 0.102422
1 0.418473 0.969070 0.077992 0.061859
0 0.819674 0.844526 0.071824 0.115635
0 0.982762 0.032742 0.034477 0.060901
0 0.981004 0.756982 0.037992 0.090578
1 0.394922 0.585062 0.070242 0.107198
0 0.044861 0.811917 0.072832 0.106177
0 0.134660 0.323260 0.089883 0.086656
1 0.804371 0.765378 0.074648 0.097901
1 0.502037 0.515107 0.084199 0.096193
0 0.244426 0.032266 0.090883 0.062469
1 0.606791 0.757320 0.075691 0.098411
0 0.021590 0.562760 0.043180 0.103677
1 0.383549 0.184604 0.076699 0.096906
0 0.024150 0.088799 0.047418 0.098964
0 0.718977 0.978896 0.077516 0.042208
1 0.881400 0.840526 0.080887 0.101385
0 0.750008 0.034469 0.076719 0.068031
1 0.355404 0.037266 0.084113 0.074531
1 0.020822 0.457245 0.041645 0.119469
0 0.244748 0.518391 0.090941 0.102010
0 0.484197 0.396492 0.072566 0.163453
0 0.984371 0.967503 0.031258 0.060474
0 0.452420 0.375076 0.068621 0.124557
0 0.324000 0.078768 0.081453 0.103214
1 0.555672 0.121784 0.072594 0.094151
1 0.848771 0.701917 0.072902 0.097260
0 0.012699 0.680047 0.025398 0.112229
1 0.704453 0.801971 0.097953 0.110370
0 0.990885 0.570932 0.017887 0.096927
0 0.580098 0.020461 0.072211 0.036141
0 0.144189 0.023458 0.097270 0.043937
1 0.144527 0.490539 0.072281 0.083151
0 0.511178 0.014383 0.082980 0.028766
0 0.012570 0.855625 0.024828 0.101844
0 0.016561 0.186698 0.033121 0.119083
0 0.168924 0.987849 0.077191 0.024302
0 0.296154 0.534445 0.060551 0.125641
0 0.360219 0.231646 0.082359 0.099052
0 0.988316 0.646620 0.023367 0.088188
1 0.020799 0.026336 0.041598 0.050932
0 0.641941 0.814060 0.068969 0.118453
0 0.730781 0.773422 0.090875 0.104500
0 0.007943 0.277214 0.015887 0.094906
0 0.298139 0.016901 0.067129 0.031646
