0 0.012723 0.371349 0.025445 0.096750
0 0.498539 0.497622 0.067547 0.097089
0 0.699463 0.964635 0.077113 0.070729
0 0.604428 0.171930 0.092363 0.085286
0 0.026525 0.906500 0.053051 0.135250
0 0.224830 0.101125 0.073168 0.091177
0 0.210184 0.319445 0.068320 0.091297
0 0.395715 0.974406 0.062813 0.051187
0 0.838207 0.851417 0.064047 0.090917
0 0.973936 0.022661 0.052129 0.044677
0 0.984734 0.137922 0.030531 0.093781
0 0.333600 0.012005 0.069410 0.024010
0 0.235627 0.986141 0.070332 0.027719
1 0.785650 0.038716 0.064535 0.076411
0 0.008234 0.585326 0.016469 0.118453
0 0.985332 0.982508 0.029336 0.034984
1 0.287326 0.169318 0.068145 0.100510
0 0.634143 0.015984 0.086074 0.031187
1 0.052471 0.418302 0.070293 0.084177
0 0.086377 0.007740 0.074137 0.015479
0 0.944064 0.683516 0.064918 0.110792
0 0.928750 0.146422 0.085250 0.092698
0 0.797250 0.337977 0.058492 0.129755
0 0.275834 0.039659 0.074988 0.079318
0 0.334695 0.296958 0.076617 0.099844
0 0.191494 0.728544 0.065676 0.123057
0 0.495195 0.326193 0.067344 0.104677
0 0.237768 0.895255 0.078379 0.098260
0 0.109043 0.856906 0.059922 0.083615
0 0.827463 0.443070 0.071309 0.097547
0 0.702904 0.578440 0.070113 0.092974
0 0.914574 0.553221 0.073945 0.110151
0 0.856852 0.711438 0.071937 0.094885
0 0.790482 0.163456 0.068363 0.096599
0 0.205168 0.406042 0.065687 0.091750
0 0.522615 0.862260 0.066941 0.092500
0 0.748393 0.217224 0.079395 0.107167
0 0.403910 0.527568 0.057805 0.096198
0 0.351002 0.514875 0.063980 0.115156
0 0.890951 0.652490 0.068246 0.092563
0 0.009611 0.765727 0.018488 0.103089
0 0.592373 0.237156 0.073832 0.091615
0 0.984053 0.664331 0.031512 0.101286
0 0.190289 0.223122 0.074367 0.112141
0 0.507215 0.024456 0.072523 0.047932
0 0.899312 0.799378 0.079625 0.100443
0 0.179928 0.035398 0.073434 0.070797
0 0.966627 0.760885 0.066746 0.121760
0 0.861834 0.028031 0.074949 0.056063
0 0.456947 0.682544 0.067738 0.098318
0 0.553898 0.945286 0.070781 0.104375
0 0.757588 0.482201 0.064652 0.098443
0 0.719318 0.423445 0.072387 0.117974
0 0.743811 0.324802 0.071387 0.116469
0 0.106215 0.164482 0.068187 0.109036
0 0.848791 0.356372 0.069676 0.094672
0 0.959082 0.847125 0.062117 0.109500
0 0.519457 0.692336 0.068938 0.106464
0 0.687738 0.293453 0.060937 0.092281
0 0.208025 0.494375 0.082082 0.110417
0 0.468182 0.817607 0.069582 0.100995
0 0.502238 0.406664 0.076336 0.095714
0 0.965861 0.591331 0.068277 0.096016
0 0.301639 0.680143 0.072832 0.089995
0 0.630834 0.391638 0.071574 0.099630
0 0.967141 0.243982 0.064742 0.088901
0 0.047547 0.107344 0.076406 0.099948
0 0.659021 0.839302 0.072309 0.115854
0 0.378070 0.384339 0.079023 0.141885
0 0.188746 0.577331 0.074945 0.087578
0 0.267141 0.262964 0.069180 0.094260
0 0.192012 0.948737 0.063750 0.102526
0 0.810072 0.965393 0.063184 0.069214
0 0.382207 0.800013 0.077062 0.105214
0 0.930436 0.065133 0.073645 0.091557
0 0.108104 0.478542 0.074035 0.092667
0 0.557730 0.323779 0.068891 0.094214
0 0.718307 0.824010 0.063504 0.095823
0 0.144020 0.659544 0.069492 0.107630
0 0.944232 0.337924 0.069051 0.083401
0 0.417580 0.615797 0.072590 0.095604
0 0.745205 0.096143 0.073668 0.111714
0 0.917227 0.410086 0.072813 0.093464
0 0.082148 0.666893 0.063172 0.098370
0 0.429473 0.316482 0.063031 0.085526
0 0.955350 0.478562 0.068574 0.098667
0 0.107877 0.363786 0.060809 0.104740
0 0.132605 0.960865 0.067273 0.078271
0 0.992152 0.312130 0.014070 0.092062
1 0.716619 0.691049 0.068730 0.101901
0 0.723711 0.025448 0.063438 0.049896
0 0.077012 0.931961 0.067609 0.093328
0 0.453043 0.235831 0.076516 0.099943
0 0.615881 0.104214 0.063973 0.089729
0 0.626006 0.476526 0.075566 0.095875
0 0.803949 0.540310 0.076523 0.091828
0 0.873180 0.973708 0.068328 0.052583
0 0.161078 0.375664 0.059203 0.119453
0 0.526383 0.604187 0.062500 0.084125
0 0.658627 0.650052 0.064480 0.087000
0 0.902543 0.885758 0.076648 0.096068
0 0.345676 0.207185 0.074141 0.093974
0 0.678584 0.090391 0.073168 0.103219
0 0.350984 0.624534 0.068906 0.108703
0 0.584811 0.768620 0.073051 0.099427
0 0.231350 0.637362 0.069254 0.121672
0 0.284969 0.843914 0.071086 0.080245
0 0.312254 0.766927 0.077547 0.100115
0 0.846074 0.256391 0.075859 0.094448
0 0.606279 0.606635 0.074176 0.082604
0 0.894350 0.207102 0.073879 0.095536
0 0.234754 0.191003 0.060969 0.100328
0 0.615117 0.693888 0.068227 0.103828
0 0.055545 0.325604 0.068559 0.096469
0 0.507080 0.169523 0.072098 0.105172
0 0.590561 0.535685 0.081980 0.101359
0 0.814355 0.627003 0.076250 0.085984
0 0.828656 0.097242 0.072117 0.092943
0 0.566896 0.414398 0.065340 0.102703
0 0.781455 0.815818 0.070262 0.098594
0 0.785352 0.708979 0.068977 0.097729
0 0.631807 0.279583 0.069113 0.119021
0 0.044191 0.196828 0.073641 0.094240
0 0.616361 0.948206 0.067324 0.103589
0 0.468244 0.956862 0.073020 0.086266
0 0.027779 0.690057 0.055184 0.081052
0 0.057875 0.984943 0.050773 0.030115
0 0.050684 0.786013 0.070961 0.097161
0 0.450635 0.135159 0.068777 0.136401
0 0.027576 0.503734 0.055152 0.106510
0 0.986838 0.938172 0.025848 0.110375
0 0.989080 0.404466 0.021559 0.104672
0 0.426395 0.864862 0.068281 0.128505
0 0.126057 0.566419 0.068035 0.093286
0 0.767662 0.902331 0.051402 0.064599
0 0.941697 0.980331 0.075051 0.039339
0 0.154797 0.101828 0.070359 0.091354
