0 0.008128 0.041903 0.014922 0.083806
0 0.006078 0.554384 0.012156 0.146917
0 0.624328 0.014366 0.076563 0.027361
0 0.285938 0.017361 0.086229 0.034407
0 0.987802 0.205213 0.023406 0.124815
0 0.765143 0.038056 0.084234 0.074759
0 0.983880 0.656500 0.032240 0.141667
0 0.207427 0.972574 0.074490 0.054093
0 0.136776 0.036324 0.078823 0.072648
0 0.018555 0.772060 0.037099 0.126250
0 0.572086 0.056917 0.071724 0.113704
0 0.837201 0.413801 0.091005 0.128713
0 0.579055 0.927306 0.075161 0.127111
0 0.336451 0.838306 0.079682 0.129833
0 0.481732 0.349046 0.081391 0.135556
0 0.740708 0.944856 0.080948 0.106528
0 0.345953 0.952519 0.081417 0.094963
0 0.317792 0.607352 0.078250 0.126037
0 0.287974 0.719074 0.076635 0.126907
0 0.389841 0.760171 0.079922 0.143435
0 0.942359 0.729731 0.081656 0.143241
0 0.830479 0.198986 0.082094 0.128694
0 0.718391 0.544106 0.079490 0.132509
0 0.045833 0.951894 0.075823 0.093954
0 0.832357 0.067153 0.088620 0.133361
0 0.384177 0.353602 0.069146 0.127241
0 0.705674 0.414546 0.083609 0.119648
0 0.904203 0.201917 0.076250 0.143444
0 0.363951 0.060065 0.086953 0.119722
0 0.951372 0.103338 0.079859 0.132546
0 0.813435 0.922278 0.086255 0.147537
0 0.216591 0.549713 0.069620 0.126037
0 0.938818 0.416449 0.082146 0.138306
0 0.500096 0.080208 0.077589 0.137231
0 0.529831 0.224940 0.083599 0.153972
0 0.036914 0.424718 0.072495 0.124343
0 0.533049 0.598060 0.084891 0.137583
0 0.632242 0.551694 0.089745 0.144056
0 0.613206 0.417185 0.088557 0.140074
0 0.316753 0.419764 0.082432 0.132861
0 0.090784 0.606523 0.084943 0.152194
0 0.233961 0.423176 0.078557 0.132185
0 0.715224 0.682792 0.082198 0.139583
0 0.647437 0.297074 0.090135 0.121370
0 0.111589 0.471620 0.085479 0.130630
0 0.711659 0.115292 0.083661 0.136972
0 0.212292 0.746569 0.069740 0.129602
0 0.545578 0.729231 0.078458 0.134852
0 0.283492 0.299880 0.081016 0.138296
0 0.448453 0.626356 0.081927 0.135861
0 0.691958 0.814477 0.087552 0.138454
0 0.459943 0.485625 0.080167 0.142954
0 0.066536 0.088903 0.083177 0.136917
0 0.742581 0.300634 0.073089 0.149139
0 0.244102 0.885204 0.080714 0.145889
0 0.296117 0.104130 0.076807 0.130000
0 0.124924 0.859995 0.085349 0.149657
0 0.874940 0.827583 0.084745 0.151741
0 0.869706 0.520560 0.082464 0.134009
0 0.055255 0.216565 0.088979 0.130426
0 0.791172 0.623389 0.085573 0.143796
0 0.194349 0.305806 0.079521 0.134278
0 0.116656 0.335199 0.082437 0.138194
0 0.870320 0.672917 0.080661 0.141759
0 0.145898 0.705759 0.074214 0.128815
0 0.820323 0.309597 0.084583 0.108583
0 0.528719 0.979185 0.085365 0.038630
0 0.374880 0.541227 0.073771 0.128546
4 0.607839 0.171810 0.102958 0.176454
4 0.351578 0.200903 0.083406 0.193546
