0 0.992374 0.695343 0.015253 0.165898
0 0.070225 0.951699 0.079924 0.093769
0 0.018867 0.160870 0.037734 0.160019
0 0.097585 0.024155 0.084846 0.048310
0 0.969613 0.973567 0.060773 0.052153
0 0.986887 0.063597 0.025888 0.123139
0 0.023042 0.050512 0.046083 0.099199
0 0.084836 0.692407 0.079130 0.164157
0 0.716948 0.959975 0.088339 0.076440
0 0.034547 0.709289 0.069094 0.167403
0 0.225171 0.713863 0.076617 0.160375
0 0.182165 0.035340 0.071107 0.069264
0 0.984527 0.203287 0.030945 0.148750
0 0.314337 0.960521 0.082794 0.078384
0 0.617750 0.935961 0.073854 0.128079
0 0.614786 0.438361 0.083078 0.143324
0 0.215449 0.883653 0.077128 0.172380
0 0.801410 0.958583 0.075013 0.082833
0 0.666173 0.037241 0.074727 0.073880
0 0.440328 0.943683 0.075474 0.106282
0 0.665911 0.486919 0.072781 0.112810
0 0.290543 0.053609 0.092409 0.104866
0 0.482384 0.488593 0.075560 0.142130
0 0.055520 0.236785 0.084456 0.124023
0 0.090026 0.833167 0.081120 0.130472
0 0.223250 0.564079 0.092760 0.133694
0 0.958695 0.899454 0.081016 0.115361
0 0.296138 0.505296 0.070484 0.121454
0 0.515725 0.946125 0.074581 0.102407
0 0.527439 0.741627 0.090852 0.146884
0 0.081079 0.131319 0.089461 0.139926
0 0.551737 0.254051 0.083339 0.135028
0 0.166026 0.157062 0.075240 0.148440
0 0.967163 0.456579 0.065674 0.140667
0 0.406857 0.457678 0.083990 0.129588
0 0.468958 0.371363 0.070245 0.121042
0 0.376461 0.315956 0.075823 0.145014
0 0.962043 0.784667 0.074820 0.123778
0 0.158013 0.841609 0.075547 0.145736
0 0.554612 0.388646 0.080052 0.129227
0 0.377208 0.826854 0.085036 0.148301
0 0.285408 0.862410 0.082372 0.145755
0 0.961664 0.590514 0.076672 0.127241
0 0.688430 0.888100 0.088208 0.145153
0 0.466092 0.626648 0.072753 0.122102
0 0.820598 0.066801 0.084148 0.131917
0 0.717402 0.105000 0.074206 0.126639
0 0.370669 0.576986 0.079125 0.130972
0 0.816725 0.736361 0.085352 0.155583
0 0.250704 0.155924 0.082352 0.151644
0 0.366859 0.180704 0.090203 0.134194
0 0.746889 0.431762 0.078326 0.155421
0 0.231810 0.431563 0.090688 0.120579
0 0.707501 0.669863 0.073299 0.130708
0 0.680293 0.378206 0.084732 0.123727
0 0.881339 0.832685 0.083042 0.152593
0 0.817676 0.373600 0.081122 0.156514
0 0.777572 0.579532 0.081789 0.148222
0 0.546023 0.082942 0.092578 0.151699
0 0.251312 0.308153 0.081135 0.127685
0 0.631875 0.753891 0.089568 0.146153
0 0.678559 0.249667 0.090607 0.135537
0 0.770527 0.829949 0.085836 0.158657
0 0.022145 0.955306 0.044289 0.084037
0 0.865882 0.573255 0.079133 0.130519
0 0.473883 0.175546 0.087719 0.159315
1 0.277783 0.690627 0.076747 0.142116
0 0.945622 0.014806 0.078786 0.029611
0 0.089510 0.336069 0.089073 0.144509
0 0.861434 0.983720 0.074831 0.025319
