0 0.851883 0.772396 0.088589 0.149866
0 0.989257 0.737870 0.021487 0.138593
0 0.767464 0.029718 0.072542 0.058167
0 0.321704 0.220579 0.076409 0.186019
0 0.008089 0.500505 0.015599 0.144750
0 0.914973 0.039104 0.077023 0.078208
0 0.591202 0.739937 0.084326 0.138218
0 0.855236 0.365650 0.083966 0.141060
0 0.796872 0.266356 0.086552 0.128324
0 0.273605 0.556148 0.076102 0.149037
0 0.063288 0.750748 0.076643 0.164912
0 0.658458 0.401414 0.076969 0.130736
0 0.480190 0.862347 0.087667 0.138130
0 0.809342 0.692838 0.084258 0.155019
0 0.767312 0.817926 0.079958 0.140472
0 0.576311 0.403315 0.085883 0.148176
0 0.020863 0.376285 0.040773 0.147162
0 0.937148 0.714502 0.086172 0.133977
0 0.569598 0.861991 0.086263 0.125963
0 0.206958 0.558343 0.070130 0.165602
0 0.121984 0.814880 0.081750 0.150046
0 0.441121 0.730475 0.084430 0.162458
0 0.968974 0.120537 0.062052 0.135130
0 0.492126 0.614097 0.071508 0.134778
0 0.070221 0.122106 0.090042 0.163389
0 0.271582 0.953433 0.075935 0.092394
0 0.282388 0.696569 0.086719 0.145861
0 0.919889 0.972058 0.083023 0.051134
0 0.196214 0.026764 0.084109 0.053528
0 0.605411 0.965905 0.090339 0.068190
0 0.251997 0.187565 0.079625 0.155491
0 0.730457 0.360843 0.084284 0.162713
0 0.835255 0.071644 0.078505 0.135111
0 0.619874 0.503801 0.084695 0.134435
0 0.424350 0.939928 0.077898 0.116819
0 0.521169 0.949641 0.079417 0.100718
0 0.368280 0.977407 0.080305 0.041806
0 0.089124 0.971454 0.095940 0.052898
0 0.011385 0.921873 0.021714 0.148662
0 0.950868 0.265502 0.090076 0.152505
0 0.687012 0.066500 0.080612 0.132426
0 0.814924 0.912153 0.089948 0.155694
0 0.633983 0.287185 0.092581 0.146463
0 0.725306 0.930579 0.080201 0.138843
1 0.345990 0.448278 0.076974 0.154296
0 0.013802 0.767618 0.027010 0.147245
0 0.052410 0.900917 0.079591 0.143463
0 0.979629 0.385188 0.040742 0.145199
0 0.321243 0.804586 0.082367 0.148708
0 0.122061 0.184016 0.083247 0.146755
0 0.540313 0.287035 0.084818 0.134097
0 0.937417 0.875708 0.087776 0.151389
0 0.025383 0.627884 0.050766 0.150500
0 0.459139 0.309292 0.079315 0.138102
0 0.211595 0.761782 0.085602 0.153648
0 0.016839 0.177317 0.033354 0.145764
0 0.042090 0.266729 0.083815 0.149153
0 0.287332 0.373650 0.084247 0.160375
0 0.658354 0.902593 0.079922 0.152093
0 0.510457 0.468472 0.074180 0.134065
0 0.449135 0.178465 0.078365 0.143625
0 0.018021 0.058259 0.035318 0.112704
0 0.381635 0.216516 0.073432 0.150199
0 0.075443 0.028491 0.073042 0.056981
0 0.924872 0.423650 0.081427 0.147569
0 0.850987 0.953861 0.098542 0.092278
0 0.236418 0.443380 0.070721 0.131315
0 0.377467 0.070465 0.083227 0.140931
0 0.765513 0.144199 0.082302 0.145722
0 0.600892 0.193940 0.077529 0.142250
0 0.535400 0.149137 0.093565 0.164329
0 0.561167 0.602574 0.076307 0.167815
0 0.976159 0.029711 0.044823 0.059421
