0 0.219094 0.009065 0.062714 0.018130
0 0.365535 0.100701 0.098961 0.158958
0 0.007585 0.797396 0.015143 0.108736
0 0.968885 0.099690 0.060276 0.129657
0 0.373340 0.020882 0.091492 0.041375
0 0.747366 0.929771 0.091070 0.131412
0 0.023185 0.213875 0.046370 0.156176
0 0.983327 0.791160 0.033346 0.168671
4 0.161872 0.313720 0.091510 0.125995
0 0.459245 0.015549 0.094432 0.030986
0 0.195391 0.105097 0.072021 0.122037
0 0.979283 0.138780 0.041201 0.145125
0 0.323609 0.080546 0.098198 0.120000
0 0.305608 0.017727 0.070305 0.034759
0 0.356535 0.334715 0.120857 0.110134
0 0.015310 0.440072 0.030620 0.152477
0 0.378620 0.385722 0.089401 0.110472
0 0.273270 0.227206 0.068143 0.080551
0 0.811715 0.925269 0.086372 0.103602
0 0.311594 0.458822 0.101073 0.108218
0 0.813749 0.775530 0.082023 0.187403
0 0.599477 0.379250 0.105000 0.146074
0 0.449439 0.445016 0.073862 0.161921
0 0.831905 0.025317 0.081211 0.050634
0 0.307285 0.178806 0.108107 0.117769
0 0.571005 0.127060 0.106797 0.107269
0 0.241161 0.082947 0.091245 0.120125
0 0.390378 0.539588 0.102698 0.115167
0 0.275504 0.532148 0.085456 0.108417
0 0.034850 0.347062 0.069284 0.113681
0 0.091389 0.967410 0.062987 0.064579
0 0.173763 0.202762 0.060464 0.104153
0 0.337556 0.944194 0.108487 0.111611
0 0.313068 0.692921 0.091208 0.110722
0 0.350402 0.237391 0.097081 0.130329
0 0.625302 0.721275 0.069411 0.172023
0 0.594483 0.882771 0.078310 0.146023
0 0.889582 0.849556 0.086378 0.087815
0 0.225389 0.280951 0.076503 0.109977
0 0.926618 0.066998 0.093753 0.133995
0 0.029232 0.562870 0.058464 0.126889
0 0.172109 0.418738 0.080964 0.114356
0 0.398046 0.822426 0.077977 0.164481
0 0.046535 0.285243 0.077513 0.122394
0 0.875997 0.961539 0.079901 0.075542
0 0.475197 0.960493 0.083617 0.077023
0 0.108279 0.866690 0.076677 0.133417
0 0.572314 0.203944 0.097664 0.124426
0 0.244509 0.613769 0.087628 0.115648
0 0.318245 0.792889 0.098661 0.131111
0 0.462241 0.866537 0.069341 0.149333
0 0.353876 0.863678 0.083049 0.110273
0 0.980751 0.940542 0.038102 0.115306
0 0.614618 0.259262 0.093497 0.119144
0 0.414783 0.251769 0.074081 0.129231
0 0.750003 0.040762 0.076427 0.081181
0 0.653617 0.169144 0.080766 0.177639
0 0.416431 0.116109 0.083018 0.172273
0 0.359991 0.625863 0.099107 0.135505
0 0.591512 0.601120 0.093659 0.118731
0 0.566753 0.049252 0.074344 0.096532
0 0.527555 0.303194 0.093359 0.115611
0 0.644630 0.535801 0.101344 0.144694
0 0.637461 0.047280 0.079786 0.093727
0 0.205004 0.921229 0.073169 0.135051
0 0.513007 0.831245 0.079628 0.124065
0 0.518893 0.403454 0.089547 0.115278
0 0.039033 0.911931 0.078065 0.131722
0 0.967940 0.366727 0.063781 0.143111
0 0.629013 0.420634 0.096615 0.144083
0 0.442333 0.617204 0.073068 0.132296
0 0.554421 0.941301 0.082742 0.117398
0 0.504255 0.620153 0.071620 0.123852
0 0.072126 0.737877 0.078607 0.145162
0 0.559648 0.754634 0.085432 0.144769
0 0.485095 0.099546 0.072695 0.165407
0 0.241887 0.771366 0.082789 0.137361
0 0.697944 0.137683 0.072044 0.128014
0 0.513759 0.506412 0.092305 0.126463
0 0.451919 0.735456 0.080245 0.122495
0 0.952044 0.228116 0.082370 0.150935
0 0.754659 0.818600 0.081333 0.130986
0 0.929099 0.934049 0.086443 0.129338
0 0.665189 0.897463 0.081326 0.141574
0 0.671762 0.767991 0.081607 0.133370
0 0.811736 0.580433 0.078924 0.125449
0 0.703224 0.653806 0.076328 0.135231
0 0.856207 0.327535 0.077117 0.147986
0 0.730819 0.524620 0.079372 0.142917
0 0.835217 0.469852 0.078018 0.138667
0 0.868417 0.737924 0.072354 0.133523
