0 0.302983 0.955657 0.109086 0.087269
0 0.023943 0.771074 0.047193 0.148222
0 0.626659 0.017975 0.081182 0.035227
0 0.285730 0.026308 0.084102 0.050569
0 0.406628 0.975454 0.087688 0.048852
0 0.961033 0.975553 0.077935 0.047477
0 0.032469 0.079479 0.064938 0.138699
0 0.019331 0.920407 0.038240 0.158194
0 0.019802 0.335076 0.039443 0.158264
0 0.825137 0.826391 0.075737 0.137662
0 0.105346 0.945847 0.101031 0.106102
0 0.287156 0.836847 0.079135 0.132130
0 0.366978 0.866090 0.079914 0.132134
0 0.049436 0.465729 0.085586 0.167968
0 0.204307 0.508403 0.086995 0.155065
0 0.212932 0.908769 0.084177 0.143194
0 0.227340 0.647667 0.086794 0.127509
0 0.968608 0.485111 0.062716 0.136935
0 0.637370 0.686394 0.092760 0.181602
0 0.411010 0.459231 0.083870 0.155074
0 0.739405 0.640947 0.091352 0.159060
0 0.175392 0.137514 0.099049 0.174556
0 0.889605 0.029310 0.090331 0.058259
0 0.845393 0.313458 0.098870 0.174870
0 0.811236 0.541178 0.095669 0.159421
0 0.967452 0.802662 0.064904 0.168009
0 0.801642 0.886579 0.097539 0.152769
0 0.128255 0.832799 0.075917 0.142079
0 0.476135 0.495139 0.072906 0.167602
0 0.546172 0.531005 0.103464 0.146852
0 0.646789 0.376083 0.081708 0.160046
0 0.459130 0.883715 0.104411 0.145699
0 0.525878 0.204058 0.085276 0.136486
0 0.595068 0.959644 0.087682 0.079306
0 0.266049 0.248488 0.090740 0.163884
0 0.908672 0.838748 0.080109 0.160505
0 0.735326 0.950366 0.082932 0.098630
0 0.122435 0.556171 0.086740 0.195074
0 0.514565 0.921604 0.086083 0.138051
0 0.559766 0.074252 0.095687 0.148255
0 0.603647 0.853127 0.089461 0.151736
0 0.347152 0.383600 0.079581 0.135403
0 0.485596 0.253880 0.088823 0.160185
0 0.963525 0.084491 0.072883 0.129907
0 0.394832 0.672576 0.091008 0.177532
0 0.696790 0.503243 0.092576 0.137356
0 0.462260 0.672324 0.086651 0.166519
0 0.473336 0.084130 0.085385 0.148759
0 0.311845 0.632125 0.078315 0.142704
0 0.564624 0.374535 0.081893 0.160199
0 0.954232 0.315778 0.088469 0.159444
0 0.183902 0.292852 0.086773 0.158250
0 0.548770 0.709562 0.088940 0.168949
0 0.995158 0.178588 0.009523 0.131722
0 0.005586 0.640412 0.011172 0.148778
0 0.993288 0.597961 0.013424 0.156125
0 0.021417 0.028377 0.042833 0.056755
0 0.993940 0.938192 0.012120 0.123616
0 0.012251 0.145799 0.024503 0.153264
0 0.807730 0.023363 0.071086 0.046384
