0 0.165096 0.501926 0.088745 0.160722
0 0.411914 0.849037 0.095026 0.155278
0 0.431711 0.672088 0.094328 0.148750
0 0.272451 0.447000 0.106547 0.150278
0 0.870182 0.382185 0.095292 0.152167
0 0.561107 0.872574 0.092453 0.145148
0 0.333148 0.742449 0.082714 0.142028
0 0.413328 0.317486 0.089417 0.148491
0 0.487154 0.825843 0.078234 0.163093
0 0.560542 0.488250 0.085812 0.134630
0 0.091117 0.691301 0.082172 0.153602
0 0.288076 0.583597 0.085776 0.158398
0 0.513667 0.657231 0.086677 0.149630
0 0.594310 0.223042 0.096891 0.155287
0 0.133904 0.291843 0.085286 0.167093
0 0.206695 0.356042 0.087339 0.137917
0 0.076677 0.172546 0.084510 0.155444
0 0.446130 0.438255 0.089573 0.153213
0 0.742177 0.779306 0.086792 0.146685
0 0.647391 0.863102 0.095927 0.138759
0 0.592089 0.749574 0.090948 0.150241
0 0.675273 0.736625 0.087797 0.143139
0 0.730500 0.505153 0.090094 0.146602
0 0.182979 0.750208 0.091937 0.151509
0 0.251896 0.936287 0.080115 0.124370
0 0.890029 0.777329 0.083505 0.168176
0 0.189961 0.177750 0.082651 0.138537
0 0.665141 0.293667 0.095833 0.144833
0 0.515341 0.265787 0.089953 0.168111
0 0.233271 0.718250 0.083500 0.141593
0 0.062440 0.512907 0.087693 0.150426
0 0.820932 0.843116 0.069823 0.151509
0 0.312289 0.873532 0.079641 0.167824
0 0.508469 0.091222 0.087760 0.172352
0 0.033279 0.069546 0.065401 0.139093
0 0.941070 0.668505 0.093495 0.163657
0 0.457016 0.173083 0.088219 0.149778
0 0.074898 0.913231 0.088891 0.166648
0 0.397177 0.542157 0.090875 0.148907
0 0.705516 0.154940 0.090104 0.158713
0 0.776177 0.195213 0.089740 0.180037
0 0.280083 0.305593 0.087292 0.141185
0 0.031214 0.415435 0.062427 0.147315
0 0.570279 0.370120 0.096609 0.143685
0 0.338128 0.151486 0.087547 0.144713
0 0.629992 0.410792 0.091193 0.141028
0 0.275826 0.222269 0.081953 0.121352
0 0.920438 0.515593 0.094708 0.177593
0 0.708755 0.389245 0.088802 0.144157
0 0.872141 0.935000 0.087771 0.130000
0 0.063049 0.321833 0.084120 0.149537
0 0.411164 0.069171 0.095724 0.137602
0 0.786365 0.589181 0.093552 0.151435
0 0.030521 0.804995 0.061042 0.172787
0 0.181557 0.925153 0.084917 0.149694
0 0.969964 0.071528 0.060052 0.140463
0 0.948120 0.278625 0.088635 0.146157
0 0.912812 0.158315 0.087385 0.155630
0 0.245224 0.110190 0.082135 0.136824
0 0.139318 0.888838 0.075687 0.127528
0 0.943940 0.957898 0.096578 0.084204
0 0.609664 0.664056 0.106203 0.106852
0 0.026508 0.926606 0.053016 0.146787
0 0.514807 0.951958 0.091792 0.093583
0 0.837008 0.124083 0.079036 0.157963
0 0.975893 0.450981 0.046078 0.156944
0 0.624727 0.548171 0.071651 0.172509
0 0.800068 0.948755 0.093125 0.101991
0 0.540930 0.027213 0.096974 0.054426
0 0.751862 0.536718 0.103453 0.162398
0 0.346654 0.976949 0.105172 0.045657
0 0.992896 0.670597 0.013292 0.138250
0 0.993693 0.217069 0.012604 0.135250
0 0.984443 0.860958 0.027510 0.158806
3 0.676099 0.597199 0.070792 0.120565
0 0.879299 0.037227 0.084464 0.072435
0 0.360151 0.036097 0.085625 0.069843
0 0.280669 0.031583 0.090526 0.062500
0 0.021518 0.595569 0.041901 0.126435
0 0.686247 0.934120 0.091828 0.128870
0 0.970513 0.794000 0.058464 0.155593
0 0.700943 0.057181 0.099333 0.114361
