0 0.906435 0.061218 0.088443 0.121370
0 0.959786 0.945431 0.079958 0.106463
0 0.361285 0.945104 0.080148 0.108921
0 0.618495 0.325688 0.074724 0.140468
0 0.570971 0.107345 0.082969 0.161819
0 0.966346 0.268579 0.067307 0.157083
0 0.287858 0.040299 0.084159 0.079838
0 0.774974 0.808854 0.077313 0.131755
0 0.306355 0.778083 0.081799 0.156037
0 0.231605 0.714685 0.078805 0.149093
0 0.369764 0.526248 0.080310 0.145106
0 0.947237 0.141993 0.082656 0.137134
0 0.511427 0.194863 0.084359 0.137736
0 0.389579 0.357972 0.088487 0.165676
0 0.809954 0.925273 0.075586 0.137778
0 0.504793 0.802653 0.071513 0.152093
0 0.794668 0.250315 0.079284 0.146630
0 0.510061 0.428630 0.077768 0.141315
0 0.812995 0.565109 0.094234 0.144190
0 0.871556 0.833697 0.089435 0.146162
0 0.567467 0.695725 0.084466 0.151171
0 0.093799 0.412812 0.086964 0.150060
0 0.168938 0.086375 0.085458 0.157111
0 0.409066 0.845961 0.081398 0.154394
0 0.514645 0.591799 0.082711 0.149245
0 0.393141 0.112463 0.078307 0.148278
0 0.544745 0.344229 0.080302 0.152616
0 0.957070 0.535271 0.082094 0.157079
0 0.052478 0.760660 0.078919 0.165662
0 0.240401 0.545278 0.085406 0.154981
0 0.735655 0.504752 0.081044 0.132755
0 0.031273 0.255644 0.062547 0.163028
0 0.771967 0.379817 0.082930 0.141190
0 0.962307 0.688093 0.075260 0.151333
0 0.760725 0.671333 0.080904 0.143833
0 0.232056 0.383544 0.084456 0.166505
0 0.296234 0.160697 0.086927 0.159273
0 0.107607 0.262150 0.088005 0.152505
0 0.214531 0.209484 0.078906 0.175681
0 0.894264 0.453877 0.083513 0.146782
0 0.995471 0.498579 0.008958 0.140963
0 0.007184 0.790699 0.014367 0.128963
0 0.994034 0.837035 0.011813 0.147847
0 0.641749 0.013880 0.074560 0.027759
1 0.167214 0.965882 0.070411 0.068236
1 0.834836 0.041025 0.074755 0.080319
0 0.867143 0.964282 0.094687 0.070491
0 0.013053 0.132968 0.026096 0.151667
0 0.730404 0.085729 0.070380 0.171153
1 0.734842 0.916868 0.075721 0.132625
0 0.016225 0.641692 0.032451 0.141856
1 0.503040 0.943706 0.076487 0.110616
0 0.036232 0.937880 0.072464 0.124241
1 0.049974 0.073447 0.070312 0.142106
0 0.126453 0.028764 0.074365 0.057102
1 0.871184 0.320852 0.088383 0.137722
1 0.102038 0.669356 0.082586 0.146231
0 0.978893 0.385456 0.042188 0.135662
1 0.444307 0.520125 0.074573 0.144676
1 0.835081 0.705532 0.075318 0.132444
1 0.469099 0.073722 0.080047 0.145565
1 0.649638 0.456854 0.078130 0.152106
0 0.106577 0.907213 0.066352 0.119065
0 0.228970 0.951481 0.077242 0.097037
0 0.707120 0.171718 0.078099 0.222981
0 0.222277 0.882194 0.091549 0.125870
0 0.857076 0.184400 0.080521 0.151542
0 0.631504 0.116875 0.075263 0.144083
0 0.577770 0.895687 0.089081 0.174042
0 0.634924 0.950206 0.081734 0.098560
