0 0.241750 0.638025 0.071594 0.123856
0 0.154845 0.684956 0.075034 0.130190
0 0.836169 0.251164 0.070922 0.116866
0 0.980046 0.692197 0.039909 0.117403
0 0.859021 0.364280 0.070984 0.115005
0 0.777638 0.470681 0.063641 0.106278
0 0.888007 0.682718 0.070951 0.104991
0 0.779723 0.347609 0.074977 0.122236
0 0.196643 0.948597 0.065625 0.099833
0 0.491335 0.921757 0.075081 0.123560
0 0.512604 0.786907 0.068885 0.113611
0 0.502504 0.344634 0.065310 0.108102
0 0.685807 0.173255 0.074745 0.128352
0 0.375910 0.434697 0.060982 0.106264
0 0.388892 0.954944 0.066461 0.089185
0 0.174583 0.554310 0.066432 0.117852
0 0.717451 0.428178 0.062818 0.100486
0 0.414077 0.255565 0.070503 0.126491
0 0.236672 0.468208 0.074047 0.121787
0 0.066370 0.636428 0.069958 0.118912
0 0.916297 0.959192 0.073974 0.080032
0 0.976793 0.580778 0.046414 0.107065
0 0.029551 0.753616 0.059102 0.118231
0 0.097939 0.213620 0.072706 0.122787
0 0.565464 0.946512 0.070828 0.104088
0 0.434990 0.846815 0.069198 0.125667
0 0.271288 0.091618 0.071419 0.125134
0 0.365016 0.546639 0.077062 0.121519
0 0.284846 0.354241 0.074875 0.123157
0 0.678372 0.837569 0.070755 0.124944
0 0.303576 0.888097 0.071339 0.110907
0 0.902954 0.150669 0.069607 0.109755
0 0.858120 0.588148 0.072365 0.108963
0 0.389581 0.044530 0.066714 0.087653
0 0.313247 0.632164 0.065714 0.117273
0 0.924753 0.816907 0.059854 0.112704
0 0.934796 0.385428 0.075133 0.127069
0 0.865872 0.080722 0.067948 0.110944
0 0.418634 0.387822 0.068133 0.118708
0 0.736237 0.568424 0.066240 0.117505
0 0.798542 0.133306 0.076281 0.115954
0 0.083139 0.950438 0.067799 0.097375
0 0.744837 0.905891 0.072497 0.116384
0 0.098992 0.520229 0.066922 0.113125
0 0.564892 0.519975 0.070201 0.115764
0 0.477477 0.052884 0.080141 0.105250
0 0.471211 0.689924 0.065635 0.112125
0 0.851876 0.477731 0.068018 0.112722
0 0.327531 0.766479 0.073031 0.124069
0 0.691363 0.671824 0.070227 0.115667
0 0.596740 0.440544 0.072630 0.119708
0 0.858790 0.912806 0.073216 0.124824
0 0.750039 0.788100 0.072656 0.117662
0 0.941279 0.241287 0.067755 0.112102
0 0.471684 0.451176 0.068836 0.113389
0 0.402712 0.136025 0.070164 0.107597
0 0.760749 0.231757 0.073201 0.120032
0 0.772716 0.675785 0.073365 0.117495
0 0.691341 0.331199 0.059885 0.120259
0 0.805340 0.978164 0.082831 0.041208
0 0.065060 0.099782 0.077234 0.124028
0 0.261714 0.977720 0.069542 0.044560
0 0.958449 0.019588 0.071784 0.037963
0 0.982470 0.106377 0.034961 0.126606
0 0.630734 0.023069 0.079833 0.046139
0 0.889659 0.019368 0.078198 0.037440
0 0.706978 0.982528 0.076747 0.032019
0 0.186760 0.025734 0.069927 0.051468
0 0.026882 0.169611 0.053763 0.120630
0 0.120201 0.040169 0.061307 0.076542
0 0.096507 0.400900 0.065789 0.113903
0 0.593363 0.834081 0.062409 0.106282
0 0.365589 0.859590 0.058245 0.100653
0 0.034181 0.035134 0.058331 0.070269
0 0.007757 0.022486 0.015513 0.044972
0 0.559053 0.262914 0.076466 0.107625
0 0.315638 0.453000 0.064828 0.106676
0 0.983599 0.865100 0.032411 0.131116
0 0.024427 0.904313 0.048786 0.108894
0 0.196585 0.113583 0.070503 0.113380
0 0.031027 0.278218 0.061633 0.098917
0 0.004451 0.086544 0.008901 0.102384
0 0.988579 0.978627 0.022841 0.042227
0 0.327103 0.988169 0.070003 0.020625
0 0.642750 0.964299 0.063969 0.069449
0 0.164695 0.417734 0.064698 0.112856
0 0.992495 0.253000 0.015010 0.119935
0 0.156857 0.282542 0.077203 0.127954
0 0.584418 0.057831 0.070393 0.105644
0 0.854727 0.782565 0.067427 0.105991
0 0.795388 0.034854 0.075359 0.069708
0 0.230464 0.233903 0.074833 0.137463
0 0.024944 0.381699 0.049888 0.114713
0 0.992621 0.408639 0.014758 0.116074
0 0.577777 0.166361 0.090664 0.113815
0 0.358685 0.275773 0.068411 0.115074
0 0.335289 0.116505 0.062839 0.118157
0 0.141888 0.863157 0.063411 0.102296
0 0.952780 0.498449 0.072539 0.108519
0 0.653865 0.568183 0.063349 0.102208
0 0.005810 0.655562 0.011422 0.127625
0 0.090583 0.792785 0.066599 0.118579
