0 0.987353 0.412759 0.025294 0.137806
0 0.623701 0.978481 0.090589 0.042028
0 0.511414 0.030539 0.085708 0.061079
0 0.013464 0.058243 0.026927 0.116486
0 0.961848 0.261278 0.076112 0.129361
0 0.089762 0.964241 0.080711 0.070389
0 0.025345 0.956546 0.050591 0.084972
0 0.015281 0.441303 0.030562 0.135653
0 0.228982 0.050664 0.083083 0.101106
0 0.075964 0.319780 0.084828 0.144505
0 0.934243 0.626678 0.086289 0.138088
0 0.828868 0.063451 0.085070 0.126903
0 0.108044 0.604796 0.080667 0.158954
0 0.789405 0.511447 0.078299 0.132190
0 0.684073 0.581528 0.083349 0.160426
0 0.231621 0.951185 0.077945 0.097296
0 0.595326 0.070484 0.080708 0.140968
0 0.682160 0.053683 0.086206 0.106394
0 0.547500 0.109014 0.083651 0.142472
0 0.562809 0.687389 0.084456 0.156130
0 0.307361 0.054956 0.077904 0.109671
0 0.561053 0.343736 0.080320 0.147926
0 0.969904 0.721780 0.060193 0.134236
0 0.040889 0.676727 0.079185 0.139213
0 0.091799 0.110111 0.091229 0.155796
0 0.049329 0.191530 0.088018 0.139171
0 0.151082 0.909708 0.079378 0.135981
0 0.491138 0.399898 0.074109 0.133824
0 0.304254 0.492137 0.079372 0.132014
0 0.885895 0.209123 0.092758 0.159282
0 0.439591 0.919470 0.077521 0.139755
0 0.317233 0.931870 0.078638 0.135315
0 0.761001 0.573690 0.075753 0.132083
0 0.761395 0.351954 0.082190 0.135463
0 0.336982 0.622572 0.084359 0.154866
0 0.061875 0.504590 0.080344 0.148218
0 0.961841 0.511498 0.076318 0.142264
0 0.590099 0.228817 0.098495 0.161495
0 0.319755 0.252368 0.077073 0.136273
0 0.699083 0.179725 0.083781 0.150616
0 0.890621 0.941438 0.073617 0.115995
0 0.186086 0.774718 0.076880 0.125380
0 0.224055 0.463558 0.082266 0.143931
0 0.255561 0.621308 0.082685 0.152819
0 0.394789 0.210711 0.082042 0.153319
0 0.928746 0.082340 0.080352 0.126347
0 0.389951 0.072102 0.077094 0.130287
0 0.244797 0.322546 0.081297 0.140731
0 0.880573 0.022255 0.084510 0.044509
0 0.994303 0.867519 0.011008 0.123824
0 0.060212 0.016086 0.084070 0.032171
0 0.499698 0.531995 0.081505 0.142093
0 0.991902 0.096231 0.016195 0.144241
0 0.966516 0.023039 0.066969 0.046079
0 0.717734 0.911954 0.079953 0.140435
0 0.335013 0.374104 0.078990 0.132282
0 0.641186 0.887813 0.080586 0.144421
0 0.110711 0.788023 0.077276 0.129778
0 0.445124 0.306699 0.084638 0.138898
0 0.798199 0.847350 0.081195 0.149255
0 0.947027 0.862641 0.080242 0.135653
0 0.873490 0.791662 0.085786 0.153565
0 0.360971 0.804539 0.085823 0.138440
0 0.419934 0.689060 0.084247 0.139806
0 0.460552 0.136486 0.082719 0.142481
0 0.789582 0.173565 0.090211 0.138565
0 0.727512 0.760826 0.083888 0.151782
0 0.848065 0.644843 0.082958 0.155602
0 0.171523 0.098701 0.071271 0.128782
0 0.860773 0.462863 0.086750 0.154986
0 0.260374 0.165843 0.083836 0.139500
0 0.025497 0.817623 0.050568 0.134468
0 0.651677 0.703403 0.076698 0.136519
0 0.480466 0.790056 0.082911 0.150250
0 0.113560 0.395021 0.090521 0.146523
