0 0.009973 0.622156 0.018352 0.097469
0 0.437861 0.286648 0.080621 0.089547
0 0.351287 0.636529 0.065402 0.085068
0 0.557744 0.349224 0.072035 0.093542
0 0.038855 0.582771 0.070391 0.091448
0 0.164930 0.184307 0.091195 0.101010
0 0.131072 0.626383 0.088988 0.101151
0 0.326770 0.322690 0.081969 0.103891
0 0.565492 0.660359 0.075875 0.116667
0 0.847857 0.245471 0.077012 0.100891
0 0.341127 0.831427 0.087754 0.091250
0 0.082750 0.804156 0.061922 0.079969
0 0.706516 0.459516 0.078500 0.113510
0 0.045365 0.692112 0.078473 0.092380
0 0.871334 0.189862 0.069754 0.091589
0 0.421217 0.407388 0.080621 0.107828
0 0.805223 0.328695 0.083758 0.087401
0 0.548549 0.177479 0.074262 0.110083
0 0.055828 0.111484 0.086203 0.086281
0 0.630664 0.836583 0.087453 0.128437
0 0.955217 0.204156 0.068387 0.086104
0 0.754342 0.045237 0.078934 0.088891
0 0.754467 0.390021 0.066715 0.089937
0 0.053523 0.377339 0.075031 0.088094
0 0.558770 0.803187 0.067750 0.077583
0 0.867443 0.387940 0.072348 0.105141
0 0.707832 0.376307 0.073703 0.088698
0 0.830857 0.038164 0.080863 0.074495
0 0.260287 0.904443 0.073746 0.092042
0 0.131789 0.912497 0.081781 0.107182
0 0.171289 0.679703 0.074109 0.101479
0 0.870738 0.596388 0.080961 0.104526
0 0.975191 0.289779 0.049617 0.094328
0 0.062871 0.880891 0.069930 0.102708
0 0.517307 0.037000 0.080746 0.074000
0 0.704266 0.104141 0.073547 0.086438
0 0.020814 0.763409 0.041629 0.089849
0 0.961500 0.703708 0.077000 0.100958
0 0.818914 0.922932 0.070734 0.106906
0 0.205605 0.274948 0.077156 0.102594
0 0.281322 0.131883 0.066223 0.083818
0 0.593672 0.364182 0.072570 0.091521
0 0.969785 0.127375 0.060227 0.098292
0 0.978238 0.623568 0.043523 0.080604
0 0.299637 0.647995 0.075789 0.086323
0 0.210869 0.507786 0.062363 0.096469
0 0.035670 0.955742 0.069879 0.087391
0 0.100658 0.510292 0.063324 0.086552
0 0.782355 0.970143 0.079070 0.058922
0 0.488900 0.535143 0.071066 0.084682
0 0.358861 0.464641 0.082605 0.105271
0 0.660344 0.098214 0.068031 0.078833
0 0.668541 0.181852 0.093074 0.101016
0 0.134025 0.381219 0.067246 0.093583
0 0.607072 0.497581 0.070223 0.090359
0 0.222686 0.361724 0.085387 0.095073
0 0.789588 0.677151 0.067527 0.096844
0 0.287602 0.417060 0.075391 0.105974
0 0.397176 0.860555 0.074711 0.099745
0 0.950279 0.573036 0.071098 0.095333
0 0.096100 0.306719 0.069762 0.098031
0 0.221691 0.754984 0.075117 0.093698
0 0.854201 0.843448 0.070621 0.097292
0 0.779463 0.766711 0.076348 0.093151
0 0.529580 0.572760 0.070621 0.088208
0 0.646645 0.290117 0.074492 0.097984
0 0.545863 0.257487 0.076031 0.093349
0 0.378033 0.540956 0.074629 0.089078
0 0.082488 0.444995 0.070008 0.097240
0 0.283852 0.837734 0.069211 0.081438
0 0.922799 0.866987 0.076660 0.100661
0 0.633604 0.711643 0.078801 0.095984
0 0.709187 0.272430 0.062773 0.084703
0 0.827246 0.556966 0.078125 0.101411
0 0.878828 0.928445 0.067852 0.085401
0 0.647578 0.040492 0.079711 0.080984
0 0.472045 0.356352 0.081918 0.091495
0 0.679512 0.558938 0.076406 0.107604
0 0.766727 0.462383 0.066195 0.089911
0 0.237750 0.199714 0.078875 0.088969
0 0.270887 0.520651 0.065617 0.090406
0 0.051053 0.179706 0.068863 0.088766
0 0.925502 0.646401 0.063168 0.072198
0 0.557783 0.880971 0.081082 0.110745
0 0.105482 0.565815 0.062434 0.087297
0 0.971096 0.361487 0.057809 0.092641
0 0.974289 0.888055 0.051422 0.102349
0 0.417697 0.589125 0.081832 0.102010
0 0.600256 0.949081 0.065332 0.091411
0 0.811566 0.139445 0.070313 0.089786
0 0.467824 0.449279 0.065961 0.085839
0 0.761816 0.130951 0.081695 0.117474
0 0.799072 0.227984 0.080184 0.082500
0 0.850695 0.751365 0.080703 0.106115
0 0.858170 0.978211 0.067035 0.043484
0 0.250676 0.696594 0.070266 0.082844
0 0.442807 0.931195 0.084535 0.120286
0 0.575479 0.075867 0.081387 0.099714
0 0.452971 0.602531 0.072910 0.091292
0 0.941408 0.949810 0.088520 0.100380
0 0.831789 0.110229 0.072680 0.104188
0 0.091848 0.219182 0.070297 0.089219
0 0.916367 0.450930 0.073461 0.079609
0 0.819510 0.471336 0.072418 0.086474
0 0.641418 0.453753 0.070992 0.080641
0 0.744762 0.669294 0.077102 0.092036
0 0.489303 0.866766 0.073520 0.103229
0 0.602129 0.602482 0.082367 0.110922
0 0.011992 0.146036 0.023445 0.081167
0 0.912920 0.095318 0.086957 0.106156
0 0.366559 0.709484 0.077148 0.090115
0 0.775678 0.294331 0.067762 0.092109
0 0.543625 0.970669 0.071242 0.057568
0 0.180654 0.443604 0.069340 0.093854
0 0.168477 0.307898 0.068906 0.084599
0 0.475549 0.220742 0.075637 0.091057
0 0.039461 0.255125 0.071477 0.098510
0 0.986500 0.546375 0.027000 0.087312
0 0.099932 0.018237 0.074621 0.036474
0 0.903006 0.712781 0.076785 0.093594
0 0.675811 0.894659 0.080457 0.093026
0 0.441387 0.022661 0.072359 0.045323
0 0.952691 0.773305 0.082711 0.085651
0 0.514602 0.478391 0.071055 0.106375
0 0.236285 0.596568 0.097430 0.123031
0 0.920207 0.380680 0.062969 0.082130
0 0.039021 0.037268 0.063605 0.072172
0 0.144383 0.252469 0.070414 0.080729
0 0.640879 0.568133 0.063172 0.080286
0 0.748738 0.874573 0.065914 0.101187
0 0.245805 0.967620 0.068531 0.064760
0 0.724330 0.017216 0.080293 0.033620
0 0.163977 0.493721 0.080352 0.100776
0 0.714875 0.956211 0.083922 0.081839
0 0.687475 0.647008 0.079949 0.083224
0 0.013227 0.524424 0.024867 0.091193
0 0.904611 0.304195 0.083191 0.103630
0 0.489543 0.979096 0.082594 0.041807
0 0.228416 0.831000 0.076012 0.085104
0 0.420326 0.080305 0.069316 0.106828
0 0.726076 0.172404 0.069340 0.086401
0 0.456451 0.708898 0.105082 0.123682
0 0.021258 0.354445 0.042023 0.103349
0 0.443699 0.800328 0.078555 0.092948
0 0.950129 0.023659 0.075406 0.047318
0 0.637566 0.389185 0.089102 0.106068
0 0.352885 0.110023 0.091832 0.116120
0 0.924328 0.163716 0.069969 0.086589
0 0.688633 0.978638 0.080711 0.042724
0 0.709621 0.761378 0.070586 0.101474
0 0.198258 0.897685 0.076078 0.117859
0 0.119771 0.713875 0.091355 0.105615
0 0.039148 0.497508 0.070711 0.092276
0 0.917852 0.779466 0.069953 0.082703
0 0.022787 0.024508 0.045152 0.047172
0 0.942396 0.989258 0.085137 0.021484
0 0.511514 0.797044 0.067418 0.078266
0 0.702541 0.801229 0.081730 0.102500
0 0.373473 0.331763 0.070312 0.126453
0 0.529539 0.737115 0.064570 0.067354
0 0.216187 0.011656 0.101156 0.023312
0 0.988443 0.955089 0.022301 0.086083
0 0.390010 0.017151 0.070941 0.033656
0 0.991889 0.811685 0.016223 0.102474
0 0.388180 0.973734 0.064320 0.050083
0 0.609229 0.094419 0.060949 0.084797
0 0.448656 0.526737 0.051156 0.068776
0 0.340055 0.990081 0.077883 0.019839
0 0.988936 0.076901 0.020379 0.089365
0 0.007988 0.047802 0.015484 0.084031
0 0.976555 0.030992 0.046641 0.061505
0 0.962904 0.502406 0.061262 0.071229
0 0.466404 0.137258 0.067285 0.090391
0 0.169170 0.832555 0.076160 0.087870
0 0.344756 0.007979 0.077676 0.015958
0 0.961840 0.438760 0.075039 0.089375
0 0.097291 0.748583 0.065574 0.084365
0 0.985131 0.443299 0.029738 0.090943
0 0.298975 0.043318 0.072691 0.082427
0 0.003748 0.922495 0.007496 0.103323
0 0.076285 0.945690 0.063203 0.093693
