0 0.267802 0.111296 0.086469 0.161574
0 0.786055 0.601343 0.090193 0.158667
0 0.641214 0.488634 0.089594 0.166009
0 0.340979 0.908949 0.087927 0.156806
0 0.264745 0.602815 0.077531 0.162796
0 0.913359 0.831009 0.090771 0.152167
0 0.417536 0.338148 0.094479 0.176037
0 0.137523 0.170889 0.079380 0.139796
0 0.802068 0.243597 0.088521 0.151769
0 0.219414 0.862685 0.077828 0.147963
0 0.783732 0.417750 0.094349 0.150426
0 0.133310 0.853991 0.092172 0.144926
0 0.915568 0.284065 0.088135 0.150722
0 0.037474 0.929370 0.074604 0.139796
0 0.321115 0.199509 0.081031 0.127963
0 0.109130 0.586329 0.076958 0.145046
0 0.534271 0.119403 0.077562 0.127824
0 0.886305 0.523333 0.090203 0.145833
0 0.921492 0.705528 0.084141 0.120815
0 0.191948 0.602394 0.085031 0.138880
0 0.406169 0.960782 0.088234 0.077583
0 0.756255 0.144120 0.090625 0.166759
0 0.569836 0.358329 0.078797 0.136250
0 0.100883 0.719296 0.099307 0.146963
0 0.815484 0.744792 0.088240 0.153491
0 0.935529 0.105208 0.092234 0.161898
0 0.557740 0.490370 0.089052 0.146815
0 0.964229 0.917981 0.071542 0.164037
0 0.587477 0.224389 0.097568 0.141148
0 0.521630 0.639782 0.081698 0.149880
0 0.497823 0.805338 0.076250 0.132102
0 0.656862 0.778389 0.085245 0.138481
0 0.326531 0.655468 0.079333 0.145491
0 0.462695 0.079940 0.084776 0.141194
0 0.134945 0.052278 0.088484 0.100481
0 0.611109 0.047889 0.080365 0.092333
0 0.957458 0.437491 0.084729 0.133019
0 0.432159 0.728292 0.101943 0.139546
0 0.477648 0.527255 0.088349 0.151472
0 0.436919 0.868380 0.090245 0.143944
0 0.470505 0.221407 0.087229 0.155648
0 0.748555 0.810824 0.080953 0.143722
0 0.776292 0.038065 0.084042 0.076130
0 0.036516 0.596801 0.072490 0.148009
0 0.569008 0.838426 0.082130 0.136315
0 0.389539 0.048042 0.092401 0.091824
2 0.582198 0.715343 0.092177 0.146333
0 0.953081 0.578718 0.091911 0.165306
0 0.200719 0.376769 0.088208 0.150222
0 0.872427 0.393481 0.092333 0.153463
0 0.268844 0.343569 0.087542 0.154324
0 0.324021 0.449046 0.083656 0.149241
0 0.191823 0.736736 0.089250 0.141861
0 0.210237 0.229917 0.090911 0.153648
0 0.164958 0.488009 0.085562 0.137278
0 0.053070 0.163528 0.098234 0.163963
0 0.104799 0.361509 0.079568 0.155759
0 0.039695 0.421519 0.078245 0.148852
0 0.669128 0.355495 0.088641 0.143454
0 0.856198 0.123042 0.082385 0.151361
0 0.692482 0.965093 0.088401 0.069204
0 0.017667 0.261028 0.035333 0.171648
0 0.010630 0.052181 0.019698 0.103509
2 0.972711 0.310532 0.052089 0.142769
0 0.980089 0.180241 0.039823 0.147241
0 0.670125 0.631861 0.101729 0.149167
0 0.693242 0.899065 0.087349 0.137037
0 0.538615 0.030579 0.073552 0.060991
0 0.209018 0.043718 0.081276 0.083954
0 0.685536 0.031236 0.077792 0.062472
0 0.314292 0.784588 0.082229 0.123769
