0 0.228428 0.031400 0.102383 0.062801
0 0.976372 0.055405 0.047255 0.108449
0 0.343977 0.035127 0.085885 0.069505
0 0.981909 0.165947 0.036182 0.138745
0 0.214141 0.970023 0.080375 0.059769
0 0.089496 0.166845 0.089799 0.155023
0 0.727888 0.019905 0.086068 0.039764
4 0.435115 0.612662 0.102031 0.198519
0 0.008418 0.160866 0.016612 0.132769
0 0.994611 0.939870 0.010768 0.120259
0 0.833855 0.338106 0.101148 0.138241
0 0.895509 0.050160 0.089992 0.098495
0 0.523779 0.050414 0.079036 0.099542
0 0.836051 0.102660 0.079034 0.158866
0 0.467893 0.954338 0.081156 0.089917
0 0.979190 0.694310 0.041411 0.142787
0 0.795229 0.238201 0.078964 0.140875
0 0.537370 0.604289 0.070740 0.170264
0 0.603686 0.075625 0.097633 0.148778
0 0.310259 0.082759 0.082867 0.160972
0 0.803794 0.038086 0.084443 0.075282
0 0.436540 0.038111 0.094076 0.074454
0 0.700727 0.763671 0.097052 0.143981
0 0.981978 0.827368 0.036044 0.146764
0 0.855954 0.954896 0.101508 0.089236
0 0.721802 0.209968 0.086380 0.145241
0 0.676703 0.888891 0.080792 0.165940
0 0.445480 0.343287 0.080128 0.128944
0 0.363341 0.642377 0.073792 0.131625
0 0.434290 0.875769 0.078362 0.139852
0 0.953542 0.370667 0.091010 0.137917
0 0.201158 0.343579 0.088966 0.154815
0 0.937344 0.756519 0.085719 0.155241
0 0.122896 0.365579 0.085240 0.146380
0 0.296289 0.584576 0.082557 0.131356
0 0.152855 0.246037 0.086122 0.146657
0 0.549477 0.151120 0.076432 0.136880
0 0.598906 0.620755 0.085464 0.160269
0 0.755634 0.828065 0.083388 0.145000
0 0.391001 0.102806 0.085112 0.135222
0 0.630267 0.423234 0.076315 0.145736
0 0.357280 0.366884 0.087852 0.156815
0 0.194687 0.886132 0.085719 0.144162
0 0.177754 0.473356 0.098654 0.155657
0 0.721512 0.442951 0.082190 0.137560
0 0.745736 0.333789 0.083471 0.137977
0 0.830853 0.563803 0.084326 0.149977
0 0.953214 0.584157 0.087552 0.155769
0 0.893332 0.170773 0.082690 0.155917
0 0.677547 0.080789 0.076229 0.147468
0 0.141224 0.582229 0.086917 0.140829
0 0.671296 0.655944 0.080482 0.133157
0 0.253967 0.112208 0.083919 0.159833
0 0.187746 0.141975 0.078117 0.153921
0 0.796299 0.455150 0.076703 0.145931
0 0.098465 0.680106 0.087201 0.146991
0 0.959237 0.941356 0.077109 0.115583
0 0.469766 0.233454 0.082839 0.127213
0 0.424626 0.467264 0.096727 0.152944
0 0.386526 0.766412 0.081932 0.153426
0 0.028845 0.890051 0.057216 0.140509
0 0.353736 0.514282 0.075289 0.163769
0 0.746016 0.667778 0.082964 0.164315
0 0.078501 0.929444 0.079320 0.139685
0 0.207708 0.759160 0.082656 0.146005
0 0.491659 0.549252 0.072531 0.143060
0 0.462751 0.745424 0.091857 0.151301
0 0.136926 0.066662 0.082820 0.133324
0 0.745142 0.096012 0.078711 0.130801
0 0.557977 0.932708 0.079302 0.134065
0 0.965223 0.478697 0.069393 0.124051
0 0.870729 0.442958 0.087948 0.151704
0 0.636458 0.192653 0.080714 0.138037
0 0.297999 0.710116 0.094857 0.147972
0 0.077100 0.529167 0.075789 0.137630
0 0.036272 0.627076 0.072544 0.142347
0 0.943600 0.233127 0.089357 0.157440
0 0.483477 0.125306 0.074359 0.121287
0 0.666229 0.530789 0.088599 0.141375
0 0.125664 0.799442 0.083234 0.137940
0 0.251839 0.260803 0.088396 0.156995
0 0.892764 0.627016 0.083148 0.161968
0 0.668816 0.305484 0.081565 0.135736
0 0.515820 0.421951 0.090495 0.177894
