0 0.266707 0.757181 0.090294 0.129222
0 0.078376 0.518919 0.077070 0.140792
0 0.320579 0.386132 0.076617 0.140884
0 0.555368 0.161567 0.078044 0.138032
0 0.039017 0.240167 0.076878 0.156296
0 0.211142 0.162688 0.084378 0.141968
0 0.091543 0.392350 0.075518 0.139588
0 0.138872 0.614646 0.082380 0.137440
0 0.340724 0.167398 0.080635 0.152741
0 0.667655 0.547280 0.075201 0.135718
0 0.952151 0.127454 0.091229 0.153694
0 0.707598 0.273130 0.081701 0.134426
0 0.271299 0.278965 0.085776 0.139662
0 0.488411 0.241655 0.081745 0.140236
1 0.655182 0.822822 0.080781 0.142644
1 0.810958 0.651403 0.083438 0.146741
1 0.419954 0.465157 0.084831 0.145380
1 0.803486 0.042204 0.079513 0.082139
1 0.434134 0.332697 0.071299 0.128190
1 0.106344 0.734343 0.086245 0.148435
1 0.759872 0.552738 0.081016 0.142227
1 0.586264 0.259593 0.081404 0.136093
1 0.026202 0.450315 0.051857 0.150972
0 0.857090 0.315438 0.080148 0.131477
0 0.340010 0.518310 0.086453 0.155213
0 0.269458 0.625250 0.083661 0.144676
0 0.241690 0.031951 0.091104 0.063903
0 0.549594 0.835625 0.087708 0.158000
0 0.036832 0.017900 0.071081 0.035801
0 0.035855 0.928329 0.071711 0.140352
0 0.932564 0.318794 0.083404 0.144384
0 0.613180 0.473137 0.077813 0.140764
0 0.844315 0.566056 0.090734 0.149648
0 0.510277 0.882118 0.084607 0.143319
0 0.404517 0.092882 0.080966 0.124838
0 0.973138 0.930118 0.053724 0.123958
0 0.018665 0.728104 0.037284 0.132347
0 0.597155 0.749507 0.078487 0.132523
0 0.244848 0.880431 0.077315 0.141759
0 0.004962 0.862363 0.009924 0.157116
0 0.842411 0.943630 0.075104 0.112722
0 0.939701 0.054039 0.086953 0.108079
0 0.992141 0.656090 0.015719 0.141088
0 0.980548 0.021727 0.038904 0.043454
0 0.363027 0.029958 0.072721 0.058278
0 0.007159 0.593956 0.014318 0.173310
0 0.240384 0.972563 0.100549 0.054875
0 0.991160 0.515623 0.017680 0.145838
0 0.993535 0.835241 0.012680 0.134944
0 0.005587 0.326863 0.011174 0.146023
0 0.783077 0.970961 0.079279 0.053208
0 0.557503 0.567773 0.059797 0.104917
0 0.204401 0.871780 0.079344 0.125653
0 0.995260 0.361081 0.009479 0.142782
0 0.515108 0.640370 0.073076 0.143685
0 0.342508 0.984356 0.092568 0.028843
0 0.154464 0.284470 0.089052 0.119236
0 0.402586 0.227856 0.081005 0.126269
0 0.768346 0.125514 0.079042 0.137833
0 0.854355 0.183806 0.082471 0.148102
0 0.214185 0.364088 0.070339 0.124667
0 0.782190 0.290576 0.082609 0.146458
0 0.263689 0.479708 0.081477 0.159463
0 0.103229 0.910280 0.074130 0.135477
0 0.363695 0.755086 0.076000 0.129310
0 0.442865 0.599917 0.079250 0.144231
0 0.065176 0.790713 0.085326 0.147435
0 0.440478 0.768854 0.080112 0.146384
0 0.269049 0.077725 0.076281 0.135495
0 0.972751 0.240336 0.054388 0.136829
0 0.957641 0.464035 0.080068 0.164171
0 0.503277 0.477340 0.077576 0.142819
0 0.718139 0.144132 0.086622 0.148097
0 0.563027 0.368701 0.091862 0.153069
0 0.689646 0.944183 0.072833 0.109106
0 0.766301 0.892296 0.081789 0.131148
0 0.705595 0.040340 0.091289 0.080681
0 0.882091 0.439132 0.085380 0.140449
0 0.867503 0.743775 0.079979 0.131134
0 0.718706 0.726759 0.081865 0.146204
0 0.792372 0.456213 0.078552 0.138093
0 0.439663 0.951799 0.086471 0.096403
0 0.327586 0.881269 0.085453 0.148046
0 0.613397 0.934771 0.075836 0.130458
0 0.866302 0.867532 0.082615 0.140704
0 0.180547 0.757873 0.071057 0.131912
0 0.596152 0.662278 0.093643 0.139435
0 0.942799 0.649366 0.088010 0.138528
0 0.798659 0.785819 0.084323 0.145204
0 0.321346 0.026169 0.080625 0.051569
0 0.367021 0.625914 0.086193 0.149088
0 0.383240 0.875796 0.081469 0.144565
0 0.685594 0.420708 0.079604 0.144287
0 0.727887 0.395718 0.080326 0.135667
0 0.427754 0.028532 0.072581 0.055593
0 0.949638 0.811928 0.074677 0.137255
0 0.876764 0.030447 0.086398 0.060894
0 0.923482 0.925097 0.071188 0.112426
