0 0.097260 0.493796 0.096906 0.168556
0 0.971247 0.887579 0.053828 0.158213
0 0.041508 0.970287 0.083016 0.059426
0 0.236065 0.657977 0.094266 0.161769
0 0.694690 0.804532 0.084703 0.161324
0 0.290513 0.861667 0.082464 0.147630
0 0.501612 0.231222 0.088870 0.147593
0 0.335586 0.072301 0.085089 0.140917
0 0.503703 0.018009 0.094896 0.033333
0 0.226896 0.277634 0.074635 0.129620
0 0.827328 0.316690 0.086854 0.150750
0 0.884138 0.223611 0.083328 0.146352
0 0.824969 0.143556 0.087479 0.150278
0 0.447505 0.930236 0.095625 0.139528
0 0.809214 0.964222 0.092656 0.066148
0 0.364576 0.959968 0.091641 0.079843
0 0.679086 0.673130 0.078953 0.132519
0 0.990961 0.972509 0.018078 0.054981
0 0.667349 0.016898 0.087594 0.030685
0 0.017641 0.279514 0.033833 0.170028
0 0.157596 0.842676 0.081932 0.144981
0 0.243487 0.491847 0.087266 0.144694
0 0.331073 0.596310 0.092854 0.144880
0 0.901664 0.923671 0.086693 0.143324
0 0.819323 0.458347 0.092500 0.151398
0 0.019523 0.094389 0.039047 0.143907
0 0.970177 0.681537 0.059646 0.140000
0 0.542708 0.449005 0.083531 0.148843
0 0.147203 0.628889 0.091323 0.170370
0 0.719424 0.296051 0.091797 0.139491
0 0.034906 0.754056 0.069812 0.153611
0 0.332565 0.723829 0.090714 0.136528
0 0.080208 0.910407 0.089938 0.153407
0 0.156857 0.240597 0.083609 0.150454
0 0.500414 0.338694 0.089422 0.155296
0 0.826964 0.720718 0.093344 0.155880
0 0.533482 0.109069 0.091620 0.161861
0 0.901547 0.515412 0.087552 0.162528
0 0.041193 0.614380 0.082188 0.153148
0 0.775604 0.593106 0.084896 0.151880
0 0.409656 0.129384 0.086885 0.171157
0 0.720378 0.430463 0.088828 0.150796
0 0.331987 0.463847 0.087182 0.148102
0 0.546474 0.819486 0.088885 0.154991
0 0.425081 0.564870 0.092318 0.147148
0 0.465844 0.804829 0.086313 0.137750
0 0.617154 0.751981 0.086036 0.157667
0 0.687461 0.548551 0.085922 0.145176
0 0.604984 0.202477 0.092656 0.163287
0 0.098857 0.779231 0.081797 0.146963
0 0.275617 0.371204 0.087870 0.145241
0 0.968815 0.550944 0.060818 0.133944
0 0.241604 0.766384 0.079500 0.137509
0 0.849281 0.623926 0.076313 0.128185
0 0.246862 0.049083 0.090401 0.098167
0 0.362924 0.368213 0.091516 0.153796
0 0.436141 0.697125 0.091906 0.156343
0 0.188083 0.934546 0.088583 0.130907
0 0.778646 0.218745 0.076854 0.134287
0 0.082995 0.193306 0.084417 0.155611
0 0.324755 0.235347 0.084646 0.151565
0 0.969148 0.325269 0.059505 0.153259
0 0.920641 0.784370 0.081187 0.149148
0 0.078440 0.067394 0.094839 0.134787
0 0.024044 0.494000 0.046307 0.153759
0 0.210872 0.145213 0.080203 0.132185
0 0.870057 0.050981 0.084000 0.100648
0 0.606297 0.918111 0.086375 0.163778
0 0.519036 0.577417 0.079865 0.145148
0 0.906690 0.347000 0.085464 0.148426
0 0.429776 0.024833 0.079969 0.049667
0 0.656039 0.940662 0.074786 0.118676
0 0.539133 0.944088 0.082589 0.105676
0 0.439414 0.434713 0.083266 0.147870
0 0.062609 0.352671 0.093865 0.162898
0 0.721411 0.939796 0.082969 0.115019
0 0.700974 0.144417 0.092656 0.176426
0 0.367346 0.852861 0.081464 0.135889
0 0.622135 0.067148 0.086521 0.134296
0 0.836271 0.862431 0.087490 0.154250
2 0.594193 0.594537 0.093406 0.202907
