0 0.994773 0.572579 0.010453 0.147657
0 0.292615 0.967477 0.071135 0.064602
0 0.986667 0.961259 0.026667 0.076981
0 0.007771 0.538560 0.015521 0.148213
0 0.012357 0.047435 0.023286 0.094870
0 0.926380 0.479769 0.088708 0.156037
0 0.012151 0.270495 0.024010 0.136472
0 0.010883 0.815241 0.021349 0.160000
0 0.942331 0.973463 0.081984 0.052981
0 0.864182 0.966171 0.069573 0.066639
0 0.105930 0.941458 0.078786 0.117083
0 0.024826 0.932435 0.049651 0.130667
0 0.059109 0.883088 0.084802 0.190694
0 0.715396 0.042778 0.090781 0.082407
0 0.520779 0.765593 0.063568 0.164500
0 0.979518 0.343981 0.040797 0.137333
0 0.920719 0.580477 0.076615 0.136843
0 0.197839 0.842579 0.081573 0.179880
0 0.388346 0.940134 0.073161 0.117417
0 0.280169 0.454708 0.082620 0.129028
0 0.690023 0.709255 0.079151 0.130602
0 0.786799 0.481778 0.066214 0.149963
0 0.246674 0.767644 0.081391 0.203843
0 0.321315 0.044264 0.076078 0.084509
0 0.063253 0.251838 0.080474 0.127454
0 0.540523 0.946421 0.063849 0.107157
0 0.072510 0.047565 0.072979 0.094537
0 0.570393 0.696986 0.081974 0.174472
0 0.958286 0.627773 0.083427 0.147324
0 0.850701 0.540046 0.077870 0.163741
0 0.465487 0.938787 0.083307 0.122426
0 0.314234 0.528528 0.098927 0.137111
0 0.142297 0.051222 0.078552 0.102444
0 0.411773 0.520097 0.077234 0.130824
0 0.888198 0.233847 0.080937 0.141435
0 0.274742 0.362343 0.070620 0.125556
0 0.564990 0.114694 0.092865 0.153963
0 0.843089 0.039407 0.079823 0.076333
0 0.205440 0.085394 0.074974 0.162380
0 0.602518 0.931870 0.074453 0.134685
0 0.238693 0.931750 0.086927 0.134056
0 0.811893 0.310685 0.093380 0.152037
0 0.396568 0.053935 0.074771 0.106907
0 0.135255 0.847106 0.080188 0.195083
0 0.295193 0.810722 0.067750 0.133704
0 0.328648 0.906991 0.074745 0.166611
0 0.045148 0.356583 0.072568 0.141648
0 0.503029 0.658856 0.073568 0.131769
0 0.398612 0.414565 0.081526 0.127111
0 0.301203 0.655523 0.074292 0.154806
0 0.462693 0.802153 0.075240 0.160583
0 0.193505 0.310944 0.084135 0.128296
0 0.942888 0.757241 0.090880 0.129148
0 0.738487 0.944231 0.075703 0.108611
0 0.673141 0.920852 0.080010 0.155241
0 0.547237 0.369000 0.071620 0.147611
0 0.454904 0.290847 0.076141 0.148028
0 0.076747 0.589829 0.084724 0.143157
0 0.658310 0.467116 0.083328 0.174898
0 0.066583 0.481833 0.090937 0.125481
0 0.762711 0.675514 0.080932 0.157454
0 0.713247 0.150546 0.074776 0.157222
0 0.051341 0.723491 0.073536 0.134611
0 0.371315 0.672102 0.076318 0.151944
0 0.365687 0.297361 0.084656 0.147370
0 0.232536 0.565324 0.071177 0.141278
0 0.612745 0.320810 0.074729 0.153250
0 0.884068 0.443162 0.085604 0.135824
0 0.554779 0.538417 0.080776 0.144093
0 0.037229 0.139685 0.073479 0.134870
0 0.705823 0.579032 0.087844 0.146565
0 0.163641 0.518500 0.088583 0.146889
0 0.138664 0.687727 0.076870 0.140583
0 0.959781 0.869787 0.077906 0.151056
0 0.730148 0.791125 0.079401 0.135565
0 0.443914 0.615472 0.074474 0.151741
0 0.468872 0.112194 0.088151 0.167093
0 0.864112 0.687657 0.077651 0.151481
0 0.493995 0.479574 0.080760 0.147148
0 0.265844 0.149958 0.088448 0.141287
0 0.392802 0.805569 0.078510 0.147176
0 0.128031 0.180227 0.079240 0.160731
0 0.126802 0.378472 0.083198 0.161630
0 0.533138 0.242583 0.090870 0.159519
0 0.691003 0.309579 0.083578 0.163694
0 0.942747 0.142102 0.087755 0.137741
0 0.648438 0.205042 0.091021 0.161139
0 0.986573 0.459144 0.026854 0.129954
0 0.809646 0.946667 0.077479 0.104815
0 0.749016 0.386426 0.075156 0.142019
4 0.608297 0.801120 0.088698 0.154167
