0 0.551854 0.286722 0.089906 0.132444
0 0.915107 0.670574 0.091578 0.160685
0 0.267060 0.719657 0.099443 0.149741
0 0.787823 0.151565 0.089333 0.148407
0 0.117026 0.263125 0.077344 0.143917
0 0.474341 0.402532 0.077734 0.147472
0 0.353721 0.696778 0.078703 0.177444
0 0.328677 0.052843 0.086437 0.105685
0 0.709885 0.113648 0.083677 0.161167
0 0.826419 0.556097 0.086411 0.156731
0 0.711995 0.371315 0.088167 0.140241
2 0.495878 0.883384 0.085995 0.151769
0 0.147172 0.018611 0.096052 0.037222
0 0.822581 0.818176 0.105776 0.177500
0 0.444349 0.965852 0.113083 0.066630
0 0.011724 0.329023 0.023448 0.144102
2 0.472612 0.537773 0.077651 0.140713
0 0.695443 0.019796 0.088688 0.039593
0 0.030159 0.959370 0.060318 0.078093
0 0.642708 0.965810 0.081542 0.067583
0 0.225875 0.468528 0.087094 0.163315
0 0.041068 0.149810 0.082135 0.158324
0 0.126461 0.542347 0.088453 0.143324
0 0.777659 0.307750 0.080703 0.152611
0 0.028448 0.442917 0.056896 0.123370
0 0.569133 0.054079 0.093818 0.108157
0 0.276813 0.238037 0.098052 0.145889
0 0.284904 0.863907 0.086672 0.153685
0 0.285664 0.098833 0.094068 0.156611
0 0.346977 0.952185 0.078641 0.092741
0 0.450404 0.784250 0.088120 0.132278
0 0.399406 0.407347 0.087240 0.169676
0 0.962419 0.448796 0.075161 0.151130
0 0.098714 0.768898 0.098146 0.175148
0 0.221693 0.955551 0.092750 0.088731
0 0.074104 0.608324 0.093417 0.170944
0 0.927500 0.551394 0.101198 0.132472
0 0.625310 0.810843 0.076766 0.211574
0 0.558318 0.428444 0.076854 0.166167
0 0.028398 0.643389 0.056797 0.137074
0 0.560898 0.888329 0.090005 0.189213
0 0.758578 0.623829 0.098927 0.155991
0 0.736263 0.719282 0.102359 0.146435
0 0.736255 0.488602 0.084625 0.134759
0 0.980664 0.312801 0.038672 0.138713
0 0.543115 0.576074 0.084656 0.160074
0 0.986854 0.913343 0.026281 0.150222
0 0.397789 0.053625 0.087297 0.107083
0 0.186078 0.284736 0.077656 0.133954
0 0.058688 0.331838 0.085052 0.157435
0 0.381063 0.199259 0.091458 0.153463
0 0.704003 0.824222 0.091120 0.159259
0 0.607656 0.610028 0.086615 0.141667
0 0.434135 0.625917 0.086260 0.164870
0 0.182182 0.797889 0.081979 0.140648
0 0.316315 0.324153 0.089786 0.150343
0 0.520255 0.149296 0.079802 0.145593
0 0.143909 0.127611 0.089109 0.149611
0 0.593729 0.173588 0.085396 0.146102
0 0.957229 0.185824 0.085542 0.150204
0 0.620747 0.398255 0.085526 0.157657
0 0.060221 0.888741 0.091193 0.146148
