0 0.589318 0.177801 0.085411 0.148639
0 0.288844 0.267294 0.084479 0.149560
0 0.135997 0.358030 0.083646 0.141060
0 0.715021 0.196491 0.081151 0.134806
0 0.224763 0.846850 0.090068 0.154523
0 0.338487 0.017868 0.095552 0.035736
0 0.532967 0.025947 0.077008 0.050505
0 0.010684 0.395266 0.021367 0.149486
0 0.066190 0.971194 0.080854 0.055593
0 0.211208 0.021444 0.082375 0.041889
0 0.013811 0.206505 0.027482 0.160583
0 0.983866 0.762000 0.031799 0.143259
0 0.016581 0.944440 0.033161 0.108954
0 0.569581 0.953310 0.095641 0.093380
0 0.706603 0.954880 0.092169 0.090241
0 0.886714 0.953285 0.074818 0.092755
0 0.274021 0.946079 0.078083 0.107037
0 0.948927 0.062461 0.081687 0.124921
0 0.528336 0.908148 0.088677 0.149620
0 0.788516 0.744366 0.090063 0.158528
0 0.918319 0.457829 0.086727 0.143528
0 0.091707 0.238588 0.084935 0.147694
0 0.727965 0.572748 0.074617 0.118931
0 0.620181 0.069475 0.092810 0.134514
0 0.704293 0.066134 0.076758 0.132269
0 0.424266 0.287681 0.098297 0.151583
0 0.121116 0.064181 0.089055 0.128361
0 0.492283 0.705954 0.081799 0.141917
0 0.860699 0.065243 0.087862 0.130486
0 0.137835 0.919072 0.082305 0.155375
0 0.465451 0.857245 0.077849 0.146194
0 0.674462 0.480192 0.091310 0.161384
0 0.398652 0.921708 0.084784 0.149657
0 0.841776 0.642574 0.082927 0.147935
0 0.903457 0.576461 0.078122 0.131032
0 0.580467 0.789708 0.082638 0.134407
0 0.882236 0.324037 0.082701 0.142731
0 0.282362 0.746877 0.081266 0.146338
0 0.430285 0.568162 0.079664 0.138296
0 0.850413 0.467734 0.071445 0.139644
0 0.360643 0.199905 0.087260 0.159949
0 0.705156 0.839405 0.084135 0.139755
0 0.190311 0.109009 0.083461 0.143676
0 0.685223 0.707470 0.091815 0.159949
0 0.199591 0.248963 0.079219 0.134500
0 0.815049 0.888623 0.093682 0.157310
0 0.779391 0.100266 0.083438 0.148634
0 0.615117 0.666942 0.080766 0.148338
0 0.963592 0.311530 0.072284 0.164625
0 0.169908 0.542556 0.081654 0.151019
0 0.297668 0.089567 0.085622 0.148375
0 0.766607 0.415468 0.090891 0.144167
0 0.033634 0.717931 0.067268 0.147509
0 0.210518 0.668877 0.085656 0.153403
0 0.097350 0.470292 0.076148 0.130417
0 0.323728 0.609472 0.092154 0.142806
0 0.404464 0.425787 0.088104 0.146139
0 0.526523 0.389023 0.087906 0.142593
0 0.086259 0.613903 0.094685 0.164806
0 0.465754 0.123678 0.085878 0.141597
0 0.657103 0.297998 0.087758 0.156505
0 0.848296 0.205118 0.094289 0.147838
0 0.325759 0.467176 0.084362 0.146157
0 0.500974 0.519794 0.067036 0.126884
0 0.013555 0.015229 0.026500 0.030458
0 0.004546 0.620127 0.008810 0.146042
0 0.982639 0.426500 0.034721 0.151963
0 0.354243 0.804678 0.086185 0.161523
