0 0.090841 0.437120 0.088391 0.146074
0 0.251755 0.553949 0.087677 0.149806
0 0.172862 0.267282 0.095359 0.172380
0 0.258818 0.778907 0.079510 0.140704
0 0.304708 0.135296 0.087573 0.149907
0 0.194474 0.072375 0.090448 0.142287
0 0.570047 0.363347 0.089167 0.133843
0 0.676607 0.079370 0.096724 0.156704
0 0.260818 0.017815 0.092542 0.035630
0 0.007258 0.482102 0.014516 0.153185
2 0.479721 0.116065 0.089474 0.146111
0 0.248708 0.931796 0.124292 0.118185
0 0.189867 0.628495 0.085714 0.149194
0 0.363747 0.362310 0.094859 0.164528
0 0.183057 0.500838 0.081365 0.126454
0 0.131979 0.126324 0.077177 0.123167
0 0.970313 0.076662 0.059375 0.146861
0 0.763359 0.059329 0.093146 0.117528
0 0.409763 0.062227 0.079724 0.124269
0 0.442383 0.288403 0.086380 0.163065
0 0.246549 0.385074 0.089349 0.188481
0 0.915318 0.099093 0.081385 0.175074
0 0.324677 0.792537 0.080740 0.179352
0 0.027396 0.216968 0.054750 0.155528
0 0.159807 0.382968 0.098969 0.144250
0 0.220505 0.951370 0.088354 0.096130
0 0.508635 0.321472 0.081563 0.152574
0 0.274318 0.902954 0.084115 0.134741
0 0.627445 0.171213 0.079380 0.157093
0 0.574828 0.248449 0.079906 0.131713
0 0.275310 0.655519 0.104234 0.146481
0 0.577867 0.111139 0.070599 0.126074
0 0.326599 0.954699 0.093417 0.090602
0 0.544573 0.038773 0.076719 0.075139
0 0.526234 0.189384 0.088625 0.153509
0 0.471359 0.030000 0.088333 0.060000
0 0.846719 0.073014 0.088010 0.145028
