0 0.158312 0.775482 0.057828 0.086964
0 0.651813 0.440729 0.071875 0.085625
0 0.253803 0.312768 0.062090 0.073214
0 0.544404 0.588508 0.070145 0.095818
0 0.858748 0.903482 0.061074 0.095995
0 0.298396 0.031156 0.063637 0.060135
0 0.244279 0.767260 0.067777 0.087708
0 0.222729 0.915966 0.066543 0.102786
0 0.646549 0.982935 0.052184 0.033953
0 0.174547 0.667971 0.068805 0.084474
0 0.926947 0.364695 0.077145 0.087818
0 0.458080 0.354482 0.068730 0.084339
0 0.351547 0.719068 0.054937 0.074417
0 0.590123 0.503943 0.074215 0.090760
0 0.769117 0.531807 0.065383 0.094656
0 0.356873 0.676742 0.073770 0.085484
0 0.969096 0.570417 0.061809 0.091698
0 0.135264 0.363802 0.066895 0.086823
0 0.860373 0.442961 0.060988 0.104005
0 0.028189 0.574065 0.056121 0.090130
0 0.828176 0.546687 0.063586 0.102719
0 0.622646 0.218128 0.072965 0.092776
0 0.511145 0.462620 0.069547 0.083313
0 0.193898 0.354385 0.076852 0.099771
0 0.793506 0.918667 0.065590 0.085208
0 0.682299 0.771693 0.065527 0.092417
0 0.255877 0.109695 0.075621 0.099828
0 0.798152 0.687414 0.074383 0.092182
0 0.840076 0.358471 0.069910 0.093359
0 0.258406 0.642612 0.058789 0.073151
0 0.446621 0.689232 0.068125 0.084276
0 0.599584 0.642992 0.068121 0.086641
0 0.081926 0.306719 0.056297 0.079146
0 0.365170 0.437596 0.063473 0.088568
0 0.616146 0.073995 0.066238 0.091958
0 0.291162 0.711719 0.069207 0.077198
0 0.129537 0.588677 0.070715 0.093135
0 0.886643 0.294716 0.070488 0.096255
0 0.930711 0.714531 0.072172 0.087292
0 0.349139 0.241318 0.076074 0.095094
0 0.703650 0.312359 0.067262 0.078833
0 0.743068 0.428622 0.068902 0.080974
0 0.476318 0.772086 0.077363 0.091714
0 0.719068 0.231940 0.071434 0.096672
0 0.730969 0.898656 0.065844 0.084812
0 0.620744 0.738010 0.069738 0.098667
0 0.199982 0.569693 0.069496 0.084427
0 0.924453 0.910305 0.069828 0.085026
0 0.354848 0.856852 0.068844 0.093984
0 0.982939 0.744258 0.033668 0.082589
0 0.555807 0.215734 0.067316 0.094573
0 0.764275 0.823844 0.061574 0.087729
0 0.049832 0.193516 0.072313 0.089438
0 0.565207 0.899029 0.057117 0.081516
0 0.559180 0.032305 0.075656 0.064609
0 0.534777 0.021885 0.051953 0.043771
0 0.789613 0.008305 0.068492 0.016609
0 0.152285 0.957893 0.062125 0.074474
0 0.328711 0.310081 0.053773 0.067568
0 0.973234 0.240331 0.052891 0.090443
0 0.014855 0.897107 0.029711 0.086943
0 0.843326 0.863654 0.068957 0.093276
0 0.475635 0.935583 0.067793 0.087719
0 0.045824 0.057057 0.060320 0.081781
0 0.141426 0.934531 0.058641 0.085656
0 0.415896 0.829932 0.070840 0.089958
0 0.822828 0.240089 0.066109 0.098094
0 0.023486 0.663711 0.046973 0.086339
0 0.438049 0.434010 0.073785 0.087208
0 0.096787 0.124638 0.063207 0.104797
0 0.024803 0.268013 0.048629 0.089297
0 0.023115 0.347034 0.046230 0.078109
0 0.325879 0.827414 0.063477 0.076182
0 0.306934 0.919943 0.070250 0.105865
0 0.132740 0.012049 0.064152 0.024099
0 0.047496 0.498773 0.067602 0.087161
0 0.025016 0.131714 0.050031 0.089521
0 0.977504 0.651831 0.044812 0.089214
0 0.889293 0.603625 0.064781 0.077865
0 0.145434 0.164724 0.074625 0.087938
0 0.678584 0.397714 0.069684 0.090281
0 0.277307 0.262747 0.073770 0.091089
4 0.931760 0.137063 0.082590 0.095646
4 0.790828 0.257583 0.075250 0.092531
0 0.503975 0.148570 0.081059 0.086995
0 0.087590 0.833297 0.065484 0.083208
0 0.398035 0.345518 0.064945 0.087484
0 0.902043 0.057141 0.062367 0.094573
0 0.742699 0.383732 0.065680 0.082859
0 0.685520 0.944276 0.062570 0.097708
0 0.026740 0.404344 0.053480 0.088562
0 0.469668 0.524362 0.071164 0.087141
0 0.024045 0.787057 0.045762 0.090802
0 0.830543 0.044682 0.074594 0.082427
0 0.831533 0.748536 0.078754 0.095104
0 0.212494 0.748656 0.064879 0.104844
0 0.688750 0.120573 0.072563 0.093073
0 0.192332 0.255771 0.077187 0.104917
0 0.562705 0.391023 0.063457 0.088839
0 0.500574 0.645503 0.070703 0.087495
0 0.371926 0.120065 0.062687 0.095745
0 0.328316 0.503049 0.062594 0.082297
0 0.106811 0.468076 0.064965 0.084547
0 0.026988 0.038945 0.053977 0.077891
0 0.094586 0.036388 0.073875 0.072776
0 0.332416 0.597349 0.060004 0.073625
0 0.107311 0.237414 0.061168 0.089620
0 0.962182 0.032818 0.073793 0.065635
0 0.330492 0.351510 0.070711 0.085750
0 0.969627 0.843221 0.060746 0.088620
0 0.747469 0.969339 0.071891 0.061323
0 0.976400 0.350596 0.047199 0.090620
0 0.100400 0.419747 0.068332 0.083651
0 0.320881 0.145115 0.061379 0.098333
0 0.483330 0.044411 0.062848 0.085687
0 0.233605 0.504302 0.068719 0.085563
0 0.134291 0.780492 0.064668 0.093370
0 0.958643 0.264211 0.075840 0.093870
0 0.723711 0.599945 0.075047 0.092068
0 0.100824 0.941206 0.064250 0.106609
0 0.304137 0.986388 0.073297 0.026818
0 0.039398 0.683956 0.068977 0.091516
0 0.459854 0.082656 0.069059 0.091490
0 0.471570 0.988648 0.070367 0.018505
0 0.714686 0.561534 0.069223 0.083828
0 0.521912 0.383318 0.065363 0.081260
0 0.873367 0.011615 0.075234 0.023229
0 0.295990 0.496865 0.055629 0.078583
0 0.219889 0.876216 0.064863 0.084464
0 0.025102 0.932578 0.050203 0.090729
0 0.988521 0.131495 0.021879 0.120052
0 0.866229 0.396310 0.055965 0.075016
0 0.164379 0.972909 0.063961 0.054182
0 0.622273 0.503792 0.063266 0.079448
0 0.982254 0.825411 0.034625 0.087438
0 0.465893 0.643812 0.058004 0.076552
0 0.449455 0.553909 0.070270 0.072224
0 0.208666 0.499544 0.069816 0.075557
0 0.826213 0.974844 0.080496 0.050312
0 0.961961 0.982453 0.066664 0.035094
0 0.438014 0.339049 0.061715 0.080318
0 0.306516 0.585352 0.073445 0.092724
0 0.196426 0.428159 0.079945 0.079036
0 0.628588 0.627547 0.066168 0.089115
0 0.535328 0.910966 0.063258 0.095026
0 0.131418 0.208143 0.062117 0.090047
0 0.555211 0.805003 0.074164 0.088286
0 0.715713 0.088492 0.064809 0.096557
0 0.912217 0.508826 0.079395 0.098005
0 0.821648 0.090346 0.074250 0.084057
0 0.425768 0.146828 0.062121 0.083073
