0 0.565281 0.573333 0.084052 0.150407
0 0.728346 0.085782 0.071620 0.171565
0 0.987370 0.094500 0.024594 0.167537
0 0.648888 0.430222 0.090318 0.164722
0 0.053187 0.561745 0.088917 0.121824
0 0.807982 0.139144 0.087943 0.183917
0 0.024193 0.369315 0.048385 0.146889
0 0.136078 0.445495 0.077365 0.120176
0 0.076013 0.818801 0.071255 0.175917
0 0.016638 0.504014 0.031995 0.150472
0 0.367516 0.169171 0.065417 0.195917
0 0.468089 0.100273 0.070583 0.176954
0 0.040378 0.896769 0.078839 0.149685
0 0.054911 0.709542 0.076708 0.186861
0 0.508247 0.678236 0.097161 0.157787
0 0.677089 0.073069 0.059437 0.140361
0 0.013156 0.940852 0.024573 0.114222
0 0.656701 0.299269 0.099464 0.157611
0 0.165878 0.347176 0.104266 0.114241
0 0.116539 0.671250 0.070464 0.161370
0 0.697823 0.231500 0.094729 0.198796
0 0.620576 0.096347 0.081661 0.192694
0 0.792766 0.063014 0.093552 0.126028
0 0.243224 0.975671 0.083604 0.044435
0 0.466828 0.250958 0.097615 0.174787
0 0.636898 0.160356 0.075693 0.172213
0 0.306576 0.926310 0.078682 0.136935
2 0.464419 0.503176 0.116526 0.175963
2 0.363094 0.513241 0.060771 0.266870
2 0.220482 0.798843 0.093984 0.194574
0 0.089177 0.310991 0.099885 0.153593
0 0.761393 0.200935 0.092359 0.175130
0 0.943023 0.109569 0.099047 0.178787
0 0.355492 0.048144 0.077755 0.092639
0 0.558305 0.106106 0.074214 0.195417
0 0.413065 0.105648 0.069672 0.200667
0 0.157232 0.220250 0.090151 0.163222
0 0.224073 0.148366 0.096292 0.166435
0 0.536401 0.254329 0.091292 0.149491
0 0.282964 0.078028 0.087646 0.153685
0 0.407617 0.825634 0.085422 0.131176
0 0.872552 0.117069 0.089615 0.199898
