0 0.882646 0.557398 0.069599 0.112796
0 0.069607 0.015213 0.074141 0.029472
0 0.467742 0.767845 0.067339 0.110523
0 0.643503 0.986426 0.077833 0.024231
0 0.828751 0.965285 0.065497 0.068301
0 0.045882 0.873218 0.070544 0.112593
0 0.802385 0.022639 0.075687 0.045278
0 0.266954 0.030484 0.073315 0.059236
0 0.166187 0.941380 0.080969 0.111241
0 0.502060 0.868021 0.067427 0.107097
0 0.426895 0.929479 0.072596 0.118060
0 0.241087 0.596458 0.071461 0.121713
0 0.802867 0.105139 0.067443 0.109537
0 0.033091 0.720694 0.064682 0.111667
0 0.565827 0.301664 0.091503 0.111431
0 0.285323 0.977373 0.080417 0.042005
0 0.453962 0.979120 0.078383 0.039139
0 0.347732 0.541961 0.077937 0.125931
0 0.019879 0.606407 0.039758 0.119898
0 0.946990 0.450458 0.071818 0.118102
0 0.026168 0.956762 0.052336 0.084644
0 0.297173 0.355898 0.070904 0.117204
0 0.381893 0.871491 0.072333 0.128278
0 0.783862 0.228016 0.067521 0.126153
0 0.282495 0.691146 0.067135 0.110755
0 0.958145 0.030252 0.077279 0.060079
0 0.341499 0.778551 0.074336 0.122796
0 0.446410 0.036850 0.072628 0.073699
0 0.057452 0.308910 0.087768 0.136810
0 0.779762 0.950130 0.054221 0.092852
0 0.600465 0.586979 0.072456 0.120144
0 0.794897 0.669766 0.070956 0.131134
0 0.078999 0.792248 0.071003 0.107431
0 0.343249 0.667199 0.070482 0.115713
0 0.235928 0.257225 0.066680 0.126032
0 0.539598 0.950669 0.068237 0.095634
0 0.474743 0.468009 0.070909 0.123565
0 0.703762 0.963127 0.072164 0.071495
0 0.663522 0.782600 0.068617 0.114903
0 0.171996 0.276759 0.067211 0.113898
0 0.263137 0.792296 0.069690 0.121463
0 0.882215 0.298264 0.068961 0.118556
0 0.707139 0.553993 0.070477 0.109866
0 0.176133 0.460623 0.072885 0.120440
0 0.730253 0.448102 0.078698 0.119343
0 0.732212 0.883766 0.078357 0.135745
0 0.711789 0.665412 0.073214 0.113176
0 0.357424 0.127315 0.071219 0.118241
0 0.081891 0.096706 0.077339 0.129116
0 0.317125 0.903632 0.071219 0.119208
0 0.569458 0.841512 0.065458 0.115542
0 0.436396 0.671294 0.069625 0.116292
0 0.896855 0.866507 0.071742 0.124060
0 0.864267 0.179201 0.071164 0.117671
0 0.739547 0.761560 0.067911 0.107148
0 0.096796 0.519035 0.073326 0.119449
0 0.390366 0.450407 0.071794 0.114407
0 0.122156 0.639845 0.076333 0.122005
0 0.598305 0.224567 0.075422 0.115282
0 0.849820 0.377970 0.068750 0.123060
0 0.746059 0.329002 0.074346 0.117699
0 0.930083 0.177537 0.063854 0.124713
0 0.972854 0.107729 0.054151 0.113931
0 0.036819 0.417924 0.071971 0.118542
0 0.242372 0.119852 0.068271 0.115333
0 0.842544 0.747259 0.069755 0.126250
0 0.569249 0.405231 0.078294 0.122065
0 0.628034 0.913269 0.076578 0.126204
0 0.321283 0.249595 0.070268 0.116301
0 0.118786 0.377053 0.064708 0.115903
0 0.443727 0.149065 0.070792 0.126713
0 0.905784 0.709669 0.067005 0.130134
0 0.970004 0.942843 0.059992 0.109352
0 0.973970 0.343248 0.052060 0.116894
0 0.916678 0.976481 0.070372 0.044343
0 0.986633 0.521426 0.026734 0.116657
0 0.368220 0.017616 0.077143 0.034083
0 0.192133 0.025949 0.074422 0.051315
0 0.682124 0.340676 0.060414 0.105583
0 0.882880 0.053954 0.069318 0.107259
0 0.689430 0.091266 0.076521 0.124319
0 0.552559 0.074185 0.070643 0.118889
0 0.518263 0.196155 0.068828 0.116810
0 0.705004 0.232132 0.063440 0.118949
