0 0.897164 0.656873 0.069089 0.195579
0 0.478299 0.443604 0.065880 0.182736
0 0.692586 0.540681 0.072219 0.188306
0 0.750723 0.594817 0.063471 0.222681
0 0.922441 0.057074 0.063471 0.114148
0 0.924046 0.445743 0.073102 0.221255
0 0.821335 0.336616 0.073102 0.185593
0 0.823342 0.069141 0.048227 0.132810
0 0.769980 0.164715 0.061867 0.195579
0 0.683319 0.166856 0.101987 0.137093
0 0.681714 0.059868 0.081125 0.114264
0 0.367163 0.149738 0.082732 0.162764
0 0.473083 0.245317 0.106802 0.134236
0 0.504779 0.170424 0.059458 0.155634
0 0.615112 0.246030 0.069891 0.192727
0 0.684522 0.293104 0.083534 0.192727
0 0.361185 0.588470 0.089870 0.161199
0 0.055422 0.109794 0.080323 0.197005
0 0.161341 0.121208 0.083531 0.162769
0 0.400464 0.397241 0.081927 0.147074
0 0.434165 0.509940 0.086742 0.144222
0 0.313802 0.270280 0.080323 0.175606
0 0.249608 0.252449 0.085138 0.179889
0 0.083546 0.927271 0.088268 0.139801
0 0.342689 0.746030 0.089951 0.194153
0 0.375188 0.721065 0.090755 0.149926
0 0.451417 0.823063 0.081125 0.154208
0 0.526043 0.703947 0.065076 0.155634
0 0.747552 0.948676 0.064995 0.099870
0 0.611501 0.711081 0.075508 0.152782
0 0.668073 0.842319 0.077917 0.147074
0 0.690941 0.747456 0.073904 0.185588
0 0.981904 0.680410 0.036193 0.177032
0 0.807695 0.816644 0.057052 0.169898
0 0.514345 0.357192 0.074919 0.131542
