0 0.057158 0.937447 0.085081 0.114097
2 0.400687 0.654838 0.086109 0.156324
0 0.006884 0.378294 0.013768 0.161356
0 0.993561 0.425836 0.012878 0.154347
0 0.983844 0.702294 0.032312 0.166116
0 0.758031 0.023609 0.074021 0.047218
0 0.030180 0.954218 0.060359 0.091306
0 0.726979 0.967993 0.075182 0.062755
0 0.752419 0.366405 0.078911 0.157208
0 0.042419 0.044190 0.078120 0.087667
0 0.803923 0.962521 0.067372 0.074958
0 0.766142 0.248882 0.088602 0.128940
0 0.033413 0.272787 0.066826 0.147769
0 0.948897 0.055465 0.086513 0.110931
0 0.728910 0.645914 0.068888 0.146347
0 0.818150 0.057567 0.073081 0.115134
0 0.271466 0.470162 0.066974 0.169296
0 0.905622 0.456130 0.087359 0.147083
0 0.571974 0.831410 0.073609 0.174394
0 0.327010 0.849850 0.070609 0.185264
0 0.679594 0.792778 0.078453 0.163963
0 0.977772 0.926132 0.044440 0.133181
0 0.025083 0.540956 0.050167 0.157106
0 0.792096 0.626794 0.064016 0.161810
0 0.487466 0.041641 0.078990 0.083282
0 0.073626 0.902903 0.074227 0.145250
0 0.801870 0.803664 0.075198 0.149662
0 0.872919 0.953852 0.074458 0.092176
0 0.556087 0.099169 0.071227 0.149912
0 0.766691 0.129435 0.082747 0.141583
0 0.521484 0.906227 0.081474 0.141704
0 0.422727 0.411463 0.065818 0.159463
0 0.062770 0.765676 0.073576 0.135593
0 0.288600 0.942625 0.080852 0.114750
0 0.039790 0.158447 0.079581 0.167005
0 0.919901 0.741579 0.076219 0.156380
0 0.236052 0.887437 0.077792 0.159847
0 0.065474 0.379225 0.086573 0.169569
0 0.962758 0.195648 0.074484 0.143861
0 0.390130 0.209086 0.074594 0.138468
0 0.156736 0.928079 0.079273 0.131907
0 0.497427 0.144806 0.072474 0.127833
0 0.951060 0.615687 0.085729 0.163338
0 0.523632 0.715981 0.070039 0.154759
0 0.460371 0.728109 0.072414 0.174588
0 0.767115 0.898773 0.072380 0.137954
0 0.454913 0.232472 0.073549 0.150722
0 0.689069 0.521049 0.078154 0.155255
0 0.063613 0.631618 0.080357 0.140116
0 0.841195 0.708400 0.087771 0.148681
0 0.206204 0.461470 0.080419 0.156162
0 0.092126 0.504859 0.079680 0.142838
0 0.215022 0.743377 0.078466 0.140569
0 0.390374 0.793935 0.069279 0.136722
0 0.254221 0.619032 0.078484 0.143796
0 0.397816 0.517442 0.072904 0.139514
0 0.136145 0.407988 0.074982 0.150190
0 0.326734 0.520451 0.073625 0.147560
0 0.515970 0.275525 0.067305 0.144569
0 0.988798 0.108623 0.022404 0.134838
0 0.919612 0.892956 0.076198 0.155579
