0 0.623754 0.110216 0.069086 0.087620
0 0.195221 0.452760 0.060059 0.084312
0 0.345174 0.396906 0.068840 0.079167
0 0.325951 0.983357 0.063957 0.033286
0 0.812986 0.992125 0.061957 0.015750
0 0.330434 0.964297 0.063344 0.068208
0 0.981404 0.059690 0.037191 0.117964
0 0.270207 0.984310 0.065648 0.031380
0 0.008609 0.661635 0.017180 0.095469
0 0.007687 0.754953 0.015328 0.087198
0 0.901566 0.333237 0.076883 0.090641
0 0.500092 0.398784 0.066715 0.088536
0 0.336711 0.015672 0.066984 0.030687
0 0.382098 0.319435 0.078789 0.089505
0 0.011480 0.251167 0.022781 0.096479
0 0.419648 0.312456 0.076094 0.094255
0 0.031043 0.518633 0.062086 0.107432
0 0.327275 0.372081 0.069910 0.093474
0 0.607693 0.084635 0.072168 0.101833
0 0.345320 0.885240 0.071445 0.092594
0 0.074949 0.214065 0.066414 0.087839
0 0.321598 0.917591 0.071953 0.098495
0 0.927271 0.885854 0.065145 0.079917
0 0.064156 0.023302 0.065094 0.046604
0 0.589473 0.190052 0.072000 0.075760
0 0.495414 0.350117 0.071164 0.090901
0 0.221691 0.692146 0.071258 0.088177
0 0.903795 0.925031 0.064980 0.092729
0 0.550811 0.862781 0.063074 0.086188
0 0.947607 0.975539 0.065168 0.048922
0 0.084189 0.702914 0.075918 0.116234
0 0.673461 0.696216 0.081703 0.079766
0 0.193492 0.042586 0.074305 0.085172
0 0.890186 0.710091 0.071973 0.083339
0 0.517842 0.861227 0.064754 0.085005
0 0.513057 0.234292 0.070090 0.088240
0 0.239885 0.235526 0.084090 0.108010
0 0.535414 0.046263 0.075016 0.092068
0 0.784037 0.740852 0.075598 0.110443
0 0.444287 0.130531 0.074043 0.094625
0 0.890324 0.608753 0.074586 0.099620
0 0.829439 0.950833 0.068840 0.090656
0 0.203127 0.814518 0.072621 0.103432
0 0.883793 0.805198 0.067164 0.084177
0 0.137070 0.515904 0.082195 0.083193
0 0.612582 0.784927 0.066766 0.087750
0 0.745988 0.629346 0.067758 0.087682
0 0.313625 0.202898 0.075328 0.098370
0 0.529180 0.497419 0.069461 0.084526
0 0.515336 0.961576 0.083953 0.076849
0 0.511625 0.571964 0.063766 0.077542
0 0.608654 0.363479 0.069230 0.082135
0 0.697063 0.310122 0.073813 0.101234
0 0.686590 0.964143 0.067125 0.071714
0 0.758852 0.038706 0.072008 0.077411
0 0.670703 0.392591 0.066437 0.097943
0 0.814992 0.454513 0.069531 0.091651
0 0.417441 0.953130 0.062492 0.083813
0 0.238076 0.581604 0.064707 0.091198
0 0.057563 0.958414 0.070828 0.083172
0 0.684730 0.522982 0.073984 0.096797
0 0.080182 0.094617 0.071277 0.095745
0 0.841246 0.382703 0.071547 0.085719
0 0.519965 0.746490 0.075109 0.095354
0 0.528852 0.652367 0.067555 0.094828
0 0.967268 0.550344 0.065465 0.086135
0 0.760076 0.319911 0.069824 0.088687
0 0.026795 0.830089 0.053410 0.091125
0 0.802545 0.240865 0.070566 0.097906
0 0.291936 0.827763 0.066496 0.081036
0 0.095568 0.325732 0.071191 0.086089
0 0.183404 0.618924 0.063441 0.078724
0 0.910285 0.430677 0.070539 0.084375
0 0.031658 0.335266 0.062090 0.077771
0 0.188791 0.347076 0.070332 0.095130
0 0.971061 0.447130 0.057879 0.089490
0 0.973414 0.269477 0.053172 0.091672
0 0.160480 0.733430 0.068258 0.091464
0 0.381795 0.725599 0.070582 0.093083
