0 0.910930 0.535553 0.077792 0.128079
0 0.836615 0.042766 0.075974 0.085532
0 0.941883 0.925720 0.105958 0.146736
0 0.679279 0.538160 0.079385 0.131060
0 0.982495 0.383269 0.034286 0.161694
0 0.472908 0.032157 0.063747 0.059259
0 0.022042 0.040484 0.043937 0.078421
0 0.981832 0.959053 0.036336 0.081894
0 0.974247 0.776924 0.051255 0.129375
0 0.187210 0.026956 0.085701 0.053912
0 0.979910 0.854604 0.040180 0.132532
0 0.009277 0.156134 0.018357 0.144185
0 0.418070 0.637262 0.084219 0.180597
0 0.908520 0.273595 0.093211 0.138829
0 0.735898 0.161375 0.082542 0.141389
0 0.908634 0.918102 0.082279 0.163389
0 0.978167 0.264424 0.043667 0.143505
0 0.877396 0.089116 0.105307 0.169481
0 0.879253 0.538435 0.097411 0.137593
0 0.584786 0.956231 0.084729 0.086852
0 0.307491 0.972340 0.078680 0.052894
0 0.389201 0.571016 0.072833 0.110116
0 0.158227 0.118065 0.066911 0.201519
0 0.121824 0.039563 0.062435 0.077144
0 0.017102 0.427933 0.034203 0.154005
0 0.104655 0.603447 0.059461 0.205773
0 0.645687 0.943157 0.093417 0.113685
0 0.860676 0.258231 0.084966 0.141222
0 0.979850 0.157137 0.040299 0.135218
0 0.040594 0.743764 0.081187 0.182593
0 0.890845 0.651336 0.077279 0.123616
0 0.236501 0.968299 0.082169 0.063264
0 0.029031 0.934528 0.056766 0.129074
0 0.149336 0.642282 0.074880 0.173824
0 0.965135 0.606262 0.069729 0.149051
0 0.376522 0.964660 0.091753 0.068634
0 0.077504 0.861250 0.079622 0.154611
0 0.916038 0.192028 0.077732 0.129250
0 0.097607 0.936442 0.084422 0.127116
0 0.661685 0.657095 0.088411 0.141847
0 0.596719 0.889757 0.078583 0.104551
0 0.039866 0.628549 0.079732 0.165699
0 0.025732 0.277220 0.050630 0.158088
0 0.397827 0.055100 0.076096 0.110199
0 0.690496 0.706521 0.085482 0.134958
0 0.762095 0.291898 0.076622 0.126685
0 0.747013 0.055236 0.070750 0.110472
0 0.473703 0.365257 0.090448 0.148875
0 0.563655 0.790451 0.082352 0.150069
0 0.043565 0.082727 0.083724 0.161194
0 0.783816 0.897387 0.090518 0.140421
0 0.151928 0.532206 0.092268 0.143662
0 0.782582 0.151104 0.076742 0.141755
0 0.895758 0.407086 0.112250 0.153819
0 0.953520 0.073028 0.082398 0.141685
0 0.734754 0.465428 0.080117 0.145671
0 0.097202 0.148704 0.079060 0.161454
0 0.849154 0.691699 0.091281 0.164019
0 0.772185 0.378556 0.083385 0.143278
0 0.285911 0.749549 0.089625 0.161005
0 0.956513 0.701604 0.079609 0.139319
0 0.704682 0.240002 0.079490 0.149292
0 0.217813 0.584481 0.074833 0.138852
0 0.300562 0.098377 0.081568 0.148875
0 0.839911 0.907727 0.080599 0.134713
0 0.502882 0.116771 0.082758 0.128847
0 0.175813 0.896581 0.081969 0.130727
0 0.489928 0.588958 0.083997 0.160417
0 0.295374 0.374940 0.082013 0.161139
0 0.334548 0.223912 0.080060 0.146731
0 0.639591 0.226366 0.081927 0.159306
0 0.243604 0.059488 0.078260 0.117829
0 0.529371 0.887720 0.076242 0.153236
0 0.236905 0.346449 0.078555 0.134352
0 0.435161 0.755086 0.084995 0.156282
0 0.269417 0.630583 0.080698 0.134204
0 0.272014 0.233009 0.083174 0.117019
0 0.356724 0.329074 0.077057 0.157398
0 0.587598 0.688581 0.079951 0.136005
0 0.165943 0.308762 0.087984 0.163329
0 0.418530 0.295340 0.069961 0.147069
0 0.550402 0.582894 0.086846 0.139361
0 0.211460 0.455639 0.072841 0.128019
0 0.070964 0.363988 0.084974 0.165171
0 0.461766 0.899319 0.077500 0.160102
0 0.398254 0.449634 0.080513 0.150000
0 0.377447 0.884296 0.090190 0.117944
0 0.280341 0.497465 0.085339 0.132986
0 0.771251 0.624238 0.085555 0.128162
0 0.616453 0.353539 0.100656 0.157569
0 0.566596 0.222058 0.085406 0.152162
0 0.134417 0.402208 0.089974 0.157472
0 0.516564 0.695931 0.087117 0.138861
0 0.468469 0.230257 0.091719 0.159079
0 0.630030 0.796083 0.080284 0.145565
0 0.522193 0.034035 0.082141 0.068069
0 0.806832 0.499377 0.083456 0.165394
1 0.233832 0.807523 0.074060 0.131296
1 0.358389 0.763808 0.078003 0.152671
1 0.682911 0.462891 0.078641 0.138292
1 0.376572 0.662831 0.060773 0.114755
