0 0.990527 0.539069 0.018945 0.142556
1 0.682988 0.758984 0.090841 0.144856
0 0.501392 0.739720 0.086810 0.147931
0 0.728655 0.514905 0.090857 0.136431
0 0.611326 0.636961 0.086641 0.157838
0 0.458954 0.596380 0.086049 0.152917
0 0.465853 0.887472 0.083987 0.143880
0 0.458148 0.378852 0.088099 0.148907
0 0.274754 0.834356 0.092029 0.141620
0 0.704340 0.343528 0.074362 0.151491
0 0.578922 0.270127 0.078109 0.167931
0 0.042233 0.860199 0.083763 0.151528
0 0.459090 0.125187 0.096122 0.138069
0 0.646010 0.272574 0.080146 0.194176
0 0.521991 0.948442 0.083977 0.103116
0 0.473711 0.250579 0.088094 0.143019
0 0.844737 0.719208 0.078490 0.139065
0 0.942246 0.913905 0.081148 0.162968
0 0.768625 0.377324 0.079240 0.146352
0 0.743466 0.692706 0.078089 0.142144
0 0.609172 0.488475 0.085938 0.133810
0 0.884479 0.849715 0.088969 0.167208
0 0.689840 0.624414 0.092477 0.162699
0 0.720453 0.090697 0.075995 0.159088
0 0.855918 0.530153 0.089643 0.166685
0 0.420645 0.713965 0.085060 0.143162
0 0.746271 0.242352 0.084583 0.160722
0 0.334374 0.721671 0.085951 0.128778
0 0.655980 0.872384 0.080154 0.138556
0 0.932059 0.754329 0.086987 0.153426
0 0.606986 0.777521 0.086586 0.151995
0 0.582487 0.067745 0.087208 0.135491
0 0.802936 0.477616 0.082133 0.156602
0 0.955177 0.626979 0.085969 0.148208
0 0.541729 0.434414 0.094604 0.124477
0 0.662592 0.061782 0.084247 0.123565
0 0.691376 0.952301 0.075951 0.095398
0 0.352887 0.826498 0.078721 0.139051
0 0.959921 0.454826 0.080159 0.163745
0 0.679479 0.192488 0.080193 0.163097
0 0.533147 0.170787 0.080680 0.148481
0 0.564651 0.883438 0.100094 0.132014
0 0.925513 0.553780 0.098411 0.157505
0 0.866132 0.956905 0.088987 0.086190
0 0.434553 0.042215 0.096534 0.083403
0 0.509928 0.048528 0.067565 0.097056
0 0.410159 0.948111 0.091479 0.103778
0 0.174090 0.852975 0.114919 0.127875
0 0.531542 0.314931 0.102115 0.167065
0 0.288094 0.934975 0.099427 0.130051
0 0.989937 0.653977 0.020125 0.152491
0 0.009766 0.781905 0.019531 0.146542
0 0.428294 0.830336 0.103766 0.151532
0 0.177693 0.947579 0.096036 0.104843
0 0.114949 0.921604 0.083758 0.153875
