0 0.717942 0.991191 0.090691 0.017618
0 0.882128 0.489110 0.084734 0.121091
0 0.880430 0.883508 0.093299 0.113621
0 0.515633 0.227189 0.082539 0.129985
0 0.322924 0.747734 0.078488 0.119604
0 0.746366 0.686631 0.097106 0.111235
0 0.431618 0.951152 0.081879 0.097521
0 0.171287 0.443789 0.099749 0.124686
0 0.213328 0.928681 0.088885 0.109470
0 0.166412 0.580131 0.084823 0.127690
0 0.031578 0.565303 0.062647 0.116502
0 0.078181 0.738300 0.091701 0.107701
0 0.053272 0.178151 0.088904 0.121764
0 0.382915 0.690844 0.100883 0.126173
0 0.700218 0.904848 0.087681 0.114378
0 0.361001 0.897271 0.080367 0.116055
0 0.845453 0.360707 0.087388 0.112793
0 0.653841 0.330885 0.091478 0.113704
0 0.582826 0.169979 0.090621 0.125525
0 0.279439 0.877215 0.090343 0.112999
0 0.443295 0.845754 0.095093 0.118164
0 0.123729 0.864072 0.097033 0.131734
0 0.229446 0.345494 0.101771 0.133117
0 0.046481 0.059231 0.092924 0.118462
0 0.472178 0.686471 0.086277 0.117058
0 0.613532 0.807533 0.083846 0.124583
0 0.718997 0.283647 0.083850 0.106049
0 0.793559 0.436039 0.097890 0.113591
0 0.804398 0.274146 0.089684 0.122222
0 0.089560 0.607757 0.089259 0.112397
0 0.094423 0.257359 0.099695 0.128555
0 0.859022 0.705965 0.101292 0.119913
0 0.633110 0.956160 0.090617 0.087680
0 0.239475 0.743110 0.099252 0.123102
0 0.222124 0.207359 0.097334 0.106775
0 0.625042 0.432726 0.099452 0.114331
0 0.159566 0.752832 0.081308 0.126271
0 0.743220 0.115010 0.096748 0.107623
0 0.437207 0.285710 0.103974 0.120103
0 0.806919 0.547814 0.085544 0.119465
0 0.273762 0.041520 0.100849 0.081538
0 0.927826 0.090028 0.095845 0.106517
0 0.748264 0.806031 0.105926 0.110015
0 0.096400 0.517215 0.095424 0.101590
0 0.267830 0.124902 0.104549 0.116235
0 0.528003 0.840015 0.094379 0.114156
0 0.887757 0.183917 0.084610 0.102598
0 0.785120 0.040306 0.095640 0.080489
0 0.809460 0.861952 0.096073 0.141734
0 0.445922 0.032235 0.088565 0.064470
0 0.277280 0.647562 0.099576 0.110442
0 0.945828 0.637379 0.106439 0.108472
0 0.534458 0.028189 0.093623 0.055967
0 0.740988 0.579221 0.093094 0.128801
0 0.971867 0.166798 0.056265 0.108740
0 0.949514 0.442233 0.097940 0.122253
0 0.017822 0.736402 0.035644 0.120900
0 0.688987 0.745391 0.101948 0.109527
0 0.153125 0.972173 0.093488 0.055499
0 0.934032 0.018886 0.095046 0.037382
0 0.874032 0.966644 0.104514 0.065777
0 0.752371 0.198367 0.127280 0.108112
0 0.957350 0.972971 0.085046 0.053318
0 0.967596 0.366193 0.064784 0.124805
0 0.195160 0.029195 0.089394 0.058390
0 0.552299 0.958742 0.081775 0.081744
2 0.539396 0.753637 0.105752 0.120658
0 0.942847 0.245656 0.111065 0.092207
0 0.936026 0.310211 0.101574 0.101091
0 0.293073 0.985522 0.106863 0.028915
0 0.380359 0.983876 0.086512 0.032207
0 0.966323 0.737173 0.066605 0.126106
0 0.041892 0.888562 0.081717 0.125725
