0 0.607551 0.986891 0.075383 0.023912
0 0.011201 0.164692 0.022401 0.159921
1 0.632930 0.674963 0.092620 0.169065
0 0.552322 0.015243 0.097846 0.030477
0 0.477863 0.013076 0.075940 0.026023
0 0.788930 0.020199 0.078318 0.039944
0 0.338372 0.025954 0.090417 0.051907
0 0.680042 0.881556 0.114406 0.125287
1 0.300344 0.315400 0.086229 0.183856
1 0.757595 0.633090 0.083857 0.150968
1 0.863315 0.529231 0.081599 0.144333
1 0.708542 0.164414 0.096568 0.141292
0 0.492805 0.167211 0.075745 0.140301
0 0.911922 0.913512 0.097745 0.148829
0 0.884734 0.829361 0.091760 0.153231
0 0.826443 0.624444 0.094500 0.161222
0 0.783721 0.844465 0.089943 0.161014
0 0.831414 0.804491 0.074474 0.124417
0 0.789339 0.101333 0.089323 0.140148
0 0.853466 0.042144 0.070813 0.084287
0 0.709530 0.689977 0.083763 0.163083
0 0.122629 0.063898 0.086560 0.127435
0 0.259115 0.054382 0.086260 0.108032
0 0.109441 0.204701 0.069362 0.175218
0 0.883036 0.706019 0.097464 0.125324
0 0.627934 0.791995 0.085773 0.123722
0 0.750848 0.954419 0.090023 0.090106
0 0.045911 0.219544 0.080130 0.147125
0 0.463492 0.751637 0.076573 0.164292
0 0.703690 0.283868 0.097995 0.125551
0 0.422648 0.206588 0.076693 0.128046
0 0.527978 0.937368 0.081190 0.124968
0 0.388888 0.461847 0.083745 0.149898
0 0.590018 0.615356 0.105276 0.139148
0 0.971917 0.918440 0.055979 0.150694
0 0.849919 0.141090 0.077271 0.118931
0 0.342793 0.387345 0.086596 0.166745
0 0.797469 0.724785 0.068734 0.113838
0 0.419833 0.084769 0.075552 0.131380
0 0.516337 0.427537 0.087638 0.133713
0 0.480900 0.608782 0.092747 0.151843
0 0.282922 0.163556 0.087583 0.134630
0 0.778723 0.237810 0.083997 0.161361
0 0.525379 0.774169 0.084440 0.184606
0 0.665396 0.951525 0.083542 0.096356
0 0.784029 0.493917 0.079792 0.136611
0 0.564310 0.508104 0.092073 0.134412
0 0.665328 0.054549 0.074516 0.107662
0 0.576534 0.083868 0.086615 0.137116
0 0.179207 0.215456 0.082529 0.180069
0 0.232273 0.273757 0.093000 0.197366
0 0.347855 0.108266 0.077346 0.126329
0 0.467012 0.467544 0.090768 0.161069
0 0.935151 0.978144 0.090813 0.043074
0 0.715363 0.530363 0.077560 0.157708
0 0.739180 0.063618 0.084979 0.125884
0 0.956861 0.777572 0.078247 0.153551
0 0.041444 0.076194 0.082680 0.147704
0 0.733182 0.390243 0.092005 0.133440
0 0.360116 0.235095 0.081242 0.142718
0 0.812919 0.382188 0.078255 0.140810
0 0.914431 0.594491 0.076898 0.148898
0 0.841897 0.948940 0.080961 0.101769
0 0.412973 0.326981 0.075404 0.140583
0 0.851930 0.259396 0.074318 0.127958
0 0.652691 0.504787 0.081180 0.152444
0 0.481495 0.311882 0.070531 0.126755
0 0.592689 0.378574 0.087435 0.151259
1 0.713217 0.813088 0.080284 0.127750
