0 0.961585 0.468998 0.066659 0.138458
0 0.297009 0.167627 0.089117 0.133782
0 0.888919 0.676065 0.089271 0.132352
0 0.293049 0.572713 0.089719 0.148750
0 0.141831 0.747106 0.087391 0.131667
0 0.426102 0.914611 0.074922 0.146407
0 0.257428 0.940039 0.077049 0.116718
0 0.221357 0.481157 0.078578 0.132093
0 0.614139 0.617319 0.081039 0.120759
0 0.908935 0.175935 0.074932 0.166343
0 0.072776 0.569757 0.079687 0.131829
0 0.958525 0.808322 0.072357 0.124634
0 0.955260 0.331076 0.076974 0.147662
0 0.681562 0.673553 0.087932 0.144690
0 0.272469 0.823167 0.084281 0.150426
0 0.753297 0.582701 0.083292 0.134403
0 0.565525 0.770944 0.093242 0.137102
0 0.347199 0.708407 0.078435 0.147417
0 0.864652 0.839486 0.088216 0.149046
0 0.106270 0.325130 0.076893 0.162611
0 0.466605 0.183213 0.075477 0.134194
0 0.077706 0.179370 0.078042 0.122306
0 0.348668 0.326116 0.090503 0.118074
0 0.901891 0.440653 0.073130 0.138444
0 0.384152 0.580419 0.074221 0.136116
0 0.504094 0.937921 0.085792 0.120481
1 0.580934 0.504970 0.079669 0.149384
0 0.384411 0.082600 0.082714 0.133366
0 0.868348 0.050326 0.085534 0.096440
0 0.465503 0.758903 0.077750 0.129917
0 0.711318 0.025736 0.096755 0.051472
0 0.331005 0.925356 0.074911 0.129759
0 0.991798 0.809093 0.016305 0.131241
0 0.657151 0.487639 0.088344 0.148565
0 0.753792 0.060313 0.079750 0.116032
0 0.280275 0.060896 0.079451 0.121245
0 0.630893 0.064995 0.104729 0.128537
0 0.085681 0.022662 0.077706 0.045324
0 0.969533 0.133655 0.060935 0.153644
0 0.046684 0.895887 0.091549 0.189977
0 0.510866 0.469940 0.101826 0.176352
0 0.224822 0.340157 0.098070 0.146269
0 0.165730 0.888310 0.084409 0.193546
0 0.736007 0.449780 0.092612 0.150218
0 0.814738 0.661616 0.079242 0.151556
0 0.943335 0.047465 0.077987 0.089801
0 0.443173 0.690190 0.092581 0.141148
0 0.716630 0.916861 0.088505 0.149019
0 0.172118 0.036789 0.082591 0.072458
0 0.074079 0.370975 0.076451 0.138644
0 0.770697 0.702347 0.081872 0.130630
0 0.983202 0.912396 0.032706 0.120449
0 0.330639 0.452782 0.073466 0.139213
0 0.763232 0.916687 0.092276 0.153421
0 0.793615 0.193662 0.071823 0.144213
0 0.065500 0.445799 0.085807 0.136894
0 0.272177 0.435919 0.071323 0.139079
0 0.964750 0.692488 0.070500 0.142551
0 0.353361 0.858889 0.089773 0.175407
0 0.128603 0.108704 0.078133 0.137815
0 0.227534 0.208718 0.073010 0.137565
0 0.029460 0.327322 0.058919 0.135708
0 0.765914 0.792611 0.094615 0.125472
0 0.432350 0.071491 0.073591 0.121296
0 0.745490 0.185245 0.085604 0.167574
0 0.530780 0.683667 0.091878 0.144491
0 0.607574 0.218940 0.075190 0.115731
0 0.023863 0.579215 0.047727 0.145903
0 0.664529 0.276734 0.082365 0.141292
0 0.024174 0.117417 0.048349 0.144546
0 0.659242 0.150567 0.089125 0.147634
0 0.187030 0.117090 0.078253 0.131292
0 0.898169 0.915620 0.092484 0.155630
0 0.516115 0.609058 0.085292 0.119384
0 0.400408 0.223824 0.079544 0.162806
0 0.735289 0.314525 0.079760 0.126977
0 0.979906 0.223204 0.039896 0.117463
0 0.826057 0.771005 0.067255 0.125454
0 0.631944 0.466421 0.090607 0.144565
0 0.993781 0.430856 0.012438 0.116481
0 0.541538 0.089604 0.115581 0.179208
