0 0.641824 0.977065 0.094565 0.045870
0 0.018970 0.023162 0.037940 0.041472
0 0.992637 0.853875 0.014727 0.156481
0 0.007022 0.157333 0.014044 0.178759
0 0.016569 0.955627 0.032310 0.088255
0 0.979564 0.701657 0.040872 0.157731
0 0.495891 0.021111 0.083542 0.040472
0 0.974740 0.958519 0.049729 0.082722
0 0.218345 0.031201 0.097836 0.062319
0 0.982368 0.255213 0.035263 0.148370
0 0.018036 0.843264 0.036073 0.145667
3 0.465747 0.561998 0.082786 0.141653
0 0.384737 0.034076 0.099562 0.068153
0 0.968665 0.098023 0.062451 0.172981
0 0.761336 0.659377 0.092682 0.153532
0 0.247986 0.199352 0.103362 0.124139
0 0.502371 0.634919 0.108576 0.176181
0 0.211378 0.116299 0.099406 0.139931
0 0.025109 0.682215 0.050062 0.153458
0 0.149268 0.901148 0.082490 0.136519
0 0.529454 0.744424 0.089076 0.168181
0 0.581527 0.844970 0.089654 0.150597
0 0.785082 0.501567 0.079409 0.143875
0 0.597365 0.636426 0.086510 0.130491
0 0.658341 0.264949 0.084839 0.148602
0 0.170936 0.759694 0.096982 0.161926
0 0.614872 0.516736 0.086281 0.133694
0 0.213703 0.648271 0.093469 0.145838
0 0.157479 0.295472 0.083245 0.149565
0 0.052557 0.337731 0.086911 0.143491
0 0.370678 0.568431 0.085232 0.141630
0 0.720688 0.556377 0.082495 0.151847
0 0.474961 0.882986 0.089849 0.158833
0 0.894137 0.400738 0.089430 0.163644
0 0.214243 0.509826 0.083852 0.143347
0 0.267447 0.774516 0.082815 0.148005
0 0.535704 0.459618 0.095904 0.179292
0 0.772910 0.357690 0.088721 0.152565
0 0.673251 0.118377 0.092513 0.158671
0 0.676267 0.748326 0.087893 0.154366
0 0.705072 0.012053 0.083758 0.024106
0 0.416124 0.378435 0.091591 0.156167
0 0.065844 0.895870 0.078417 0.157370
0 0.440977 0.241722 0.092375 0.151139
0 0.524572 0.232206 0.085174 0.151653
0 0.578165 0.058493 0.092987 0.116986
0 0.055391 0.197384 0.094531 0.141981
0 0.943419 0.699315 0.079568 0.170806
0 0.782001 0.888162 0.097617 0.141389
0 0.392155 0.134780 0.099195 0.146023
0 0.281979 0.940132 0.083099 0.119727
0 0.412460 0.936981 0.077852 0.126037
0 0.751070 0.063542 0.088161 0.127083
0 0.280832 0.571500 0.093096 0.144815
0 0.053665 0.070218 0.080107 0.138306
0 0.968818 0.547630 0.062057 0.154213
0 0.270405 0.309692 0.100122 0.147782
0 0.132770 0.075509 0.082414 0.151019
0 0.545129 0.944826 0.085888 0.108745
0 0.793671 0.181169 0.084815 0.152736
0 0.937185 0.858310 0.085854 0.165278
0 0.286887 0.444831 0.093393 0.134218
0 0.578906 0.277683 0.079781 0.159523
0 0.382915 0.727396 0.095081 0.153005
0 0.968180 0.395750 0.063568 0.156574
0 0.680695 0.894808 0.089505 0.153856
0 0.873988 0.564845 0.090581 0.160412
0 0.623408 0.391447 0.094826 0.138634
0 0.516745 0.100648 0.081604 0.133481
0 0.347911 0.846815 0.103693 0.178019
0 0.793555 0.760194 0.079250 0.132907
0 0.865107 0.878880 0.075344 0.141130
0 0.873214 0.742528 0.082219 0.156213
