0 0.280586 0.219898 0.079943 0.153352
0 0.496669 0.469500 0.086078 0.147852
0 0.413687 0.669130 0.085792 0.135481
0 0.354263 0.377097 0.065568 0.135231
0 0.421247 0.912389 0.101651 0.145852
0 0.410997 0.285282 0.077349 0.142528
0 0.492245 0.916722 0.074563 0.161722
0 0.984898 0.894319 0.029349 0.170787
0 0.385589 0.564778 0.123677 0.144630
0 0.462130 0.793778 0.097104 0.154630
2 0.409328 0.423718 0.089073 0.167139
0 0.541990 0.938245 0.068573 0.116972
0 0.402583 0.106023 0.109448 0.162731
0 0.984500 0.716935 0.031000 0.192222
0 0.957555 0.154190 0.084891 0.144120
0 0.979544 0.400769 0.039609 0.152704
0 0.961091 0.054921 0.077599 0.102954
0 0.610583 0.943185 0.080563 0.108574
0 0.955706 0.928181 0.080328 0.141491
0 0.468935 0.052773 0.087036 0.105546
0 0.332151 0.866231 0.098250 0.170704
0 0.338331 0.688060 0.084495 0.147880
0 0.344630 0.497194 0.099719 0.144019
0 0.475888 0.347657 0.073578 0.163870
0 0.382526 0.793926 0.096573 0.156519
0 0.291487 0.390829 0.075193 0.195528
0 0.256789 0.086759 0.091172 0.168870
0 0.965922 0.276704 0.068156 0.144407
0 0.345289 0.261903 0.081745 0.135435
0 0.449607 0.201264 0.099432 0.157287
