0 0.374849 0.044481 0.081135 0.086426
0 0.663048 0.565625 0.082174 0.185343
0 0.682465 0.950023 0.076096 0.099870
0 0.451853 0.404093 0.067560 0.170741
0 0.741846 0.391741 0.083406 0.189398
0 0.019855 0.710016 0.038633 0.125199
0 0.976833 0.846056 0.046031 0.174731
0 0.808223 0.758104 0.090758 0.136162
0 0.363497 0.884579 0.119849 0.174398
0 0.119023 0.986201 0.079641 0.024116
1 0.329077 0.415266 0.079919 0.160319
0 0.828975 0.809093 0.095336 0.177731
0 0.394150 0.438123 0.074945 0.179440
0 0.757241 0.973021 0.080690 0.050440
0 0.205271 0.983213 0.089526 0.031639
0 0.005453 0.518766 0.010786 0.167153
0 0.435544 0.014597 0.081792 0.029194
0 0.986223 0.195785 0.027555 0.136912
0 0.730146 0.758100 0.091995 0.172347
0 0.629276 0.033958 0.083031 0.066361
0 0.051768 0.974500 0.082854 0.048713
0 0.016613 0.837259 0.033227 0.139139
0 0.847302 0.866986 0.072599 0.162444
0 0.558848 0.948148 0.074138 0.103324
0 0.161579 0.411350 0.077930 0.148616
0 0.219461 0.100102 0.075302 0.178398
0 0.259971 0.438171 0.079292 0.147093
0 0.535561 0.521475 0.080805 0.151958
0 0.166967 0.285294 0.087055 0.140968
0 0.580926 0.174998 0.076930 0.166495
0 0.336553 0.856546 0.077680 0.174130
0 0.862855 0.143937 0.074586 0.151644
0 0.698194 0.059627 0.090826 0.119255
0 0.554349 0.825514 0.088344 0.168537
0 0.095686 0.334831 0.081862 0.173245
0 0.455516 0.726007 0.083990 0.169190
0 0.317852 0.558169 0.078203 0.135310
0 0.147496 0.168125 0.081294 0.136111
0 0.224954 0.896016 0.082982 0.148412
0 0.102083 0.479692 0.080391 0.141856
0 0.968779 0.713873 0.061818 0.145440
0 0.788931 0.167778 0.087565 0.156509
0 0.901424 0.670387 0.079542 0.152801
0 0.358267 0.275671 0.088008 0.148806
0 0.879949 0.268049 0.079143 0.150514
0 0.536406 0.691762 0.084406 0.160301
0 0.397740 0.919155 0.076354 0.142042
0 0.630590 0.744113 0.080534 0.162245
0 0.962560 0.362366 0.074880 0.162870
0 0.912277 0.537287 0.081596 0.141583
0 0.210104 0.682697 0.081714 0.148532
0 0.597762 0.624600 0.081930 0.152486
0 0.782902 0.884162 0.073398 0.148861
0 0.634760 0.462150 0.083146 0.147819
0 0.220706 0.537951 0.086557 0.131088
0 0.081878 0.737801 0.086443 0.144796
0 0.267181 0.787067 0.086336 0.160449
0 0.046552 0.591225 0.082833 0.152014
0 0.805935 0.304662 0.080906 0.147657
0 0.129199 0.650898 0.087029 0.158620
0 0.501930 0.207741 0.082245 0.181889
0 0.460499 0.603924 0.080966 0.144486
0 0.645993 0.209106 0.081440 0.180315
0 0.966250 0.573655 0.067500 0.164940
0 0.842616 0.597500 0.080956 0.176713
0 0.164193 0.785699 0.085823 0.169778
0 0.387626 0.593833 0.084112 0.141194
0 0.706753 0.643231 0.077776 0.140167
0 0.120167 0.071755 0.098047 0.143509
0 0.469251 0.062405 0.080169 0.123884
0 0.841230 0.405646 0.089492 0.140014
0 0.226346 0.347095 0.078578 0.170884
0 0.431982 0.246613 0.084052 0.209940
0 0.972465 0.077333 0.055070 0.132889
0 0.616882 0.897241 0.079664 0.186093
0 0.821595 0.046102 0.084591 0.091509
0 0.569496 0.406206 0.080247 0.186514
0 0.516299 0.350215 0.084406 0.194903
0 0.914828 0.960079 0.076656 0.079056
0 0.328880 0.161910 0.074594 0.162347
0 0.389169 0.709032 0.089922 0.135944
0 0.707806 0.872773 0.090966 0.167731
0 0.777576 0.503336 0.085953 0.171301
0 0.276691 0.127324 0.080492 0.187796
0 0.686585 0.322155 0.080555 0.162310
0 0.482779 0.954155 0.079208 0.091690
0 0.537214 0.047685 0.072714 0.095241
1 0.782521 0.679613 0.093354 0.160431
1 0.392137 0.148993 0.082435 0.158431
