1 0.765466 0.754227 0.092547 0.170481
1 0.516306 0.450394 0.084997 0.148713
1 0.079628 0.585204 0.111021 0.156259
1 0.931663 0.396391 0.106872 0.185255
1 0.962228 0.262407 0.075284 0.136917
1 0.546102 0.663264 0.077911 0.174102
1 0.952327 0.507819 0.095346 0.148019
1 0.547637 0.143481 0.095727 0.194259
1 0.459637 0.858581 0.098773 0.156273
0 0.993270 0.360951 0.013461 0.142551
1 0.624859 0.902539 0.082453 0.149606
1 0.843435 0.448345 0.088687 0.158921
1 0.279488 0.188340 0.095914 0.170449
1 0.418348 0.745655 0.086393 0.153106
1 0.494943 0.221692 0.082792 0.154671
1 0.767681 0.500093 0.091810 0.156046
1 0.667810 0.228775 0.100437 0.171866
1 0.415165 0.152600 0.085883 0.157727
1 0.464671 0.081176 0.087659 0.161028
0 0.008897 0.735843 0.016924 0.182787
0 0.356523 0.672218 0.079443 0.185657
0 0.551616 0.919343 0.088831 0.161315
0 0.016702 0.558356 0.032727 0.187574
0 0.493699 0.744556 0.082461 0.166269
0 0.685105 0.874852 0.085424 0.202333
0 0.016398 0.401296 0.031870 0.146750
0 0.973648 0.052875 0.052703 0.105750
0 0.262025 0.501132 0.101477 0.185690
0 0.568904 0.771535 0.081500 0.202162
0 0.350836 0.517192 0.080604 0.154273
0 0.744563 0.913833 0.107401 0.162806
0 0.062581 0.350495 0.087182 0.152787
0 0.440633 0.626646 0.100057 0.155542
0 0.322358 0.732384 0.095997 0.200111
0 0.149082 0.835532 0.102299 0.146778
0 0.134747 0.322558 0.078661 0.196523
0 0.350352 0.062910 0.076896 0.125819
0 0.144388 0.086333 0.082667 0.172667
0 0.222699 0.067106 0.094872 0.130324
0 0.544971 0.314127 0.095630 0.154551
0 0.030487 0.265655 0.060974 0.151088
0 0.179372 0.246521 0.108271 0.178245
0 0.637010 0.403250 0.090474 0.190074
0 0.876566 0.609389 0.069305 0.209019
0 0.117469 0.730792 0.095130 0.177157
0 0.629293 0.121991 0.091852 0.190185
0 0.174212 0.652634 0.063820 0.226435
0 0.975786 0.870303 0.047870 0.174727
0 0.673599 0.529190 0.096984 0.159056
0 0.092577 0.460481 0.112628 0.134444
0 0.589160 0.472153 0.078065 0.169194
0 0.712708 0.387586 0.077630 0.139718
0 0.759126 0.062340 0.086940 0.124153
0 0.235005 0.661750 0.074005 0.210574
0 0.418031 0.540370 0.093703 0.151194
0 0.047464 0.705294 0.081870 0.149542
0 0.347257 0.237991 0.085810 0.140148
0 0.821130 0.623185 0.074776 0.201769
0 0.942738 0.147854 0.086070 0.148181
0 0.028223 0.121282 0.056445 0.158204
0 0.641622 0.743602 0.082542 0.184056
0 0.828104 0.316398 0.082260 0.131407
0 0.701801 0.665405 0.091320 0.182014
0 0.429590 0.323019 0.093638 0.160454
0 0.948216 0.632822 0.088729 0.148634
0 0.090029 0.122060 0.079750 0.151963
0 0.934526 0.783546 0.092068 0.171194
0 0.108850 0.936528 0.076956 0.124852
0 0.321534 0.372056 0.084479 0.153778
0 0.038641 0.877532 0.077281 0.175713
0 0.271562 0.784414 0.098698 0.161181
0 0.756643 0.229671 0.086052 0.156120
0 0.193367 0.439444 0.094422 0.169463
0 0.863982 0.170681 0.088333 0.162259
