0 0.033202 0.150796 0.065924 0.160963
0 0.954147 0.257106 0.091706 0.175639
0 0.278616 0.560789 0.090674 0.134060
0 0.981177 0.737206 0.037646 0.137310
0 0.557763 0.209921 0.111464 0.156148
0 0.020246 0.461704 0.040492 0.143000
0 0.645181 0.070252 0.080945 0.140505
0 0.978861 0.098377 0.041914 0.157801
0 0.695204 0.071331 0.094242 0.141884
0 0.973724 0.913664 0.052495 0.142477
0 0.084026 0.440463 0.084661 0.142009
0 0.557525 0.047037 0.092841 0.093639
0 0.769419 0.688803 0.097167 0.160440
0 0.662456 0.943648 0.085906 0.112704
0 0.422033 0.640067 0.078247 0.167097
0 0.299439 0.195146 0.096003 0.157032
0 0.921064 0.122472 0.087055 0.153083
0 0.043826 0.564431 0.086844 0.128981
0 0.392770 0.104014 0.087362 0.162870
0 0.665303 0.826956 0.069768 0.124449
0 0.484707 0.158271 0.086383 0.155977
0 0.321339 0.926049 0.096354 0.147884
0 0.586668 0.892363 0.086310 0.161958
0 0.470230 0.307044 0.084148 0.153819
0 0.492704 0.894919 0.085018 0.158949
0 0.202915 0.317347 0.085831 0.162102
0 0.893081 0.921961 0.091104 0.153310
0 0.739358 0.815863 0.085461 0.155125
0 0.879918 0.782590 0.080529 0.145597
0 0.060910 0.305275 0.090060 0.148190
0 0.040630 0.701583 0.081260 0.159824
0 0.094775 0.802025 0.090706 0.150449
0 0.991693 0.299387 0.016385 0.151208
0 0.179215 0.814329 0.083378 0.161231
0 0.246841 0.685475 0.091250 0.146356
0 0.347681 0.650632 0.088081 0.150671
0 0.009237 0.331935 0.018365 0.148065
0 0.971922 0.593516 0.056156 0.165171
0 0.618827 0.557620 0.093414 0.160250
0 0.382181 0.011840 0.070508 0.023681
