0 0.263919 0.130593 0.096531 0.136889
0 0.056905 0.235838 0.086727 0.175769
0 0.123271 0.756704 0.080693 0.152972
0 0.071988 0.699051 0.100299 0.174426
0 0.177945 0.781507 0.078432 0.135542
0 0.377040 0.924963 0.082956 0.135546
0 0.647780 0.503377 0.119154 0.152838
0 0.586316 0.768771 0.106336 0.112755
0 0.645139 0.603863 0.109352 0.120801
0 0.683602 0.300192 0.113875 0.173088
0 0.597253 0.076965 0.085974 0.142245
0 0.262788 0.424880 0.086727 0.167722
0 0.200570 0.406109 0.095021 0.178449
0 0.048233 0.369910 0.087482 0.146273
0 0.128173 0.526169 0.064857 0.163569
0 0.199063 0.615928 0.108599 0.152977
0 0.355548 0.555597 0.094268 0.115435
0 0.713013 0.855245 0.092760 0.162361
0 0.728096 0.721845 0.089745 0.158338
0 0.798986 0.716484 0.076169 0.185153
0 0.714522 0.522081 0.109352 0.144931
0 0.697553 0.381306 0.102565 0.118120
0 0.817840 0.447669 0.089742 0.151634
0 0.884582 0.180199 0.090497 0.161019
0 0.808414 0.105120 0.073906 0.136889
0 0.772592 0.284104 0.086727 0.146273
0 0.537297 0.843181 0.100302 0.127500
0 0.065602 0.599308 0.082870 0.125801
0 0.088880 0.121757 0.105214 0.163875
0 0.175936 0.870775 0.094971 0.125801
0 0.483199 0.124241 0.070763 0.145667
0 0.525099 0.073752 0.080073 0.147319
0 0.340276 0.488403 0.110802 0.125806
0 0.444094 0.653933 0.085661 0.132421
0 0.562115 0.377257 0.109578 0.181708
0 0.493180 0.341755 0.122172 0.116778
0 0.748460 0.923019 0.094268 0.131389
0 0.944915 0.611972 0.105581 0.099213
0 0.957751 0.852632 0.084497 0.108597
0 0.962259 0.681625 0.075414 0.123481
0 0.859695 0.922951 0.099547 0.136884
0 0.883451 0.477167 0.089745 0.154315
0 0.592961 0.166819 0.103130 0.114750
0 0.929978 0.378810 0.079190 0.149130
0 0.492337 0.749528 0.096357 0.142917
0 0.853884 0.591428 0.104852 0.139477
0 0.283309 0.056954 0.086117 0.113907
0 0.332177 0.679458 0.118688 0.134889
0 0.443878 0.218546 0.089302 0.137509
0 0.283079 0.819535 0.073852 0.129032
0 0.380510 0.254356 0.083047 0.129713
0 0.444432 0.552581 0.082068 0.122644
0 0.565312 0.660600 0.081115 0.149134
0 0.227552 0.250863 0.095286 0.133597
0 0.348013 0.819787 0.077901 0.125435
