4 0.670013 0.222963 0.112828 0.169630
0 0.751083 0.978685 0.070917 0.042630
0 0.466240 0.010634 0.069302 0.021269
0 0.523154 0.981412 0.085880 0.037176
0 0.014943 0.278917 0.029885 0.154648
0 0.658893 0.053264 0.078401 0.106528
0 0.334911 0.267829 0.080344 0.155287
0 0.701539 0.666250 0.081807 0.139630
0 0.171844 0.316806 0.075385 0.128926
0 0.181297 0.852560 0.089562 0.147935
0 0.764698 0.805120 0.077708 0.133204
0 0.798109 0.157796 0.079667 0.127407
0 0.109362 0.441981 0.077620 0.125426
0 0.623542 0.627981 0.073896 0.140926
0 0.194458 0.706417 0.082062 0.134407
0 0.560878 0.821954 0.081286 0.140278
0 0.102677 0.309028 0.073198 0.140759
0 0.949482 0.129718 0.084714 0.147750
0 0.197742 0.215079 0.083609 0.137565
0 0.419354 0.175565 0.081604 0.151481
0 0.469013 0.931227 0.081536 0.130620
0 0.866201 0.397847 0.088359 0.134454
0 0.460372 0.294028 0.084901 0.148593
0 0.377083 0.879370 0.082781 0.137333
0 0.483836 0.803551 0.081036 0.140583
0 0.536086 0.440083 0.084984 0.131963
0 0.483633 0.095991 0.080557 0.142463
0 0.259602 0.561602 0.084891 0.154944
0 0.738346 0.503181 0.079682 0.131991
0 0.422109 0.615306 0.079656 0.146944
0 0.539268 0.284630 0.078682 0.107963
0 0.031602 0.080912 0.063203 0.133880
0 0.553346 0.172144 0.071318 0.129787
0 0.847701 0.271083 0.081349 0.134963
0 0.931469 0.720514 0.079865 0.133954
0 0.279594 0.049102 0.076021 0.097852
0 0.027492 0.478824 0.054474 0.143500
0 0.970727 0.603361 0.056849 0.144981
0 0.859828 0.757995 0.073927 0.118269
0 0.837359 0.634394 0.086385 0.149546
0 0.211534 0.083792 0.086016 0.149028
0 0.362779 0.747222 0.079130 0.142352
0 0.491474 0.638704 0.074104 0.140574
0 0.264302 0.418361 0.072323 0.126630
0 0.096792 0.117884 0.075365 0.124657
0 0.784852 0.047815 0.086401 0.095630
0 0.047289 0.760278 0.074891 0.135278
0 0.222135 0.956519 0.081281 0.086963
0 0.555432 0.052755 0.077437 0.105509
0 0.291633 0.760477 0.069130 0.127194
0 0.976263 0.398917 0.046839 0.126796
0 0.623167 0.900875 0.088521 0.134935
0 0.374458 0.502023 0.079823 0.150009
0 0.813940 0.909708 0.086453 0.143528
0 0.376078 0.037394 0.078729 0.074787
0 0.058607 0.623602 0.078474 0.137037
0 0.136448 0.947060 0.084354 0.103676
0 0.028227 0.641926 0.056453 0.144167
0 0.377406 0.973454 0.078344 0.053093
0 0.559685 0.686505 0.077109 0.138602
0 0.075016 0.017194 0.081479 0.034389
0 0.671805 0.795611 0.083516 0.148852
0 0.036760 0.981963 0.073521 0.033759
0 0.611898 0.982773 0.079505 0.032972
0 0.962964 0.965102 0.073813 0.067944
0 0.007969 0.944556 0.015354 0.110889
0 0.461018 0.496306 0.074307 0.123889
