0 0.903247 0.244481 0.107432 0.241852
0 0.196839 0.906565 0.103604 0.179056
0 0.019435 0.554042 0.038870 0.165435
2 0.745393 0.377079 0.089943 0.129231
0 0.412904 0.930824 0.107214 0.138352
0 0.392826 0.726361 0.104536 0.160667
0 0.667833 0.901667 0.092698 0.148519
0 0.789365 0.283523 0.093281 0.149398
0 0.075693 0.221546 0.113510 0.153370
0 0.480732 0.935106 0.095089 0.129713
0 0.712352 0.758722 0.135391 0.177722
0 0.799151 0.631986 0.094167 0.173731
0 0.110596 0.064000 0.108391 0.126537
0 0.965331 0.050861 0.069339 0.101444
0 0.735974 0.908023 0.118813 0.167602
0 0.859826 0.113537 0.091734 0.148944
0 0.836753 0.778565 0.103599 0.174537
0 0.436982 0.805782 0.086818 0.149324
0 0.336724 0.535986 0.097719 0.155769
0 0.888870 0.868144 0.090688 0.162361
0 0.294315 0.243884 0.097995 0.187417
0 0.330857 0.845292 0.097151 0.219880
0 0.742974 0.181708 0.083573 0.142287
0 0.132260 0.803801 0.099427 0.155065
0 0.927729 0.552690 0.086635 0.155269
0 0.833419 0.482769 0.099016 0.160148
0 0.173414 0.525546 0.099266 0.175259
0 0.082711 0.375352 0.096495 0.180611
0 0.515740 0.766361 0.100115 0.189407
0 0.606794 0.719338 0.096557 0.187639
0 0.633885 0.228111 0.094062 0.151685
0 0.728102 0.536569 0.096693 0.169454
0 0.500914 0.391981 0.094036 0.162037
0 0.263271 0.589306 0.122635 0.197352
0 0.902474 0.413894 0.090354 0.141398
0 0.513031 0.070065 0.132729 0.139963
0 0.298633 0.044782 0.092797 0.087139
0 0.969281 0.454736 0.061083 0.171306
0 0.012076 0.113917 0.024151 0.163537
0 0.985870 0.143847 0.027812 0.161102
2 0.318029 0.681847 0.083307 0.135750
2 0.562833 0.193417 0.077354 0.132148
0 0.405617 0.257981 0.115839 0.187019
0 0.376927 0.068296 0.099708 0.136593
0 0.582135 0.336602 0.115958 0.217000
0 0.211430 0.035593 0.097464 0.070593
0 0.200911 0.245468 0.103542 0.177917
0 0.113914 0.934778 0.112401 0.130444
0 0.161169 0.703866 0.098693 0.196454
0 0.021456 0.387208 0.042193 0.160065
0 0.556656 0.948694 0.103198 0.102611
0 0.965419 0.919218 0.069161 0.161565
0 0.267604 0.950130 0.095812 0.099741
0 0.683091 0.397167 0.079536 0.148981
0 0.972255 0.626718 0.055490 0.196824
0 0.638997 0.560931 0.100297 0.229009
0 0.356102 0.360838 0.119401 0.210731
0 0.038906 0.742898 0.077813 0.172185
0 0.500792 0.564292 0.107312 0.243398
0 0.354958 0.131787 0.093833 0.164648
0 0.102010 0.483310 0.086198 0.155213
0 0.683846 0.070463 0.147630 0.140926
0 0.964331 0.823727 0.071339 0.142157
0 0.623216 0.958713 0.108797 0.082574
0 0.045826 0.019593 0.085516 0.035444
0 0.026859 0.963912 0.053719 0.072176
0 0.822224 0.966366 0.125583 0.067269
0 0.054432 0.924894 0.092656 0.137065
0 0.093349 0.591662 0.097094 0.179213
