0 0.041332 0.929718 0.082143 0.137565
0 0.727884 0.746144 0.094247 0.163278
0 0.919797 0.103954 0.095698 0.144019
0 0.937120 0.649637 0.086583 0.145208
0 0.786650 0.569370 0.090898 0.144037
0 0.037997 0.715975 0.075844 0.162560
0 0.854197 0.339102 0.093810 0.150769
0 0.627211 0.241368 0.092000 0.162273
0 0.032449 0.568225 0.064826 0.147968
0 0.703917 0.158495 0.081068 0.148602
0 0.964210 0.761218 0.071581 0.145139
0 0.814454 0.751380 0.081930 0.127620
0 0.783404 0.152546 0.088557 0.164741
0 0.105691 0.774444 0.094258 0.153907
0 0.816668 0.460868 0.081831 0.121847
0 0.063772 0.317819 0.078508 0.147880
0 0.669467 0.469421 0.090539 0.136796
0 0.499430 0.555961 0.084141 0.142310
0 0.501359 0.300303 0.083146 0.155903
0 0.776314 0.342757 0.076284 0.155921
0 0.831783 0.067347 0.091799 0.130991
0 0.810227 0.881352 0.095901 0.153870
0 0.606604 0.723806 0.091307 0.147241
0 0.456754 0.068433 0.091133 0.136810
0 0.880225 0.206021 0.092299 0.138431
0 0.893570 0.538602 0.091448 0.140519
0 0.685001 0.600069 0.089919 0.155750
0 0.698487 0.343850 0.093776 0.148912
0 0.549850 0.194810 0.087076 0.154500
0 0.093975 0.431657 0.073831 0.123519
0 0.266103 0.882220 0.080612 0.156690
0 0.284069 0.284609 0.087190 0.145375
0 0.595773 0.588326 0.084130 0.148227
0 0.706658 0.893576 0.084331 0.146718
0 0.855850 0.650012 0.087549 0.160912
0 0.233538 0.672565 0.086336 0.169907
0 0.539633 0.434729 0.104396 0.161069
0 0.512216 0.826634 0.091667 0.154954
0 0.353309 0.892780 0.086102 0.146338
0 0.154473 0.533477 0.080414 0.156759
0 0.101984 0.621322 0.088833 0.162116
0 0.129056 0.923095 0.080133 0.152227
0 0.194887 0.845141 0.077273 0.157699
0 0.525353 0.674354 0.084784 0.130597
0 0.937078 0.430370 0.088854 0.152954
0 0.335904 0.768134 0.091073 0.143000
0 0.138523 0.254407 0.086255 0.167343
0 0.202185 0.332542 0.080510 0.142194
0 0.433512 0.819292 0.083977 0.149787
0 0.413671 0.432750 0.089711 0.135028
0 0.324757 0.164387 0.088086 0.148292
0 0.118352 0.072417 0.078297 0.139574
0 0.390788 0.548549 0.093185 0.140116
0 0.881672 0.920241 0.085849 0.157907
0 0.425978 0.315685 0.077883 0.120444
0 0.588203 0.065171 0.075073 0.129213
0 0.953349 0.236551 0.093302 0.168472
0 0.297271 0.541220 0.091536 0.140245
0 0.290828 0.418394 0.089208 0.141926
0 0.216441 0.469282 0.085060 0.168259
0 0.311202 0.667076 0.088357 0.146116
0 0.571096 0.939859 0.079057 0.118856
0 0.025980 0.066657 0.051961 0.133120
0 0.290951 0.065812 0.080938 0.131625
0 0.461441 0.941280 0.078831 0.115653
0 0.222326 0.170685 0.085729 0.153370
0 0.042542 0.151748 0.085083 0.166264
0 0.650987 0.955831 0.080542 0.087310
0 0.955027 0.051731 0.089945 0.103194
0 0.018223 0.279444 0.036414 0.157269
0 0.981423 0.335079 0.037096 0.156250
0 0.989198 0.476208 0.021557 0.151352
0 0.537012 0.018153 0.101268 0.035972
0 0.329721 0.975993 0.098057 0.045644
0 0.225049 0.984671 0.084750 0.028796
0 0.157945 0.013083 0.086422 0.026167
1 0.427115 0.672273 0.094271 0.150565
1 0.411247 0.186215 0.095745 0.159486
