0 0.797156 0.247569 0.088865 0.153157
0 0.408346 0.714694 0.088276 0.154565
0 0.649871 0.903706 0.083492 0.139634
0 0.904617 0.336729 0.087052 0.146560
0 0.601008 0.792843 0.081792 0.150769
0 0.740977 0.831150 0.087109 0.152773
0 0.227292 0.146280 0.089484 0.152606
0 0.687245 0.554704 0.083891 0.138074
0 0.712878 0.418870 0.094052 0.153926
0 0.625865 0.339616 0.082938 0.137991
0 0.920609 0.187868 0.086057 0.153968
0 0.274855 0.851273 0.086456 0.139556
0 0.888276 0.762076 0.087823 0.148986
0 0.154091 0.360481 0.075375 0.130370
0 0.521909 0.340840 0.081255 0.141236
0 0.489918 0.090190 0.083747 0.156787
0 0.433798 0.538542 0.080518 0.147194
0 0.415608 0.259405 0.086492 0.153856
0 0.718154 0.676639 0.088604 0.151676
0 0.855629 0.061986 0.085591 0.122352
0 0.873853 0.931586 0.092424 0.136394
0 0.300535 0.694593 0.088143 0.154093
0 0.608953 0.067118 0.078937 0.132292
0 0.170755 0.862958 0.082625 0.141120
0 0.298289 0.066609 0.085146 0.132079
0 0.938939 0.520866 0.087263 0.152991
0 0.350355 0.168507 0.090945 0.145097
0 0.093704 0.650306 0.076664 0.146500
0 0.484943 0.642799 0.083188 0.147366
0 0.083612 0.152701 0.086849 0.151338
0 0.237725 0.297394 0.090544 0.159602
0 0.170660 0.639799 0.085237 0.150597
0 0.953671 0.904706 0.078898 0.178569
0 0.226411 0.455796 0.078828 0.135250
0 0.043875 0.379072 0.087438 0.151458
0 0.269085 0.952817 0.075633 0.093773
0 0.030939 0.884157 0.061878 0.145444
0 0.386163 0.421995 0.079951 0.144250
0 0.027544 0.234907 0.053531 0.131056
0 0.029201 0.702715 0.058000 0.145745
0 0.106368 0.959539 0.077534 0.079079
0 0.974372 0.280826 0.051073 0.156708
0 0.291852 0.488243 0.090026 0.160190
0 0.780040 0.551199 0.087878 0.156926
0 0.688026 0.035315 0.085708 0.070037
0 0.181501 0.963185 0.077930 0.071259
0 0.384759 0.061780 0.097945 0.123560
0 0.981333 0.782426 0.037333 0.161444
0 0.749056 0.948613 0.090049 0.099264
0 0.012078 0.121572 0.024156 0.142458
0 0.491991 0.981319 0.093857 0.035593
0 0.027893 0.565336 0.054844 0.143477
0 0.051812 0.024227 0.073568 0.047713
0 0.515775 0.788662 0.090529 0.166194
0 0.822548 0.411912 0.089648 0.155380
1 0.581685 0.568076 0.091573 0.167032
1 0.965152 0.022035 0.069695 0.044069
