1 0.169104 0.438714 0.083059 0.080937
0 0.656633 0.774583 0.126047 0.113635
0 0.680844 0.257000 0.080492 0.108646
0 0.408408 0.749602 0.095270 0.120703
0 0.282611 0.109729 0.082207 0.112354
0 0.212568 0.021648 0.076066 0.042964
0 0.693139 0.639841 0.092645 0.099266
0 0.588334 0.267229 0.076980 0.089396
0 0.811344 0.455523 0.076656 0.099297
0 0.801912 0.981831 0.078012 0.036339
0 0.295191 0.985102 0.086000 0.027859
0 0.177311 0.983141 0.077699 0.033719
0 0.244699 0.023721 0.089102 0.046578
0 0.023377 0.224745 0.046754 0.106385
0 0.010857 0.754487 0.019926 0.118599
0 0.007965 0.480044 0.015930 0.110307
0 0.360742 0.036388 0.098484 0.071297
0 0.808928 0.493771 0.078012 0.104313
0 0.982850 0.955417 0.034301 0.085375
0 0.867906 0.018370 0.083531 0.036740
0 0.396129 0.706443 0.095242 0.112750
0 0.108670 0.374396 0.096621 0.105073
0 0.552811 0.029687 0.082535 0.058417
0 0.072857 0.502974 0.081613 0.088573
0 0.961395 0.845315 0.075836 0.085901
0 0.096322 0.437667 0.081152 0.099250
0 0.670451 0.012471 0.074543 0.024943
0 0.008719 0.124948 0.016813 0.102156
0 0.070920 0.012961 0.091301 0.025161
0 0.529277 0.095081 0.081320 0.095432
0 0.021453 0.940703 0.042680 0.090646
0 0.413766 0.109495 0.078352 0.096708
0 0.806189 0.871122 0.078262 0.105932
0 0.228902 0.976016 0.076523 0.047198
0 0.443846 0.728703 0.068793 0.094469
0 0.967977 0.277727 0.063102 0.118953
0 0.986861 0.544268 0.025855 0.113870
0 0.040555 0.530859 0.081109 0.109250
0 0.416266 0.069010 0.083391 0.101271
0 0.801721 0.755581 0.084121 0.115776
0 0.143408 0.753104 0.083738 0.107531
0 0.903430 0.892885 0.085227 0.133688
0 0.508693 0.050206 0.082090 0.094849
0 0.151990 0.137396 0.095152 0.114500
0 0.873611 0.239771 0.065215 0.092552
0 0.409941 0.565833 0.080195 0.086708
0 0.388170 0.370271 0.075340 0.110615
0 0.984000 0.677362 0.031086 0.101995
0 0.091508 0.578117 0.073766 0.092589
0 0.263896 0.499641 0.072145 0.098313
0 0.253141 0.586802 0.078063 0.102010
0 0.778635 0.962122 0.080754 0.075755
0 0.582160 0.304742 0.082836 0.097047
0 0.016561 0.597242 0.031191 0.097880
0 0.451594 0.348286 0.071359 0.091448
0 0.217443 0.608609 0.077473 0.096937
0 0.922604 0.240099 0.073543 0.094583
0 0.841539 0.899443 0.072672 0.092313
0 0.965850 0.887484 0.067480 0.103813
0 0.690811 0.564141 0.081051 0.096625
0 0.068822 0.810896 0.095621 0.112719
0 0.653371 0.507070 0.059836 0.090828
0 0.322146 0.950703 0.088496 0.098594
0 0.772791 0.887294 0.075754 0.100422
0 0.454334 0.599003 0.080355 0.102974
0 0.262672 0.089471 0.082445 0.103682
0 0.537186 0.383372 0.084223 0.094630
0 0.189797 0.075557 0.074625 0.095031
0 0.573082 0.092935 0.076758 0.105776
0 0.678910 0.952849 0.075484 0.094302
0 0.947641 0.961883 0.080914 0.075161
0 0.402910 0.961070 0.077898 0.075943
0 0.971258 0.761328 0.057484 0.099688
0 0.124646 0.969279 0.084473 0.060328
0 0.840729 0.251867 0.072754 0.110641
0 0.547984 0.629312 0.077336 0.094073
0 0.975256 0.045984 0.049488 0.091969
0 0.974129 0.381846 0.051742 0.099047
0 0.754086 0.124372 0.072477 0.083214
0 0.026303 0.679229 0.051793 0.095844
0 0.224078 0.496883 0.079523 0.097464
0 0.021150 0.340396 0.041684 0.108490
0 0.258510 0.932971 0.083855 0.091359
0 0.969057 0.619849 0.061887 0.101646
0 0.696197 0.805073 0.080980 0.085563
0 0.132248 0.287234 0.086277 0.105740
0 0.157195 0.049961 0.075148 0.096370
0 0.645467 0.616964 0.080871 0.106937
0 0.687635 0.854484 0.085723 0.101896
0 0.317500 0.567172 0.074586 0.093542
0 0.244971 0.686117 0.097395 0.107464
0 0.447754 0.950867 0.085289 0.098266
0 0.519402 0.336344 0.079188 0.102302
0 0.079322 0.314570 0.090371 0.108401
0 0.107543 0.624258 0.085273 0.110495
0 0.715123 0.939107 0.075918 0.109161
0 0.369102 0.431844 0.075250 0.107854
0 0.652285 0.245940 0.072969 0.100630
0 0.721777 0.267206 0.084836 0.127609
0 0.627793 0.198299 0.078297 0.090245
0 0.396307 0.619451 0.075043 0.088609
0 0.030756 0.050479 0.060723 0.100729
0 0.741451 0.046609 0.077676 0.093219
0 0.458340 0.303320 0.077594 0.092526
0 0.247842 0.774831 0.084059 0.096109
0 0.544555 0.680357 0.072453 0.095151
0 0.321010 0.629135 0.089371 0.111729
0 0.678367 0.735711 0.074930 0.092141
0 0.563811 0.436406 0.077410 0.091750
0 0.232543 0.396815 0.082789 0.111224
0 0.538168 0.948943 0.084141 0.101562
0 0.155494 0.597169 0.074723 0.097859
0 0.171652 0.681841 0.076453 0.108714
0 0.034520 0.861109 0.069039 0.104625
0 0.176271 0.363000 0.071504 0.105469
0 0.033613 0.429281 0.067227 0.113208
0 0.360195 0.180482 0.082773 0.095120
0 0.619428 0.526641 0.072645 0.105260
0 0.785846 0.055044 0.077832 0.109745
0 0.625988 0.787789 0.082281 0.101745
0 0.743588 0.447870 0.078832 0.106198
0 0.941205 0.669768 0.074160 0.108734
0 0.717969 0.406328 0.078539 0.100885
0 0.900986 0.169513 0.079160 0.099182
0 0.562918 0.181005 0.073156 0.103479
0 0.058285 0.957146 0.077117 0.085708
0 0.079068 0.713224 0.076895 0.096010
0 0.934021 0.761154 0.082426 0.101641
0 0.925037 0.348458 0.071527 0.089281
0 0.444887 0.511763 0.078117 0.092620
0 0.079471 0.064297 0.078027 0.105125
0 0.246838 0.826411 0.079223 0.104083
0 0.504408 0.705492 0.074332 0.101870
0 0.883836 0.653503 0.074359 0.119276
0 0.594475 0.839414 0.083918 0.115964
0 0.748416 0.536190 0.073754 0.092901
0 0.779689 0.260294 0.080738 0.110932
0 0.634020 0.109201 0.082031 0.114120
0 0.931369 0.449734 0.088176 0.106302
0 0.234783 0.165107 0.072770 0.102203
0 0.305861 0.443148 0.072887 0.103932
0 0.611160 0.952411 0.080211 0.095177
0 0.851301 0.069482 0.074164 0.108474
0 0.497188 0.460273 0.088016 0.106776
0 0.846619 0.958935 0.075113 0.082130
0 0.096059 0.221451 0.078477 0.104036
0 0.421627 0.874669 0.075410 0.097714
0 0.752303 0.176487 0.076199 0.103318
0 0.862043 0.786734 0.076773 0.102844
0 0.963635 0.173766 0.072730 0.109760
0 0.351926 0.109323 0.077586 0.093417
0 0.834916 0.156406 0.066879 0.093729
0 0.137609 0.905682 0.083242 0.104948
0 0.190590 0.863096 0.076109 0.106391
0 0.373586 0.523497 0.078477 0.105193
0 0.470027 0.221534 0.080445 0.105297
0 0.447203 0.428818 0.084828 0.101365
0 0.483176 0.801664 0.066344 0.082766
0 0.295371 0.870271 0.080508 0.109448
0 0.419969 0.786208 0.079977 0.106510
0 0.602717 0.720646 0.076676 0.101167
0 0.615754 0.373125 0.084148 0.105760
0 0.651010 0.421169 0.077230 0.101891
0 0.827221 0.640229 0.072957 0.103187
0 0.687791 0.153849 0.076887 0.113073
0 0.505451 0.563607 0.074957 0.102776
0 0.552781 0.517372 0.076883 0.099484
0 0.722990 0.724969 0.081629 0.113250
0 0.357682 0.779979 0.081520 0.099719
0 0.185006 0.241357 0.079230 0.099609
0 0.327250 0.350773 0.072453 0.096328
0 0.769576 0.668260 0.082941 0.113937
0 0.362469 0.872195 0.075852 0.106411
0 0.970754 0.456784 0.058492 0.111682
0 0.544479 0.772648 0.080754 0.103339
0 0.357787 0.269023 0.079215 0.116161
0 0.877412 0.543039 0.087527 0.104245
0 0.908121 0.085964 0.073672 0.095594
0 0.522430 0.862438 0.076703 0.095896
0 0.856203 0.354279 0.081461 0.107766
0 0.778061 0.359859 0.080824 0.108031
0 0.039768 0.179049 0.078699 0.105453
0 0.516459 0.187326 0.074293 0.114484
0 0.798236 0.575620 0.077004 0.092281
0 0.159742 0.514602 0.070234 0.092359
0 0.265334 0.312417 0.078973 0.108812
0 0.418281 0.196878 0.080125 0.109505
0 0.939324 0.034854 0.080719 0.069708
