0 0.091732 0.796307 0.085824 0.120594
0 0.991070 0.424477 0.017859 0.103443
0 0.021322 0.009578 0.042645 0.019156
0 0.067646 0.016031 0.068863 0.031438
0 0.337742 0.988544 0.068023 0.022349
0 0.810914 0.984971 0.072000 0.030057
0 0.744832 0.011779 0.063680 0.023557
0 0.393918 0.011286 0.073680 0.022573
0 0.983855 0.693315 0.031359 0.099880
0 0.149188 0.967630 0.069570 0.064740
0 0.880357 0.023813 0.073207 0.047031
0 0.548941 0.974307 0.073719 0.051385
0 0.984324 0.177122 0.031320 0.102089
0 0.078619 0.827383 0.087582 0.107714
0 0.275732 0.630039 0.061855 0.083443
0 0.188312 0.678721 0.075930 0.094891
0 0.017613 0.640102 0.035055 0.095818
0 0.025627 0.167586 0.050723 0.102120
0 0.020385 0.965190 0.040559 0.068245
0 0.020131 0.071563 0.039910 0.099510
0 0.602803 0.117154 0.080082 0.103193
0 0.528680 0.464172 0.088180 0.096385
0 0.183111 0.806870 0.086410 0.096917
0 0.640092 0.032154 0.065066 0.064307
0 0.987832 0.981766 0.023039 0.036469
0 0.653979 0.233357 0.077848 0.080516
0 0.316984 0.729385 0.073773 0.101010
0 0.640561 0.317161 0.085574 0.096177
0 0.052359 0.725576 0.079812 0.093526
0 0.812146 0.044023 0.076934 0.086661
0 0.113217 0.614523 0.078730 0.113432
0 0.113523 0.774638 0.071141 0.102818
0 0.424070 0.068969 0.078539 0.101094
0 0.319244 0.357214 0.072043 0.085865
0 0.479977 0.899536 0.067273 0.097573
0 0.091926 0.464448 0.070750 0.090260
0 0.699010 0.494547 0.067121 0.121969
0 0.326082 0.272018 0.078906 0.086880
0 0.959674 0.110109 0.070770 0.090781
0 0.383623 0.388049 0.069043 0.108432
0 0.648795 0.405464 0.078996 0.093396
0 0.323129 0.445776 0.077969 0.098469
0 0.946443 0.218346 0.071066 0.097151
0 0.113193 0.296383 0.079543 0.088755
0 0.393738 0.145018 0.075039 0.097818
0 0.188664 0.893651 0.079156 0.093927
0 0.631285 0.486508 0.074883 0.092359
0 0.172941 0.209385 0.079078 0.112948
0 0.835928 0.129859 0.076176 0.085312
0 0.793703 0.293216 0.083570 0.090297
0 0.733473 0.073065 0.065703 0.098245
0 0.079344 0.957396 0.072367 0.085177
0 0.783689 0.387789 0.074762 0.099245
0 0.216377 0.507125 0.081934 0.093802
0 0.073369 0.220859 0.074316 0.096365
0 0.067916 0.547870 0.075207 0.099115
0 0.113467 0.044107 0.074348 0.086880
0 0.329682 0.190562 0.074770 0.082250
0 0.971824 0.034807 0.055531 0.067094
0 0.853357 0.350273 0.079715 0.113714
0 0.737596 0.930812 0.070418 0.098000
0 0.535219 0.859286 0.069859 0.095219
0 0.585201 0.258974 0.071145 0.098104
0 0.449139 0.421977 0.070879 0.094266
0 0.270988 0.822565 0.078625 0.108120
0 0.414875 0.861294 0.075344 0.103641
0 0.753299 0.831068 0.073895 0.110823
0 0.575963 0.413435 0.069480 0.099714
0 0.902670 0.738823 0.079285 0.101167
0 0.439338 0.192125 0.072895 0.099094
0 0.325215 0.861117 0.073922 0.088766
0 0.486848 0.126984 0.076563 0.098917
0 0.466912 0.777445 0.074137 0.094422
0 0.246799 0.209010 0.071441 0.102083
0 0.650514 0.579089 0.078027 0.103865
0 0.353799 0.618318 0.081449 0.110406
0 0.445084 0.277677 0.082527 0.094656
0 0.632670 0.961461 0.072902 0.076474
0 0.874877 0.222190 0.069926 0.098786
0 0.499768 0.375917 0.069770 0.099802
0 0.153072 0.374161 0.073090 0.103125
0 0.085695 0.373995 0.070078 0.093740
0 0.964945 0.612232 0.070109 0.101547
0 0.802492 0.207036 0.076789 0.099240
0 0.303871 0.945404 0.074547 0.092807
0 0.305807 0.539206 0.071918 0.094391
0 0.742057 0.612112 0.072449 0.096943
0 0.768168 0.489169 0.079500 0.108516
0 0.247729 0.103820 0.076238 0.107755
0 0.925420 0.894047 0.077777 0.099823
0 0.183332 0.063190 0.072867 0.104922
0 0.678203 0.881318 0.076867 0.110094
0 0.608150 0.846104 0.073293 0.099760
0 0.031916 0.882648 0.063832 0.111339
0 0.562631 0.771674 0.080840 0.101005
0 0.248143 0.438411 0.077504 0.104719
0 0.667988 0.147969 0.077695 0.100281
0 0.775018 0.700385 0.076793 0.106260
0 0.574197 0.047745 0.072168 0.089833
0 0.219805 0.603617 0.068109 0.097193
0 0.944154 0.807112 0.075137 0.101641
