0 0.274793 0.807720 0.089148 0.152718
0 0.450616 0.951558 0.082424 0.096884
0 0.142020 0.824921 0.100951 0.137639
0 0.942668 0.906039 0.082654 0.180356
0 0.760069 0.793336 0.093758 0.198495
0 0.894594 0.562995 0.091000 0.159648
0 0.467430 0.818229 0.092443 0.185847
0 0.517036 0.912625 0.099188 0.171176
0 0.363111 0.896782 0.087305 0.145315
0 0.040613 0.709405 0.079326 0.178838
0 0.088238 0.501493 0.087701 0.171486
0 0.097423 0.067176 0.097164 0.134352
0 0.736398 0.667366 0.093229 0.196852
0 0.339029 0.723965 0.106719 0.133579
0 0.962694 0.482366 0.074612 0.141093
0 0.576404 0.357373 0.107307 0.164884
0 0.260872 0.655250 0.079745 0.185306
0 0.042385 0.942146 0.084573 0.115708
0 0.972784 0.711461 0.054432 0.143708
0 0.150480 0.312833 0.104081 0.163167
0 0.122831 0.931539 0.093922 0.136921
0 0.297904 0.448870 0.092031 0.158759
0 0.464704 0.169039 0.089315 0.159588
0 0.662995 0.371836 0.096078 0.154032
0 0.661074 0.948910 0.081466 0.100412
0 0.314736 0.128076 0.091279 0.162856
0 0.133664 0.169359 0.095516 0.170440
0 0.439576 0.042829 0.073036 0.084519
0 0.385470 0.791248 0.118643 0.141912
0 0.202714 0.883271 0.095167 0.155032
0 0.693383 0.074160 0.085979 0.148319
0 0.008199 0.749912 0.016398 0.161407
0 0.007712 0.615627 0.015367 0.149616
0 0.283878 0.965396 0.101974 0.068662
0 0.206538 0.960676 0.107091 0.075222
0 0.590796 0.934924 0.077888 0.129514
0 0.618268 0.467970 0.098984 0.146903
0 0.738689 0.481093 0.086701 0.171796
0 0.032874 0.138778 0.065747 0.142778
0 0.959318 0.614639 0.081365 0.149241
0 0.973039 0.834525 0.053922 0.167588
0 0.061216 0.843449 0.099109 0.159759
0 0.189152 0.607231 0.094424 0.171741
0 0.187417 0.732720 0.094781 0.133560
0 0.816147 0.859859 0.085685 0.179569
0 0.538966 0.492556 0.097297 0.166972
0 0.464964 0.411993 0.102073 0.154921
0 0.580605 0.692711 0.093346 0.148282
0 0.425382 0.557593 0.089122 0.164472
0 0.884617 0.873259 0.083693 0.159667
0 0.107664 0.670194 0.091062 0.149556
0 0.913902 0.732817 0.085977 0.151718
1 0.664452 0.668273 0.093742 0.158759
1 0.640314 0.797958 0.106497 0.163333
0 0.819043 0.581366 0.073331 0.156926
0 0.543620 0.795671 0.107062 0.157463
1 0.520464 0.294870 0.101484 0.151370
1 0.322167 0.605060 0.093974 0.168435
1 0.267729 0.060146 0.092089 0.111819
1 0.621044 0.576581 0.123531 0.153440
1 0.494240 0.609530 0.105203 0.174634
1 0.216492 0.459613 0.092130 0.154088
0 0.701544 0.864722 0.087365 0.159648
0 0.522016 0.098597 0.094422 0.172796
