0 0.081490 0.339264 0.097557 0.166833
0 0.012065 0.829150 0.023948 0.132792
0 0.452609 0.963979 0.086109 0.071394
0 0.005165 0.393410 0.010331 0.152005
0 0.516164 0.940345 0.078036 0.118579
0 0.052754 0.854889 0.075341 0.123204
0 0.114444 0.212894 0.083336 0.138130
0 0.615905 0.920630 0.086206 0.149981
0 0.524264 0.403387 0.083576 0.154088
0 0.262109 0.823058 0.090281 0.148606
0 0.376479 0.801236 0.083995 0.148352
0 0.826879 0.405072 0.078294 0.135227
0 0.663962 0.227387 0.081529 0.124829
0 0.285307 0.196039 0.084885 0.149958
0 0.167225 0.640486 0.079018 0.133241
0 0.756378 0.370718 0.081042 0.135000
0 0.325230 0.349109 0.081956 0.146375
0 0.897052 0.427863 0.080922 0.137903
0 0.919823 0.773826 0.081500 0.143394
0 0.881083 0.921306 0.080219 0.127583
0 0.372534 0.232044 0.076240 0.124384
0 0.744866 0.186162 0.085841 0.152509
0 0.115043 0.757440 0.084753 0.135685
0 0.645180 0.754789 0.090281 0.151264
0 0.576966 0.498060 0.084594 0.140778
0 0.955824 0.505394 0.086341 0.141815
0 0.591469 0.212590 0.080005 0.135431
0 0.799327 0.960657 0.081716 0.076037
0 0.118130 0.964336 0.091729 0.071329
0 0.711865 0.824815 0.081568 0.140759
0 0.393049 0.421535 0.091349 0.161745
0 0.446520 0.351933 0.093831 0.164801
0 0.097161 0.576162 0.096328 0.151676
0 0.679036 0.114963 0.093323 0.145556
0 0.294345 0.704373 0.088440 0.147014
0 0.317210 0.487650 0.089758 0.154569
0 0.939324 0.153266 0.085372 0.146088
0 0.126503 0.452301 0.085198 0.144176
0 0.664280 0.337398 0.095414 0.139778
0 0.485572 0.269523 0.080659 0.137148
0 0.495773 0.798921 0.085901 0.148315
0 0.046411 0.471759 0.090328 0.152370
0 0.237849 0.932183 0.093500 0.134125
0 0.509813 0.575255 0.086339 0.173630
0 0.801613 0.272553 0.078383 0.130671
0 0.915391 0.304921 0.088880 0.139250
0 0.967706 0.872949 0.064589 0.145731
0 0.715257 0.941882 0.077977 0.115282
0 0.202651 0.048225 0.084401 0.095792
0 0.974049 0.702928 0.051635 0.147162
0 0.868699 0.213972 0.085122 0.150593
0 0.993962 0.173993 0.011815 0.134079
0 0.020389 0.136813 0.040779 0.154236
0 0.067480 0.113009 0.077023 0.153426
0 0.436216 0.871312 0.080656 0.139431
0 0.980639 0.967630 0.038721 0.064741
0 0.606792 0.375993 0.087146 0.143810
0 0.638462 0.046245 0.092518 0.091046
4 0.584191 0.638903 0.097560 0.169991
0 0.986833 0.290067 0.026099 0.134060
0 0.126634 0.046660 0.083461 0.091588
0 0.573822 0.085604 0.079982 0.148616
0 0.123160 0.875741 0.083122 0.130657
0 0.811504 0.122896 0.083914 0.145375
0 0.202072 0.154972 0.084237 0.140139
0 0.665999 0.631824 0.081841 0.131843
0 0.455781 0.526127 0.080224 0.141431
0 0.067051 0.681185 0.077742 0.136306
0 0.771237 0.743461 0.087177 0.145782
0 0.030760 0.946611 0.061323 0.106065
0 0.965848 0.031597 0.068305 0.062296
0 0.454211 0.700111 0.082318 0.142259
0 0.342884 0.615259 0.085638 0.142583
0 0.501005 0.149574 0.083833 0.136750
0 0.342934 0.117299 0.087518 0.152903
0 0.827319 0.527201 0.085352 0.137866
0 0.770559 0.605060 0.087612 0.155972
0 0.221137 0.309718 0.087451 0.140111
0 0.844490 0.813977 0.088422 0.150324
0 0.193542 0.774880 0.074260 0.136500
0 0.994238 0.064674 0.011523 0.128162
0 0.871384 0.049699 0.082898 0.097454
0 0.923635 0.631782 0.090031 0.155565
