0 0.124055 0.804794 0.074664 0.094214
0 0.684064 0.132917 0.073902 0.097260
0 0.331533 0.782930 0.076684 0.101714
0 0.205309 0.653284 0.099625 0.075172
0 0.421312 0.020510 0.080180 0.041021
0 0.988875 0.336693 0.021766 0.105135
0 0.981736 0.979497 0.036168 0.041005
0 0.642225 0.803122 0.068723 0.088089
0 0.010568 0.348367 0.021137 0.100349
0 0.769439 0.984169 0.068707 0.031661
0 0.682082 0.740094 0.072281 0.091375
0 0.525023 0.545068 0.083266 0.104469
0 0.380119 0.562612 0.091926 0.116901
0 0.186029 0.175591 0.073184 0.096651
0 0.052527 0.312779 0.074687 0.099578
0 0.098268 0.382320 0.074027 0.098953
0 0.293988 0.499089 0.071664 0.100865
0 0.232504 0.551820 0.072961 0.104026
0 0.478824 0.064878 0.082359 0.111193
0 0.526945 0.337727 0.075094 0.103370
0 0.590955 0.276464 0.089895 0.121698
0 0.753662 0.807932 0.069566 0.086833
0 0.323975 0.394906 0.079770 0.099125
0 0.222871 0.280888 0.071383 0.089068
0 0.787854 0.715893 0.071191 0.094599
0 0.547520 0.724706 0.086078 0.107255
0 0.126053 0.489966 0.076324 0.091984
0 0.559281 0.966195 0.071742 0.067609
0 0.178520 0.871307 0.074008 0.093552
0 0.685693 0.460174 0.073465 0.098766
0 0.712709 0.219385 0.075098 0.094427
0 0.931691 0.666924 0.074672 0.106297
0 0.901641 0.388253 0.082203 0.105328
0 0.768037 0.365505 0.074574 0.095469
0 0.518115 0.189247 0.078254 0.103891
0 0.846219 0.818677 0.076180 0.102948
0 0.647166 0.961177 0.079957 0.077646
0 0.152512 0.587818 0.092195 0.110885
0 0.337928 0.876935 0.071527 0.084599
0 0.095723 0.699781 0.079594 0.090958
0 0.410395 0.667815 0.083578 0.099453
0 0.022180 0.853302 0.043953 0.090104
0 0.103633 0.968445 0.083094 0.063109
0 0.899650 0.029935 0.077621 0.059870
0 0.917422 0.971047 0.079109 0.057406
0 0.705793 0.963562 0.066336 0.072490
0 0.241016 0.993224 0.064266 0.013333
0 0.670668 0.885656 0.081164 0.086625
0 0.571111 0.014026 0.066590 0.028052
0 0.970891 0.031919 0.058219 0.063714
0 0.020145 0.665487 0.040273 0.106568
0 0.836855 0.892315 0.076453 0.093516
0 0.915863 0.161070 0.077758 0.106891
0 0.329133 0.642003 0.077664 0.090005
0 0.618578 0.059068 0.078492 0.101625
0 0.824881 0.293573 0.082043 0.116156
0 0.612396 0.518932 0.071949 0.093750
0 0.772197 0.474122 0.102629 0.128859
0 0.395871 0.436654 0.065883 0.089714
0 0.961156 0.855099 0.062508 0.082031
0 0.856805 0.693745 0.070109 0.099750
0 0.260494 0.092362 0.080746 0.115432
0 0.166320 0.414771 0.068289 0.095135
0 0.148959 0.259458 0.071598 0.095615
0 0.963242 0.242417 0.073516 0.113875
0 0.271791 0.882560 0.076949 0.128661
0 0.841053 0.162214 0.075176 0.100292
0 0.233631 0.940310 0.080840 0.092224
0 0.421068 0.939940 0.079871 0.099818
0 0.527322 0.816482 0.075668 0.093401
