0 0.914689 0.962948 0.080051 0.074104
0 0.921025 0.547370 0.076082 0.095854
2 0.427609 0.617464 0.074086 0.108615
0 0.713725 0.384445 0.067801 0.090276
0 0.005475 0.139125 0.009934 0.095896
0 0.837008 0.010698 0.058875 0.021396
0 0.542521 0.982685 0.077434 0.033380
0 0.552297 0.612758 0.080609 0.095391
0 0.053182 0.851628 0.075598 0.109380
0 0.759502 0.984888 0.075324 0.030224
0 0.184078 0.990922 0.085484 0.018156
0 0.017654 0.986961 0.035309 0.026078
0 0.477547 0.984492 0.088664 0.026193
0 0.160049 0.010573 0.081348 0.021146
0 0.037182 0.111773 0.070348 0.138203
0 0.015297 0.397344 0.030594 0.091573
0 0.293814 0.973315 0.081504 0.053370
0 0.184693 0.901687 0.084238 0.102323
0 0.086281 0.510805 0.070742 0.094443
0 0.849854 0.057555 0.080785 0.103068
0 0.433664 0.951299 0.071742 0.097401
0 0.795449 0.635526 0.071695 0.093948
0 0.024789 0.299120 0.049578 0.117687
0 0.323014 0.135966 0.083395 0.104099
0 0.242654 0.765318 0.083457 0.090052
0 0.227393 0.714016 0.082973 0.091677
0 0.860256 0.650286 0.070910 0.095781
0 0.549773 0.861141 0.069602 0.112563
0 0.928561 0.231187 0.075793 0.104635
0 0.823572 0.306857 0.079504 0.096599
0 0.360898 0.364786 0.080516 0.103760
0 0.634348 0.153526 0.060891 0.087125
0 0.836908 0.468508 0.076809 0.106151
0 0.239820 0.950427 0.073266 0.094917
0 0.310500 0.835935 0.087336 0.106380
0 0.829967 0.966273 0.074051 0.067453
0 0.437799 0.100557 0.076879 0.090729
0 0.585041 0.451357 0.078480 0.101974
0 0.803842 0.383818 0.070676 0.088677
0 0.790430 0.691714 0.085422 0.089990
0 0.718221 0.197112 0.092645 0.111807
0 0.143393 0.212667 0.069129 0.121385
0 0.871482 0.812138 0.076879 0.089807
0 0.119480 0.062766 0.079570 0.101135
0 0.544674 0.522826 0.078051 0.100828
0 0.733412 0.296734 0.075840 0.105198
0 0.730717 0.082560 0.079551 0.104849
0 0.919383 0.328388 0.081914 0.108609
0 0.174551 0.140971 0.075500 0.087443
0 0.190594 0.056482 0.084109 0.091589
0 0.429396 0.496794 0.072840 0.115297
0 0.597631 0.043935 0.078293 0.087870
0 0.032307 0.469255 0.064613 0.106906
0 0.083365 0.210599 0.070043 0.095958
0 0.633902 0.691568 0.076227 0.091812
0 0.955533 0.889346 0.067355 0.098328
0 0.091174 0.298596 0.075387 0.094776
0 0.593463 0.792021 0.076035 0.104062
0 0.780797 0.042464 0.067445 0.084927
0 0.708803 0.697690 0.080473 0.112932
0 0.442326 0.264521 0.083035 0.085281
0 0.518410 0.078049 0.076789 0.120016
0 0.579910 0.124047 0.074227 0.093854
0 0.173275 0.339758 0.078895 0.105380
0 0.228047 0.616539 0.079102 0.128182
0 0.354848 0.579612 0.077266 0.096536
0 0.267766 0.420417 0.078859 0.094229
0 0.359266 0.206625 0.078695 0.097365
0 0.570129 0.949849 0.068352 0.086760
0 0.250330 0.506841 0.092410 0.097297
0 0.517828 0.308143 0.075766 0.093870
0 0.942596 0.797711 0.080543 0.096141
0 0.275592 0.574693 0.082285 0.102125
0 0.475123 0.440664 0.080434 0.104766
0 0.647129 0.612052 0.076898 0.093479
0 0.071916 0.598909 0.074934 0.101651
0 0.051150 0.378195 0.077277 0.112276
0 0.030900 0.644917 0.061504 0.101979
0 0.943482 0.703888 0.073691 0.104422
0 0.371412 0.786096 0.086035 0.108099
0 0.576957 0.246747 0.072687 0.104797
0 0.933627 0.413268 0.078238 0.088536
0 0.037213 0.559242 0.074426 0.096016
0 0.166775 0.654641 0.077355 0.106750
0 0.854549 0.262448 0.073996 0.088010
0 0.668645 0.530893 0.072258 0.104911
0 0.140086 0.575786 0.073687 0.099292
0 0.482631 0.674195 0.067926 0.092099
0 0.878455 0.730872 0.077691 0.089953
0 0.984895 0.680354 0.030211 0.113937
0 0.642104 0.281003 0.078738 0.094641
0 0.645008 0.369328 0.074742 0.099417
0 0.145992 0.485591 0.066305 0.094401
0 0.614264 0.879724 0.075293 0.085854
0 0.881332 0.120859 0.077711 0.111865
0 0.659959 0.078216 0.067738 0.098161
0 0.260941 0.334242 0.073359 0.092276
0 0.542588 0.734734 0.075973 0.102479
0 0.480320 0.561482 0.072648 0.104307
0 0.492287 0.905154 0.070824 0.101620
0 0.963686 0.485555 0.071871 0.095297
0 0.109967 0.975839 0.079027 0.048323
0 0.970441 0.024651 0.059117 0.049104
0 0.726521 0.588203 0.070035 0.098781
0 0.084289 0.897638 0.074852 0.088432
0 0.842539 0.180013 0.090664 0.093297
0 0.889086 0.892148 0.074922 0.096828
0 0.153764 0.740734 0.075480 0.096958
0 0.093629 0.127208 0.073352 0.098208
0 0.454465 0.348281 0.075945 0.102979
0 0.784309 0.529445 0.070930 0.112672
0 0.443889 0.182641 0.081996 0.095906
0 0.993418 0.928826 0.011672 0.107203
0 0.706607 0.988305 0.078340 0.021328
0 0.204123 0.216466 0.074793 0.094995
0 0.465322 0.034919 0.076941 0.069161
0 0.976715 0.211974 0.044891 0.094365
0 0.009639 0.858760 0.019277 0.092969
0 0.175777 0.815484 0.073766 0.087260
0 0.660781 0.018128 0.093898 0.035641
0 0.518566 0.013562 0.073203 0.026781
0 0.964217 0.172664 0.071457 0.108276
0 0.727479 0.944948 0.068996 0.088792
0 0.986021 0.838885 0.027957 0.106917
0 0.123811 0.399661 0.090105 0.096417
0 0.361139 0.084661 0.078559 0.075854
0 0.064980 0.970688 0.068852 0.058625
0 0.938576 0.096630 0.066145 0.093438
0 0.366643 0.500747 0.076910 0.102068
0 0.623582 0.965102 0.082742 0.069797
0 0.509439 0.216326 0.076441 0.111974
0 0.257840 0.027896 0.062617 0.055792
0 0.016016 0.049185 0.032031 0.098370
0 0.026219 0.933727 0.052031 0.092599
0 0.350668 0.039841 0.093102 0.079682
0 0.208535 0.277206 0.085461 0.093839
0 0.899176 0.027992 0.083719 0.055984
0 0.975895 0.081690 0.048211 0.091557
0 0.189572 0.500651 0.074098 0.105354
0 0.325201 0.312318 0.073801 0.102323
0 0.676539 0.815477 0.071359 0.099807
