0 0.996065 0.681588 0.007516 0.105991
0 0.418344 0.624921 0.078594 0.220306
4 0.415901 0.362676 0.083667 0.120241
0 0.252354 0.571329 0.100937 0.118639
4 0.379727 0.761968 0.108734 0.180343
0 0.991315 0.814250 0.017089 0.132093
0 0.415797 0.450097 0.090729 0.117509
0 0.041659 0.262662 0.082057 0.149694
0 0.637740 0.934157 0.081906 0.130519
0 0.892437 0.336995 0.078865 0.139417
0 0.777995 0.754486 0.078563 0.138287
0 0.970232 0.931343 0.059536 0.132019
0 0.076896 0.136120 0.075479 0.127778
0 0.153677 0.570301 0.079146 0.124046
0 0.543987 0.726477 0.081130 0.129657
0 0.538708 0.252801 0.076906 0.198676
0 0.964107 0.729944 0.066943 0.126222
0 0.973268 0.358255 0.052109 0.133509
0 0.870573 0.640551 0.078427 0.136139
0 0.034026 0.501653 0.067219 0.141120
0 0.353865 0.091958 0.070958 0.111120
0 0.232865 0.625704 0.085594 0.126556
0 0.896547 0.758056 0.078833 0.157981
0 0.627276 0.365833 0.092990 0.141296
0 0.820505 0.389731 0.063313 0.152574
0 0.503500 0.867634 0.100917 0.122250
0 0.482612 0.554278 0.074995 0.135296
0 0.793750 0.886852 0.077219 0.124444
0 0.432169 0.156931 0.080141 0.174935
0 0.233130 0.343801 0.076740 0.124787
0 0.140419 0.196620 0.068411 0.132630
0 0.497688 0.368037 0.076896 0.142519
0 0.657578 0.484755 0.085812 0.128454
0 0.937669 0.571398 0.078078 0.157759
0 0.410708 0.569718 0.074052 0.116806
0 0.741914 0.527278 0.073703 0.144019
0 0.784714 0.283222 0.088021 0.135833
0 0.590359 0.565778 0.067667 0.135037
0 0.166268 0.333250 0.068776 0.141759
0 0.489557 0.944611 0.075104 0.105111
0 0.167534 0.484727 0.073255 0.151880
0 0.322802 0.461435 0.067688 0.126778
0 0.209049 0.213894 0.078255 0.141472
0 0.093841 0.517579 0.075839 0.165898
0 0.438503 0.675208 0.099797 0.128602
0 0.040141 0.059907 0.080135 0.113241
0 0.885120 0.447676 0.067396 0.152593
0 0.597732 0.697375 0.086672 0.134398
0 0.348740 0.353421 0.079490 0.146176
0 0.935557 0.883708 0.081281 0.155120
0 0.362747 0.200079 0.066714 0.149472
0 0.673771 0.584671 0.077760 0.117583
0 0.815161 0.528106 0.074281 0.147639
0 0.422643 0.254333 0.072089 0.157685
0 0.395719 0.036616 0.083031 0.073231
0 0.856880 0.962815 0.075667 0.074370
0 0.119010 0.049426 0.072354 0.098852
0 0.401492 0.901907 0.099109 0.134333
0 0.247432 0.483856 0.097146 0.147843
0 0.334979 0.659907 0.078125 0.131500
0 0.848344 0.786630 0.067333 0.121426
0 0.308813 0.028083 0.081615 0.056167
0 0.937229 0.396968 0.063615 0.198769
0 0.557521 0.420866 0.068115 0.180065
0 0.983943 0.489676 0.031021 0.184222
0 0.701865 0.371755 0.074865 0.184306
0 0.078292 0.392759 0.093854 0.146407
0 0.304990 0.162032 0.059823 0.200528
0 0.263953 0.196296 0.059854 0.172593
0 0.196055 0.080782 0.081391 0.139231
0 0.724057 0.945986 0.068198 0.106046
0 0.450281 0.806861 0.081656 0.179407
0 0.339461 0.556597 0.079901 0.132083
0 0.251604 0.057764 0.069458 0.115528
0 0.757812 0.363491 0.092729 0.172981
0 0.541159 0.976102 0.080214 0.047796
0 0.781664 0.963667 0.080359 0.068500
0 0.472154 0.131449 0.081974 0.171269
0 0.294836 0.728440 0.081078 0.138583
0 0.606380 0.244079 0.080698 0.146046
0 0.696258 0.242306 0.090401 0.143815
0 0.683443 0.705921 0.080948 0.142194
