0 0.633766 0.260361 0.087896 0.144333
0 0.471430 0.965456 0.097380 0.069032
1 0.398978 0.104234 0.089268 0.149014
1 0.428337 0.625433 0.089805 0.148532
0 0.992380 0.300292 0.014990 0.138620
0 0.032178 0.593079 0.064357 0.163713
0 0.971091 0.821472 0.057818 0.139231
0 0.009775 0.774708 0.019378 0.156287
0 0.357880 0.031194 0.092208 0.062389
0 0.014803 0.323134 0.028383 0.175472
0 0.740309 0.962701 0.097044 0.074495
0 0.751492 0.407968 0.113396 0.134500
0 0.204214 0.943417 0.096875 0.113167
0 0.138236 0.738343 0.089695 0.144269
0 0.539163 0.792787 0.079924 0.165176
0 0.073042 0.758965 0.084823 0.144199
0 0.787176 0.236023 0.089628 0.150250
0 0.470699 0.738282 0.084117 0.154991
0 0.220941 0.737495 0.109023 0.150972
0 0.020061 0.909157 0.039690 0.136685
0 0.018605 0.058289 0.037211 0.116579
0 0.097276 0.079977 0.075641 0.153472
0 0.178632 0.842648 0.089602 0.146657
0 0.479832 0.102472 0.074799 0.147380
0 0.182897 0.206625 0.081451 0.140361
0 0.444314 0.869067 0.091477 0.143681
0 0.761582 0.057130 0.107060 0.110935
0 0.488326 0.546787 0.104578 0.141176
0 0.326163 0.903569 0.097461 0.163389
0 0.594465 0.874000 0.067945 0.174509
0 0.390954 0.737451 0.084737 0.157671
0 0.158376 0.080074 0.079789 0.157565
0 0.632318 0.064160 0.080339 0.124449
0 0.551434 0.115368 0.083279 0.141968
0 0.285812 0.052565 0.087177 0.100926
0 0.437161 0.239648 0.077625 0.158500
0 0.678219 0.170843 0.088120 0.153213
0 0.254810 0.145826 0.081594 0.149662
0 0.513353 0.287917 0.093508 0.162343
0 0.662652 0.951444 0.079794 0.097111
0 0.429103 0.468919 0.094701 0.153588
0 0.714419 0.297896 0.084333 0.146144
0 0.400025 0.365176 0.096753 0.149907
0 0.580016 0.601354 0.087906 0.152588
0 0.978419 0.436206 0.042818 0.150319
0 0.143068 0.600373 0.093964 0.156412
0 0.045243 0.272993 0.075352 0.144644
0 0.040654 0.144826 0.081031 0.141218
0 0.976030 0.938653 0.047919 0.122250
0 0.889546 0.954861 0.095492 0.090278
0 0.314379 0.757102 0.087268 0.147315
0 0.063185 0.409153 0.085542 0.141120
0 0.558270 0.461882 0.089289 0.155792
0 0.123414 0.289903 0.096969 0.152343
0 0.253508 0.482400 0.091276 0.146634
0 0.228465 0.312204 0.084143 0.137380
0 0.863688 0.495521 0.088135 0.144310
0 0.653824 0.461729 0.091440 0.152116
0 0.647978 0.693477 0.096466 0.171463
0 0.920384 0.064528 0.090315 0.129056
0 0.218883 0.577081 0.089958 0.163088
0 0.961717 0.154391 0.075451 0.134542
0 0.313531 0.323961 0.089948 0.147412
1 0.820156 0.120822 0.092146 0.138699
0 0.086977 0.896102 0.094844 0.136037
0 0.961293 0.564002 0.077414 0.153171
0 0.710370 0.869509 0.084396 0.155407
0 0.896568 0.234120 0.092240 0.160019
0 0.920816 0.401266 0.090544 0.147125
0 0.964988 0.693148 0.070023 0.141991
0 0.768189 0.518162 0.096044 0.149731
0 0.746151 0.658484 0.095042 0.158838
0 0.859423 0.855558 0.090378 0.154671
0 0.782053 0.839065 0.084471 0.149463
