0 0.967536 0.016127 0.064927 0.031162
0 0.657194 0.015817 0.097310 0.030856
0 0.096612 0.017160 0.099339 0.033588
0 0.560486 0.036500 0.098419 0.073000
0 0.983454 0.660363 0.033091 0.138921
0 0.176939 0.045875 0.080096 0.090491
0 0.978995 0.097715 0.041672 0.159560
0 0.021225 0.547007 0.042451 0.165995
0 0.979139 0.920641 0.041721 0.149792
0 0.573117 0.278269 0.078578 0.126380
0 0.027721 0.774336 0.055443 0.156431
0 0.048477 0.914535 0.083958 0.135579
0 0.112221 0.748164 0.082536 0.169125
0 0.661047 0.790014 0.084687 0.123296
0 0.522591 0.762773 0.074792 0.171417
0 0.038878 0.416081 0.077755 0.139292
0 0.054462 0.088030 0.083576 0.154690
0 0.623444 0.587991 0.071555 0.113796
3 0.423888 0.194750 0.071104 0.124259
0 0.123738 0.915870 0.085253 0.150944
0 0.186768 0.511343 0.084677 0.138065
0 0.944267 0.789477 0.077518 0.161991
0 0.803092 0.440132 0.094523 0.129560
0 0.281211 0.730738 0.077703 0.137014
0 0.267708 0.360042 0.078411 0.144935
0 0.856449 0.100514 0.087430 0.155019
0 0.874654 0.686537 0.098505 0.149315
0 0.269418 0.186368 0.078742 0.153579
0 0.779247 0.101970 0.083536 0.144560
0 0.972035 0.304250 0.055372 0.162194
0 0.535742 0.381373 0.077734 0.131079
0 0.732346 0.172456 0.085880 0.142569
0 0.605152 0.882690 0.081107 0.156889
0 0.482201 0.240102 0.077630 0.140731
0 0.792517 0.767162 0.087096 0.160426
0 0.398852 0.837419 0.085635 0.142551
0 0.321660 0.844132 0.081299 0.142745
0 0.826533 0.307097 0.084518 0.161481
0 0.087684 0.319310 0.084570 0.136500
0 0.298980 0.034137 0.083076 0.067208
0 0.208888 0.693720 0.084281 0.149273
0 0.179680 0.322257 0.086177 0.143810
0 0.441962 0.593049 0.081508 0.144847
0 0.321070 0.616440 0.099417 0.165648
0 0.703862 0.888072 0.082646 0.145218
0 0.504230 0.096495 0.085091 0.152574
0 0.272658 0.499917 0.083695 0.146148
0 0.087521 0.475000 0.088203 0.152972
0 0.744878 0.306273 0.089755 0.136241
0 0.742698 0.538245 0.084901 0.139139
0 0.498033 0.514243 0.079091 0.140634
0 0.961469 0.438539 0.077063 0.143125
0 0.928145 0.149444 0.085237 0.147981
0 0.613611 0.696354 0.088122 0.141829
0 0.908750 0.936389 0.089297 0.127222
0 0.355305 0.966331 0.087578 0.067208
0 0.349151 0.282729 0.083484 0.149690
0 0.813012 0.585028 0.082846 0.162463
0 0.571242 0.498493 0.088370 0.144579
0 0.913592 0.538720 0.080513 0.140532
0 0.874639 0.819187 0.083919 0.145264
0 0.416422 0.357984 0.082828 0.142014
0 0.583107 0.146602 0.093995 0.157194
0 0.740714 0.969715 0.090792 0.059681
0 0.671875 0.475067 0.085781 0.140597
0 0.527393 0.914150 0.094005 0.159356
0 0.615370 0.339373 0.093922 0.153458
0 0.141997 0.200664 0.083943 0.162606
0 0.701358 0.658644 0.081596 0.149880
0 0.450448 0.736407 0.083724 0.150194
0 0.190414 0.830961 0.092094 0.149644
