0 0.818224 0.601144 0.084380 0.141685
0 0.682030 0.112630 0.085794 0.141806
0 0.533732 0.727449 0.082651 0.149972
0 0.328083 0.800961 0.096677 0.151162
0 0.828674 0.973248 0.091917 0.052190
0 0.282523 0.968123 0.087068 0.063755
1 0.471323 0.781926 0.085438 0.147463
0 0.673582 0.023532 0.087378 0.047065
0 0.722491 0.277669 0.100763 0.183616
0 0.030316 0.955764 0.060633 0.088472
0 0.382171 0.953894 0.087372 0.090611
0 0.020060 0.041706 0.040120 0.083412
0 0.243478 0.913282 0.096539 0.148630
0 0.351730 0.886269 0.091763 0.141861
0 0.751875 0.147275 0.096109 0.140292
0 0.780581 0.380174 0.088594 0.183551
0 0.714569 0.412803 0.106841 0.155394
0 0.430592 0.880296 0.087326 0.164676
0 0.176104 0.923190 0.095219 0.153620
0 0.896805 0.570449 0.108214 0.137194
0 0.895940 0.697824 0.104026 0.160944
0 0.746504 0.048255 0.088867 0.096509
0 0.655152 0.599655 0.092648 0.134032
0 0.590031 0.255208 0.084682 0.155269
0 0.591284 0.843062 0.084896 0.165542
0 0.488878 0.166884 0.089568 0.155130
0 0.714484 0.535648 0.089703 0.138269
0 0.151234 0.069155 0.082656 0.137801
0 0.791906 0.236741 0.082130 0.156602
0 0.316685 0.664720 0.098203 0.139153
0 0.090398 0.935674 0.083557 0.128653
0 0.669863 0.236067 0.090482 0.150273
0 0.639342 0.466731 0.086529 0.137843
0 0.922819 0.339683 0.090096 0.152088
0 0.843238 0.887910 0.088414 0.139745
0 0.828263 0.751120 0.090630 0.157759
0 0.320708 0.449660 0.089651 0.119366
0 0.244973 0.794477 0.085643 0.149991
0 0.355596 0.237174 0.098818 0.132745
0 0.522366 0.404750 0.086148 0.128259
0 0.398234 0.473833 0.084417 0.136472
0 0.449607 0.264296 0.081823 0.138361
0 0.314613 0.335910 0.087367 0.129264
0 0.634599 0.715097 0.095724 0.146519
0 0.398493 0.347965 0.087456 0.134440
0 0.468693 0.652917 0.082844 0.132519
0 0.863117 0.250509 0.091630 0.159704
0 0.817535 0.478104 0.095784 0.128579
0 0.503867 0.932877 0.086458 0.134245
0 0.849734 0.377773 0.094089 0.150343
0 0.546078 0.129799 0.077198 0.190958
0 0.903057 0.452852 0.095510 0.125981
0 0.638467 0.344227 0.092716 0.125435
0 0.405727 0.608873 0.087318 0.157255
0 0.744010 0.634072 0.081396 0.133023
0 0.611406 0.120266 0.078927 0.172736
0 0.076419 0.059093 0.081214 0.117935
0 0.827557 0.125164 0.075250 0.133847
0 0.566185 0.635470 0.088854 0.160597
0 0.705195 0.910213 0.082505 0.165000
0 0.345180 0.558762 0.096906 0.136958
0 0.459357 0.054301 0.084661 0.107250
0 0.239719 0.256181 0.091609 0.132250
0 0.773936 0.922419 0.075820 0.151801
0 0.520945 0.286882 0.070802 0.127144
