0 0.028551 0.381289 0.057102 0.196171
0 0.675896 0.093882 0.108875 0.147347
0 0.858957 0.077595 0.111789 0.154384
1 0.219132 0.643373 0.091023 0.161227
0 0.178841 0.724921 0.083307 0.149935
0 0.037504 0.230914 0.074784 0.123856
0 0.413260 0.974130 0.098036 0.051509
0 0.945846 0.064789 0.108307 0.126347
0 0.439154 0.023553 0.071042 0.046894
0 0.658402 0.031505 0.117076 0.063009
0 0.097947 0.051363 0.092581 0.102190
0 0.105177 0.164299 0.087135 0.135181
0 0.546336 0.127924 0.088167 0.168208
0 0.089233 0.563762 0.083633 0.135301
0 0.993449 0.034498 0.013102 0.068995
0 0.282320 0.980333 0.097839 0.036074
0 0.776007 0.094405 0.112107 0.134005
0 0.770680 0.041519 0.126266 0.082583
0 0.982061 0.117873 0.035878 0.151690
0 0.186133 0.209160 0.086932 0.131495
0 0.398901 0.092257 0.073177 0.155495
0 0.051549 0.475289 0.085458 0.132079
0 0.468940 0.111574 0.077948 0.155639
0 0.331832 0.071593 0.082060 0.141935
0 0.136048 0.630428 0.088263 0.169486
0 0.718090 0.193523 0.087810 0.163750
0 0.282872 0.095718 0.091500 0.172583
0 0.118177 0.291065 0.102063 0.152111
0 0.182043 0.086014 0.106107 0.148241
0 0.794389 0.189863 0.080904 0.135440
0 0.625094 0.149970 0.082594 0.140060
0 0.927928 0.148194 0.085435 0.140954
0 0.094689 0.374141 0.094112 0.147097
0 0.201734 0.327137 0.106505 0.138356
0 0.661353 0.240148 0.082430 0.133241
0 0.864471 0.208083 0.091177 0.143463
0 0.578747 0.055676 0.087635 0.111120
0 0.211767 0.925162 0.078174 0.148111
0 0.137583 0.475049 0.093240 0.168625
0 0.356434 0.714690 0.088565 0.148963
0 0.390419 0.794338 0.099651 0.133537
0 0.226779 0.792030 0.101349 0.157514
0 0.217641 0.421972 0.111370 0.123380
0 0.391647 0.905833 0.094935 0.132287
0 0.331400 0.917912 0.092878 0.164176
0 0.277281 0.603030 0.085714 0.174486
0 0.302596 0.769252 0.094937 0.175884
0 0.267284 0.899025 0.087688 0.174292
0 0.217926 0.040556 0.104742 0.081111
0 0.219868 0.518164 0.096982 0.127218
0 0.040060 0.101484 0.079922 0.151995
0 0.263492 0.217299 0.087417 0.165032
0 0.506111 0.039706 0.079456 0.079412
0 0.324493 0.630255 0.077003 0.144583
