0 0.004608 0.377400 0.009216 0.155912
0 0.985792 0.793856 0.028417 0.142093
0 0.440135 0.979079 0.084292 0.038759
0 0.887359 0.975086 0.064448 0.044116
1 0.821829 0.946426 0.083091 0.100435
1 0.657743 0.038725 0.083581 0.077449
1 0.266172 0.868894 0.071896 0.148352
0 0.167566 0.032250 0.082878 0.062704
1 0.289068 0.061933 0.082844 0.120338
0 0.988766 0.645650 0.022469 0.170495
1 0.850173 0.585775 0.088773 0.165866
1 0.674165 0.952287 0.075727 0.091944
0 0.509279 0.639312 0.073016 0.151495
1 0.351632 0.190787 0.078753 0.140648
1 0.804173 0.369384 0.082826 0.147204
1 0.818684 0.063058 0.074909 0.122255
0 0.361005 0.972859 0.086661 0.051866
1 0.667408 0.244512 0.086117 0.116681
1 0.936301 0.178144 0.076669 0.151472
0 0.095760 0.021481 0.073865 0.042963
0 0.839267 0.469259 0.085352 0.171611
0 0.160051 0.463574 0.082122 0.157556
1 0.203154 0.795206 0.083823 0.151181
0 0.953393 0.705799 0.068589 0.143903
0 0.082698 0.971498 0.074609 0.056023
1 0.358647 0.390956 0.079799 0.144440
0 0.228000 0.048549 0.064380 0.093866
0 0.195973 0.914933 0.102747 0.146532
0 0.489387 0.492692 0.083154 0.121292
0 0.887241 0.029442 0.085372 0.058884
1 0.454302 0.376986 0.080297 0.139074
0 0.872393 0.142451 0.079188 0.151931
1 0.573898 0.456160 0.076062 0.158208
0 0.498128 0.058924 0.071391 0.114236
0 0.437021 0.065141 0.086682 0.129838
0 0.146418 0.096074 0.083753 0.145380
0 0.717816 0.061354 0.087716 0.122708
0 0.965441 0.585664 0.069117 0.149551
0 0.775790 0.480407 0.071930 0.138694
0 0.409784 0.131704 0.078438 0.156046
0 0.691638 0.149616 0.093708 0.128370
0 0.965434 0.848854 0.068607 0.165421
0 0.726480 0.442639 0.077643 0.145898
0 0.893720 0.685745 0.068591 0.146602
0 0.683169 0.341171 0.077099 0.163176
0 0.662755 0.690588 0.076057 0.144917
0 0.776533 0.158581 0.085456 0.133690
0 0.527148 0.180157 0.074646 0.154102
0 0.563492 0.076657 0.071010 0.146241
0 0.158082 0.235046 0.094508 0.147296
0 0.125866 0.318201 0.082331 0.161134
0 0.379371 0.289042 0.102904 0.164620
0 0.610211 0.166294 0.080823 0.150060
0 0.816651 0.721296 0.070880 0.128083
0 0.645941 0.463891 0.078805 0.163931
0 0.909201 0.387928 0.080516 0.143625
0 0.040125 0.131218 0.077073 0.127870
0 0.026333 0.042787 0.052531 0.084944
0 0.023883 0.956722 0.047370 0.083926
0 0.019553 0.808463 0.039107 0.148407
0 0.290355 0.189796 0.069945 0.151296
0 0.454576 0.582023 0.075495 0.117796
0 0.752824 0.774398 0.079669 0.153046
0 0.961250 0.290597 0.077193 0.140944
0 0.951603 0.954164 0.077154 0.090449
0 0.234924 0.262706 0.076937 0.156764
0 0.594599 0.759762 0.083438 0.131644
0 0.613583 0.948194 0.077755 0.100870
0 0.579672 0.623961 0.082818 0.159347
0 0.680147 0.840097 0.081393 0.141796
0 0.740857 0.946699 0.075193 0.104565
0 0.269078 0.509921 0.078406 0.136685
0 0.330648 0.853771 0.076182 0.147764
0 0.039555 0.320870 0.077344 0.147759
0 0.038944 0.569051 0.077888 0.138630
0 0.322754 0.716324 0.081680 0.148074
0 0.549172 0.847972 0.090370 0.144361
0 0.078345 0.624981 0.072232 0.147574
0 0.404103 0.822252 0.080977 0.145745
0 0.960630 0.062551 0.078531 0.125102
0 0.503464 0.936030 0.086000 0.127829
0 0.049975 0.446618 0.085794 0.130023
0 0.127536 0.844771 0.078536 0.162199
0 0.366753 0.522336 0.076214 0.134005
0 0.058552 0.850396 0.069177 0.164051
