1 0.507234 0.875454 0.092979 0.157935
1 0.501521 0.380019 0.094323 0.184306
0 0.977661 0.573447 0.044672 0.181523
0 0.077053 0.064639 0.083716 0.129278
0 0.117315 0.574882 0.091901 0.139745
0 0.327548 0.500396 0.102086 0.152319
0 0.133729 0.428942 0.086036 0.152847
0 0.025073 0.913387 0.049917 0.141801
0 0.616346 0.425042 0.097292 0.134861
0 0.168354 0.311801 0.072589 0.129454
0 0.793815 0.054951 0.088635 0.109903
0 0.093243 0.916792 0.087956 0.146593
0 0.579714 0.092528 0.074625 0.147037
0 0.025936 0.376868 0.051357 0.141727
0 0.058370 0.479986 0.078698 0.136352
0 0.627358 0.892627 0.088633 0.170366
0 0.455270 0.105431 0.086664 0.144509
0 0.401411 0.894285 0.088109 0.142394
0 0.106725 0.238317 0.093180 0.179412
0 0.221738 0.685303 0.078951 0.147134
0 0.826895 0.437023 0.109602 0.143806
0 0.185747 0.134722 0.090979 0.157074
0 0.488887 0.678484 0.098753 0.172801
0 0.239563 0.238748 0.076474 0.136523
0 0.279984 0.401211 0.087500 0.147579
0 0.692632 0.328097 0.082940 0.160222
0 0.131783 0.800169 0.099482 0.147181
0 0.678289 0.741780 0.090219 0.152282
0 0.229165 0.843674 0.084581 0.156801
0 0.199077 0.538338 0.081638 0.141843
0 0.706934 0.086741 0.092159 0.166963
0 0.829497 0.567905 0.090563 0.151588
0 0.484595 0.227155 0.094398 0.141514
0 0.957629 0.482259 0.084669 0.168278
0 0.962184 0.299773 0.075633 0.147241
0 0.613327 0.285032 0.089685 0.161870
0 0.745548 0.646921 0.087706 0.154398
0 0.805908 0.173243 0.100826 0.136755
0 0.860151 0.910481 0.086229 0.158991
0 0.341462 0.253845 0.090404 0.153023
0 0.317934 0.844294 0.082763 0.150745
0 0.846898 0.704016 0.078542 0.144958
0 0.395336 0.739808 0.086281 0.160245
0 0.927549 0.709868 0.085203 0.157569
0 0.259168 0.961662 0.087477 0.070389
0 0.678596 0.955868 0.086557 0.088264
0 0.755484 0.961662 0.078271 0.073667
1 0.892651 0.079639 0.094026 0.159278
1 0.078461 0.691299 0.086682 0.152792
1 0.946790 0.844259 0.083945 0.137157
1 0.571150 0.754611 0.085992 0.166750
1 0.804221 0.312248 0.100130 0.152606
0 0.637621 0.046502 0.091159 0.083653
0 0.179057 0.036678 0.098526 0.060736
0 0.397289 0.043227 0.093000 0.080380
1 0.416053 0.464919 0.090034 0.175190
1 0.293086 0.613363 0.080781 0.136421
0 0.987224 0.176495 0.025552 0.155139
0 0.023053 0.596822 0.046107 0.170856
0 0.638652 0.530947 0.086508 0.175616
0 0.985772 0.054850 0.026633 0.108060
1 0.713969 0.497389 0.087500 0.156481
0 0.992223 0.823588 0.015414 0.167528
