0 0.965973 0.011008 0.068055 0.022016
0 0.679096 0.425680 0.072895 0.095391
0 0.970088 0.321419 0.059145 0.099724
0 0.857361 0.530844 0.071676 0.087760
0 0.516102 0.824370 0.065227 0.090771
0 0.820467 0.089076 0.070043 0.092911
0 0.312172 0.983633 0.067383 0.032734
0 0.681125 0.561047 0.069055 0.094437
0 0.208086 0.055859 0.073609 0.084781
0 0.607211 0.069372 0.087992 0.099505
0 0.087549 0.344841 0.072449 0.107703
0 0.670072 0.843516 0.074457 0.093917
0 0.877848 0.949922 0.087320 0.097427
0 0.018602 0.623878 0.037203 0.088089
0 0.324338 0.126010 0.068301 0.083458
0 0.065393 0.101026 0.072457 0.085760
0 0.035633 0.694357 0.071266 0.086984
0 0.802061 0.869401 0.069160 0.095010
0 0.673301 0.252107 0.077547 0.098464
0 0.249416 0.768518 0.079527 0.101214
0 0.991281 0.748258 0.017437 0.093630
0 0.005256 0.753263 0.010426 0.078943
0 0.728145 0.856497 0.062609 0.111370
0 0.484988 0.985555 0.073070 0.028891
0 0.070389 0.523604 0.066980 0.112563
0 0.910234 0.043828 0.080898 0.087656
0 0.139027 0.083302 0.066258 0.092385
1 0.443408 0.162953 0.070785 0.088187
0 0.789654 0.988193 0.067480 0.022229
0 0.967787 0.162758 0.063973 0.095755
1 0.417756 0.634143 0.078605 0.095776
0 0.245738 0.439034 0.076109 0.098651
0 0.921807 0.796060 0.076270 0.090703
0 0.906984 0.331602 0.075656 0.097109
0 0.279404 0.052831 0.067434 0.089870
0 0.544330 0.161120 0.075559 0.102510
0 0.776830 0.709281 0.069402 0.088781
0 0.041770 0.848086 0.071555 0.094422
0 0.003895 0.104294 0.007789 0.090203
0 0.514342 0.023206 0.066262 0.046411
0 0.180889 0.276539 0.080043 0.073641
0 0.591836 0.289456 0.070789 0.101255
0 0.874295 0.854794 0.075277 0.093724
0 0.738187 0.287409 0.063164 0.085870
0 0.748816 0.414388 0.071320 0.092172
0 0.338420 0.016888 0.074285 0.033776
0 0.409572 0.409862 0.080348 0.093130
0 0.045861 0.176346 0.081910 0.091880
0 0.715643 0.009880 0.067957 0.019760
0 0.232855 0.838805 0.081586 0.085870
0 0.138000 0.731773 0.068219 0.086786
0 0.641529 0.974161 0.081191 0.051677
0 0.453287 0.945792 0.064965 0.081698
0 0.904988 0.223440 0.069992 0.100286
0 0.973834 0.069078 0.052332 0.090875
0 0.529258 0.376318 0.059523 0.102802
0 0.828459 0.778896 0.058035 0.107844
0 0.234043 0.923792 0.075070 0.084354
0 0.035471 0.366758 0.070277 0.093130
0 0.209707 0.143557 0.073594 0.092833
0 0.788852 0.187359 0.063617 0.093198
0 0.094797 0.246987 0.074859 0.084464
0 0.023379 0.443451 0.045461 0.090286
0 0.933254 0.711982 0.088461 0.096495
0 0.694047 0.343391 0.075203 0.082448
0 0.657020 0.917464 0.085820 0.088125
0 0.525254 0.276398 0.067508 0.087214
0 0.072973 0.761648 0.060477 0.081141
0 0.147063 0.197076 0.062039 0.087984
0 0.342764 0.146536 0.081074 0.113156
0 0.230928 0.611573 0.067684 0.090302
0 0.300980 0.885076 0.070406 0.097349
0 0.459623 0.857260 0.080895 0.096813
0 0.305752 0.372036 0.082488 0.102010
0 0.833623 0.443279 0.072379 0.096974
0 0.913473 0.423865 0.075203 0.087375
0 0.931545 0.534852 0.071340 0.098318
0 0.127875 0.428599 0.082703 0.112396
0 0.463428 0.472576 0.072879 0.093714
0 0.837672 0.625125 0.080383 0.101125
0 0.066006 0.940599 0.062988 0.095771
0 0.477076 0.079922 0.077035 0.089396
0 0.302066 0.612937 0.075320 0.096625
0 0.190879 0.682448 0.072836 0.096135
0 0.023566 0.241281 0.047133 0.091719
0 0.751621 0.553591 0.073633 0.102224
0 0.375656 0.769883 0.074164 0.099776
0 0.468090 0.737937 0.072687 0.096865
0 0.568092 0.771643 0.077535 0.105318
0 0.631652 0.624615 0.075234 0.099677
0 0.469129 0.377599 0.064250 0.083729
0 0.521391 0.614138 0.079305 0.106682
0 0.265305 0.259674 0.073727 0.096380
0 0.958953 0.640422 0.075789 0.097042
0 0.418709 0.538628 0.075418 0.108172
0 0.025854 0.040164 0.051137 0.078932
0 0.202428 0.362417 0.066707 0.085385
0 0.378895 0.982391 0.066594 0.035167
0 0.407584 0.020997 0.064934 0.040870
0 0.139553 0.905810 0.076402 0.104651
0 0.704568 0.985990 0.071449 0.027344
0 0.738852 0.065237 0.070773 0.086016
0 0.216453 0.531133 0.076039 0.094443
0 0.080656 0.030115 0.064906 0.059927
0 0.370998 0.072049 0.068988 0.089005
0 0.680336 0.059664 0.072797 0.095453
0 0.938230 0.976951 0.073344 0.046099
0 0.562883 0.978859 0.072672 0.042281
0 0.017494 0.932276 0.034988 0.090479
0 0.192074 0.971102 0.074883 0.057797
0 0.723346 0.658167 0.067746 0.090865
0 0.372035 0.181464 0.069016 0.110479
0 0.195014 0.009310 0.075473 0.018620
0 0.019502 0.537107 0.038574 0.086661
0 0.395496 0.907336 0.063617 0.092068
0 0.355691 0.534214 0.069250 0.097906
0 0.988211 0.978068 0.022227 0.043542
0 0.804697 0.019008 0.077949 0.037214
0 0.765994 0.939714 0.079855 0.089000
0 0.561578 0.907839 0.073750 0.096542
0 0.380660 0.294898 0.076539 0.097161
0 0.721229 0.178456 0.072160 0.097161
0 0.631627 0.477391 0.079730 0.094625
0 0.595984 0.385201 0.073250 0.087849
0 0.110877 0.599372 0.073855 0.099391
