0 0.967599 0.797773 0.064802 0.143991
0 0.153716 0.733944 0.094135 0.159694
0 0.175487 0.611970 0.083911 0.142440
0 0.401009 0.227748 0.080029 0.133782
0 0.545444 0.476502 0.091362 0.149801
0 0.807695 0.538106 0.088307 0.149315
0 0.286786 0.457278 0.089036 0.152870
0 0.635007 0.522815 0.084398 0.149574
0 0.737867 0.855549 0.086807 0.150421
0 0.337340 0.313611 0.088263 0.146657
0 0.813643 0.308234 0.084422 0.168977
0 0.053681 0.577731 0.081581 0.134361
0 0.074750 0.929755 0.086729 0.138907
0 0.825199 0.888106 0.089471 0.158565
0 0.678831 0.211273 0.085448 0.146481
0 0.656022 0.822391 0.088159 0.158560
0 0.055484 0.157431 0.078839 0.142593
0 0.931672 0.950123 0.093875 0.099264
0 0.105361 0.323736 0.086201 0.139333
0 0.557624 0.840187 0.081409 0.127236
0 0.951125 0.286178 0.079411 0.143912
0 0.368454 0.645252 0.079888 0.151690
0 0.967957 0.083137 0.063773 0.152819
0 0.358322 0.509005 0.081529 0.146324
0 0.273702 0.583942 0.082930 0.125958
0 0.461053 0.471414 0.083888 0.152801
0 0.579453 0.208877 0.080469 0.175403
0 0.457259 0.937208 0.080539 0.124472
0 0.716005 0.958926 0.087151 0.079694
0 0.632993 0.946046 0.075591 0.107481
0 0.305465 0.685521 0.094216 0.137894
0 0.302934 0.793194 0.091159 0.125519
0 0.706124 0.639340 0.081352 0.149523
0 0.631190 0.658792 0.083052 0.146213
0 0.464001 0.675546 0.107419 0.153231
0 0.391944 0.398176 0.087935 0.148157
0 0.879461 0.215708 0.085932 0.135565
0 0.361848 0.053259 0.086049 0.105694
0 0.467819 0.811174 0.091305 0.145579
0 0.146734 0.948025 0.080875 0.102875
0 0.595727 0.366984 0.084641 0.153319
0 0.979457 0.386903 0.040586 0.147944
0 0.277600 0.870924 0.106003 0.160032
0 0.590448 0.044285 0.084990 0.087458
0 0.078962 0.055264 0.086195 0.109769
0 0.757255 0.392750 0.077234 0.141880
0 0.944392 0.674361 0.087081 0.160213
0 0.092508 0.808919 0.087583 0.146477
0 0.892025 0.807208 0.081956 0.134685
0 0.233056 0.348819 0.085086 0.142602
0 0.134701 0.445947 0.085552 0.137079
0 0.693013 0.077141 0.091422 0.150606
0 0.193000 0.135669 0.090885 0.155569
0 0.052388 0.452597 0.080833 0.134704
0 0.783757 0.727097 0.088206 0.145009
0 0.905298 0.485653 0.087445 0.150241
0 0.775391 0.175815 0.079458 0.141574
0 0.714786 0.502528 0.083964 0.143306
0 0.561104 0.723903 0.081130 0.127444
0 0.429319 0.570380 0.090008 0.146148
0 0.532243 0.303632 0.089081 0.137273
0 0.531513 0.075889 0.082427 0.142630
0 0.029229 0.248299 0.058135 0.151708
0 0.397728 0.960174 0.082398 0.077875
0 0.255510 0.951079 0.081818 0.096889
0 0.149464 0.039947 0.074922 0.079653
1 0.886432 0.344757 0.089755 0.156347
0 0.545322 0.591157 0.088310 0.142972
0 0.919927 0.022271 0.083578 0.043301
0 0.988421 0.211051 0.023076 0.164546
0 0.481897 0.018882 0.088591 0.036764
0 0.984743 0.568815 0.030513 0.146935
0 0.014487 0.914824 0.028854 0.156009
0 0.010169 0.751051 0.020193 0.146065
0 0.818456 0.027655 0.086823 0.055005
0 0.265706 0.026579 0.080844 0.051917
0 0.987014 0.018685 0.025971 0.035657
0 0.331995 0.984319 0.086672 0.028269
