0 0.743631 0.987620 0.110465 0.024760
0 0.012428 0.941404 0.024855 0.117193
0 0.190570 0.018891 0.111742 0.037781
0 0.810564 0.011383 0.115543 0.022766
0 0.986941 0.238536 0.025891 0.135365
0 0.980008 0.889411 0.039547 0.161469
0 0.287449 0.787521 0.115742 0.139229
0 0.917230 0.933503 0.104875 0.132995
0 0.987611 0.382854 0.024418 0.130312
0 0.042342 0.714273 0.084684 0.136974
0 0.110867 0.053789 0.106031 0.107578
0 0.046973 0.578940 0.093945 0.140620
0 0.191029 0.853508 0.107020 0.140547
0 0.827994 0.188982 0.108137 0.125453
0 0.666771 0.859458 0.102621 0.159562
0 0.762332 0.793182 0.114891 0.141396
0 0.822137 0.934615 0.105289 0.130771
0 0.452117 0.758982 0.105383 0.142776
0 0.530191 0.122185 0.111109 0.142703
0 0.033586 0.077154 0.067172 0.134036
0 0.852965 0.073508 0.110578 0.130901
0 0.519109 0.576477 0.097078 0.126953
0 0.192873 0.575943 0.107793 0.146406
0 0.683980 0.399008 0.105570 0.127516
0 0.892246 0.824258 0.101797 0.127297
0 0.284287 0.611125 0.104504 0.140708
0 0.959352 0.747961 0.081297 0.143307
0 0.598078 0.684323 0.102313 0.140500
0 0.601268 0.455372 0.104270 0.140724
0 0.172572 0.133221 0.113113 0.140182
0 0.118979 0.259969 0.109137 0.140469
0 0.370566 0.946159 0.099695 0.107609
0 0.415201 0.026159 0.115738 0.052161
0 0.946223 0.133437 0.098055 0.125552
0 0.275314 0.919896 0.108027 0.139875
0 0.816299 0.684479 0.120973 0.137365
0 0.978992 0.563560 0.041820 0.129099
0 0.330320 0.322901 0.107852 0.137854
0 0.429621 0.102669 0.104180 0.129005
0 0.302859 0.478578 0.110234 0.138417
0 0.351678 0.176534 0.103895 0.138891
0 0.830301 0.367846 0.111313 0.129411
0 0.131268 0.463839 0.103379 0.141646
0 0.110754 0.788432 0.116070 0.161885
0 0.875596 0.265237 0.112707 0.138443
0 0.808795 0.473786 0.098199 0.107188
0 0.707076 0.160458 0.103371 0.139729
0 0.917396 0.561839 0.088879 0.135437
0 0.419061 0.520102 0.123270 0.151578
0 0.549227 0.798862 0.111164 0.138547
0 0.512541 0.250745 0.124941 0.128729
0 0.699166 0.288188 0.091590 0.111490
0 0.702510 0.640385 0.108129 0.140865
0 0.037971 0.210659 0.075941 0.140099
0 0.833994 0.564766 0.106598 0.125448
0 0.578600 0.889078 0.095871 0.135344
0 0.496139 0.347615 0.121145 0.129250
0 0.486625 0.927495 0.106102 0.141875
3 0.465623 0.439865 0.102895 0.133656
