0 0.381126 0.827947 0.091508 0.134014
0 0.412495 0.913912 0.085297 0.139380
0 0.888842 0.442194 0.080773 0.142370
0 0.805089 0.281720 0.086052 0.166625
0 0.811245 0.440516 0.086318 0.153319
0 0.348866 0.736368 0.095253 0.145579
0 0.861023 0.172549 0.083682 0.142810
0 0.720695 0.062699 0.085010 0.123889
0 0.667461 0.487313 0.074479 0.152477
0 0.757389 0.195310 0.084706 0.159694
0 0.238974 0.881414 0.085000 0.156199
0 0.570049 0.674435 0.077339 0.139880
0 0.433423 0.738583 0.088086 0.172231
0 0.068117 0.073998 0.073688 0.146671
0 0.646767 0.624354 0.084898 0.150282
0 0.728708 0.656988 0.090260 0.153301
0 0.543608 0.563646 0.097221 0.151625
0 0.251103 0.684019 0.079008 0.175287
0 0.925400 0.601481 0.079648 0.134731
0 0.056613 0.974935 0.090492 0.047306
0 0.899745 0.066053 0.081047 0.125227
0 0.990953 0.644354 0.018094 0.148736
0 0.953520 0.288449 0.092914 0.132722
0 0.815870 0.096120 0.095583 0.156454
0 0.320326 0.641174 0.092099 0.130616
0 0.970827 0.080361 0.058346 0.119574
0 0.147910 0.288072 0.068128 0.130727
0 0.949283 0.176032 0.101435 0.129361
0 0.944091 0.884380 0.076766 0.143583
0 0.950863 0.721014 0.083758 0.137602
0 0.152267 0.919000 0.093862 0.145583
0 0.240247 0.136924 0.081510 0.130495
0 0.211453 0.256012 0.076448 0.137106
0 0.179612 0.526711 0.095036 0.143903
0 0.496728 0.887310 0.096909 0.125306
0 0.313266 0.541123 0.104370 0.134644
0 0.974536 0.543875 0.050927 0.139861
0 0.036742 0.328477 0.073307 0.153296
0 0.606661 0.769028 0.101510 0.132870
0 0.168176 0.107546 0.093737 0.147824
0 0.958197 0.429028 0.082878 0.149824
0 0.066708 0.507169 0.089104 0.122588
0 0.072482 0.387708 0.086490 0.125463
0 0.084951 0.235850 0.092974 0.173394
0 0.134461 0.047023 0.076672 0.094046
0 0.963182 0.959931 0.072427 0.080139
0 0.877967 0.954838 0.116445 0.090324
0 0.880780 0.843326 0.087159 0.166653
0 0.149456 0.400218 0.080776 0.145787
0 0.019820 0.098447 0.039641 0.148477
0 0.978699 0.804720 0.042602 0.157551
0 0.014448 0.665025 0.028896 0.178931
0 0.227163 0.033905 0.117867 0.067810
0 0.009556 0.859167 0.019112 0.156204
0 0.011504 0.485451 0.023008 0.160144
0 0.022259 0.226993 0.044518 0.135634
1 0.488171 0.671398 0.093982 0.142556
1 0.732281 0.512484 0.081812 0.151977
1 0.601984 0.494972 0.081292 0.174148
1 0.211030 0.401458 0.086305 0.156407
1 0.873349 0.307961 0.090932 0.163486
1 0.504835 0.780134 0.096018 0.126491
