1 0.532431 0.079030 0.081846 0.145384
1 0.558326 0.331706 0.087870 0.143394
1 0.394267 0.630345 0.090685 0.161458
0 0.710909 0.604148 0.077234 0.160907
0 0.099880 0.320056 0.085031 0.157157
0 0.047751 0.128852 0.075607 0.136880
0 0.756301 0.747644 0.078320 0.156565
0 0.351669 0.135671 0.084948 0.139963
0 0.494824 0.194812 0.085919 0.135708
0 0.920905 0.226433 0.080638 0.155060
0 0.584355 0.599465 0.079320 0.126625
0 0.691365 0.094449 0.078958 0.131426
0 0.394089 0.338947 0.080073 0.155662
0 0.757780 0.440387 0.075674 0.145912
0 0.850775 0.126350 0.084534 0.157958
0 0.481199 0.328363 0.076159 0.141764
0 0.073893 0.725125 0.074167 0.142870
0 0.375475 0.492551 0.094867 0.153426
0 0.290061 0.848852 0.076919 0.143815
0 0.189759 0.842164 0.072164 0.115995
0 0.835280 0.712222 0.083529 0.150028
0 0.326917 0.726880 0.083979 0.139648
0 0.472318 0.834433 0.077786 0.135356
0 0.271247 0.135458 0.080495 0.146176
0 0.720155 0.312604 0.088935 0.155847
0 0.786007 0.575477 0.079451 0.149889
0 0.317719 0.593262 0.082312 0.148014
0 0.495866 0.686259 0.075445 0.138380
0 0.058467 0.548836 0.087971 0.141653
0 0.447964 0.452111 0.080198 0.144102
0 0.593306 0.982157 0.070237 0.035056
0 0.905600 0.983525 0.088820 0.031477
1 0.023879 0.652324 0.047242 0.141731
1 0.349702 0.034731 0.071216 0.069194
0 0.005822 0.170722 0.011565 0.136880
0 0.983693 0.725856 0.032214 0.150620
1 0.889740 0.458662 0.074031 0.143407
1 0.981366 0.082771 0.037003 0.156764
1 0.135525 0.780106 0.078477 0.137389
1 0.016000 0.908167 0.032000 0.147546
1 0.199077 0.099331 0.076086 0.140773
1 0.222658 0.500137 0.075987 0.122866
0 0.209888 0.014965 0.081354 0.029931
1 0.625655 0.503354 0.078216 0.145653
1 0.573337 0.833965 0.083388 0.143384
1 0.823887 0.947771 0.080878 0.102162
1 0.160458 0.408213 0.075964 0.144250
1 0.230293 0.371597 0.075549 0.137824
1 0.965926 0.911514 0.067477 0.136074
0 0.013573 0.058306 0.027146 0.114491
0 0.726609 0.026424 0.091224 0.052847
1 0.070385 0.902650 0.079531 0.144560
0 0.411699 0.041574 0.062039 0.081037
0 0.280260 0.038354 0.076677 0.075986
1 0.235829 0.742083 0.084815 0.142519
0 0.676224 0.958005 0.086344 0.083472
0 0.472258 0.059326 0.079354 0.117097
0 0.894906 0.890148 0.080406 0.161120
0 0.689240 0.463164 0.077901 0.155986
0 0.250643 0.629884 0.061875 0.107815
0 0.149734 0.936204 0.078125 0.126056
0 0.826747 0.448030 0.072578 0.148792
0 0.938223 0.383382 0.073669 0.148718
0 0.942776 0.775289 0.080719 0.159431
0 0.803095 0.853882 0.089841 0.138958
0 0.234954 0.932567 0.083794 0.134523
0 0.589076 0.715623 0.088849 0.119912
0 0.352350 0.906970 0.086659 0.163681
0 0.862335 0.305678 0.086529 0.165486
0 0.531746 0.940120 0.084836 0.119352
0 0.704858 0.843986 0.092659 0.168519
0 0.767508 0.109998 0.078339 0.165032
0 0.117250 0.087181 0.079552 0.149352
0 0.026286 0.407403 0.052536 0.150148
0 0.599074 0.171521 0.079430 0.156958
0 0.633569 0.891213 0.075924 0.138981
0 0.188387 0.623468 0.083878 0.162259
0 0.951641 0.577815 0.082703 0.168056
0 0.224538 0.240345 0.083539 0.133134
