1 0.437781 0.403354 0.079661 0.133671
0 0.993482 0.852944 0.013036 0.154991
0 0.990156 0.482095 0.019505 0.162921
1 0.238419 0.865963 0.078031 0.145972
0 0.009622 0.267116 0.019245 0.186222
1 0.043574 0.294495 0.079799 0.151528
0 0.886612 0.967410 0.064786 0.063255
0 0.988176 0.643299 0.023284 0.168032
0 0.985815 0.962484 0.027917 0.072856
0 0.879535 0.016877 0.075534 0.032347
1 0.570109 0.662067 0.104062 0.143949
1 0.082189 0.777931 0.086982 0.149602
0 0.955573 0.016389 0.067885 0.031778
0 0.978883 0.124331 0.041995 0.130588
0 0.737859 0.646870 0.071073 0.191852
0 0.027777 0.821993 0.055555 0.157088
1 0.241405 0.741521 0.082477 0.135625
0 0.977595 0.364868 0.044076 0.199310
0 0.702344 0.019347 0.089458 0.038287
1 0.786118 0.837174 0.078503 0.130588
0 0.937694 0.681065 0.078555 0.175213
1 0.694749 0.250120 0.081289 0.144435
0 0.013444 0.065231 0.026888 0.130463
0 0.878578 0.768400 0.093891 0.159634
1 0.815788 0.726662 0.093070 0.146296
0 0.180850 0.666194 0.098773 0.127343
0 0.547272 0.541769 0.071362 0.178444
0 0.497246 0.556012 0.068409 0.180560
0 0.761047 0.530583 0.069797 0.135019
0 0.627740 0.491863 0.101146 0.148958
0 0.617872 0.590067 0.081156 0.160801
0 0.720512 0.737477 0.091591 0.165046
0 0.803428 0.626032 0.091112 0.156065
0 0.454346 0.664264 0.089755 0.133528
0 0.449844 0.553898 0.072484 0.170269
0 0.154759 0.565188 0.100013 0.125838
0 0.174540 0.477486 0.075909 0.154713
0 0.339874 0.174463 0.080216 0.151204
0 0.118535 0.700509 0.072784 0.156648
0 0.962658 0.561937 0.074591 0.170671
0 0.178931 0.896701 0.073216 0.189440
0 0.586625 0.777287 0.085542 0.145472
0 0.649616 0.365032 0.086544 0.156769
0 0.679747 0.591088 0.068984 0.170537
0 0.948568 0.931535 0.076604 0.135727
0 0.099264 0.223468 0.068591 0.146019
0 0.133094 0.858370 0.067214 0.148528
0 0.897079 0.855465 0.086268 0.141875
0 0.395107 0.608900 0.081771 0.143097
0 0.848210 0.374766 0.067565 0.157218
0 0.962560 0.785086 0.074880 0.161227
0 0.630150 0.859898 0.085674 0.169037
0 0.541895 0.278882 0.079987 0.145810
0 0.635355 0.077444 0.076643 0.142398
0 0.381876 0.483620 0.074284 0.156287
0 0.317361 0.903509 0.087367 0.144167
0 0.236424 0.233007 0.081953 0.132338
0 0.397405 0.874317 0.079258 0.144681
0 0.906914 0.448775 0.071719 0.151745
0 0.708603 0.848706 0.086341 0.154014
0 0.306823 0.514780 0.073661 0.155042
0 0.643048 0.713583 0.072945 0.129019
0 0.036648 0.445887 0.073297 0.163171
0 0.046656 0.583926 0.092563 0.137639
0 0.710819 0.113706 0.088695 0.152468
0 0.964525 0.218958 0.070898 0.133537
0 0.235608 0.533630 0.066602 0.136815
0 0.508402 0.405988 0.079268 0.141236
0 0.453293 0.773558 0.083695 0.154384
0 0.758988 0.302697 0.079263 0.148866
0 0.159813 0.125493 0.078651 0.148384
0 0.617750 0.196382 0.088167 0.147153
0 0.152872 0.268347 0.075823 0.137583
0 0.827453 0.507046 0.073599 0.130611
0 0.515982 0.862498 0.087177 0.136384
0 0.033513 0.704995 0.067026 0.133759
0 0.104302 0.363361 0.074380 0.132861
0 0.330318 0.327581 0.080052 0.132458
0 0.069522 0.903657 0.079565 0.145380
0 0.382905 0.740567 0.079622 0.137356
0 0.900542 0.299125 0.079083 0.170167
0 0.806387 0.230301 0.086232 0.200704
0 0.021132 0.939412 0.042211 0.120231
0 0.322566 0.799708 0.083805 0.142843
0 0.873926 0.619840 0.073914 0.179616
0 0.832410 0.926678 0.073310 0.141681
0 0.107839 0.070285 0.074771 0.140569
0 0.515374 0.723081 0.074398 0.163403
0 0.768533 0.951116 0.067779 0.095611
0 0.402298 0.313796 0.072268 0.140676
0 0.468457 0.302088 0.071997 0.157250
