0 0.263090 0.720861 0.090159 0.169806
0 0.262469 0.199308 0.086516 0.166208
0 0.981258 0.724741 0.037229 0.146787
0 0.973431 0.206359 0.053138 0.146208
0 0.973997 0.978757 0.052005 0.040597
0 0.122751 0.043377 0.091898 0.086199
0 0.038904 0.514067 0.077807 0.154181
0 0.018544 0.211495 0.037042 0.149287
0 0.811362 0.615250 0.078479 0.161037
0 0.279819 0.330736 0.088951 0.140352
0 0.465513 0.040190 0.088484 0.079093
0 0.964081 0.480486 0.071505 0.138019
0 0.566443 0.507660 0.078411 0.140569
0 0.101895 0.670931 0.079549 0.136343
0 0.093544 0.520532 0.073760 0.179889
0 0.073173 0.365407 0.080242 0.141176
0 0.844135 0.761465 0.082448 0.153384
0 0.668112 0.177468 0.091719 0.174602
0 0.331229 0.800965 0.091047 0.147838
0 0.617435 0.397528 0.082589 0.123417
0 0.745038 0.601986 0.081331 0.146796
0 0.188204 0.646657 0.082081 0.143880
0 0.039919 0.884243 0.079042 0.156847
0 0.077311 0.199382 0.089523 0.160912
0 0.753943 0.265484 0.080156 0.134144
0 0.059788 0.772991 0.084784 0.133741
0 0.836570 0.213519 0.079109 0.147139
0 0.727637 0.473014 0.084940 0.141722
0 0.169346 0.498086 0.085333 0.141560
0 0.189240 0.895884 0.090151 0.162241
0 0.042263 0.067778 0.084526 0.135556
0 0.897656 0.648227 0.085589 0.152009
0 0.767292 0.730289 0.080854 0.129542
0 0.836512 0.965206 0.088638 0.068718
0 0.729596 0.891931 0.115714 0.179435
0 0.211651 0.986590 0.082776 0.025829
0 0.377753 0.931644 0.082745 0.134657
0 0.582788 0.044537 0.095424 0.088157
0 0.017087 0.349301 0.034174 0.140778
0 0.724999 0.049546 0.087461 0.095593
0 0.935618 0.943965 0.092706 0.111755
0 0.588919 0.151546 0.092828 0.136954
0 0.607833 0.682185 0.078760 0.151676
0 0.552876 0.843771 0.072555 0.148681
0 0.673500 0.575817 0.075682 0.136449
0 0.804259 0.069312 0.084393 0.132560
0 0.152139 0.106435 0.106299 0.131500
0 0.273284 0.923655 0.084271 0.147866
0 0.525383 0.710424 0.088422 0.153366
0 0.929250 0.817262 0.089240 0.161653
0 0.618484 0.887375 0.085187 0.162898
0 0.026480 0.653796 0.052961 0.143028
0 0.439469 0.972887 0.084219 0.053264
0 0.314753 0.446213 0.083578 0.147630
0 0.394954 0.440528 0.082138 0.152046
0 0.992313 0.587356 0.015375 0.142815
0 0.598194 0.278870 0.080992 0.129620
0 0.668199 0.958181 0.081799 0.083639
0 0.906000 0.347426 0.092844 0.160741
0 0.151859 0.359949 0.084302 0.162093
0 0.896078 0.018192 0.081016 0.035440
0 0.012497 0.931324 0.024943 0.137352
0 0.968699 0.045521 0.062435 0.087690
0 0.491897 0.864685 0.077539 0.140176
0 0.386814 0.085081 0.110841 0.169542
