0 0.193573 0.021970 0.079328 0.043940
0 0.751260 0.162618 0.077016 0.128218
0 0.696100 0.535947 0.078049 0.131384
0 0.231155 0.235398 0.097299 0.168750
0 0.568335 0.170454 0.077628 0.113630
0 0.019852 0.751449 0.039625 0.134176
0 0.637708 0.281234 0.071495 0.126162
0 0.220487 0.390697 0.080974 0.150023
0 0.991499 0.067787 0.017003 0.129509
0 0.042910 0.194933 0.069091 0.112995
0 0.882712 0.541032 0.084076 0.126657
0 0.264089 0.947912 0.082208 0.104176
0 0.495223 0.950400 0.085966 0.096421
0 0.659290 0.662201 0.082992 0.133236
0 0.192980 0.604391 0.072279 0.140912
0 0.567928 0.048657 0.085497 0.097315
0 0.347072 0.346456 0.071039 0.128764
0 0.402694 0.296178 0.080924 0.143125
0 0.958757 0.418481 0.082487 0.159500
0 0.622017 0.706676 0.080669 0.136426
0 0.878342 0.303752 0.093378 0.144931
0 0.726178 0.936771 0.090414 0.126106
0 0.536501 0.737933 0.093831 0.141764
0 0.900814 0.111801 0.090695 0.138315
0 0.957764 0.266435 0.082508 0.158694
0 0.523854 0.520961 0.084370 0.167477
0 0.023003 0.169993 0.046005 0.131829
0 0.786642 0.494340 0.075695 0.130819
0 0.965500 0.144942 0.068818 0.119819
0 0.259941 0.545903 0.084206 0.130389
0 0.678891 0.944287 0.080474 0.111426
0 0.740250 0.515796 0.074708 0.119759
0 0.863848 0.450715 0.080023 0.140347
0 0.319936 0.705993 0.086284 0.164014
0 0.644517 0.535833 0.087711 0.141611
0 0.880984 0.208519 0.082620 0.138370
0 0.505421 0.158745 0.072138 0.144111
0 0.892280 0.635715 0.083669 0.140319
0 0.807441 0.943833 0.081018 0.112333
0 0.512645 0.862426 0.070971 0.126731
0 0.073245 0.716141 0.088859 0.150208
0 0.505552 0.643213 0.086557 0.133370
0 0.763031 0.657637 0.090875 0.169079
0 0.406706 0.758525 0.082771 0.133347
0 0.115190 0.337535 0.089708 0.153847
0 0.823693 0.125840 0.069234 0.123551
0 0.406542 0.153912 0.085568 0.155741
0 0.143771 0.769882 0.080271 0.142579
0 0.316031 0.915319 0.070490 0.147213
0 0.211773 0.831269 0.073115 0.150722
0 0.185879 0.362750 0.083029 0.140972
0 0.428108 0.902174 0.080279 0.142273
0 0.989350 0.755060 0.021299 0.142861
0 0.973714 0.591509 0.052490 0.149083
0 0.552755 0.880588 0.068359 0.158815
0 0.124069 0.022204 0.089622 0.044407
0 0.955999 0.670192 0.075711 0.124755
0 0.453302 0.015236 0.078859 0.030472
0 0.099396 0.497829 0.086844 0.154056
4 0.393720 0.448794 0.077596 0.165190
0 0.767962 0.342852 0.089669 0.159769
0 0.691641 0.111220 0.090000 0.131912
0 0.875702 0.041461 0.077195 0.082921
0 0.121219 0.170109 0.089948 0.129116
0 0.441641 0.276271 0.068818 0.141097
0 0.151741 0.960613 0.080362 0.078773
0 0.665362 0.050280 0.092589 0.100394
0 0.905081 0.876192 0.091182 0.159190
0 0.213089 0.102481 0.085240 0.147556
0 0.455053 0.885650 0.071456 0.138912
0 0.781569 0.192419 0.087044 0.142699
0 0.205642 0.499549 0.078898 0.100125
0 0.081745 0.617472 0.096964 0.146639
0 0.487142 0.374493 0.079930 0.143579
0 0.250132 0.676354 0.077607 0.147051
0 0.949775 0.543863 0.083826 0.151875
0 0.606290 0.864484 0.067789 0.178838
0 0.533951 0.075681 0.076453 0.136935
0 0.555483 0.407271 0.085669 0.154468
0 0.768091 0.830259 0.097453 0.157565
0 0.265717 0.142477 0.072690 0.128269
0 0.606461 0.110968 0.084484 0.126565
0 0.606581 0.248255 0.078297 0.152204
0 0.050882 0.063437 0.082982 0.126042
0 0.147046 0.531262 0.069924 0.130995
0 0.309669 0.486590 0.077531 0.146079
