0 0.129695 0.343856 0.086526 0.141509
0 0.597151 0.437171 0.080250 0.148639
0 0.881065 0.602685 0.081349 0.130111
0 0.467938 0.201833 0.078469 0.135759
0 0.829906 0.731917 0.083729 0.138667
0 0.385630 0.838866 0.079844 0.142583
0 0.800219 0.849347 0.081937 0.148361
0 0.475497 0.710389 0.073078 0.127056
0 0.163883 0.886056 0.077120 0.121352
0 0.640833 0.301602 0.073781 0.161685
0 0.700135 0.576713 0.078802 0.139537
0 0.917815 0.055023 0.079984 0.110046
0 0.939349 0.935944 0.085104 0.128111
0 0.345000 0.945403 0.082073 0.109194
0 0.164479 0.462370 0.078479 0.133463
0 0.544294 0.164324 0.075755 0.136648
0 0.118440 0.558769 0.083120 0.132148
0 0.669820 0.913347 0.087318 0.143417
0 0.268552 0.831287 0.078437 0.142370
0 0.333107 0.189310 0.075849 0.133361
0 0.666794 0.448810 0.077693 0.133750
0 0.623445 0.794069 0.075599 0.130546
0 0.224932 0.564481 0.076635 0.141667
0 0.837594 0.945440 0.078990 0.108102
0 0.118435 0.656426 0.086651 0.152167
0 0.616010 0.164833 0.080333 0.139500
0 0.267003 0.228954 0.075411 0.147167
0 0.053867 0.440681 0.087120 0.146583
0 0.858255 0.304194 0.075375 0.125444
0 0.901505 0.389486 0.071427 0.120731
0 0.516367 0.284949 0.075849 0.133250
0 0.726633 0.249551 0.083359 0.145565
0 0.754953 0.321472 0.079885 0.150037
0 0.225091 0.197648 0.082151 0.149630
0 0.942984 0.739898 0.078573 0.141648
0 0.581339 0.063741 0.070417 0.127481
0 0.046797 0.864241 0.083635 0.144093
0 0.313375 0.843704 0.078490 0.150185
0 0.286055 0.041324 0.074057 0.080944
0 0.514591 0.060046 0.082620 0.117685
0 0.448089 0.103880 0.078823 0.136130
0 0.243768 0.677750 0.074214 0.123093
0 0.220794 0.379241 0.090224 0.138444
0 0.954862 0.501292 0.081526 0.130306
0 0.224372 0.960148 0.083078 0.079704
0 0.031383 0.037935 0.062766 0.073352
0 0.976352 0.562426 0.047297 0.134722
0 0.228768 0.029477 0.090547 0.058361
0 0.574164 0.962454 0.075682 0.075093
0 0.808279 0.427069 0.069068 0.143380
0 0.153404 0.034792 0.076911 0.066528
0 0.839693 0.386731 0.072802 0.136296
0 0.308266 0.723014 0.076990 0.128046
0 0.649656 0.105565 0.079260 0.139519
0 0.638253 0.679477 0.072109 0.132083
0 0.984549 0.913611 0.027922 0.154463
0 0.021255 0.342870 0.041240 0.150056
0 0.017333 0.125468 0.034531 0.123250
0 0.981107 0.060056 0.036714 0.117537
0 0.017404 0.573306 0.034807 0.136574
0 0.986310 0.408569 0.025526 0.148676
0 0.758086 0.539630 0.077432 0.142037
0 0.701440 0.098125 0.072974 0.168083
0 0.774570 0.970301 0.090641 0.059398
0 0.987026 0.264505 0.025948 0.138361
0 0.757302 0.540204 0.075167 0.138722
0 0.295638 0.395745 0.076651 0.138972
0 0.809990 0.616505 0.079656 0.139806
0 0.861404 0.352032 0.093255 0.199880
0 0.981034 0.058644 0.037932 0.110509
0 0.447547 0.015269 0.088937 0.028556
3 0.182859 0.696181 0.075458 0.160824
3 0.692484 0.697713 0.072062 0.141204
0 0.589703 0.869773 0.081312 0.139731
0 0.392393 0.611801 0.076182 0.141787
0 0.310263 0.539796 0.078776 0.125907
0 0.708159 0.844639 0.081849 0.146944
0 0.152492 0.223306 0.082932 0.140519
0 0.458328 0.848245 0.085396 0.152176
0 0.591284 0.551106 0.074568 0.145139
0 0.430271 0.386866 0.080354 0.141787
