0 0.995518 0.657331 0.008885 0.118366
0 0.484375 0.068269 0.101505 0.126333
0 0.678924 0.975350 0.096609 0.048699
0 0.048306 0.973350 0.083555 0.052644
0 0.040888 0.014884 0.080323 0.029657
1 0.399797 0.512910 0.073266 0.129856
0 0.993309 0.353910 0.013190 0.120671
1 0.969672 0.461370 0.060656 0.130000
0 0.207418 0.016796 0.084982 0.033593
0 0.851682 0.023704 0.086896 0.047407
0 0.985487 0.132951 0.028620 0.121690
0 0.025460 0.629458 0.050919 0.144398
0 0.117630 0.784891 0.086141 0.136468
0 0.801402 0.098616 0.082096 0.136380
0 0.174096 0.716493 0.071146 0.115458
0 0.533318 0.958701 0.081380 0.082597
0 0.748478 0.413553 0.079102 0.154773
0 0.276206 0.945532 0.083130 0.107102
0 0.118033 0.488243 0.070503 0.151968
0 0.030634 0.391910 0.061253 0.128968
0 0.019768 0.082100 0.038464 0.135532
0 0.816969 0.552192 0.078677 0.115699
0 0.923979 0.363076 0.075583 0.142051
0 0.366659 0.789440 0.072453 0.134639
0 0.181397 0.449398 0.072055 0.133056
0 0.791824 0.649514 0.083107 0.116481
0 0.430598 0.952458 0.079596 0.095083
0 0.231905 0.371669 0.069544 0.122356
0 0.977725 0.796771 0.044549 0.142227
0 0.032042 0.879400 0.064083 0.132042
0 0.784995 0.769653 0.092344 0.129741
0 0.546091 0.443516 0.072875 0.129912
0 0.107051 0.642991 0.076195 0.139685
0 0.646913 0.252752 0.079128 0.132838
0 0.102207 0.892956 0.069404 0.123282
0 0.369303 0.045639 0.083081 0.091278
0 0.172520 0.946630 0.074576 0.105139
0 0.838496 0.795016 0.075810 0.127949
0 0.965430 0.047451 0.068896 0.094903
0 0.582060 0.191826 0.077880 0.134449
0 0.052003 0.517113 0.076609 0.136412
0 0.426684 0.258028 0.084315 0.135917
0 0.291479 0.826951 0.073542 0.130347
0 0.440383 0.829840 0.078438 0.146468
0 0.407767 0.130037 0.073477 0.120898
0 0.314214 0.505345 0.078359 0.147292
0 0.283103 0.293697 0.073341 0.140255
0 0.487570 0.673785 0.076823 0.144301
0 0.462158 0.047287 0.082122 0.094574
0 0.833807 0.922704 0.084427 0.128880
0 0.179832 0.586262 0.082049 0.135662
0 0.822770 0.437440 0.083940 0.129509
0 0.695870 0.662266 0.079891 0.128616
0 0.965484 0.595227 0.068141 0.127296
0 0.846551 0.315646 0.082133 0.130292
0 0.277965 0.685819 0.078852 0.143611
0 0.473487 0.382692 0.079828 0.144181
0 0.346917 0.236458 0.075557 0.135787
0 0.916888 0.823706 0.076531 0.149319
0 0.559586 0.716926 0.072354 0.133787
0 0.112410 0.300588 0.081482 0.132176
0 0.520563 0.847634 0.080443 0.141269
0 0.796195 0.232299 0.079536 0.130616
0 0.384954 0.651197 0.087862 0.147505
0 0.935824 0.954944 0.080190 0.090111
0 0.609952 0.513991 0.077492 0.138250
0 0.637333 0.754877 0.085198 0.136977
0 0.266395 0.059912 0.076081 0.117343
0 0.523908 0.108813 0.072784 0.151736
0 0.169857 0.166917 0.079755 0.136537
0 0.729143 0.061088 0.077901 0.120537
0 0.674413 0.375271 0.079841 0.139014
0 0.029452 0.221935 0.058904 0.142074
0 0.658132 0.890697 0.091659 0.141347
0 0.968042 0.250748 0.063917 0.130810
