1 0.494732 0.817528 0.075547 0.134565
1 0.538255 0.673507 0.084057 0.149894
0 0.248656 0.234609 0.071323 0.148412
0 0.560672 0.054093 0.078406 0.106037
0 0.018741 0.285729 0.036367 0.153218
1 0.687668 0.942444 0.075122 0.112343
1 0.593707 0.528382 0.076341 0.143310
1 0.889454 0.588123 0.084836 0.147699
1 0.710822 0.814162 0.078773 0.142185
0 0.963306 0.966060 0.072794 0.067880
0 0.923707 0.037384 0.082471 0.074769
0 0.137017 0.037461 0.081706 0.074384
0 0.125260 0.961400 0.081479 0.077199
0 0.221522 0.128167 0.077617 0.148824
0 0.814932 0.487912 0.066896 0.150019
0 0.585530 0.278032 0.079044 0.158713
0 0.141775 0.119421 0.080112 0.113157
0 0.975280 0.057984 0.049440 0.110505
0 0.503081 0.077618 0.080500 0.149532
0 0.183820 0.263338 0.083828 0.145222
0 0.239299 0.365657 0.077510 0.122250
0 0.324548 0.260472 0.077049 0.145009
0 0.037915 0.081218 0.075831 0.153981
0 0.333378 0.099903 0.077187 0.131037
0 0.394302 0.213894 0.094328 0.156843
0 0.664699 0.574035 0.077367 0.141384
0 0.067697 0.357424 0.077477 0.155097
0 0.812132 0.617368 0.074487 0.126597
0 0.511617 0.209016 0.069224 0.146801
0 0.104250 0.476542 0.078365 0.148880
0 0.700398 0.362465 0.075807 0.147218
0 0.789594 0.051016 0.070427 0.101292
0 0.613400 0.101706 0.073133 0.157403
0 0.558693 0.377197 0.072708 0.130301
0 0.153654 0.374516 0.082328 0.137134
0 0.453608 0.268160 0.074555 0.158912
0 0.391827 0.076188 0.078654 0.151968
0 0.032484 0.507322 0.064969 0.140366
0 0.153133 0.840257 0.074286 0.146977
0 0.558393 0.875850 0.067693 0.186736
0 0.756040 0.943933 0.073247 0.112051
0 0.955533 0.471528 0.087138 0.156241
0 0.967479 0.356687 0.065021 0.149727
0 0.052667 0.949005 0.075609 0.101991
0 0.491865 0.403275 0.072833 0.142847
0 0.631339 0.373738 0.074146 0.147551
0 0.723302 0.531495 0.079974 0.165083
0 0.863310 0.729088 0.085250 0.129926
0 0.224818 0.832801 0.075646 0.146954
0 0.493885 0.591269 0.076427 0.149796
0 0.785070 0.821970 0.077271 0.130468
0 0.296786 0.666544 0.073719 0.141347
0 0.246402 0.585910 0.079841 0.150745
0 0.290969 0.911442 0.089135 0.122097
0 0.875874 0.419581 0.082706 0.142514
0 0.730984 0.668519 0.081667 0.140944
0 0.418251 0.422810 0.087596 0.164944
0 0.166556 0.552979 0.079081 0.141755
0 0.842474 0.251197 0.072099 0.134477
0 0.766139 0.420852 0.084810 0.140296
0 0.420698 0.943079 0.079193 0.111046
0 0.408714 0.585942 0.081625 0.139079
0 0.058105 0.625287 0.078393 0.140361
0 0.182947 0.691713 0.082195 0.139361
0 0.425358 0.786602 0.074617 0.136472
0 0.618185 0.748764 0.073276 0.142750
0 0.953225 0.778778 0.081107 0.154889
1 0.361315 0.491775 0.072578 0.133088
1 0.668499 0.210507 0.077482 0.134625
1 0.307391 0.407150 0.077531 0.136995
1 0.356539 0.765146 0.075891 0.149153
1 0.077983 0.199021 0.088685 0.146764
1 0.895208 0.175926 0.073568 0.138870
0 0.892566 0.969583 0.093539 0.059491
1 0.109048 0.759914 0.085799 0.147699
0 0.654960 0.023065 0.079362 0.046130
0 0.587078 0.975928 0.092286 0.046699
1 0.856319 0.847604 0.074211 0.128310
