0 0.472264 0.524964 0.080152 0.104417
0 0.472766 0.917786 0.064422 0.086021
0 0.272205 0.251984 0.064832 0.085073
0 0.798344 0.968367 0.077312 0.063266
0 0.967949 0.010320 0.064102 0.020099
0 0.083191 0.010292 0.070563 0.020417
0 0.014799 0.018062 0.029598 0.035448
0 0.620842 0.033974 0.077020 0.067823
0 0.819947 0.021943 0.065238 0.043115
0 0.016908 0.320563 0.033270 0.097521
0 0.808201 0.934661 0.075926 0.083927
0 0.349713 0.220456 0.073848 0.114047
0 0.469150 0.726982 0.063176 0.090766
0 0.855629 0.778078 0.064633 0.099615
0 0.750781 0.267740 0.067711 0.083271
0 0.888033 0.240789 0.084309 0.094286
0 0.019885 0.600935 0.039293 0.083391
0 0.718879 0.569755 0.063516 0.090198
0 0.218572 0.934401 0.065309 0.122906
0 0.668303 0.635292 0.062340 0.110021
0 0.430455 0.713622 0.077418 0.092151
0 0.099514 0.405578 0.071949 0.094812
0 0.730457 0.628654 0.069828 0.091630
0 0.029949 0.971573 0.059898 0.056854
0 0.611150 0.337549 0.063707 0.072484
0 0.593184 0.781219 0.064203 0.079594
0 0.750357 0.417102 0.072293 0.093859
0 0.452199 0.334096 0.076984 0.096214
0 0.243750 0.035576 0.075336 0.071151
0 0.149881 0.781536 0.067215 0.084448
0 0.109717 0.850216 0.069027 0.097432
0 0.695332 0.336305 0.064234 0.086703
0 0.680727 0.543206 0.063398 0.082141
0 0.214885 0.689456 0.065645 0.086161
0 0.109783 0.057122 0.090957 0.085078
0 0.536475 0.383089 0.072793 0.095750
0 0.707023 0.058362 0.080867 0.100182
0 0.845590 0.508664 0.075617 0.097068
0 0.803041 0.779076 0.071379 0.098151
0 0.940164 0.489471 0.066984 0.090078
0 0.213205 0.218039 0.067270 0.087453
0 0.243002 0.354870 0.067520 0.102490
0 0.227018 0.523711 0.063426 0.083359
0 0.416820 0.434505 0.067125 0.086813
0 0.818881 0.168799 0.074527 0.095609
0 0.764887 0.858224 0.063828 0.079125
0 0.682557 0.917651 0.080754 0.100229
0 0.317799 0.405305 0.064559 0.085505
0 0.264488 0.756138 0.062852 0.086297
0 0.603652 0.188393 0.078383 0.110651
0 0.661023 0.810172 0.076445 0.116125
0 0.737709 0.155232 0.086145 0.110911
0 0.026211 0.722831 0.051633 0.098234
0 0.042594 0.226036 0.079469 0.089094
0 0.615268 0.621641 0.061840 0.087896
0 0.102180 0.145797 0.080398 0.093344
0 0.029342 0.480635 0.058684 0.109802
0 0.363074 0.945078 0.077719 0.095469
0 0.287719 0.486380 0.074836 0.097208
0 0.964826 0.897060 0.070348 0.100005
0 0.235504 0.608630 0.069680 0.085177
0 0.844393 0.078885 0.074668 0.098187
0 0.313125 0.062427 0.076047 0.100740
0 0.359686 0.676526 0.076027 0.093656
0 0.598113 0.948518 0.071195 0.091391
0 0.445729 0.853341 0.074301 0.101047
0 0.387936 0.790638 0.081223 0.105943
0 0.367328 0.510331 0.078578 0.104380
0 0.817197 0.327703 0.072082 0.091167
0 0.847035 0.414940 0.077477 0.092411
0 0.901881 0.324141 0.073457 0.085073
0 0.120461 0.944487 0.066430 0.086068
0 0.461869 0.154888 0.072457 0.093578
0 0.290998 0.903750 0.075059 0.092219
0 0.291186 0.153258 0.069855 0.084964
0 0.525484 0.965107 0.066672 0.069786
0 0.391191 0.115714 0.074234 0.095990
0 0.671756 0.286273 0.072074 0.086547
0 0.359066 0.020302 0.082875 0.040260
0 0.992945 0.155596 0.014102 0.090370
0 0.889969 0.008586 0.066570 0.017099
0 0.537684 0.008206 0.073805 0.016307
0 0.011451 0.155930 0.022770 0.081714
0 0.091967 0.988953 0.074230 0.021948
0 0.004199 0.759255 0.008352 0.080885
