3 0.352332 0.485153 0.077430 0.127870
0 0.585060 0.783926 0.087318 0.132491
0 0.702215 0.708201 0.079643 0.133116
0 0.041382 0.107204 0.081674 0.139074
0 0.169586 0.865178 0.069589 0.143097
0 0.389520 0.735995 0.075648 0.126639
0 0.281585 0.927986 0.077237 0.139306
0 0.749710 0.575819 0.084070 0.149815
0 0.720027 0.438044 0.071805 0.132551
0 0.176012 0.702148 0.075935 0.123259
0 0.157259 0.336292 0.076617 0.147676
0 0.029591 0.777597 0.059073 0.114278
0 0.975777 0.407956 0.048445 0.118718
0 0.314102 0.079319 0.080755 0.137417
0 0.606579 0.175167 0.080789 0.132380
0 0.891424 0.746644 0.071135 0.126315
0 0.591818 0.270204 0.076521 0.139380
0 0.685159 0.374451 0.080505 0.132532
0 0.523281 0.927345 0.080651 0.135116
0 0.688607 0.202262 0.087406 0.147690
0 0.720732 0.269981 0.074724 0.122241
0 0.824000 0.080130 0.068125 0.122713
0 0.557793 0.680454 0.074294 0.119519
0 0.916357 0.824530 0.066333 0.125736
0 0.829493 0.469299 0.074581 0.137245
0 0.272772 0.266435 0.086497 0.126389
0 0.050384 0.524169 0.069622 0.129995
0 0.208535 0.503306 0.066070 0.128593
0 0.243193 0.345176 0.066729 0.124046
0 0.509715 0.847218 0.077305 0.121231
0 0.194983 0.431012 0.072107 0.132440
0 0.667932 0.584412 0.082531 0.144815
0 0.120044 0.948206 0.081156 0.101208
0 0.353807 0.164544 0.084344 0.134023
0 0.977199 0.608889 0.045602 0.143981
0 0.815945 0.323581 0.093786 0.135921
0 0.528336 0.091468 0.083229 0.124287
0 0.231417 0.581273 0.071432 0.127731
0 0.188526 0.964377 0.077552 0.070356
0 0.515238 0.586461 0.071711 0.115699
0 0.354445 0.961618 0.073948 0.073671
0 0.340591 0.724431 0.084385 0.126157
0 0.268116 0.047734 0.084263 0.093782
0 0.751221 0.963097 0.075776 0.071833
0 0.910908 0.625819 0.072362 0.129370
0 0.304815 0.348764 0.090750 0.150222
0 0.503797 0.649919 0.070260 0.116125
0 0.901408 0.935544 0.082242 0.123579
0 0.613979 0.840991 0.079021 0.142583
0 0.463813 0.298852 0.079661 0.130231
0 0.980723 0.079012 0.038555 0.122569
0 0.370103 0.229887 0.071253 0.121245
0 0.524409 0.160810 0.072948 0.116370
0 0.567230 0.520023 0.084143 0.168769
0 0.851547 0.415729 0.080651 0.114597
0 0.137480 0.517530 0.076044 0.132218
0 0.597579 0.031588 0.072930 0.061741
0 0.893203 0.121417 0.076844 0.143602
0 0.018111 0.383206 0.036206 0.136505
0 0.096569 0.022981 0.078737 0.045963
0 0.767113 0.025424 0.080992 0.050847
0 0.865872 0.639475 0.088484 0.144579
0 0.408780 0.052653 0.077049 0.105278
0 0.014105 0.227275 0.028117 0.119440
0 0.333796 0.416669 0.090357 0.131718
0 0.146848 0.070926 0.064805 0.135778
0 0.014628 0.685678 0.029187 0.130810
0 0.718284 0.832905 0.099016 0.138208
0 0.883271 0.180620 0.067786 0.116065
0 0.448229 0.356963 0.072792 0.110731
0 0.145690 0.576586 0.084953 0.144338
0 0.693008 0.955644 0.071521 0.087037
0 0.011492 0.035065 0.022391 0.070130
0 0.878154 0.013590 0.075771 0.025847
0 0.014909 0.503428 0.029818 0.130162
0 0.156642 0.127097 0.073763 0.116889
0 0.919967 0.475662 0.087060 0.166880
0 0.455100 0.419539 0.078956 0.118662
0 0.476582 0.972366 0.056518 0.053565
0 0.233169 0.826176 0.072365 0.121056
0 0.898275 0.302813 0.082195 0.130162
0 0.444897 0.876630 0.071758 0.119806
0 0.065927 0.622796 0.083281 0.153278
0 0.035398 0.918046 0.070115 0.131602
0 0.383733 0.606044 0.077195 0.134745
0 0.778404 0.663444 0.075776 0.133222
0 0.611142 0.397752 0.070352 0.120227
0 0.820941 0.785539 0.078445 0.140625
0 0.098415 0.319588 0.074102 0.117463
0 0.280449 0.556428 0.078445 0.137699
0 0.087458 0.172639 0.067646 0.123778
0 0.228092 0.206106 0.082643 0.156278
0 0.725844 0.077104 0.070573 0.123736
0 0.465970 0.182648 0.078060 0.135343
0 0.645659 0.930745 0.070526 0.119611
0 0.964464 0.846278 0.070307 0.131167
0 0.813214 0.196581 0.072865 0.119931
0 0.648512 0.480755 0.087128 0.135759
0 0.371507 0.864206 0.085049 0.139884
