0 0.186008 0.018655 0.077349 0.037236
0 0.960970 0.291137 0.073909 0.127338
0 0.858350 0.313176 0.079758 0.142898
0 0.784484 0.112509 0.074578 0.127815
0 0.242341 0.847947 0.085771 0.156755
0 0.531560 0.515391 0.074474 0.142708
0 0.074958 0.486759 0.079724 0.151176
0 0.975247 0.162347 0.049505 0.150130
0 0.855161 0.093317 0.075182 0.143477
0 0.392954 0.100979 0.074945 0.149273
0 0.319160 0.777731 0.077227 0.150361
0 0.185803 0.441428 0.087706 0.149782
0 0.610382 0.517847 0.083336 0.155296
0 0.772152 0.596720 0.077737 0.132542
0 0.500117 0.384975 0.068792 0.127940
0 0.470596 0.084042 0.074823 0.162037
0 0.686048 0.077796 0.077852 0.143796
0 0.967259 0.934076 0.065456 0.123560
0 0.793240 0.243488 0.080557 0.134005
0 0.558776 0.652014 0.089172 0.150324
0 0.284035 0.254433 0.078591 0.140412
0 0.038717 0.347405 0.076862 0.144958
0 0.186089 0.293113 0.063745 0.123255
0 0.445500 0.410669 0.074297 0.174199
0 0.038990 0.934810 0.077156 0.128898
0 0.907435 0.750498 0.078969 0.144745
0 0.448882 0.257484 0.071940 0.127875
0 0.617243 0.134984 0.079284 0.152477
0 0.429990 0.012949 0.085911 0.025898
0 0.892751 0.461035 0.084966 0.156282
0 0.835859 0.532620 0.089354 0.147315
0 0.393391 0.721403 0.085203 0.151259
0 0.127092 0.270014 0.068659 0.153593
0 0.275560 0.422912 0.081807 0.151917
0 0.292837 0.926373 0.083456 0.145847
0 0.241115 0.567634 0.078161 0.141472
0 0.919227 0.902322 0.083990 0.166847
0 0.620137 0.711826 0.074482 0.164273
0 0.659385 0.297201 0.077901 0.147403
0 0.379915 0.260370 0.073930 0.164620
0 0.574620 0.358926 0.078505 0.145907
0 0.081638 0.684792 0.082562 0.152593
0 0.033615 0.043757 0.067229 0.087514
0 0.072625 0.231669 0.082818 0.174134
0 0.025727 0.542903 0.051010 0.151620
0 0.229303 0.709597 0.093279 0.142917
0 0.843717 0.675039 0.076971 0.138097
0 0.370169 0.912884 0.081672 0.140981
0 0.244948 0.138697 0.079042 0.139051
0 0.833419 0.876442 0.082844 0.144773
0 0.687482 0.679262 0.069958 0.127616
0 0.758569 0.433361 0.080539 0.142657
0 0.713944 0.850741 0.076581 0.141074
0 0.576612 0.887975 0.089724 0.156995
0 0.409307 0.979028 0.076245 0.041944
0 0.953319 0.659403 0.086227 0.158463
0 0.014930 0.681488 0.029859 0.142449
0 0.103878 0.027433 0.081177 0.054866
0 0.006729 0.402907 0.012724 0.146130
0 0.985892 0.389549 0.028216 0.130866
0 0.325604 0.025213 0.090172 0.050426
0 0.649767 0.976602 0.071445 0.046796
1 0.762850 0.723398 0.065378 0.126213
1 0.451865 0.845440 0.081531 0.150676
1 0.412043 0.524255 0.075414 0.135315
1 0.535223 0.131403 0.075862 0.147889
0 0.989202 0.979984 0.020591 0.038894
0 0.536947 0.013051 0.086914 0.024815
