0 0.358043 0.959271 0.098586 0.077264
0 0.356374 0.538481 0.085477 0.198898
0 0.285063 0.917970 0.110833 0.157847
0 0.314457 0.784431 0.105826 0.198694
0 0.300750 0.554926 0.078026 0.245880
0 0.447715 0.896340 0.125081 0.193051
0 0.974697 0.935785 0.050513 0.126245
0 0.384133 0.585231 0.088948 0.173509
0 0.260065 0.721977 0.109333 0.169667
0 0.234254 0.577947 0.086628 0.177051
0 0.221897 0.836368 0.097315 0.194486
0 0.471052 0.733310 0.094224 0.162963
0 0.901491 0.984421 0.085227 0.029269
0 0.992509 0.840000 0.014982 0.132222
0 0.378198 0.734852 0.140474 0.214630
0 0.477354 0.960725 0.097203 0.078236
0 0.557401 0.959123 0.085964 0.080301
0 0.454685 0.594495 0.085141 0.168870
