0 0.199315 0.420556 0.070901 0.180231
1 0.440603 0.241176 0.088107 0.168556
0 0.455760 0.415725 0.071823 0.186616
0 0.147421 0.393090 0.084721 0.152032
0 0.513288 0.450387 0.083987 0.142042
0 0.407605 0.382025 0.078159 0.150588
0 0.052759 0.043581 0.072992 0.087162
0 0.178130 0.292933 0.070214 0.117116
0 0.517189 0.321067 0.089581 0.145384
0 0.681296 0.156440 0.076341 0.170306
0 0.217664 0.166787 0.067365 0.162352
0 0.285122 0.156683 0.077766 0.157894
0 0.581357 0.376662 0.076167 0.150500
0 0.618372 0.104697 0.080755 0.147069
0 0.151595 0.136690 0.079549 0.182519
0 0.389251 0.883551 0.088289 0.145880
0 0.320598 0.468757 0.081826 0.149625
0 0.253474 0.298560 0.091833 0.151361
0 0.988422 0.561972 0.021510 0.200306
0 0.116398 0.039181 0.065005 0.078361
0 0.305404 0.031354 0.084380 0.062708
0 0.442044 0.608433 0.086724 0.154912
0 0.596667 0.242738 0.092620 0.136042
0 0.986983 0.907958 0.025122 0.174056
0 0.520008 0.056970 0.093437 0.113940
0 0.250702 0.417414 0.073258 0.120282
0 0.547371 0.148067 0.072070 0.169181
0 0.304882 0.794000 0.087914 0.156685
0 0.417230 0.752095 0.091372 0.156116
