3 0.188781 0.705213 0.083813 0.140000
0 0.197714 0.897319 0.078896 0.169843
0 0.794807 0.947741 0.069177 0.097278
0 0.619250 0.385824 0.076448 0.139241
0 0.262805 0.054171 0.092474 0.108287
0 0.315260 0.041958 0.079010 0.083917
0 0.966906 0.349931 0.066187 0.183713
0 0.948885 0.087472 0.102229 0.143741
0 0.816393 0.653958 0.075714 0.166324
0 0.984513 0.752065 0.028714 0.186815
0 0.020487 0.290903 0.040974 0.168509
0 0.017922 0.952519 0.035844 0.094963
0 0.580497 0.966014 0.092505 0.067972
0 0.982625 0.208532 0.034750 0.147583
0 0.571703 0.025255 0.073406 0.050472
0 0.393576 0.968477 0.113214 0.063046
0 0.975323 0.037102 0.046562 0.070870
0 0.992047 0.538162 0.015906 0.152602
0 0.880773 0.968546 0.093693 0.061704
0 0.039115 0.664782 0.076323 0.191898
0 0.605161 0.510500 0.082302 0.165407
0 0.936560 0.223208 0.083849 0.165676
0 0.622396 0.625713 0.078031 0.147593
0 0.310690 0.661454 0.073328 0.129519
0 0.254555 0.660116 0.092026 0.172713
0 0.712539 0.307903 0.088349 0.140028
0 0.844260 0.112546 0.084708 0.166611
0 0.316789 0.236718 0.078745 0.146954
0 0.038633 0.049079 0.074880 0.098157
0 0.027214 0.609722 0.054427 0.160056
0 0.737570 0.045759 0.085286 0.091519
0 0.864411 0.355208 0.069427 0.212046
0 0.666745 0.087333 0.083385 0.174667
0 0.874380 0.647407 0.079458 0.148130
0 0.790339 0.531630 0.081344 0.147148
0 0.029578 0.165014 0.057990 0.162380
0 0.642646 0.782824 0.069719 0.185407
0 0.953276 0.507361 0.084292 0.162630
0 0.899156 0.450727 0.082125 0.144954
0 0.963206 0.915079 0.073589 0.169843
0 0.137964 0.957241 0.083521 0.082370
0 0.709482 0.195083 0.081578 0.179926
0 0.937596 0.795065 0.075078 0.177815
0 0.327622 0.368306 0.086151 0.155074
0 0.140174 0.787315 0.079901 0.173204
0 0.274487 0.462639 0.074599 0.144130
0 0.232362 0.552954 0.082620 0.148130
0 0.461771 0.790519 0.082240 0.161944
0 0.224203 0.279583 0.078021 0.165333
0 0.254362 0.155843 0.087734 0.157815
0 0.404708 0.893560 0.075865 0.158546
0 0.800742 0.394787 0.082922 0.177852
0 0.866315 0.899384 0.100380 0.133509
0 0.193727 0.451713 0.076109 0.151500
0 0.698031 0.440079 0.091625 0.174546
0 0.142398 0.369435 0.085120 0.171241
0 0.705000 0.643505 0.075281 0.151620
0 0.412130 0.650019 0.086531 0.165519
0 0.544440 0.584778 0.083630 0.152463
0 0.086667 0.718093 0.085365 0.148870
0 0.784146 0.780602 0.088437 0.155907
0 0.860169 0.773412 0.092443 0.162324
0 0.357583 0.750977 0.076385 0.160639
0 0.134271 0.613894 0.089760 0.179565
0 0.601091 0.883704 0.091672 0.166130
0 0.491411 0.444083 0.095094 0.151593
0 0.075424 0.506630 0.088203 0.149352
0 0.288266 0.802213 0.098833 0.140741
0 0.393258 0.447162 0.084380 0.166898
