0 0.948419 0.211123 0.085589 0.140032
0 0.677522 0.979197 0.093378 0.041606
0 0.420139 0.027313 0.084648 0.053514
0 0.888228 0.972451 0.095544 0.055097
0 0.793501 0.973838 0.094034 0.052324
0 0.014827 0.932194 0.029654 0.132528
0 0.147125 0.963523 0.094937 0.072509
0 0.975753 0.117977 0.048495 0.161769
0 0.354901 0.958595 0.078208 0.082255
0 0.075299 0.054722 0.098698 0.108972
0 0.292612 0.651373 0.098422 0.138995
0 0.038449 0.393275 0.076482 0.132495
0 0.308057 0.765699 0.087708 0.123130
0 0.816792 0.853706 0.095161 0.147755
0 0.285387 0.466903 0.089341 0.142481
0 0.903794 0.879972 0.085786 0.142639
0 0.486391 0.688521 0.094625 0.131634
0 0.254509 0.847553 0.093461 0.152273
0 0.920723 0.349639 0.103018 0.151102
0 0.581495 0.903829 0.074620 0.169935
0 0.216993 0.015618 0.092727 0.031236
0 0.032643 0.819905 0.064865 0.127273
0 0.055927 0.505801 0.082490 0.132861
0 0.670866 0.590741 0.071076 0.122306
0 0.674600 0.711160 0.094643 0.155440
0 0.906729 0.489583 0.094193 0.143583
0 0.273044 0.067611 0.100964 0.134194
0 0.595026 0.676331 0.083917 0.140579
0 0.084888 0.645900 0.084156 0.154292
0 0.891868 0.615347 0.082336 0.136657
0 0.521025 0.957676 0.086888 0.083972
0 0.875900 0.746602 0.089513 0.148333
0 0.363031 0.435081 0.082057 0.153625
0 0.290609 0.936924 0.087068 0.124792
0 0.807828 0.657542 0.079099 0.136315
0 0.045393 0.251701 0.090786 0.172931
0 0.079263 0.906644 0.083000 0.150611
0 0.440883 0.802641 0.095583 0.156505
0 0.135085 0.553113 0.088961 0.159782
0 0.637184 0.331644 0.088758 0.143324
0 0.808832 0.070465 0.096909 0.138264
0 0.516427 0.842715 0.081161 0.148338
0 0.491706 0.057602 0.084922 0.114630
0 0.712237 0.092535 0.084745 0.152986
0 0.473388 0.553222 0.089797 0.151565
0 0.486014 0.257620 0.084997 0.150269
0 0.026152 0.608616 0.052305 0.178111
1 0.703470 0.416329 0.094065 0.149000
1 0.589978 0.545236 0.094794 0.155713
1 0.444115 0.385479 0.096021 0.174106
1 0.011622 0.724028 0.023094 0.153750
1 0.787128 0.515910 0.091734 0.146884
