0 0.067297 0.256703 0.076211 0.088125
0 0.625428 0.922990 0.081551 0.080260
0 0.552723 0.525398 0.073219 0.111089
0 0.029789 0.435495 0.059578 0.092167
0 0.531248 0.723464 0.077066 0.092646
0 0.567510 0.796354 0.077418 0.109052
0 0.699707 0.224227 0.076602 0.094057
0 0.965846 0.157354 0.067652 0.093792
0 0.350553 0.483529 0.074926 0.095807
0 0.495537 0.858331 0.082520 0.105359
0 0.513162 0.585167 0.072129 0.096469
0 0.052988 0.673833 0.074500 0.094219
0 0.051117 0.091276 0.074203 0.091917
0 0.450225 0.447453 0.074316 0.093667
0 0.320648 0.799331 0.065484 0.089703
0 0.551928 0.186734 0.075262 0.091625
0 0.212004 0.039711 0.078156 0.079151
0 0.718500 0.926068 0.085367 0.094417
0 0.588818 0.439461 0.064316 0.089245
0 0.529072 0.105451 0.076230 0.100547
0 0.624563 0.114448 0.074125 0.098740
0 0.034455 0.857549 0.067723 0.092536
0 0.166340 0.106357 0.073547 0.102974
0 0.203803 0.675826 0.071520 0.096755
0 0.453102 0.179570 0.079742 0.091682
0 0.802207 0.850833 0.077047 0.105667
0 0.362285 0.861635 0.071117 0.093969
0 0.111637 0.355279 0.071742 0.099599
0 0.739748 0.622039 0.074543 0.107078
0 0.364463 0.374341 0.079223 0.091734
0 0.311109 0.111693 0.074789 0.096792
0 0.693898 0.079742 0.073883 0.099547
0 0.621379 0.760586 0.070922 0.101641
0 0.264463 0.629169 0.074176 0.100630
0 0.160000 0.887047 0.072867 0.089333
0 0.231195 0.901599 0.072266 0.099885
0 0.032145 0.320289 0.064289 0.090109
0 0.854121 0.567297 0.075031 0.099573
0 0.091949 0.167984 0.079687 0.102990
0 0.718004 0.834823 0.076422 0.094094
0 0.095508 0.553417 0.073984 0.094896
0 0.835674 0.279331 0.073410 0.104057
0 0.731197 0.746763 0.074645 0.098599
0 0.173928 0.762299 0.075855 0.099651
0 0.253172 0.775031 0.074945 0.101948
0 0.616273 0.515766 0.065898 0.090750
0 0.353416 0.054034 0.072715 0.101339
0 0.355051 0.712945 0.074242 0.108859
0 0.196684 0.293326 0.069688 0.097203
0 0.920332 0.784581 0.077664 0.093255
0 0.309316 0.941977 0.073289 0.106401
0 0.857078 0.887240 0.060727 0.080448
0 0.415416 0.673823 0.073184 0.092917
0 0.345508 0.185828 0.071711 0.082219
0 0.613787 0.848633 0.066191 0.084859
0 0.709031 0.007698 0.080187 0.015396
1 0.322557 0.281406 0.066348 0.085906
0 0.322377 0.281755 0.067012 0.085656
1 0.932168 0.698659 0.072781 0.094016
0 0.418379 0.988406 0.071297 0.023187
1 0.623531 0.975953 0.073375 0.045594
0 0.208918 0.986062 0.074906 0.027042
1 0.920830 0.202609 0.065832 0.087260
0 0.005580 0.384021 0.010480 0.093479
1 0.517730 0.360148 0.070805 0.088953
1 0.093674 0.741313 0.063168 0.084552
1 0.706789 0.520234 0.082016 0.109167
1 0.815012 0.347487 0.080289 0.093547
1 0.686598 0.370628 0.067930 0.096057
0 0.273908 0.300659 0.081988 0.122422
1 0.033873 0.766635 0.067746 0.104062
1 0.256889 0.156281 0.066965 0.092615
1 0.555287 0.308044 0.068809 0.105172
1 0.666084 0.294753 0.068113 0.085328
0 0.276709 0.985938 0.069121 0.028125
1 0.205537 0.463904 0.071301 0.102099
1 0.143195 0.485568 0.068969 0.105000
1 0.898137 0.286206 0.069148 0.095193
1 0.387855 0.291961 0.069625 0.101828
1 0.962076 0.580284 0.072691 0.101661
0 0.792834 0.982216 0.077426 0.035568
1 0.328936 0.601940 0.068910 0.095891
1 0.237467 0.357477 0.081371 0.092724
1 0.949867 0.443003 0.079922 0.096349
1 0.823010 0.433615 0.073152 0.092229
1 0.446998 0.595766 0.070059 0.103646
1 0.958531 0.347807 0.075234 0.105656
0 0.629766 0.017602 0.073445 0.035203
1 0.623238 0.227448 0.078844 0.102125
0 0.879334 0.976172 0.071277 0.043948
1 0.141605 0.255047 0.072133 0.099302
0 0.018102 0.971979 0.036203 0.054875
0 0.015615 0.197565 0.031230 0.094443
0 0.150900 0.600701 0.072105 0.098818
0 0.256678 0.440885 0.075113 0.101062
0 0.358742 0.970172 0.070734 0.058594
0 0.549342 0.975508 0.075605 0.048891
0 0.980451 0.506276 0.039098 0.083156
0 0.476242 0.298706 0.072500 0.097359
0 0.814582 0.515013 0.088883 0.091891
0 0.529906 0.652167 0.097430 0.095250
0 0.978270 0.235609 0.042602 0.089510
0 0.950354 0.947234 0.072848 0.090854
0 0.610521 0.303682 0.053379 0.072333
0 0.758211 0.395846 0.085742 0.100151
0 0.968500 0.075234 0.063000 0.095479
0 0.742961 0.466768 0.089195 0.097516
0 0.287078 0.034232 0.075820 0.068464
0 0.441012 0.366289 0.076805 0.086078
0 0.086434 0.458943 0.065437 0.097844
0 0.978197 0.662924 0.042543 0.093318
0 0.190291 0.198195 0.071176 0.095286
0 0.827951 0.951016 0.071824 0.092740
0 0.564508 0.035492 0.073977 0.069630
0 0.316506 0.412245 0.074559 0.112063
0 0.430482 0.245781 0.077582 0.090104
0 0.630090 0.385672 0.060344 0.101823
