0 0.285920 0.156130 0.066699 0.089260
0 0.570080 0.220763 0.067285 0.086599
0 0.247697 0.402409 0.073582 0.092578
0 0.466127 0.380273 0.072895 0.091391
0 0.779438 0.131089 0.072070 0.095813
0 0.177611 0.107518 0.070980 0.091151
0 0.129197 0.300148 0.074684 0.095755
0 0.121830 0.752172 0.072473 0.092865
0 0.341295 0.125935 0.059363 0.081370
0 0.077781 0.449503 0.072797 0.090464
0 0.715549 0.215745 0.068004 0.092344
0 0.616135 0.329570 0.071941 0.094589
0 0.688305 0.054326 0.074867 0.095130
0 0.349230 0.305406 0.071352 0.094635
0 0.542760 0.380341 0.070895 0.092161
0 0.476740 0.516076 0.065910 0.089536
0 0.800988 0.030164 0.065859 0.060328
0 0.018699 0.049729 0.037055 0.092354
0 0.086598 0.813159 0.078289 0.080057
0 0.399234 0.249883 0.064195 0.086391
0 0.505672 0.682312 0.079016 0.098792
0 0.369328 0.548318 0.062234 0.096958
0 0.019062 0.853677 0.038125 0.100042
0 0.763908 0.566661 0.072105 0.092656
0 0.606896 0.840896 0.078387 0.097010
4 0.240920 0.495401 0.079066 0.104875
0 0.456018 0.297549 0.085113 0.090943
0 0.213195 0.618208 0.072344 0.111979
0 0.801297 0.621594 0.066359 0.093469
0 0.099596 0.885115 0.070262 0.085865
0 0.110318 0.512661 0.060410 0.077635
0 0.677672 0.831818 0.065234 0.087281
0 0.313148 0.038089 0.073820 0.076177
0 0.048240 0.622948 0.083402 0.094854
0 0.017006 0.957362 0.034012 0.085276
0 0.715809 0.128781 0.069414 0.088677
0 0.624584 0.620279 0.065332 0.090505
0 0.921709 0.406987 0.075270 0.091078
0 0.543598 0.123839 0.072922 0.107625
0 0.246678 0.961115 0.081527 0.077771
0 0.338389 0.950516 0.076488 0.098229
0 0.685145 0.704596 0.076102 0.101964
0 0.416096 0.159221 0.069020 0.103641
0 0.782545 0.272737 0.068785 0.088995
0 0.188854 0.340932 0.064355 0.091760
0 0.884666 0.523849 0.073996 0.094042
0 0.390123 0.685500 0.074621 0.093750
0 0.172738 0.692836 0.073258 0.097849
0 0.334937 0.767596 0.070070 0.086474
0 0.179721 0.237823 0.071668 0.100865
0 0.218648 0.031901 0.072789 0.063802
0 0.532762 0.467815 0.074695 0.084411
0 0.415982 0.983622 0.074426 0.032380
0 0.005367 0.171792 0.010563 0.089552
0 0.038898 0.156563 0.066383 0.112156
0 0.978207 0.410346 0.043586 0.087068
0 0.567908 0.764742 0.071957 0.093016
0 0.816744 0.867013 0.075637 0.094901
0 0.987879 0.492245 0.023586 0.090458
0 0.832563 0.708781 0.069711 0.096635
0 0.118549 0.039706 0.071121 0.078828
0 0.492467 0.935755 0.078098 0.094573
0 0.621211 0.731052 0.065117 0.096344
0 0.341471 0.203247 0.078426 0.086172
0 0.449699 0.749648 0.065500 0.084255
0 0.938223 0.644292 0.072531 0.091646
0 0.922416 0.856294 0.073395 0.100443
0 0.264070 0.082469 0.077320 0.087500
0 0.005197 0.599081 0.010363 0.088151
0 0.848867 0.432245 0.071164 0.089104
0 0.990445 0.984107 0.019109 0.031786
0 0.548783 0.032422 0.071566 0.064844
0 0.301184 0.553852 0.077453 0.084484
0 0.949074 0.324266 0.071625 0.097760
0 0.877182 0.914253 0.075832 0.088505
0 0.974895 0.148706 0.050086 0.096474
0 0.404854 0.799557 0.070051 0.089719
0 0.446041 0.870359 0.070566 0.089260
0 0.576059 0.917815 0.067305 0.085453
0 0.879260 0.182391 0.068676 0.086854
0 0.051125 0.717190 0.066977 0.103401
0 0.923859 0.138398 0.056711 0.083964
0 0.761875 0.756904 0.064898 0.086839
0 0.424301 0.563786 0.067641 0.102198
0 0.010711 0.523844 0.021148 0.088062
0 0.625994 0.955698 0.069691 0.088604
0 0.679305 0.987724 0.069930 0.024531
0 0.860602 0.011547 0.071305 0.023094
0 0.012488 0.364185 0.024227 0.103307
0 0.820332 0.967878 0.067516 0.064245
0 0.983238 0.038440 0.033250 0.075891
0 0.894381 0.972352 0.081941 0.054807
0 0.985840 0.278932 0.028148 0.098042
0 0.012932 0.740026 0.025863 0.103729
0 0.395498 0.911174 0.066840 0.095578
0 0.610986 0.521432 0.067848 0.093646
0 0.965531 0.557937 0.068938 0.096396
0 0.412209 0.037523 0.070309 0.075047
0 0.755783 0.949471 0.071598 0.093214
0 0.671996 0.283393 0.068719 0.090870
0 0.464393 0.214607 0.061777 0.079932
0 0.044490 0.338654 0.067816 0.094109
0 0.886221 0.274802 0.073355 0.097792
0 0.964648 0.797133 0.068586 0.099339
0 0.245537 0.880573 0.074582 0.096333
0 0.811043 0.496768 0.064297 0.086536
0 0.340410 0.469177 0.074289 0.100927
0 0.743373 0.655701 0.062090 0.084193
0 0.476158 0.127831 0.066449 0.099547
0 0.733281 0.340760 0.072523 0.094521
0 0.104932 0.152458 0.072145 0.094552
0 0.086217 0.962432 0.073582 0.075135
0 0.021986 0.247917 0.043973 0.093052
0 0.267676 0.639680 0.066031 0.090109
0 0.318740 0.385990 0.072691 0.089260
0 0.054625 0.532443 0.070453 0.090771
0 0.023271 0.448518 0.046223 0.095224
0 0.473445 0.610195 0.069273 0.090432
0 0.169369 0.958393 0.074152 0.083214
0 0.564602 0.585690 0.066453 0.086589
0 0.574363 0.671805 0.063070 0.080984
0 0.688953 0.928740 0.065469 0.091771
0 0.407480 0.456646 0.071023 0.091250
0 0.274271 0.729003 0.072637 0.095589
0 0.842033 0.346198 0.069957 0.086781
0 0.642570 0.129953 0.075711 0.095875
0 0.115137 0.383492 0.075227 0.090307
0 0.171799 0.541120 0.074809 0.095458
0 0.636189 0.433234 0.069520 0.092510
0 0.534670 0.289128 0.074629 0.091995
0 0.334154 0.635568 0.072902 0.095125
