0 0.389922 0.450838 0.072745 0.157315
0 0.880600 0.014236 0.072044 0.028472
0 0.360686 0.896528 0.070695 0.136269
0 0.984137 0.352065 0.031049 0.143019
0 0.739185 0.736264 0.072714 0.104259
0 0.043615 0.960704 0.087229 0.077398
0 0.746932 0.020412 0.087359 0.040722
0 0.107263 0.939037 0.079687 0.116593
0 0.021884 0.454551 0.043768 0.146509
0 0.426807 0.727553 0.071526 0.121551
0 0.015311 0.794609 0.030622 0.144319
0 0.789707 0.968317 0.092404 0.061995
0 0.972023 0.286005 0.055573 0.142787
0 0.835865 0.028748 0.081036 0.057495
0 0.280895 0.043042 0.081794 0.086083
0 0.951530 0.689086 0.095018 0.141171
0 0.213941 0.040405 0.076815 0.080810
0 0.592559 0.035750 0.092831 0.071500
0 0.686151 0.685558 0.057510 0.175106
0 0.669413 0.853368 0.086654 0.119542
0 0.973626 0.466301 0.052669 0.127657
0 0.793590 0.490095 0.088602 0.125532
0 0.025122 0.643549 0.050245 0.151032
0 0.924419 0.935269 0.071182 0.126565
0 0.493659 0.898257 0.066354 0.113319
0 0.562936 0.545829 0.079018 0.161259
0 0.825868 0.321308 0.097893 0.137301
0 0.422999 0.053514 0.072794 0.107028
0 0.189289 0.548556 0.093339 0.122083
0 0.964169 0.578903 0.071339 0.132556
0 0.940540 0.037014 0.073279 0.073324
0 0.395792 0.687782 0.080052 0.150694
0 0.719069 0.123111 0.085815 0.131657
0 0.713039 0.435590 0.085089 0.147384
0 0.854569 0.568965 0.095940 0.127310
0 0.667651 0.055602 0.079891 0.111204
0 0.471012 0.201903 0.071513 0.120241
0 0.063879 0.506229 0.079065 0.129097
0 0.098652 0.834801 0.087263 0.128463
0 0.294911 0.914907 0.085089 0.140667
0 0.213017 0.886493 0.089706 0.148218
0 0.239621 0.476514 0.085997 0.124204
0 0.446108 0.863104 0.081404 0.137421
0 0.900684 0.451692 0.075721 0.138106
0 0.756534 0.377674 0.081203 0.133282
0 0.840047 0.684079 0.088927 0.140657
0 0.568404 0.679970 0.070323 0.148449
0 0.310708 0.665282 0.070661 0.174306
0 0.076741 0.327326 0.090867 0.148671
0 0.624628 0.623993 0.079354 0.137662
0 0.383768 0.816248 0.083260 0.143903
0 0.845514 0.235759 0.081378 0.132380
0 0.033186 0.211289 0.066138 0.138764
0 0.744771 0.879912 0.077661 0.128556
0 0.489815 0.748794 0.075073 0.132875
0 0.619211 0.932586 0.078286 0.133931
0 0.832971 0.115748 0.082385 0.147782
0 0.170740 0.719586 0.080724 0.126005
0 0.072500 0.064704 0.092495 0.129407
0 0.290243 0.239870 0.090518 0.134944
0 0.659216 0.201211 0.080802 0.148894
0 0.574202 0.121153 0.080279 0.131935
0 0.557178 0.301104 0.075143 0.145347
0 0.506926 0.619150 0.080117 0.139968
0 0.276684 0.366975 0.076487 0.132542
0 0.866085 0.940171 0.080445 0.118602
0 0.490596 0.103449 0.078307 0.124741
0 0.343115 0.354699 0.074193 0.137324
0 0.967525 0.126146 0.064951 0.141856
0 0.738658 0.604755 0.087591 0.150074
0 0.336813 0.128074 0.080562 0.153241
0 0.110207 0.607889 0.084310 0.135315
0 0.407603 0.167609 0.076034 0.140699
0 0.913273 0.814324 0.090594 0.152843
0 0.348855 0.599479 0.074654 0.151144
0 0.258865 0.114618 0.086833 0.140097
0 0.154775 0.221859 0.077982 0.132051
0 0.307389 0.498440 0.070768 0.141722
0 0.546129 0.803889 0.079768 0.135852
0 0.929680 0.207755 0.076885 0.127981
0 0.467833 0.298257 0.075750 0.142162
0 0.940997 0.356755 0.077682 0.142694
0 0.637193 0.340896 0.072380 0.157949
0 0.268100 0.779516 0.083919 0.117486
0 0.164109 0.422870 0.093026 0.153676
0 0.243549 0.613609 0.078536 0.142190
