4 0.495497 0.741412 0.089047 0.176083
0 0.765419 0.737375 0.081495 0.136361
0 0.847292 0.890375 0.078729 0.134194
0 0.081398 0.595435 0.078016 0.146852
0 0.821542 0.205819 0.090427 0.138269
0 0.164214 0.044806 0.075865 0.085204
0 0.289930 0.043597 0.071349 0.082713
0 0.934469 0.083486 0.072646 0.112843
0 0.960456 0.614662 0.075193 0.119898
0 0.029396 0.324375 0.058792 0.151731
0 0.852807 0.711005 0.102240 0.131046
0 0.980164 0.093690 0.039047 0.129287
0 0.360779 0.017773 0.064286 0.035546
0 0.581284 0.968157 0.072078 0.063685
0 0.900328 0.966472 0.076625 0.067056
0 0.981794 0.219065 0.034901 0.109963
0 0.752594 0.124907 0.073823 0.102815
0 0.118940 0.973361 0.078349 0.050074
0 0.228695 0.019199 0.079911 0.038306
0 0.970891 0.016616 0.055365 0.033231
0 0.015164 0.064194 0.027224 0.120148
0 0.433786 0.972134 0.089292 0.053194
0 0.756768 0.021569 0.049214 0.043139
0 0.012388 0.213282 0.024776 0.140694
0 0.806375 0.980176 0.094083 0.038259
0 0.753385 0.180949 0.075594 0.091787
0 0.471693 0.009755 0.079094 0.018954
0 0.223443 0.644157 0.077646 0.134796
0 0.087659 0.356417 0.077932 0.139833
0 0.362513 0.524167 0.081057 0.151407
0 0.143807 0.156185 0.077396 0.149130
0 0.213867 0.174486 0.072839 0.145028
0 0.209560 0.792634 0.084422 0.141583
0 0.531768 0.943921 0.075380 0.111250
0 0.651312 0.960685 0.077281 0.078630
0 0.798560 0.046755 0.076339 0.093509
0 0.446932 0.807296 0.069187 0.126759
0 0.478740 0.505875 0.073198 0.141843
0 0.327591 0.589537 0.080401 0.132889
0 0.086078 0.048782 0.077135 0.097565
0 0.890510 0.575032 0.088354 0.155139
0 0.769023 0.873523 0.075641 0.151231
0 0.085414 0.231324 0.069734 0.117778
0 0.860779 0.300694 0.073557 0.140000
0 0.647568 0.374727 0.074063 0.130565
0 0.547711 0.037037 0.079891 0.074074
0 0.665708 0.563931 0.077885 0.149046
0 0.030099 0.962264 0.060198 0.075472
0 0.717151 0.293384 0.067177 0.128213
0 0.678609 0.682157 0.078125 0.133519
0 0.865148 0.069384 0.078703 0.116713
0 0.338258 0.720338 0.068776 0.124787
0 0.152299 0.640792 0.072714 0.142843
0 0.567883 0.410602 0.073661 0.118722
0 0.356073 0.144667 0.066271 0.140574
0 0.085617 0.771005 0.078849 0.139787
0 0.545549 0.142792 0.074005 0.136583
0 0.292247 0.810380 0.076297 0.132167
0 0.329625 0.407241 0.078667 0.130130
0 0.380133 0.948014 0.072766 0.103972
0 0.336523 0.282120 0.067557 0.114685
0 0.485641 0.895694 0.082406 0.161630
0 0.695979 0.465435 0.078260 0.132556
0 0.787615 0.283306 0.078958 0.145574
0 0.839932 0.455852 0.088156 0.150037
0 0.933753 0.812019 0.087047 0.131389
0 0.393396 0.710815 0.071229 0.149685
0 0.542031 0.571653 0.073021 0.143602
0 0.560047 0.293319 0.069781 0.113769
0 0.609591 0.820704 0.080005 0.134463
0 0.258154 0.503384 0.075870 0.136324
0 0.648008 0.237759 0.077630 0.138241
0 0.405047 0.309407 0.073677 0.150722
0 0.617810 0.145315 0.074734 0.138556
0 0.370195 0.846060 0.074786 0.133917
0 0.444680 0.329361 0.068078 0.133333
0 0.552930 0.706824 0.073818 0.120333
0 0.404367 0.137241 0.076109 0.132481
0 0.026284 0.687023 0.052568 0.148028
0 0.293609 0.934319 0.074552 0.124398
0 0.193857 0.917120 0.089911 0.138019
0 0.264896 0.353412 0.074937 0.157843
0 0.284398 0.176718 0.079786 0.151843
0 0.725654 0.950037 0.075255 0.099926
0 0.039422 0.142514 0.076000 0.132417
0 0.957448 0.509926 0.085104 0.148852
0 0.698815 0.101787 0.076974 0.144611
0 0.913172 0.410083 0.074635 0.125222
0 0.963323 0.939741 0.073354 0.120519
0 0.967010 0.388579 0.065979 0.147269
0 0.650352 0.035926 0.075797 0.071852
0 0.921464 0.267838 0.082427 0.135898
0 0.039161 0.454671 0.076240 0.135194
0 0.809047 0.603745 0.090917 0.161380
0 0.039617 0.854505 0.077995 0.141380
0 0.734852 0.591190 0.073224 0.141769
0 0.432607 0.510435 0.068766 0.159556
0 0.591388 0.593227 0.069599 0.127991
