0 0.873371 0.825750 0.098409 0.165759
0 0.025307 0.854968 0.049604 0.175926
0 0.330220 0.679125 0.097273 0.172009
0 0.472380 0.574007 0.103630 0.169653
0 0.528693 0.874104 0.083125 0.167208
0 0.946283 0.668498 0.090727 0.204032
0 0.274949 0.732250 0.089008 0.153917
0 0.251525 0.612667 0.098586 0.192333
0 0.081418 0.838657 0.089888 0.155176
0 0.278445 0.883169 0.090167 0.179866
0 0.169465 0.918116 0.096518 0.160648
0 0.237096 0.132894 0.094000 0.163870
0 0.129753 0.758086 0.072375 0.140144
0 0.283721 0.048125 0.087286 0.093898
0 0.601270 0.827975 0.094846 0.164264
0 0.182568 0.057553 0.096630 0.115106
0 0.535260 0.657419 0.090005 0.175005
0 0.598971 0.279350 0.094276 0.152394
0 0.231522 0.405155 0.088102 0.186375
0 0.806288 0.670722 0.092273 0.181074
0 0.108482 0.578380 0.097349 0.151491
0 0.584486 0.432322 0.090867 0.168792
0 0.908796 0.920528 0.108206 0.155769
0 0.692655 0.338519 0.088143 0.151463
0 0.689534 0.210167 0.107745 0.154435
0 0.632855 0.541609 0.090737 0.167838
0 0.614540 0.682458 0.093648 0.146296
0 0.704366 0.718671 0.093659 0.164843
0 0.960637 0.090854 0.078727 0.170338
0 0.504693 0.421389 0.086370 0.149935
0 0.319496 0.432438 0.085784 0.154532
0 0.885672 0.165822 0.101484 0.166338
0 0.665254 0.907984 0.100695 0.165032
0 0.199555 0.773454 0.085432 0.177194
0 0.961176 0.330227 0.077648 0.166019
0 0.138182 0.201287 0.088547 0.164028
0 0.348133 0.555468 0.098875 0.159019
0 0.881594 0.705190 0.082234 0.150167
1 0.797293 0.797789 0.094107 0.163421
0 0.103867 0.785715 0.085911 0.179681
1 0.411995 0.386433 0.082729 0.161486
1 0.063421 0.703391 0.088857 0.161727
1 0.514430 0.284954 0.090568 0.154315
0 0.983681 0.176271 0.032034 0.157421
0 0.434626 0.473600 0.091747 0.160319
1 0.480085 0.796206 0.089341 0.157727
0 0.017279 0.579831 0.034266 0.168745
0 0.062150 0.942641 0.115211 0.112755
0 0.189516 0.544984 0.082714 0.166912
0 0.295135 0.255810 0.091365 0.171685
0 0.033038 0.463799 0.065586 0.180745
0 0.351724 0.865023 0.083271 0.185991
