0 0.217303 0.067544 0.058441 0.135089
0 0.995797 0.782078 0.008406 0.074229
0 0.995859 0.200695 0.008281 0.076443
0 0.845227 0.502073 0.059258 0.071052
0 0.009639 0.287310 0.018160 0.085714
0 0.504848 0.852167 0.071469 0.089375
0 0.993783 0.707622 0.012215 0.078932
0 0.732148 0.196729 0.062344 0.106125
0 0.011088 0.539763 0.022176 0.076745
0 0.753625 0.038693 0.063352 0.076802
0 0.489424 0.491135 0.060965 0.081719
0 0.590529 0.364721 0.062434 0.076870
0 0.787152 0.156039 0.057031 0.075057
0 0.454682 0.648219 0.067340 0.083771
0 0.803873 0.776120 0.060363 0.080135
0 0.191717 0.652810 0.063941 0.081651
0 0.793932 0.367633 0.070527 0.093641
0 0.627920 0.692482 0.058371 0.079016
0 0.815674 0.856307 0.063285 0.078625
0 0.961270 0.810219 0.065586 0.081708
0 0.102775 0.561680 0.065238 0.085109
0 0.814957 0.035435 0.065531 0.070870
0 0.883438 0.744154 0.064523 0.086099
0 0.327811 0.180563 0.066535 0.084958
0 0.682436 0.583318 0.062512 0.078240
0 0.075695 0.940880 0.056648 0.076229
0 0.275232 0.761221 0.065934 0.080120
0 0.567031 0.761310 0.066250 0.082870
0 0.967477 0.261630 0.065047 0.085438
0 0.136391 0.927974 0.063125 0.090042
0 0.082205 0.366937 0.083309 0.122094
0 0.430666 0.091633 0.071184 0.087391
0 0.585365 0.527799 0.060277 0.085995
0 0.423939 0.495591 0.067223 0.084078
0 0.459092 0.961419 0.068988 0.077161
0 0.346945 0.727961 0.068117 0.092349
0 0.391102 0.158875 0.070445 0.092052
0 0.873559 0.240042 0.055617 0.089219
0 0.721881 0.528190 0.066223 0.084724
0 0.011553 0.124518 0.022434 0.084276
0 0.513857 0.082862 0.064723 0.079557
0 0.862705 0.481659 0.078340 0.095932
0 0.550625 0.978607 0.062633 0.042099
0 0.014100 0.453518 0.027387 0.093578
0 0.076146 0.018130 0.061996 0.035906
0 0.543365 0.088409 0.068465 0.077422
0 0.974924 0.972432 0.050152 0.055135
0 0.877541 0.020263 0.067137 0.038193
0 0.903057 0.060667 0.057340 0.066271
0 0.172930 0.900141 0.063516 0.091427
0 0.091322 0.698391 0.060762 0.070677
0 0.938281 0.038760 0.062844 0.073229
0 0.638520 0.490534 0.058664 0.078943
0 0.660912 0.211193 0.055191 0.076312
0 0.479195 0.161060 0.057891 0.073099
0 0.809350 0.973557 0.061105 0.052885
0 0.041602 0.557055 0.056859 0.073286
0 0.589096 0.932229 0.066254 0.080833
0 0.437594 0.409115 0.077164 0.092698
0 0.264318 0.875935 0.062691 0.078641
0 0.505484 0.310865 0.058453 0.076010
0 0.223371 0.028641 0.056047 0.055656
0 0.350559 0.254388 0.057438 0.073766
0 0.979047 0.900107 0.041320 0.087589
0 0.847045 0.113438 0.056043 0.077781
0 0.332127 0.557701 0.065371 0.090703
0 0.722727 0.683122 0.062867 0.083130
0 0.869912 0.908055 0.063137 0.082016
0 0.249857 0.248049 0.065082 0.084859
0 0.245049 0.956258 0.062316 0.083828
0 0.556672 0.301130 0.066180 0.078792
0 0.048326 0.876927 0.057527 0.074167
0 0.934330 0.585378 0.055145 0.070547
0 0.359518 0.606115 0.059941 0.072760
0 0.690146 0.901182 0.076520 0.080490
0 0.232684 0.538086 0.067133 0.086422
0 0.643504 0.409333 0.061789 0.078292
0 0.055348 0.484779 0.070625 0.072047
0 0.917609 0.664146 0.059711 0.079344
0 0.226115 0.861294 0.055199 0.079536
0 0.146068 0.410419 0.059559 0.086120
0 0.949754 0.740354 0.059820 0.071958
0 0.930750 0.194190 0.059672 0.087745
0 0.808664 0.281018 0.068555 0.075484
0 0.206979 0.095034 0.062535 0.080859
0 0.562666 0.167180 0.056965 0.090245
0 0.970480 0.678510 0.051750 0.073125
0 0.418490 0.583141 0.063059 0.078646
0 0.827115 0.207284 0.060746 0.077005
0 0.124811 0.205141 0.068480 0.092688
0 0.941721 0.113195 0.066301 0.074276
0 0.097645 0.769464 0.062273 0.078677
0 0.615387 0.178607 0.058422 0.084120
0 0.732807 0.766339 0.062277 0.084083
0 0.858123 0.824104 0.067035 0.083937
0 0.279672 0.044984 0.067844 0.089708
0 0.222252 0.365646 0.064324 0.087156
0 0.702576 0.280539 0.064020 0.081578
0 0.017584 0.688643 0.033754 0.086036
0 0.874014 0.975445 0.063605 0.048411
0 0.442467 0.793461 0.062957 0.081109
0 0.667180 0.497940 0.049289 0.074266
0 0.547416 0.246521 0.059012 0.070229
0 0.549449 0.498008 0.066445 0.090370
0 0.869650 0.652292 0.041715 0.074260
0 0.023787 0.652794 0.047574 0.080839
0 0.163465 0.012542 0.059547 0.023448
