1 0.222859 0.133185 0.076661 0.146352
1 0.752342 0.118227 0.084919 0.172917
1 0.465138 0.795641 0.077536 0.178449
1 0.891092 0.094317 0.075206 0.133319
1 0.386887 0.570130 0.077560 0.125333
1 0.626111 0.486035 0.073664 0.155681
0 0.097779 0.808072 0.092943 0.151856
0 0.384551 0.892062 0.084815 0.152144
0 0.192491 0.801262 0.085560 0.149764
0 0.109173 0.529829 0.081378 0.139046
0 0.540815 0.766764 0.090047 0.158870
0 0.004710 0.711396 0.009273 0.159597
1 0.395529 0.454634 0.085661 0.141287
1 0.124128 0.667678 0.081693 0.149569
1 0.284703 0.064655 0.084984 0.129181
0 0.124079 0.979854 0.085706 0.037690
1 0.687977 0.761546 0.077021 0.150306
1 0.211750 0.539222 0.080661 0.146074
1 0.125487 0.154146 0.080797 0.171495
0 0.176943 0.044606 0.073641 0.087657
0 0.379172 0.984618 0.084823 0.028792
0 0.912053 0.964618 0.081372 0.070301
0 0.979132 0.059799 0.041737 0.119597
0 0.770072 0.024660 0.090289 0.048199
0 0.033249 0.032225 0.066497 0.064153
0 0.512952 0.961539 0.089273 0.076125
0 0.017993 0.869713 0.035737 0.160528
0 0.468766 0.267583 0.075115 0.184157
0 0.100776 0.044387 0.078099 0.088773
0 0.395169 0.248556 0.083203 0.142870
0 0.195383 0.386574 0.073141 0.194796
0 0.759388 0.938183 0.078740 0.122560
0 0.649807 0.314440 0.076187 0.196870
0 0.976010 0.539745 0.047635 0.116019
0 0.850362 0.173060 0.073297 0.177491
0 0.965880 0.939655 0.068036 0.117366
0 0.799086 0.404137 0.070974 0.177681
0 0.553286 0.197382 0.101802 0.135921
0 0.331206 0.329206 0.081422 0.157690
0 0.350645 0.722132 0.079784 0.154486
0 0.870600 0.637484 0.082544 0.149810
0 0.722624 0.309257 0.067711 0.120866
0 0.649336 0.932326 0.085021 0.135023
0 0.028707 0.526042 0.057414 0.139852
0 0.620611 0.695600 0.069414 0.154708
0 0.831328 0.783738 0.080328 0.146153
0 0.771385 0.689984 0.076349 0.129718
0 0.263250 0.268634 0.077682 0.149963
0 0.689014 0.185269 0.086258 0.129694
0 0.960279 0.178329 0.079370 0.149935
0 0.879783 0.516688 0.087747 0.139403
0 0.480441 0.459313 0.085497 0.149014
0 0.393776 0.015248 0.093547 0.029949
0 0.796484 0.559500 0.082495 0.165370
0 0.298005 0.519312 0.077380 0.146134
0 0.674565 0.620868 0.076401 0.141051
0 0.617479 0.069581 0.080109 0.139162
