0 0.247607 0.281252 0.079854 0.136042
0 0.170721 0.721088 0.081328 0.150093
0 0.094331 0.362144 0.075203 0.131009
0 0.869457 0.481787 0.080049 0.137870
0 0.790221 0.564789 0.086208 0.159366
0 0.118074 0.022711 0.093086 0.045421
0 0.782517 0.170269 0.089862 0.152019
0 0.939694 0.555963 0.085508 0.146935
0 0.766634 0.314854 0.092289 0.157542
0 0.909286 0.755269 0.088078 0.160870
0 0.039079 0.173063 0.077820 0.162218
0 0.460372 0.666005 0.078339 0.141231
0 0.010448 0.060347 0.019245 0.120694
0 0.676404 0.856838 0.085818 0.144167
0 0.715954 0.616380 0.089435 0.156269
0 0.073997 0.075662 0.087677 0.145935
0 0.319202 0.061743 0.094518 0.123486
0 0.200591 0.125458 0.096021 0.182565
0 0.157415 0.588792 0.078930 0.130602
0 0.322135 0.923937 0.079578 0.152125
0 0.565962 0.540410 0.102398 0.138023
0 0.446888 0.083282 0.082917 0.148574
0 0.741048 0.055942 0.089721 0.110986
0 0.320891 0.557181 0.100891 0.171981
0 0.537922 0.804838 0.089245 0.157269
0 0.174322 0.914919 0.085706 0.154699
0 0.239613 0.841046 0.094544 0.147917
1 0.797359 0.806738 0.090438 0.163681
0 0.460326 0.249236 0.088802 0.175231
0 0.436803 0.544653 0.079445 0.128722
0 0.866698 0.063106 0.089526 0.126093
0 0.248384 0.721454 0.079617 0.139981
0 0.533749 0.940678 0.096315 0.116005
0 0.872250 0.884757 0.088052 0.142551
0 0.253930 0.948176 0.087234 0.103574
0 0.354103 0.740062 0.082784 0.154662
0 0.724296 0.766197 0.087977 0.157301
0 0.707734 0.953470 0.083307 0.093060
0 0.529669 0.639343 0.077833 0.135519
0 0.509194 0.346750 0.090659 0.173028
0 0.387742 0.894076 0.094156 0.163810
0 0.309387 0.188438 0.085977 0.143931
0 0.391779 0.300843 0.088828 0.181556
0 0.983145 0.942456 0.033633 0.111819
0 0.983294 0.041299 0.033411 0.082597
0 0.170608 0.356032 0.087508 0.165370
0 0.386109 0.029037 0.091219 0.058074
0 0.975855 0.204861 0.048091 0.167185
0 0.556738 0.416310 0.091711 0.153250
1 0.229796 0.455241 0.090055 0.161074
0 0.132941 0.471975 0.082148 0.129542
0 0.425292 0.957576 0.100276 0.084847
0 0.452074 0.410590 0.088935 0.157356
0 0.695457 0.194356 0.087867 0.157269
0 0.111193 0.230021 0.086573 0.153486
0 0.955667 0.091329 0.088667 0.159102
0 0.641250 0.439116 0.089281 0.152898
0 0.670797 0.318218 0.091161 0.142500
0 0.618828 0.928991 0.084589 0.142019
0 0.962043 0.836308 0.075914 0.165866
1 0.316724 0.343530 0.086729 0.164718
1 0.429363 0.775613 0.087857 0.151394
1 0.948764 0.412532 0.094201 0.165796
