0 0.419018 0.701802 0.064309 0.091042
0 0.346715 0.716977 0.067039 0.085693
0 0.773227 0.480211 0.077313 0.104672
0 0.137121 0.306388 0.072266 0.093859
0 0.145389 0.407026 0.079027 0.076052
0 0.781977 0.097555 0.070117 0.095245
0 0.282072 0.248380 0.072332 0.101135
0 0.911764 0.106565 0.060191 0.094391
0 0.069477 0.488357 0.071891 0.078193
0 0.569287 0.595289 0.061855 0.086297
0 0.770863 0.573234 0.072547 0.094031
0 0.415154 0.119445 0.077324 0.085786
0 0.572758 0.324380 0.068727 0.100969
0 0.806207 0.654096 0.072820 0.112057
0 0.625447 0.512862 0.075082 0.118349
0 0.140266 0.499221 0.082680 0.107922
0 0.906729 0.864393 0.081449 0.103193
0 0.018516 0.969273 0.036906 0.061453
0 0.582391 0.376711 0.072984 0.096568
0 0.206418 0.746831 0.070672 0.099880
0 0.694373 0.505331 0.087512 0.110724
0 0.847123 0.152594 0.083887 0.098406
0 0.164621 0.233268 0.075000 0.108953
0 0.591107 0.937599 0.065113 0.082667
0 0.675609 0.177148 0.078008 0.112516
0 0.846285 0.238104 0.071289 0.089979
0 0.923656 0.341812 0.091188 0.118427
0 0.400768 0.418602 0.063574 0.078349
0 0.982047 0.947026 0.034820 0.094562
0 0.413346 0.047201 0.073348 0.094401
0 0.028645 0.432479 0.057289 0.091146
0 0.239725 0.322172 0.077473 0.101010
0 0.164164 0.680302 0.067883 0.087635
0 0.902375 0.918237 0.079227 0.104411
0 0.919277 0.517846 0.071609 0.086693
0 0.751023 0.878292 0.083914 0.127667
0 0.383945 0.461117 0.076164 0.086839
0 0.695666 0.106255 0.072559 0.094125
0 0.107332 0.615380 0.085016 0.102969
0 0.963773 0.625776 0.062953 0.100667
0 0.504887 0.332474 0.059992 0.092677
0 0.970137 0.463508 0.059727 0.105484
0 0.182842 0.849388 0.078637 0.105599
0 0.241398 0.520268 0.072406 0.103339
0 0.371680 0.805070 0.072836 0.090172
0 0.274174 0.743333 0.075910 0.089531
0 0.260246 0.437437 0.061648 0.084750
0 0.712314 0.790276 0.067816 0.091875
0 0.955256 0.821945 0.069723 0.083849
0 0.588055 0.694982 0.077461 0.102682
0 0.968826 0.075591 0.062348 0.102182
0 0.703313 0.258781 0.070187 0.088687
0 0.219152 0.097826 0.068883 0.092036
0 0.627139 0.767242 0.068809 0.086547
0 0.386910 0.326893 0.073875 0.084797
0 0.777357 0.703690 0.070254 0.105193
0 0.668324 0.874000 0.072516 0.094312
0 0.155684 0.055523 0.075641 0.103370
0 0.483859 0.738966 0.081383 0.119547
0 0.867258 0.394922 0.068227 0.087042
0 0.346063 0.626258 0.064664 0.086359
0 0.334250 0.392406 0.075750 0.115813
0 0.441148 0.354997 0.063094 0.083474
0 0.341623 0.502333 0.082301 0.100458
0 0.479736 0.099477 0.060871 0.091151
0 0.920025 0.727763 0.060129 0.101422
0 0.235516 0.811536 0.059766 0.085094
0 0.552121 0.112211 0.086078 0.121120
0 0.518551 0.259391 0.082437 0.099625
0 0.863139 0.537896 0.085168 0.096333
0 0.508439 0.377237 0.070121 0.097734
0 0.246727 0.933630 0.086992 0.117146
0 0.662650 0.380565 0.081730 0.129047
0 0.041355 0.011500 0.065805 0.022969
0 0.075346 0.983122 0.067230 0.032984
0 0.096453 0.206344 0.102031 0.113521
0 0.345023 0.952802 0.061414 0.086344
0 0.154672 0.011424 0.076266 0.022849
0 0.989102 0.891526 0.021648 0.087510
0 0.241590 0.232789 0.071008 0.086411
0 0.702533 0.358070 0.078332 0.098859
0 0.008443 0.039643 0.016887 0.073880
0 0.433074 0.974979 0.076312 0.050042
0 0.991133 0.661302 0.017734 0.111656
0 0.014463 0.644802 0.028926 0.126917
0 0.837561 0.015102 0.071332 0.029995
0 0.126715 0.707297 0.057172 0.097146
0 0.611021 0.987586 0.065965 0.023422
0 0.105008 0.901961 0.100398 0.101484
0 0.320984 0.754984 0.062938 0.081500
0 0.228150 0.193664 0.060762 0.080464
0 0.414813 0.934224 0.077172 0.088615
0 0.776494 0.029943 0.069105 0.058146
0 0.321320 0.963786 0.072555 0.068812
0 0.007242 0.242844 0.014484 0.085823
0 0.288465 0.981844 0.071016 0.034969
0 0.435342 0.945987 0.066918 0.079339
0 0.832205 0.201104 0.070355 0.087229
0 0.011471 0.486250 0.022043 0.110708
0 0.979455 0.485880 0.041090 0.089115
0 0.173154 0.291404 0.065184 0.093339
0 0.755432 0.045560 0.068027 0.084432
0 0.738687 0.099732 0.056664 0.073630
0 0.384668 0.219479 0.079031 0.124042
0 0.537893 0.953857 0.069762 0.091141
