0 0.728652 0.607782 0.161997 0.137389
0 0.892941 0.156046 0.088201 0.145167
0 0.994230 0.435889 0.011529 0.141519
0 0.989167 0.955039 0.021641 0.089921
0 0.899161 0.044838 0.087984 0.089676
0 0.340512 0.652766 0.089174 0.154653
0 0.516436 0.232037 0.085503 0.145296
0 0.012613 0.631898 0.025070 0.145037
0 0.138098 0.486426 0.084581 0.127769
0 0.013430 0.800646 0.026859 0.159144
0 0.014663 0.230796 0.028852 0.149546
0 0.430178 0.971231 0.092190 0.053963
0 0.516891 0.293903 0.085615 0.178407
0 0.973559 0.168727 0.052518 0.173741
0 0.074040 0.389521 0.076737 0.135421
0 0.639279 0.702206 0.078464 0.137995
0 0.292503 0.878174 0.105516 0.193060
0 0.464169 0.319475 0.082260 0.141310
0 0.909602 0.197951 0.093083 0.155755
0 0.717396 0.968111 0.079271 0.061991
0 0.123990 0.034847 0.086286 0.068444
0 0.180273 0.456981 0.087589 0.140481
0 0.427406 0.038461 0.090318 0.075940
0 0.207461 0.640002 0.088406 0.156884
0 0.374315 0.902854 0.087365 0.189144
0 0.773569 0.497535 0.077898 0.131782
0 0.682349 0.203551 0.084026 0.131333
0 0.077763 0.623414 0.097083 0.169588
0 0.575733 0.036456 0.083878 0.072449
0 0.482630 0.954218 0.086318 0.089583
0 0.344488 0.162220 0.123784 0.179162
0 0.436535 0.238037 0.094456 0.159907
0 0.231706 0.738961 0.094516 0.154338
0 0.679198 0.271850 0.081104 0.136329
0 0.871294 0.295303 0.080094 0.119421
0 0.894337 0.352690 0.077049 0.145602
0 0.241108 0.413553 0.096596 0.186708
0 0.481178 0.502977 0.088628 0.152676
0 0.348094 0.048984 0.095354 0.097792
0 0.048158 0.725891 0.088768 0.150940
0 0.520956 0.627465 0.091568 0.131949
0 0.096624 0.837718 0.113914 0.134333
0 0.152033 0.936475 0.084122 0.127051
0 0.517729 0.705185 0.081286 0.135019
0 0.736044 0.044396 0.086026 0.088079
0 0.146021 0.556764 0.088484 0.146185
0 0.396714 0.529498 0.086646 0.148977
0 0.685328 0.617162 0.076391 0.139843
0 0.967190 0.276407 0.065620 0.145917
0 0.053150 0.248648 0.081044 0.152389
0 0.913074 0.575826 0.084201 0.130301
0 0.645141 0.358204 0.078208 0.137204
0 0.745846 0.150692 0.081016 0.148986
0 0.831379 0.827861 0.074221 0.128815
0 0.645443 0.573988 0.082979 0.139069
0 0.468626 0.798704 0.084560 0.188731
0 0.023632 0.393308 0.047148 0.139375
0 0.793760 0.180014 0.079182 0.131204
0 0.700549 0.889928 0.072776 0.128431
0 0.738085 0.398894 0.077253 0.129630
0 0.390382 0.373269 0.093523 0.200306
0 0.557943 0.914933 0.102307 0.170134
0 0.901210 0.485581 0.081440 0.144921
0 0.042180 0.934738 0.084313 0.130523
0 0.639939 0.941275 0.080664 0.116551
0 0.594052 0.781148 0.077198 0.143306
0 0.844990 0.533532 0.082313 0.144222
0 0.829602 0.685132 0.099057 0.178912
0 0.823242 0.931438 0.080438 0.135644
0 0.958104 0.868396 0.083792 0.191171
0 0.256348 0.198257 0.096081 0.163403
0 0.674462 0.460225 0.086518 0.137875
0 0.951309 0.679285 0.084862 0.138384
0 0.896557 0.790030 0.078484 0.137745
0 0.958909 0.399782 0.081625 0.146630
0 0.318266 0.298984 0.089635 0.161606
0 0.822199 0.066345 0.085638 0.132690
0 0.131224 0.131907 0.088635 0.158870
0 0.401385 0.721632 0.082073 0.153718
0 0.596710 0.458106 0.084018 0.155769
0 0.586592 0.201102 0.087107 0.151824
0 0.704569 0.759530 0.084924 0.159394
0 0.780409 0.300063 0.082302 0.140403
0 0.323379 0.486831 0.100174 0.170412
0 0.125646 0.271671 0.089964 0.156167
0 0.808607 0.411692 0.077630 0.133440
0 0.770820 0.595782 0.081917 0.144537
0 0.515470 0.089421 0.112237 0.164417
0 0.766687 0.846424 0.078969 0.146079
