3 0.421526 0.484532 0.083344 0.135537
0 0.005142 0.583549 0.009919 0.149782
0 0.022734 0.980333 0.045469 0.036343
0 0.742211 0.982664 0.096031 0.030468
0 0.573462 0.701088 0.094617 0.148167
0 0.431404 0.974512 0.098979 0.048338
0 0.007189 0.716676 0.014378 0.152815
0 0.991031 0.783574 0.017938 0.150352
0 0.988238 0.491162 0.023315 0.155278
0 0.898582 0.029701 0.084263 0.059403
0 0.656738 0.031826 0.086440 0.062486
0 0.025017 0.036866 0.050034 0.073731
0 0.981478 0.368058 0.036935 0.144106
0 0.396353 0.032572 0.083857 0.064421
0 0.980336 0.232199 0.039328 0.142778
0 0.965529 0.041102 0.068943 0.082130
0 0.921840 0.486688 0.089643 0.135338
0 0.135574 0.951863 0.084878 0.095829
0 0.548871 0.057618 0.086310 0.114486
0 0.351301 0.918771 0.085565 0.131755
0 0.308911 0.272514 0.091885 0.117972
0 0.510667 0.955306 0.085677 0.088769
0 0.838496 0.059222 0.077977 0.118444
0 0.115720 0.055292 0.093331 0.110583
0 0.974303 0.668519 0.051393 0.165491
0 0.475207 0.391910 0.083951 0.149292
0 0.030490 0.909262 0.060979 0.140431
0 0.581648 0.134204 0.080156 0.133000
0 0.236505 0.588877 0.076776 0.131690
0 0.237169 0.826713 0.077568 0.144509
0 0.668845 0.817174 0.094904 0.124236
0 0.817035 0.942139 0.094128 0.114519
0 0.232095 0.465174 0.085383 0.143319
0 0.753163 0.595324 0.078549 0.130250
0 0.260626 0.081984 0.079117 0.163912
0 0.254292 0.944204 0.085458 0.110602
0 0.927512 0.100947 0.079430 0.136755
0 0.289755 0.682231 0.090490 0.152019
0 0.901557 0.735317 0.096875 0.137532
0 0.471018 0.079125 0.085125 0.156352
0 0.407635 0.349333 0.087609 0.165667
0 0.089915 0.136190 0.077633 0.138176
0 0.741823 0.913123 0.094271 0.147764
0 0.628451 0.218572 0.076578 0.122023
0 0.659324 0.701199 0.088794 0.144444
0 0.030613 0.175100 0.061227 0.150347
0 0.671474 0.452419 0.101521 0.142829
0 0.179083 0.308877 0.087469 0.137838
0 0.083206 0.256336 0.085974 0.136792
0 0.497638 0.631280 0.090911 0.137801
0 0.145214 0.769366 0.087198 0.142907
0 0.404919 0.835715 0.090000 0.137921
0 0.739947 0.191787 0.087023 0.155009
0 0.423085 0.712623 0.088549 0.171782
0 0.502932 0.509345 0.084547 0.136810
0 0.179202 0.111586 0.084096 0.142477
0 0.614361 0.938657 0.078461 0.122685
0 0.286740 0.377412 0.089792 0.140602
0 0.629685 0.352891 0.094786 0.152134
0 0.082315 0.485891 0.086516 0.139273
0 0.544682 0.355986 0.086417 0.164130
0 0.935964 0.604132 0.079964 0.136782
0 0.233785 0.231021 0.083174 0.154866
0 0.040621 0.579819 0.081242 0.158241
0 0.743130 0.694252 0.083594 0.137125
0 0.679363 0.578333 0.084508 0.144102
0 0.958960 0.920856 0.081701 0.143972
0 0.796112 0.342451 0.086250 0.143458
0 0.025452 0.378810 0.050393 0.139065
0 0.700625 0.093176 0.092292 0.152852
0 0.503449 0.754731 0.092732 0.141528
0 0.178415 0.886896 0.092070 0.141755
0 0.140999 0.622743 0.082820 0.144088
0 0.338608 0.094065 0.090065 0.154269
0 0.326693 0.551968 0.085031 0.152241
0 0.830065 0.631951 0.082839 0.152810
0 0.810397 0.485984 0.090445 0.139153
0 0.552736 0.863495 0.088638 0.163185
0 0.822230 0.782641 0.085096 0.141181
0 0.151206 0.436213 0.092552 0.156157
0 0.607749 0.529053 0.085909 0.148912
0 0.440754 0.208419 0.089013 0.147968
0 0.884124 0.863090 0.086820 0.157468
0 0.903823 0.348391 0.085526 0.146690
0 0.053831 0.793613 0.086370 0.149301
0 0.305940 0.806417 0.088385 0.151593
0 0.202363 0.705690 0.093440 0.152991
0 0.860258 0.178363 0.087906 0.145505
