0 0.045658 0.462404 0.091316 0.144859
0 0.633838 0.069000 0.103035 0.132115
0 0.131119 0.424651 0.107426 0.141469
0 0.323867 0.782771 0.102305 0.129219
0 0.362588 0.311932 0.112918 0.143208
0 0.948561 0.057544 0.102879 0.114786
0 0.100260 0.250987 0.095441 0.129745
0 0.927516 0.424148 0.086344 0.090401
0 0.006133 0.722802 0.012117 0.121344
0 0.375193 0.940880 0.106191 0.115563
0 0.063840 0.977117 0.092953 0.045766
0 0.739707 0.481247 0.110383 0.134891
0 0.933607 0.193388 0.103246 0.134495
0 0.970568 0.801435 0.058637 0.145630
0 0.099814 0.908435 0.096949 0.128984
0 0.989514 0.747294 0.020660 0.131453
0 0.131766 0.725940 0.114820 0.145182
0 0.602924 0.224354 0.100418 0.153792
0 0.579852 0.802260 0.095258 0.120854
0 0.847691 0.483940 0.109359 0.138172
0 0.868553 0.626268 0.114402 0.151276
0 0.453326 0.826487 0.107887 0.134536
0 0.294633 0.552539 0.113695 0.150359
0 0.705986 0.194852 0.107129 0.133266
0 0.720543 0.631474 0.097977 0.137646
0 0.617412 0.691385 0.102668 0.136385
0 0.568564 0.536203 0.116965 0.138073
0 0.954725 0.931003 0.090551 0.134682
0 0.980693 0.376688 0.038527 0.125719
0 0.948436 0.685789 0.102934 0.127745
0 0.526393 0.712568 0.095996 0.123260
0 0.261328 0.698008 0.106383 0.155641
0 0.534404 0.029833 0.097332 0.059667
0 0.612926 0.985419 0.100961 0.029141
0 0.418900 0.938258 0.107910 0.123276
0 0.864152 0.286305 0.110063 0.141130
0 0.677932 0.307055 0.100895 0.127203
0 0.174527 0.650185 0.112953 0.145005
0 0.889795 0.850773 0.108082 0.129755
0 0.780570 0.593674 0.092977 0.135391
0 0.691377 0.882154 0.113918 0.148547
0 0.257061 0.970589 0.110168 0.058823
0 0.641342 0.921451 0.103293 0.134307
0 0.817830 0.968062 0.098738 0.063875
0 0.024512 0.045117 0.048562 0.088870
0 0.299213 0.899023 0.102785 0.131755
0 0.917105 0.319310 0.095773 0.134234
0 0.512240 0.644102 0.107184 0.139078
0 0.922994 0.557458 0.115348 0.120792
0 0.824852 0.869974 0.108281 0.153594
0 0.422164 0.582870 0.115133 0.163687
0 0.656271 0.387138 0.111957 0.135443
0 0.512354 0.213956 0.096527 0.157755
0 0.800766 0.169513 0.103672 0.142641
0 0.088010 0.019094 0.111535 0.038187
0 0.140479 0.856122 0.100895 0.130734
0 0.409623 0.023336 0.108480 0.046401
0 0.019252 0.601299 0.038504 0.132797
0 0.964006 0.507352 0.071879 0.132651
0 0.153697 0.971927 0.105848 0.056135
0 0.036996 0.310734 0.073992 0.143281
0 0.311516 0.016383 0.102156 0.032766
0 0.232508 0.445297 0.110367 0.146604
0 0.316832 0.183891 0.109406 0.143219
0 0.260346 0.308313 0.105418 0.148427
0 0.433527 0.409831 0.104055 0.139307
0 0.170498 0.306831 0.091473 0.140516
0 0.749385 0.402201 0.105910 0.122880
0 0.392570 0.097060 0.109773 0.133641
0 0.421764 0.212083 0.100121 0.120698
0 0.246197 0.064203 0.100723 0.128406
0 0.546045 0.929214 0.110637 0.139344
0 0.542477 0.430268 0.113508 0.135505
0 0.094859 0.579484 0.107961 0.146906
0 0.037686 0.816716 0.075371 0.127609
0 0.733170 0.069552 0.093004 0.139104
3 0.360207 0.634229 0.103930 0.121417
