0 0.421016 0.015153 0.076802 0.029889
0 0.985249 0.263461 0.029503 0.136338
0 0.746625 0.199669 0.111516 0.143431
0 0.583454 0.969155 0.072997 0.060949
0 0.363671 0.757995 0.070773 0.137333
0 0.016311 0.472481 0.032622 0.140620
0 0.895040 0.345706 0.073013 0.128023
0 0.875358 0.621023 0.078596 0.139065
0 0.097591 0.817632 0.071328 0.123523
0 0.735095 0.316329 0.071211 0.115269
0 0.313870 0.654748 0.073125 0.132505
0 0.591818 0.337630 0.080771 0.127620
0 0.100414 0.955738 0.082526 0.088523
0 0.608535 0.530951 0.078034 0.134551
0 0.461199 0.932039 0.081872 0.129394
0 0.033618 0.834507 0.066591 0.156458
0 0.911559 0.161998 0.082773 0.138755
0 0.810380 0.689063 0.080281 0.132162
0 0.256762 0.401498 0.078909 0.132005
0 0.185456 0.206998 0.067745 0.120338
0 0.413858 0.455053 0.079216 0.140884
0 0.037514 0.681819 0.074596 0.140481
0 0.966242 0.371597 0.067516 0.123407
0 0.633098 0.669671 0.076154 0.138157
0 0.665728 0.340183 0.071107 0.159301
0 0.122348 0.480699 0.084451 0.142065
0 0.804505 0.885192 0.070854 0.122514
0 0.335275 0.910502 0.080336 0.150292
0 0.515768 0.730222 0.076896 0.140481
0 0.822602 0.304507 0.073667 0.127792
0 0.437677 0.790012 0.074031 0.132329
0 0.254936 0.225433 0.069305 0.152986
0 0.273242 0.543613 0.082906 0.141718
0 0.657919 0.945660 0.079380 0.108523
0 0.688361 0.816035 0.079831 0.143014
0 0.260056 0.938484 0.073034 0.122032
0 0.879878 0.927525 0.081182 0.139051
0 0.780857 0.498410 0.077932 0.141616
0 0.025404 0.073762 0.050807 0.132940
0 0.371594 0.577273 0.084130 0.153750
0 0.059904 0.543796 0.075432 0.136954
0 0.033792 0.210222 0.067328 0.137176
0 0.182415 0.899208 0.081211 0.142343
0 0.545816 0.144222 0.071164 0.128815
0 0.146228 0.379542 0.065971 0.117694
0 0.506479 0.577479 0.079620 0.141745
0 0.611329 0.218329 0.073128 0.129306
0 0.906361 0.776387 0.081372 0.141875
0 0.706837 0.550465 0.077310 0.144792
0 0.251225 0.021956 0.075393 0.043236
0 0.164596 0.061125 0.075818 0.120741
0 0.591225 0.860699 0.081648 0.144444
0 0.507525 0.329785 0.085742 0.158014
0 0.617194 0.092759 0.068555 0.113898
0 0.969158 0.841132 0.061685 0.141199
0 0.405699 0.201896 0.078555 0.134699
0 0.369250 0.091574 0.071526 0.118269
0 0.738362 0.041785 0.073578 0.083569
0 0.735792 0.986704 0.079125 0.024120
0 0.991208 0.471641 0.017583 0.146662
0 0.012048 0.978859 0.022227 0.038486
0 0.105552 0.266928 0.078063 0.142255
