0 0.982828 0.021731 0.034344 0.038917
0 0.033142 0.973403 0.066284 0.052204
0 0.991587 0.114752 0.016711 0.157023
0 0.350230 0.980840 0.081930 0.036579
0 0.012021 0.618012 0.024042 0.166394
0 0.020391 0.888421 0.040781 0.154963
0 0.697768 0.266278 0.085240 0.127287
0 0.163609 0.816292 0.081911 0.135694
0 0.166773 0.335771 0.081203 0.152801
0 0.070583 0.415433 0.082167 0.150792
0 0.651836 0.732748 0.090276 0.173014
0 0.519602 0.740153 0.095594 0.163620
0 0.027096 0.319738 0.053958 0.140356
0 0.954329 0.174231 0.078794 0.142111
0 0.960530 0.658259 0.078544 0.150648
0 0.152017 0.623102 0.084773 0.136352
0 0.713961 0.828028 0.086479 0.137944
0 0.701908 0.397347 0.085648 0.143102
0 0.055632 0.561662 0.085883 0.152991
0 0.853273 0.430586 0.082370 0.147440
0 0.570389 0.466699 0.078211 0.134407
0 0.391695 0.559856 0.084927 0.160815
0 0.233954 0.641650 0.081487 0.143421
0 0.737512 0.521021 0.090003 0.152718
0 0.304620 0.550873 0.081411 0.151088
0 0.648940 0.509259 0.088766 0.158778
0 0.676482 0.136674 0.087260 0.153347
0 0.839324 0.576745 0.086273 0.149639
0 0.069103 0.817937 0.093211 0.170708
0 0.414240 0.187465 0.092427 0.152088
0 0.486048 0.353396 0.090289 0.150523
0 0.943215 0.466623 0.086185 0.159986
0 0.601686 0.223035 0.092951 0.161162
0 0.311016 0.781081 0.083396 0.148921
0 0.937948 0.314609 0.089828 0.149199
0 0.779793 0.970556 0.077154 0.056861
0 0.240451 0.970468 0.086042 0.057926
0 0.618064 0.051641 0.089305 0.101384
0 0.502962 0.054549 0.086419 0.108412
0 0.966309 0.951671 0.067383 0.096019
0 0.523784 0.953387 0.081266 0.091690
0 0.080284 0.944519 0.084135 0.107278
0 0.242380 0.331088 0.078938 0.154130
0 0.971190 0.795954 0.057620 0.157796
0 0.464095 0.477236 0.095310 0.139935
0 0.641366 0.927287 0.072492 0.144759
0 0.557049 0.096972 0.083151 0.165704
0 0.429954 0.066558 0.078096 0.131931
0 0.707388 0.945440 0.081917 0.106157
0 0.298182 0.914317 0.084833 0.135671
0 0.791608 0.873928 0.077482 0.138023
0 0.500505 0.865257 0.089646 0.128329
0 0.019887 0.460012 0.039258 0.153736
0 0.112254 0.252213 0.083951 0.155120
0 0.582225 0.882681 0.081898 0.176861
0 0.136465 0.480164 0.077742 0.148681
0 0.384048 0.320188 0.076565 0.165671
0 0.312151 0.289525 0.081828 0.156060
0 0.163642 0.939326 0.078612 0.120690
0 0.513932 0.220338 0.098776 0.157481
0 0.880508 0.922606 0.105786 0.153935
0 0.693426 0.637447 0.088398 0.155801
0 0.211516 0.489921 0.078896 0.159852
0 0.428573 0.905007 0.075135 0.148819
0 0.355665 0.081102 0.083039 0.162204
0 0.384706 0.742907 0.085312 0.169685
0 0.112307 0.714718 0.092641 0.143019
0 0.885178 0.700380 0.082612 0.152315
