0 0.438281 0.360370 0.108602 0.140062
0 0.760791 0.780971 0.109004 0.173578
0 0.698492 0.714203 0.105203 0.154104
0 0.528625 0.430188 0.124688 0.156281
0 0.030717 0.585654 0.061434 0.139526
0 0.975500 0.739331 0.049000 0.124880
0 0.098133 0.589586 0.107062 0.170682
0 0.342516 0.221422 0.115008 0.168885
0 0.706105 0.237664 0.128133 0.172047
0 0.945248 0.591078 0.109504 0.170677
0 0.589336 0.900117 0.117172 0.170766
0 0.046311 0.472247 0.092621 0.138370
0 0.106111 0.337552 0.101199 0.150115
0 0.575562 0.056562 0.130094 0.111156
0 0.336760 0.737667 0.080191 0.111156
0 0.972807 0.136677 0.054387 0.160948
0 0.049105 0.801555 0.098211 0.134266
0 0.133154 0.063742 0.140027 0.125974
0 0.933455 0.028344 0.131543 0.056688
0 0.422623 0.463654 0.129973 0.128443
0 0.679439 0.384000 0.105730 0.126750
0 0.650846 0.273638 0.105504 0.153401
0 0.544518 0.266344 0.110426 0.169208
0 0.143385 0.167862 0.134590 0.135651
0 0.415660 0.676742 0.105914 0.113141
0 0.830627 0.807951 0.108496 0.169703
0 0.762904 0.161823 0.121512 0.156948
0 0.082449 0.976734 0.103852 0.045760
0 0.593230 0.311883 0.096398 0.169193
0 0.837488 0.133544 0.130109 0.147318
0 0.012041 0.187477 0.024082 0.127755
3 0.397383 0.771221 0.092883 0.120484
0 0.819580 0.008924 0.107457 0.017849
0 0.371137 0.559570 0.109250 0.142214
0 0.030617 0.028643 0.061234 0.057286
0 0.938656 0.350651 0.122687 0.179615
0 0.679574 0.965424 0.101547 0.068286
0 0.017516 0.922630 0.034109 0.126406
0 0.686000 0.844443 0.099484 0.141187
0 0.658803 0.560310 0.125488 0.163286
0 0.782670 0.319237 0.137762 0.139453
0 0.775955 0.627437 0.113543 0.163865
0 0.930340 0.763357 0.104297 0.142026
0 0.224654 0.677469 0.117441 0.150292
0 0.390605 0.876763 0.113281 0.113391
0 0.411414 0.580422 0.131781 0.146604
0 0.306986 0.812953 0.113051 0.118583
0 0.259674 0.895164 0.128152 0.147234
0 0.183551 0.357706 0.111469 0.139120
0 0.373631 0.956174 0.142168 0.087047
