0 0.633102 0.028840 0.085312 0.057681
0 0.972146 0.100889 0.055708 0.137981
0 0.386816 0.840718 0.077919 0.149741
0 0.577539 0.379285 0.083771 0.149940
0 0.720703 0.134449 0.071219 0.126130
0 0.046219 0.756046 0.078615 0.152130
0 0.265527 0.582681 0.086549 0.147602
0 0.113793 0.904921 0.083799 0.144009
0 0.464832 0.771248 0.079534 0.162264
0 0.881999 0.221692 0.079117 0.150162
0 0.686569 0.736581 0.085263 0.167144
0 0.960996 0.592981 0.078008 0.146046
0 0.182586 0.260806 0.083141 0.150731
0 0.968660 0.478528 0.062680 0.157352
0 0.259824 0.725238 0.079695 0.145912
0 0.348452 0.741345 0.086544 0.158606
0 0.923191 0.045442 0.082966 0.090884
0 0.309953 0.871273 0.075432 0.134676
0 0.047555 0.960118 0.075792 0.079764
0 0.988958 0.224528 0.022083 0.157185
0 0.429141 0.305581 0.077844 0.161273
0 0.361749 0.251178 0.083721 0.162236
0 0.032311 0.160539 0.064622 0.149940
0 0.709908 0.263630 0.084898 0.148028
0 0.121656 0.061822 0.078688 0.122931
0 0.795078 0.887396 0.073422 0.130088
0 0.741656 0.468419 0.082021 0.163042
0 0.442309 0.572882 0.079388 0.151903
0 0.754879 0.785984 0.076336 0.158329
0 0.720734 0.616970 0.079120 0.148894
0 0.469850 0.924502 0.086622 0.145208
0 0.668056 0.372523 0.083398 0.150185
0 0.846257 0.636477 0.081497 0.144074
0 0.546434 0.762505 0.088273 0.165389
0 0.840724 0.784407 0.086083 0.155741
0 0.957794 0.374373 0.082854 0.140208
0 0.706158 0.932065 0.084701 0.134157
0 0.643747 0.525764 0.078281 0.172389
0 0.131895 0.369366 0.080695 0.148361
0 0.631542 0.817222 0.076932 0.143639
0 0.236568 0.877600 0.079563 0.156181
0 0.227142 0.417775 0.076716 0.142486
0 0.949760 0.242174 0.072771 0.130819
0 0.193439 0.575713 0.060721 0.120250
0 0.027402 0.533685 0.054352 0.135380
0 0.127307 0.762831 0.087677 0.152181
0 0.129686 0.627308 0.084727 0.123199
0 0.010001 0.296037 0.019107 0.157333
0 0.982352 0.957715 0.035297 0.081616
0 0.546964 0.257435 0.077750 0.136185
0 0.313357 0.344637 0.077536 0.144931
0 0.363918 0.595766 0.080331 0.132745
0 0.055854 0.329356 0.079323 0.160870
0 0.955025 0.843664 0.084831 0.161153
0 0.920060 0.708875 0.081661 0.154296
0 0.852570 0.086530 0.076964 0.161477
0 0.045684 0.075181 0.091367 0.142009
0 0.566026 0.168093 0.103109 0.123139
0 0.833478 0.956391 0.080003 0.086264
0 0.877676 0.876525 0.087128 0.167051
0 0.612339 0.926627 0.087276 0.135245
0 0.476465 0.213692 0.080997 0.161412
0 0.558509 0.058701 0.082659 0.117403
0 0.414488 0.116500 0.086857 0.135194
0 0.347089 0.460641 0.082130 0.152912
0 0.256978 0.271062 0.072289 0.152847
0 0.130363 0.504512 0.085128 0.129060
0 0.509888 0.607255 0.070453 0.168213
0 0.343857 0.962016 0.093026 0.073477
1 0.466074 0.429551 0.083727 0.151426
0 0.927473 0.951824 0.077138 0.096352
