0 0.984173 0.126535 0.031190 0.168319
0 0.130745 0.332329 0.091396 0.174120
0 0.713147 0.592498 0.082378 0.144792
0 0.193667 0.218313 0.088948 0.151171
0 0.140367 0.774850 0.083688 0.153181
0 0.631961 0.343322 0.092271 0.153838
0 0.008211 0.036000 0.016422 0.072000
0 0.650262 0.966565 0.082279 0.064500
0 0.913786 0.047109 0.088375 0.092681
0 0.391444 0.463912 0.086362 0.149000
0 0.023129 0.983176 0.046164 0.032259
0 0.886387 0.165995 0.078596 0.155213
0 0.130917 0.046852 0.091484 0.092509
0 0.986393 0.640949 0.027214 0.147259
0 0.632493 0.627523 0.082008 0.132602
0 0.567583 0.726194 0.086401 0.151380
0 0.233393 0.775227 0.080099 0.150898
0 0.779534 0.041806 0.079875 0.083611
0 0.691460 0.045039 0.077326 0.090079
0 0.205707 0.921620 0.095237 0.151417
0 0.080241 0.109588 0.074487 0.126407
0 0.964372 0.480419 0.071057 0.149097
0 0.151102 0.546625 0.091036 0.156231
0 0.535533 0.229257 0.088404 0.145616
0 0.045316 0.903579 0.090633 0.141907
0 0.615762 0.026391 0.079820 0.051995
0 0.278111 0.660315 0.105435 0.149657
0 0.442375 0.039681 0.089484 0.078500
0 0.978105 0.021444 0.043284 0.041380
0 0.521072 0.082738 0.089737 0.153662
0 0.804613 0.945317 0.088789 0.108931
0 0.870986 0.669479 0.077159 0.149903
0 0.598189 0.495917 0.084805 0.160806
0 0.409687 0.145947 0.087979 0.148042
0 0.223740 0.470988 0.082094 0.148153
0 0.712849 0.167567 0.090818 0.159653
0 0.042841 0.579498 0.085240 0.155181
0 0.804342 0.484021 0.087596 0.149171
0 0.906142 0.945532 0.085039 0.107574
0 0.367957 0.704350 0.088357 0.154356
0 0.681895 0.456252 0.088523 0.144440
0 0.558727 0.897153 0.085719 0.161796
0 0.798990 0.215507 0.086505 0.163560
0 0.285341 0.329984 0.085953 0.149468
0 0.009417 0.142891 0.018833 0.140579
0 0.941884 0.281025 0.088867 0.151255
0 0.334648 0.050690 0.075786 0.100324
0 0.315488 0.944252 0.087831 0.110819
0 0.053926 0.410819 0.087482 0.160843
0 0.466311 0.928370 0.090643 0.141574
0 0.890137 0.531046 0.092940 0.143139
0 0.396747 0.330042 0.085781 0.128806
0 0.849586 0.353528 0.090203 0.156157
0 0.391944 0.856794 0.082883 0.153745
0 0.247715 0.077218 0.083201 0.143926
0 0.337323 0.221431 0.085630 0.149324
