0 0.695385 0.710944 0.133755 0.130833
0 0.756642 0.324699 0.100122 0.148028
0 0.033665 0.449764 0.066878 0.129935
0 0.308680 0.155225 0.085427 0.120949
0 0.217527 0.419630 0.090570 0.157880
0 0.642181 0.661903 0.085039 0.142306
0 0.180723 0.316194 0.085258 0.131046
0 0.541497 0.050720 0.081354 0.100190
0 0.495865 0.259875 0.080198 0.160870
0 0.165095 0.479757 0.087419 0.138579
0 0.917639 0.503963 0.098018 0.143306
0 0.928207 0.617426 0.074013 0.125444
0 0.878945 0.958153 0.090583 0.083694
0 0.418760 0.243965 0.089141 0.157995
0 0.667523 0.060167 0.081620 0.119824
0 0.433405 0.393394 0.086378 0.142028
0 0.639052 0.934963 0.090771 0.127148
0 0.571432 0.629428 0.094901 0.125736
0 0.334109 0.063822 0.106823 0.127644
0 0.020393 0.573646 0.040786 0.130597
0 0.630352 0.451215 0.114297 0.154792
0 0.730083 0.594134 0.097432 0.149194
0 0.791057 0.237810 0.101109 0.138046
0 0.725525 0.138604 0.083914 0.160356
0 0.543237 0.153771 0.088177 0.127282
0 0.464132 0.142234 0.077279 0.133273
0 0.805185 0.916674 0.095042 0.146134
0 0.563288 0.745326 0.084138 0.125921
0 0.707026 0.491192 0.080156 0.129958
0 0.278385 0.368910 0.086792 0.134273
0 0.869518 0.442856 0.091318 0.149778
0 0.895047 0.313764 0.088677 0.140750
0 0.896344 0.148759 0.082078 0.140296
0 0.580671 0.517984 0.098570 0.135356
0 0.260648 0.238484 0.071042 0.141625
0 0.082859 0.478252 0.084536 0.133366
0 0.971729 0.558840 0.056542 0.149375
0 0.993957 0.936484 0.012086 0.127032
0 0.338449 0.290162 0.088305 0.150833
0 0.035417 0.329528 0.070833 0.135611
0 0.222630 0.110917 0.094057 0.149176
0 0.987859 0.405375 0.023208 0.160120
0 0.883924 0.761194 0.080797 0.125963
0 0.953154 0.736903 0.086120 0.133713
0 0.046221 0.056775 0.087563 0.112625
0 0.669743 0.827396 0.084924 0.133505
0 0.109337 0.351491 0.084122 0.139750
0 0.349806 0.421350 0.077102 0.146671
0 0.819603 0.137782 0.083581 0.137630
0 0.885168 0.874803 0.101857 0.124134
0 0.039148 0.829009 0.077344 0.136417
1 0.556930 0.304595 0.079526 0.135773
0 0.957952 0.953956 0.079414 0.092088
0 0.671904 0.205618 0.090391 0.151106
0 0.805344 0.539861 0.100417 0.132889
0 0.008146 0.247495 0.016292 0.155620
0 0.053132 0.596211 0.092961 0.148977
0 0.030616 0.947120 0.061232 0.105759
0 0.065534 0.714097 0.083495 0.116185
0 0.740375 0.946722 0.093818 0.103769
0 0.398159 0.108412 0.076734 0.139167
0 0.506171 0.459481 0.078008 0.132500
0 0.983035 0.230012 0.033930 0.149847
0 0.053128 0.191257 0.088339 0.137681
0 0.970092 0.842725 0.059596 0.139440
0 0.120560 0.230271 0.088016 0.143347
0 0.763073 0.449975 0.111120 0.135477
0 0.756659 0.843632 0.104141 0.141995
0 0.608591 0.353486 0.105146 0.158130
0 0.131174 0.597433 0.116943 0.170245
