0 0.504333 0.601844 0.094159 0.111836
0 0.522276 0.495373 0.097785 0.120365
0 0.141009 0.453742 0.085613 0.108421
0 0.434483 0.492575 0.080841 0.117402
0 0.446111 0.695417 0.094707 0.120967
0 0.304242 0.065525 0.092689 0.131049
0 0.180476 0.104740 0.096817 0.118719
0 0.925855 0.823879 0.093252 0.119805
0 0.264740 0.215687 0.090066 0.108585
0 0.046613 0.701376 0.090949 0.125664
0 0.748879 0.703552 0.095482 0.112361
0 0.808900 0.770368 0.086404 0.104830
0 0.324344 0.459432 0.097847 0.122248
0 0.778829 0.472865 0.085745 0.101574
0 0.587876 0.661168 0.091346 0.116245
0 0.809090 0.048665 0.094221 0.096744
0 0.737757 0.093663 0.093337 0.134558
0 0.663800 0.115491 0.092392 0.118266
0 0.644221 0.600188 0.084637 0.106487
0 0.209562 0.443269 0.095505 0.097618
0 0.519578 0.710990 0.093167 0.126034
0 0.721786 0.608431 0.092338 0.120669
0 0.860376 0.583899 0.084464 0.113837
0 0.778287 0.563089 0.095563 0.106538
0 0.346663 0.218565 0.093410 0.104578
0 0.383142 0.079277 0.092342 0.111312
0 0.671726 0.784730 0.096570 0.120489
0 0.056049 0.554293 0.081026 0.131662
0 0.212521 0.532361 0.102843 0.109979
0 0.069680 0.372531 0.088349 0.112695
0 0.100934 0.633989 0.086358 0.100530
0 0.903603 0.135975 0.107060 0.113760
0 0.042714 0.959869 0.084965 0.079264
0 0.956339 0.744401 0.087323 0.110571
0 0.215382 0.029992 0.088704 0.059985
0 0.692276 0.216265 0.089707 0.106183
0 0.937311 0.222762 0.101620 0.114331
0 0.845779 0.485612 0.082130 0.098014
0 0.523324 0.238413 0.089873 0.098627
0 0.373478 0.416283 0.092296 0.111363
0 0.569645 0.152580 0.092145 0.113040
0 0.028310 0.085033 0.056289 0.099306
0 0.415150 0.150404 0.093148 0.114306
0 0.193439 0.626309 0.094271 0.106291
0 0.283785 0.602443 0.097153 0.109681
0 0.749323 0.264396 0.091400 0.097402
0 0.025748 0.494704 0.051497 0.126517
0 0.361157 0.555283 0.107037 0.109733
0 0.738052 0.019177 0.094097 0.038241
0 0.119705 0.839694 0.095459 0.106980
0 0.923798 0.699789 0.113515 0.131965
0 0.680255 0.916505 0.105185 0.116024
0 0.068733 0.872078 0.086130 0.092500
0 0.357529 0.016119 0.093723 0.032073
0 0.023702 0.842822 0.047404 0.107773
0 0.136823 0.563621 0.083206 0.103570
0 0.141470 0.016438 0.085810 0.032855
0 0.989581 0.201278 0.020536 0.117042
0 0.952764 0.536572 0.091617 0.102371
0 0.124198 0.965874 0.106867 0.067407
2 0.667180 0.480064 0.091998 0.120478
0 0.028445 0.345267 0.056890 0.101800
0 0.887074 0.261649 0.095629 0.087279
0 0.494923 0.014910 0.100910 0.029820
0 0.405693 0.773012 0.096578 0.115797
0 0.057415 0.195193 0.083040 0.082176
0 0.113482 0.746739 0.093777 0.101070
0 0.976763 0.860198 0.046304 0.092803
