0 0.550630 0.477486 0.072979 0.184889
0 0.774641 0.457204 0.086922 0.166435
0 0.380993 0.558093 0.074737 0.152398
0 0.266600 0.576449 0.090268 0.145648
0 0.695802 0.474775 0.082115 0.140551
1 0.093710 0.059201 0.076471 0.117597
0 0.945904 0.225266 0.079245 0.126736
0 0.985682 0.053347 0.028141 0.106694
0 0.822958 0.336231 0.087375 0.158713
0 0.562911 0.342544 0.073703 0.193597
0 0.612513 0.483752 0.094422 0.157532
0 0.029352 0.080801 0.058703 0.139870
0 0.190143 0.370331 0.089505 0.128375
0 0.816845 0.494310 0.078935 0.177343
0 0.483073 0.472947 0.077302 0.179542
0 0.345526 0.253546 0.087417 0.148639
0 0.984954 0.332500 0.030091 0.134231
0 0.312216 0.180127 0.076380 0.152125
0 0.928507 0.326775 0.093846 0.126449
0 0.645780 0.394021 0.101211 0.135940
0 0.270517 0.429081 0.081549 0.164171
0 0.371630 0.438750 0.071339 0.163981
0 0.874691 0.385329 0.070633 0.128889
0 0.130520 0.152461 0.068419 0.181616
0 0.511156 0.329866 0.060516 0.164880
0 0.938695 0.449083 0.087089 0.147685
0 0.443647 0.583347 0.071924 0.139824
0 0.964268 0.118049 0.070406 0.146773
0 0.320076 0.529208 0.072141 0.155426
0 0.264280 0.299991 0.087289 0.122852
0 0.451010 0.329090 0.066188 0.187884
0 0.249147 0.186657 0.076159 0.152898
0 0.396118 0.301898 0.076977 0.180796
0 0.863246 0.233148 0.086888 0.136426
0 0.191801 0.133009 0.077029 0.170806
0 0.732177 0.383644 0.090563 0.116426
0 0.686938 0.293412 0.081469 0.165120
0 0.639859 0.232498 0.093755 0.138681
0 0.060641 0.165204 0.079734 0.131454
0 0.872711 0.521752 0.069224 0.188227
0 0.154805 0.027847 0.075583 0.052463
0 0.613510 0.302463 0.091490 0.146713
0 0.668190 0.584593 0.082995 0.146528
0 0.515290 0.588597 0.086872 0.161194
0 0.222918 0.472220 0.085826 0.148847
0 0.744141 0.572292 0.077984 0.138583
0 0.183962 0.263613 0.082435 0.112144
0 0.253986 0.056368 0.091070 0.111208
0 0.923954 0.579176 0.074674 0.137704
1 0.322827 0.381231 0.082680 0.160880
0 0.590862 0.599220 0.077927 0.139801
0 0.821404 0.618525 0.097828 0.120051
0 0.757590 0.292144 0.075674 0.135870
0 0.964733 0.681942 0.068393 0.124208
0 0.420350 0.448928 0.067029 0.180949
0 0.973915 0.562771 0.052169 0.160162
0 0.985703 0.460877 0.026927 0.134755
