0 0.025741 0.962310 0.051096 0.075319
0 0.757014 0.020278 0.104923 0.040556
0 0.420141 0.349781 0.090575 0.122238
0 0.176402 0.655273 0.099873 0.125010
0 0.625203 0.395952 0.103978 0.116955
0 0.862029 0.882176 0.093326 0.137942
0 0.451973 0.229017 0.095930 0.114300
0 0.886184 0.533423 0.106551 0.117649
0 0.939196 0.633722 0.094471 0.103987
0 0.352384 0.640021 0.101103 0.131420
0 0.959965 0.088128 0.080069 0.123282
0 0.476080 0.577533 0.103981 0.113400
0 0.480139 0.815702 0.105409 0.124614
0 0.474524 0.689396 0.108353 0.120561
0 0.419427 0.045064 0.086725 0.090129
0 0.706451 0.712171 0.097052 0.117623
0 0.328519 0.755303 0.103742 0.116821
0 0.828331 0.362508 0.102813 0.120530
0 0.760584 0.936314 0.098329 0.104913
0 0.630451 0.817814 0.111150 0.127109
0 0.074074 0.719092 0.095023 0.116538
0 0.970785 0.950159 0.058430 0.099681
0 0.837456 0.625458 0.096755 0.122171
0 0.636319 0.927168 0.101535 0.108945
0 0.722089 0.504879 0.107527 0.116919
0 0.800843 0.839591 0.098669 0.121826
0 0.284767 0.558799 0.104448 0.104604
0 0.840650 0.735442 0.103939 0.102449
0 0.779070 0.438778 0.114329 0.133133
0 0.155432 0.787737 0.100193 0.142984
0 0.074379 0.402695 0.099722 0.121636
0 0.787637 0.136713 0.099942 0.102737
0 0.061300 0.872863 0.099097 0.110766
0 0.908762 0.050988 0.104097 0.101975
0 0.668708 0.251836 0.107809 0.120340
0 0.098133 0.486608 0.096427 0.125170
0 0.457162 0.122091 0.104117 0.115520
0 0.045507 0.637158 0.091015 0.133709
0 0.236539 0.307698 0.116628 0.115139
0 0.216539 0.187623 0.104506 0.125051
0 0.504664 0.929452 0.108634 0.111312
0 0.198418 0.847140 0.091682 0.128591
0 0.103594 0.956535 0.099433 0.086929
0 0.358111 0.191075 0.105058 0.109640
0 0.138893 0.573855 0.098789 0.120345
0 0.614554 0.584740 0.118561 0.109532
0 0.612267 0.679931 0.107921 0.105838
0 0.622967 0.184324 0.120039 0.116682
0 0.350289 0.962400 0.101813 0.074491
0 0.728241 0.601746 0.115718 0.104017
0 0.565274 0.742243 0.097315 0.101574
0 0.394979 0.798292 0.094232 0.170967
0 0.120799 0.177533 0.093927 0.136106
0 0.345980 0.288565 0.116728 0.109918
0 0.811642 0.210538 0.128623 0.107896
0 0.631748 0.084511 0.118634 0.118056
0 0.347006 0.398410 0.114159 0.120134
0 0.940287 0.786106 0.094556 0.115442
0 0.811580 0.048660 0.115667 0.096929
0 0.609088 0.038904 0.101794 0.076883
0 0.342994 0.058169 0.101250 0.114887
0 0.930725 0.338356 0.107886 0.117289
0 0.239084 0.478814 0.134549 0.105252
0 0.251703 0.103102 0.119441 0.109475
0 0.965428 0.376829 0.069144 0.116528
0 0.983391 0.844414 0.033218 0.109578
0 0.053144 0.019959 0.094190 0.039918
0 0.529703 0.018079 0.088457 0.036157
0 0.785949 0.282948 0.129035 0.112356
0 0.464225 0.978657 0.101651 0.042685
0 0.968995 0.443840 0.062010 0.105952
0 0.971462 0.732325 0.056952 0.120010
0 0.022311 0.802464 0.044622 0.113992
0 0.262982 0.012729 0.093272 0.025458
0 0.328617 0.027127 0.093854 0.052557
0 0.976981 0.263056 0.045621 0.112233
0 0.867745 0.985033 0.113893 0.029933
0 0.252083 0.985267 0.102446 0.029239
0 0.982324 0.511114 0.035351 0.099439
0 0.632411 0.989105 0.104066 0.021790
1 0.570388 0.306793 0.104047 0.129480
1 0.029898 0.324496 0.059796 0.121975
1 0.595710 0.499264 0.095895 0.114763
1 0.955681 0.201569 0.087905 0.116245
1 0.203272 0.951896 0.117469 0.096013
1 0.285691 0.861211 0.092068 0.147227
1 0.018015 0.075980 0.036030 0.125972
1 0.267976 0.397672 0.112743 0.114810
1 0.448609 0.471209 0.104788 0.123097
1 0.134958 0.301052 0.094699 0.123524
