0 0.020589 0.850810 0.041177 0.140565
0 0.033065 0.067616 0.066130 0.129065
0 0.965206 0.279718 0.068828 0.150880
0 0.980372 0.211190 0.039255 0.155028
0 0.130424 0.505148 0.116453 0.175648
0 0.161943 0.459384 0.095698 0.139324
0 0.029492 0.129551 0.058984 0.145361
0 0.980229 0.956690 0.039542 0.083435
0 0.516057 0.964255 0.095375 0.071491
0 0.311570 0.637750 0.104109 0.178111
0 0.092083 0.961190 0.100188 0.077620
0 0.852727 0.873162 0.103339 0.186417
0 0.059935 0.754750 0.078005 0.136148
0 0.034573 0.466106 0.069146 0.210954
0 0.970268 0.769190 0.059464 0.161972
0 0.767977 0.693565 0.083307 0.136111
0 0.976112 0.658083 0.047776 0.144944
0 0.550964 0.379407 0.083875 0.149315
0 0.542786 0.724657 0.087094 0.131074
0 0.976500 0.385426 0.046271 0.163870
0 0.513628 0.659505 0.092255 0.172528
0 0.942630 0.957963 0.088052 0.084074
0 0.597378 0.331861 0.091443 0.146389
0 0.542927 0.216264 0.097271 0.152880
0 0.318318 0.888204 0.105958 0.205389
0 0.683492 0.807801 0.090870 0.133991
0 0.776193 0.796255 0.088510 0.170491
0 0.923844 0.664106 0.096219 0.173269
0 0.099240 0.380917 0.100896 0.181907
0 0.909896 0.372870 0.114635 0.206648
0 0.808659 0.956648 0.089797 0.086704
0 0.141250 0.663884 0.114813 0.199824
0 0.059328 0.675259 0.087240 0.133741
0 0.613732 0.486037 0.116495 0.204667
0 0.919609 0.236917 0.088365 0.130815
0 0.260148 0.396931 0.099286 0.150306
0 0.185427 0.898093 0.085573 0.172574
0 0.764310 0.041903 0.092922 0.083806
0 0.128622 0.043477 0.093422 0.086954
0 0.088654 0.188986 0.077099 0.138176
0 0.918062 0.859884 0.089490 0.149639
0 0.728128 0.644727 0.104318 0.173639
0 0.373185 0.225477 0.083651 0.144880
0 0.958815 0.044366 0.078745 0.088731
0 0.394971 0.854884 0.081286 0.130787
0 0.130719 0.141819 0.097417 0.153991
0 0.415891 0.128449 0.096708 0.140954
0 0.340099 0.143981 0.077698 0.129944
0 0.351591 0.546819 0.086693 0.143324
0 0.839599 0.532995 0.087823 0.160954
0 0.551867 0.887866 0.072370 0.130806
0 0.211427 0.221403 0.096031 0.155324
0 0.691917 0.881750 0.097313 0.155481
0 0.067497 0.844435 0.086526 0.139148
0 0.358891 0.054407 0.085021 0.105796
0 0.281893 0.499847 0.097943 0.154324
0 0.675234 0.569162 0.080677 0.144139
0 0.413935 0.934213 0.087484 0.128944
0 0.663917 0.106157 0.090927 0.160185
0 0.602693 0.798486 0.097656 0.162954
0 0.405901 0.471310 0.081510 0.150491
0 0.200701 0.565616 0.092380 0.153546
0 0.832596 0.635750 0.089307 0.143519
0 0.631878 0.225602 0.095453 0.158296
0 0.242359 0.140338 0.079365 0.137491
0 0.401247 0.629884 0.085328 0.152287
0 0.475693 0.392255 0.087323 0.145602
0 0.404326 0.352426 0.101266 0.159833
0 0.957867 0.533148 0.084266 0.170352
0 0.856734 0.197875 0.085250 0.144880
0 0.177753 0.327958 0.085422 0.141546
0 0.486591 0.102440 0.085745 0.157954
0 0.837404 0.074556 0.099661 0.140833
0 0.799573 0.425778 0.089885 0.166296
0 0.739560 0.134699 0.093109 0.161639
0 0.807789 0.257014 0.084411 0.156750
0 0.740138 0.273009 0.112443 0.176204
0 0.649945 0.690213 0.090026 0.149630
4 0.507885 0.291139 0.097510 0.158963
0 0.602258 0.089704 0.086682 0.167648
0 0.596695 0.928472 0.086120 0.143056
0 0.422812 0.749458 0.091677 0.156194
