1 0.062232 0.663868 0.093766 0.145403
0 0.524536 0.104289 0.100005 0.170431
0 0.161792 0.971028 0.086281 0.055565
0 0.915995 0.016012 0.088417 0.031088
0 0.471626 0.974481 0.089201 0.048046
0 0.983796 0.520759 0.031815 0.153407
0 0.575057 0.036049 0.096031 0.072097
0 0.617268 0.567384 0.065729 0.108796
0 0.152547 0.412060 0.092474 0.178093
0 0.351810 0.033704 0.086698 0.066713
0 0.219875 0.916042 0.087245 0.154870
0 0.019939 0.902368 0.039878 0.149468
0 0.100384 0.546287 0.090695 0.139139
0 0.730910 0.027623 0.100888 0.054347
0 0.264585 0.038037 0.091893 0.073324
0 0.021694 0.286699 0.043076 0.152731
0 0.290069 0.402438 0.082602 0.142727
0 0.653865 0.942331 0.079698 0.111079
1 0.212275 0.451338 0.086247 0.182889
0 0.682689 0.496880 0.086404 0.169370
0 0.166829 0.255336 0.084216 0.158181
0 0.034556 0.018558 0.064779 0.037116
0 0.848026 0.047928 0.076594 0.092847
0 0.289436 0.933822 0.073826 0.131532
1 0.405089 0.277299 0.088958 0.158208
0 0.090833 0.879681 0.078010 0.117009
0 0.757348 0.700470 0.084956 0.165968
0 0.081035 0.193815 0.096107 0.150083
0 0.566591 0.673211 0.083099 0.138190
0 0.425346 0.528602 0.080333 0.155889
0 0.674773 0.171072 0.086984 0.158810
0 0.846074 0.390002 0.088018 0.155282
0 0.846745 0.173625 0.077896 0.161657
0 0.364029 0.682532 0.076531 0.156009
0 0.357536 0.931021 0.079474 0.134838
0 0.078214 0.353025 0.091734 0.173412
0 0.764677 0.395461 0.079016 0.131847
0 0.929924 0.200650 0.080911 0.172569
0 0.337221 0.518188 0.093510 0.171208
0 0.242000 0.261891 0.093318 0.140940
0 0.664337 0.338062 0.089424 0.149810
0 0.913167 0.713400 0.087677 0.137208
0 0.964259 0.059056 0.070409 0.115500
0 0.571794 0.924005 0.097948 0.150917
0 0.821730 0.764319 0.074805 0.154417
0 0.654600 0.689083 0.089044 0.145991
0 0.758813 0.535481 0.083359 0.155509
0 0.489479 0.725192 0.088604 0.163745
0 0.303245 0.755178 0.084005 0.160106
0 0.493357 0.321067 0.086016 0.147319
0 0.224979 0.711637 0.082151 0.158847
0 0.921190 0.470160 0.091776 0.164903
0 0.761813 0.186782 0.091125 0.164417
0 0.148632 0.060894 0.082263 0.119731
0 0.345029 0.145187 0.094292 0.153227
0 0.912990 0.844958 0.088578 0.145713
0 0.794055 0.926880 0.084958 0.144963
0 0.542674 0.429910 0.091120 0.151412
0 0.959010 0.622157 0.081958 0.157731
0 0.102458 0.759951 0.098328 0.143551
0 0.180365 0.604727 0.089328 0.142176
0 0.229161 0.117076 0.089365 0.146023
0 0.976837 0.270250 0.046326 0.151333
