0 0.478458 0.038204 0.086083 0.076407
0 0.622047 0.143648 0.085104 0.198870
0 0.020581 0.695907 0.040693 0.163926
0 0.288391 0.038056 0.085021 0.076111
0 0.041120 0.871370 0.075531 0.198519
0 0.977638 0.612731 0.043203 0.147111
0 0.977992 0.932852 0.043068 0.133593
0 0.093122 0.020213 0.090453 0.040426
0 0.920661 0.849995 0.105021 0.164731
0 0.925005 0.956375 0.096073 0.087250
0 0.488518 0.973685 0.086661 0.049519
0 0.017221 0.954907 0.033182 0.090185
0 0.566206 0.014347 0.085880 0.028639
0 0.379547 0.852560 0.093802 0.183565
0 0.670664 0.988181 0.090693 0.023639
0 0.275982 0.324528 0.092714 0.156222
0 0.739341 0.667000 0.075974 0.139574
0 0.983617 0.795625 0.030786 0.159639
0 0.005581 0.861653 0.011026 0.161620
0 0.143195 0.479398 0.084411 0.181481
0 0.391164 0.344000 0.088089 0.152815
0 0.129839 0.604731 0.080698 0.131222
0 0.830958 0.796657 0.086583 0.132574
0 0.170133 0.231718 0.082036 0.165324
0 0.666284 0.716097 0.084036 0.156454
0 0.699570 0.316079 0.082089 0.146454
0 0.704534 0.181565 0.096411 0.148519
0 0.315305 0.156356 0.089526 0.170009
0 0.194878 0.371907 0.080026 0.152907
0 0.659016 0.427972 0.084469 0.141704
0 0.330859 0.452157 0.092646 0.163037
0 0.693896 0.887583 0.103385 0.191593
0 0.573247 0.227218 0.090651 0.147343
0 0.744992 0.525296 0.076464 0.146500
0 0.465354 0.840792 0.085083 0.161509
0 0.568068 0.403861 0.089240 0.170611
0 0.420633 0.941023 0.084307 0.117954
0 0.858404 0.924046 0.088224 0.151907
0 0.212693 0.584255 0.084865 0.153750
3 0.244612 0.200083 0.080526 0.141944
0 0.825984 0.676759 0.090917 0.180000
0 0.465016 0.139259 0.084719 0.144333
0 0.953060 0.723097 0.080839 0.141991
0 0.105130 0.908542 0.084635 0.163991
0 0.196982 0.068718 0.082401 0.137306
0 0.675586 0.075954 0.094526 0.151907
0 0.389828 0.209458 0.075667 0.130139
0 0.775927 0.938787 0.079865 0.122426
0 0.486104 0.438801 0.084625 0.153324
0 0.472885 0.278398 0.086906 0.156630
0 0.183495 0.930944 0.083438 0.138111
0 0.333505 0.737454 0.087604 0.170130
0 0.214208 0.748130 0.091073 0.146056
0 0.246872 0.464153 0.081068 0.149046
0 0.275732 0.646199 0.087141 0.190843
0 0.627169 0.304977 0.079422 0.144157
0 0.596008 0.744069 0.077682 0.170843
0 0.542523 0.097440 0.085349 0.153194
0 0.242318 0.863435 0.082573 0.147667
0 0.541388 0.550412 0.081453 0.140343
