0 0.647112 0.949801 0.070495 0.100398
0 0.427055 0.067731 0.071651 0.117556
0 0.152169 0.950213 0.074036 0.098333
0 0.288846 0.325444 0.068672 0.109259
0 0.733620 0.217218 0.089771 0.145546
0 0.467706 0.782931 0.096953 0.135009
0 0.986404 0.155648 0.027193 0.142019
0 0.672466 0.901227 0.077328 0.114491
0 0.140974 0.061519 0.094427 0.123037
0 0.959526 0.937634 0.075125 0.124731
0 0.016010 0.598477 0.030708 0.126676
0 0.029383 0.643565 0.056589 0.139222
0 0.809068 0.673412 0.074708 0.120694
0 0.876229 0.922796 0.080198 0.149907
0 0.007310 0.136412 0.014620 0.115528
0 0.568505 0.961310 0.078625 0.076787
0 0.968682 0.892329 0.062635 0.120046
0 0.240326 0.951611 0.084964 0.096074
0 0.631393 0.033546 0.099589 0.064611
0 0.032224 0.025269 0.064448 0.046833
0 0.012867 0.529384 0.024203 0.115750
0 0.190227 0.950227 0.073234 0.095824
0 0.761221 0.201560 0.071578 0.127065
0 0.406815 0.018329 0.080005 0.036657
0 0.373773 0.978653 0.086630 0.037676
0 0.922081 0.647644 0.149016 0.126509
0 0.916529 0.752250 0.070224 0.115926
0 0.060677 0.964620 0.082677 0.070759
0 0.980495 0.376625 0.039010 0.131250
0 0.345367 0.031167 0.069432 0.062333
0 0.952742 0.783782 0.076599 0.131843
0 0.516714 0.684718 0.090604 0.128843
0 0.496932 0.289130 0.068833 0.123833
0 0.214341 0.547477 0.082172 0.125898
0 0.434568 0.238685 0.081240 0.154926
0 0.322661 0.113708 0.077385 0.137639
0 0.538612 0.174463 0.081359 0.131315
0 0.740164 0.509806 0.071245 0.119352
0 0.038969 0.299352 0.077937 0.139667
0 0.675966 0.507236 0.073891 0.130083
0 0.163583 0.225866 0.079375 0.123417
0 0.567526 0.593171 0.080250 0.130731
0 0.878010 0.056403 0.075396 0.112806
0 0.316958 0.231824 0.076052 0.132704
0 0.106565 0.457324 0.069943 0.126315
0 0.769685 0.871009 0.074807 0.119241
4 0.776740 0.389940 0.069292 0.122343
0 0.327320 0.903444 0.072036 0.116426
0 0.302948 0.715690 0.077396 0.134565
0 0.570872 0.778037 0.080109 0.119389
0 0.245479 0.830731 0.080177 0.132778
0 0.605086 0.118769 0.067849 0.133241
0 0.089385 0.885907 0.076208 0.113407
0 0.839167 0.210352 0.084365 0.143296
0 0.958865 0.635139 0.076437 0.127981
0 0.038497 0.446111 0.076474 0.117852
0 0.966797 0.062681 0.064437 0.125361
0 0.715268 0.122102 0.074849 0.121815
0 0.790651 0.286935 0.077458 0.107037
0 0.591971 0.898333 0.075161 0.131056
0 0.884109 0.659472 0.078552 0.133037
0 0.907141 0.421551 0.079156 0.112065
0 0.123294 0.576870 0.078776 0.168389
0 0.843628 0.779060 0.080495 0.153954
0 0.882711 0.288028 0.085661 0.171296
0 0.598182 0.693727 0.068740 0.118861
0 0.484919 0.104019 0.076151 0.134870
0 0.749023 0.702116 0.077078 0.119120
0 0.585797 0.367426 0.073760 0.124963
0 0.100141 0.345986 0.074833 0.122102
0 0.485844 0.549546 0.096010 0.146537
0 0.725620 0.775611 0.076490 0.102444
0 0.537714 0.038398 0.067219 0.076796
0 0.797812 0.054194 0.094823 0.108389
0 0.710859 0.394370 0.071323 0.141741
0 0.241456 0.147106 0.077516 0.137009
0 0.812930 0.602407 0.075297 0.129537
0 0.959492 0.466500 0.079526 0.132389
0 0.191107 0.316657 0.070391 0.114278
0 0.859229 0.494556 0.074885 0.113278
0 0.820773 0.446046 0.070724 0.122056
0 0.908346 0.533204 0.082651 0.136111
0 0.689148 0.808870 0.071672 0.125722
0 0.559018 0.327861 0.077266 0.134870
0 0.351542 0.789375 0.088823 0.143194
0 0.654229 0.129722 0.062500 0.142056
0 0.489716 0.423843 0.077859 0.128574
0 0.164172 0.845676 0.081646 0.127944
0 0.245378 0.700810 0.082484 0.148380
0 0.061164 0.150083 0.075609 0.138259
0 0.090914 0.765162 0.094464 0.132769
0 0.685656 0.359287 0.074719 0.134352
0 0.206547 0.076963 0.069885 0.142759
0 0.459612 0.958088 0.084964 0.083083
0 0.208839 0.408741 0.083437 0.166222
0 0.705534 0.962528 0.085672 0.072426
