0 0.017313 0.453750 0.034625 0.142574
2 0.832737 0.689972 0.089203 0.152111
0 0.136654 0.401171 0.093974 0.161028
0 0.745891 0.701773 0.090906 0.149694
0 0.024247 0.325602 0.048495 0.136463
2 0.513578 0.225778 0.090885 0.144500
0 0.761320 0.605903 0.091474 0.144843
0 0.242685 0.595213 0.091193 0.162833
0 0.872490 0.380523 0.086656 0.156583
0 0.525349 0.552773 0.099177 0.164157
0 0.669589 0.269963 0.089385 0.155315
0 0.049318 0.205500 0.098635 0.170093
0 0.662771 0.793773 0.090833 0.170287
0 0.582794 0.633968 0.088130 0.138917
0 0.475276 0.121931 0.079896 0.122028
0 0.070258 0.070907 0.091943 0.141815
0 0.745857 0.212153 0.085547 0.157231
0 0.822669 0.122292 0.084630 0.144176
0 0.330263 0.579782 0.084641 0.132213
0 0.447492 0.717801 0.091401 0.154972
0 0.101966 0.521986 0.101818 0.152398
0 0.740664 0.078829 0.096495 0.157213
0 0.600729 0.725838 0.088958 0.152509
0 0.561555 0.497505 0.084797 0.150843
0 0.038341 0.956954 0.074974 0.085611
0 0.106391 0.628370 0.096333 0.159019
0 0.598161 0.179546 0.095240 0.154815
0 0.857974 0.271481 0.105010 0.156926
0 0.966068 0.713194 0.067729 0.153315
0 0.488109 0.372093 0.087792 0.146500
0 0.119589 0.819852 0.091156 0.163389
0 0.188237 0.921361 0.096359 0.157278
0 0.252289 0.051597 0.090870 0.102954
0 0.454740 0.036398 0.089198 0.071389
0 0.387279 0.391398 0.094526 0.159981
0 0.285974 0.143731 0.091292 0.150833
0 0.662768 0.958889 0.094339 0.081148
0 0.573063 0.077005 0.096437 0.151657
0 0.533349 0.047176 0.086292 0.093204
0 0.500424 0.954269 0.100203 0.091463
0 0.106935 0.942519 0.084339 0.114204
0 0.876427 0.943088 0.085677 0.111528
0 0.972977 0.234514 0.052755 0.147417
0 0.219599 0.422741 0.087073 0.178833
0 0.922984 0.082750 0.075396 0.136000
0 0.806391 0.032838 0.092365 0.062861
0 0.391167 0.966106 0.086750 0.067787
0 0.983063 0.849431 0.031323 0.165435
0 0.160487 0.044620 0.089766 0.086981
0 0.365937 0.086282 0.091885 0.164139
0 0.936026 0.961315 0.089479 0.076444
0 0.974568 0.096657 0.050437 0.143667
0 0.669427 0.138176 0.077448 0.143556
0 0.891354 0.137616 0.086260 0.153546
0 0.984664 0.322843 0.030672 0.153907
0 0.768786 0.857949 0.085771 0.157787
0 0.256404 0.976870 0.102547 0.045611
0 0.982208 0.468648 0.035583 0.151352
0 0.753435 0.960000 0.086651 0.075333
0 0.965846 0.601019 0.065547 0.130833
0 0.505070 0.858042 0.097766 0.160620
0 0.321398 0.684731 0.096359 0.170981
0 0.378628 0.237019 0.101932 0.164722
0 0.375432 0.797745 0.098969 0.154250
0 0.445370 0.501620 0.101021 0.158630
0 0.926255 0.844380 0.096823 0.166593
0 0.905255 0.588171 0.100458 0.173917
0 0.266102 0.239491 0.093766 0.162407
0 0.305990 0.415366 0.096188 0.188880
0 0.705112 0.511611 0.080557 0.139093
0 0.844651 0.831931 0.082677 0.165417
0 0.134578 0.245736 0.098156 0.166361
0 0.341021 0.884417 0.094854 0.160296
0 0.794307 0.465065 0.097969 0.169315
0 0.633622 0.446829 0.083609 0.158991
0 0.040867 0.798537 0.080964 0.164630
0 0.262484 0.808407 0.090094 0.168648
0 0.583206 0.933338 0.092505 0.133324
0 0.410711 0.578569 0.086016 0.163769
0 0.579047 0.327653 0.099615 0.188343
0 0.177711 0.715690 0.084453 0.146194
0 0.733383 0.371931 0.099370 0.158120
