0 0.069711 0.205046 0.080943 0.164537
0 0.212576 0.719597 0.080245 0.144935
0 0.562216 0.153597 0.087609 0.140306
0 0.533828 0.910778 0.075781 0.129148
0 0.470841 0.036560 0.085672 0.072213
0 0.015297 0.224329 0.029146 0.156306
0 0.016250 0.356481 0.031969 0.127333
0 0.553560 0.367542 0.087089 0.172750
0 0.218763 0.968343 0.084255 0.063315
0 0.540349 0.193074 0.106865 0.186556
0 0.716518 0.882537 0.083995 0.141241
0 0.994370 0.661398 0.011219 0.172000
0 0.247995 0.330370 0.088052 0.147815
0 0.981951 0.374949 0.036078 0.147972
0 0.941703 0.974144 0.097510 0.049120
2 0.607870 0.509722 0.083552 0.147444
0 0.762526 0.962458 0.086531 0.075083
0 0.981227 0.926204 0.037547 0.142093
0 0.541932 0.054324 0.080073 0.102278
0 0.613953 0.857977 0.104177 0.160213
0 0.063096 0.054903 0.080203 0.107528
0 0.022102 0.484833 0.044203 0.142926
0 0.422935 0.962912 0.092578 0.074176
0 0.612870 0.059616 0.080188 0.117324
0 0.249615 0.604940 0.088958 0.169491
0 0.022716 0.642028 0.045078 0.172833
0 0.966594 0.197667 0.066740 0.167352
0 0.958625 0.619315 0.082427 0.151759
0 0.960982 0.072537 0.078005 0.144167
0 0.174771 0.300801 0.090250 0.144509
0 0.163539 0.180801 0.089974 0.128194
0 0.839685 0.558060 0.097182 0.161620
0 0.335466 0.952329 0.083755 0.095343
0 0.519836 0.242218 0.099401 0.165194
0 0.189596 0.543495 0.075401 0.129528
0 0.627576 0.950782 0.087922 0.098435
0 0.409964 0.191639 0.079802 0.151056
0 0.959078 0.481477 0.081167 0.158713
0 0.269495 0.063259 0.085521 0.126519
0 0.370016 0.056505 0.087448 0.111731
0 0.740776 0.752815 0.087417 0.146204
0 0.110471 0.872477 0.089286 0.175546
0 0.180706 0.068079 0.089318 0.134343
0 0.472703 0.133116 0.087625 0.142565
0 0.644776 0.158014 0.088969 0.167417
0 0.303195 0.486662 0.079516 0.162065
0 0.244615 0.193801 0.081958 0.146250
0 0.744404 0.617815 0.091568 0.148537
0 0.548875 0.778917 0.091385 0.154389
0 0.443667 0.428574 0.086104 0.142537
0 0.932448 0.873912 0.090302 0.164602
0 0.070500 0.705139 0.098240 0.167259
0 0.441669 0.872181 0.091474 0.147954
0 0.296737 0.805009 0.087755 0.154389
0 0.681750 0.548833 0.080865 0.169907
0 0.329531 0.182731 0.092302 0.174852
0 0.359771 0.383227 0.088115 0.145139
0 0.186156 0.850407 0.085781 0.156278
0 0.082336 0.384940 0.094349 0.151324
0 0.456016 0.296181 0.082677 0.145028
0 0.630961 0.368574 0.082234 0.162815
0 0.231521 0.462532 0.091552 0.148639
0 0.322115 0.633792 0.082552 0.152250
0 0.624703 0.671352 0.081542 0.140815
0 0.854862 0.850005 0.096130 0.145565
0 0.665201 0.784921 0.090984 0.163324
0 0.844664 0.720463 0.087797 0.147426
