0 0.995383 0.656537 0.009234 0.155204
0 0.681240 0.541637 0.082125 0.159995
0 0.134966 0.957007 0.101375 0.085986
0 0.912633 0.120236 0.082484 0.136546
0 0.518802 0.049738 0.087313 0.099477
0 0.791868 0.565368 0.075539 0.138023
0 0.040085 0.977961 0.080169 0.042560
0 0.935906 0.936859 0.101016 0.126282
0 0.050418 0.043023 0.084148 0.085120
0 0.117891 0.162604 0.102307 0.150949
0 0.982647 0.493100 0.034654 0.154199
0 0.153329 0.051028 0.061341 0.101250
0 0.704003 0.749873 0.072797 0.120634
0 0.384704 0.181225 0.076633 0.143421
0 0.466556 0.616870 0.076003 0.111676
0 0.938480 0.801961 0.094633 0.134616
0 0.132562 0.306604 0.076911 0.133699
0 0.442641 0.759606 0.076714 0.138981
0 0.666099 0.132363 0.070891 0.133773
0 0.359115 0.762146 0.085547 0.147421
0 0.785143 0.054542 0.069943 0.109028
0 0.575993 0.217488 0.072055 0.142079
0 0.624290 0.918400 0.083789 0.163199
0 0.936047 0.358463 0.084807 0.149806
0 0.469759 0.747368 0.067414 0.125208
0 0.275668 0.916956 0.075487 0.155032
0 0.794600 0.266940 0.074070 0.128417
0 0.539905 0.506544 0.088529 0.132727
0 0.581465 0.101486 0.074674 0.140565
0 0.269872 0.603766 0.093656 0.160819
0 0.941975 0.104829 0.080831 0.131241
0 0.544332 0.748743 0.075872 0.130810
0 0.992293 0.078539 0.015414 0.134227
0 0.432908 0.506146 0.078701 0.134227
0 0.372230 0.058262 0.094122 0.116255
0 0.066983 0.810104 0.072398 0.131218
0 0.855729 0.497477 0.072245 0.126565
0 0.796945 0.863896 0.074167 0.132921
0 0.663673 0.679139 0.077732 0.129769
0 0.688224 0.818308 0.082995 0.139329
0 0.838620 0.401458 0.079859 0.130639
0 0.823742 0.958641 0.083609 0.081569
0 0.832693 0.135058 0.065536 0.137755
0 0.253012 0.456150 0.081305 0.136718
0 0.569561 0.329350 0.078617 0.135042
0 0.613708 0.449361 0.077901 0.129278
0 0.184143 0.570769 0.082964 0.139241
0 0.899303 0.602600 0.082294 0.129412
0 0.709904 0.359157 0.078943 0.131324
0 0.277151 0.780581 0.075318 0.130347
0 0.456815 0.075884 0.079448 0.142009
0 0.285047 0.327465 0.082120 0.141597
0 0.832523 0.746750 0.081495 0.160065
0 0.257316 0.651523 0.085487 0.148463
0 0.007483 0.440891 0.014966 0.126718
0 0.193716 0.879558 0.097703 0.159514
0 0.180523 0.433014 0.077865 0.142907
