0 0.311504 0.594667 0.067984 0.093396
0 0.790246 0.971849 0.063922 0.056302
0 0.919076 0.892273 0.075371 0.103724
0 0.365150 0.015201 0.073621 0.030401
0 0.019672 0.204833 0.036820 0.091458
0 0.831770 0.932422 0.071164 0.093646
0 0.980496 0.782279 0.036625 0.103849
0 0.969596 0.678797 0.056598 0.087615
0 0.151250 0.342323 0.066656 0.090719
0 0.983604 0.308602 0.029020 0.098026
0 0.327373 0.132201 0.069582 0.087703
0 0.578783 0.964471 0.073902 0.066568
0 0.803137 0.011555 0.082867 0.023099
0 0.612867 0.530016 0.067563 0.091385
0 0.123568 0.549719 0.072168 0.093865
0 0.242064 0.847836 0.072020 0.094328
0 0.044295 0.928383 0.075012 0.103766
0 0.779557 0.083497 0.074605 0.089307
0 0.029980 0.293318 0.059961 0.087458
0 0.902166 0.807385 0.067754 0.085271
0 0.322127 0.356529 0.073996 0.099599
0 0.265135 0.646159 0.062082 0.101911
0 0.626641 0.710083 0.067070 0.091583
0 0.550510 0.046253 0.064621 0.080901
0 0.024906 0.536755 0.044016 0.080156
0 0.565020 0.117977 0.068734 0.087068
0 0.767795 0.273672 0.072285 0.098042
0 0.738215 0.470305 0.079109 0.092016
0 0.972857 0.108818 0.047113 0.090667
0 0.040277 0.040797 0.072773 0.081594
0 0.217477 0.513906 0.075133 0.092458
0 0.429994 0.974750 0.073777 0.050500
0 0.129615 0.427284 0.069613 0.099401
0 0.099937 0.808547 0.106547 0.084198
0 0.050576 0.126482 0.078582 0.097068
0 0.880492 0.375849 0.064859 0.093583
0 0.740836 0.370388 0.074719 0.093349
0 0.929408 0.300997 0.067785 0.089495
0 0.135449 0.246190 0.062242 0.092755
0 0.375477 0.713747 0.078086 0.095911
0 0.087895 0.472797 0.065859 0.089604
0 0.138021 0.785922 0.065270 0.088344
0 0.025496 0.689122 0.046766 0.088776
0 0.202289 0.423362 0.070969 0.089776
0 0.626287 0.617060 0.081559 0.086828
0 0.509941 0.940487 0.073875 0.097672
0 0.071979 0.218635 0.067395 0.089365
0 0.965936 0.562021 0.067137 0.097333
0 0.361193 0.806203 0.073121 0.100885
0 0.665742 0.787753 0.071023 0.089974
0 0.474717 0.101734 0.073566 0.094719
0 0.327943 0.947167 0.071426 0.095813
0 0.724104 0.707820 0.070012 0.095818
0 0.455533 0.594471 0.074090 0.100745
0 0.448422 0.805552 0.070812 0.106125
0 0.895451 0.128570 0.075754 0.098797
0 0.366420 0.558073 0.071730 0.091917
0 0.283285 0.066865 0.070531 0.093958
0 0.523400 0.848375 0.075527 0.094896
0 0.476523 0.321247 0.073328 0.096182
0 0.755932 0.172029 0.063090 0.087432
0 0.561041 0.199703 0.086645 0.084125
0 0.594611 0.794992 0.072301 0.093307
0 0.177145 0.864742 0.061469 0.089786
0 0.777219 0.587453 0.087570 0.099531
1 0.234938 0.223667 0.065789 0.086156
1 0.689281 0.607031 0.062852 0.089146
1 0.370566 0.410648 0.065352 0.089245
0 0.343355 0.181771 0.076703 0.086198
0 0.024121 0.370703 0.048211 0.078458
0 0.250943 0.355633 0.074512 0.094964
0 0.208939 0.303766 0.071590 0.095458
0 0.590480 0.012237 0.080289 0.024474
0 0.589367 0.439115 0.080266 0.098573
0 0.178797 0.178354 0.061008 0.084750
0 0.725008 0.825781 0.058797 0.093344
0 0.839471 0.719169 0.071270 0.081714
0 0.908189 0.650393 0.064543 0.094141
0 0.407270 0.895938 0.069625 0.099188
0 0.813461 0.629930 0.067773 0.104036
0 0.217252 0.714854 0.071270 0.086646
0 0.658355 0.112023 0.076281 0.095474
0 0.069781 0.617185 0.072422 0.095411
0 0.137668 0.103237 0.065953 0.103766
0 0.606879 0.363258 0.069430 0.090068
0 0.790682 0.793414 0.068996 0.092630
0 0.845229 0.846122 0.071301 0.095432
0 0.671238 0.031997 0.083305 0.063995
0 0.818479 0.326036 0.064176 0.087125
0 0.169713 0.956089 0.061973 0.087469
0 0.932943 0.207982 0.065949 0.091797
0 0.495566 0.681263 0.078328 0.099620
0 0.407588 0.474169 0.073035 0.084151
0 0.893066 0.504693 0.072047 0.090385
0 0.733574 0.917195 0.062711 0.090484
0 0.596668 0.276581 0.058680 0.081797
0 0.665127 0.326216 0.066668 0.102266
0 0.238689 0.137839 0.073426 0.080125
0 0.292881 0.264229 0.068488 0.096677
0 0.235162 0.967422 0.076895 0.065156
0 0.541381 0.489422 0.069238 0.084240
0 0.517879 0.563982 0.077336 0.093745
0 0.680145 0.231385 0.068375 0.087229
0 0.413236 0.168792 0.064668 0.085510
0 0.929326 0.423411 0.067402 0.096000
0 0.215799 0.054823 0.071418 0.092729
0 0.203365 0.618521 0.068191 0.100896
0 0.407100 0.067716 0.063535 0.087807
0 0.755592 0.569964 0.066855 0.103323
0 0.084605 0.834948 0.079383 0.093240
0 0.418943 0.348956 0.070582 0.101266
0 0.864223 0.043156 0.078703 0.083385
0 0.119441 0.690620 0.071797 0.093750
0 0.658662 0.907237 0.072605 0.105047
0 0.823592 0.518115 0.069574 0.097427
0 0.212051 0.577516 0.066391 0.169760
0 0.820264 0.213940 0.070230 0.100099
0 0.115447 0.919773 0.069840 0.093849
0 0.476402 0.219003 0.075039 0.092172
