0 0.198557 0.677942 0.084120 0.154227
0 0.135710 0.130234 0.080440 0.146190
0 0.971863 0.970639 0.056268 0.056556
0 0.103470 0.033697 0.074497 0.067190
0 0.344589 0.435838 0.104839 0.151583
0 0.749458 0.091845 0.079828 0.124366
0 0.140684 0.362648 0.104695 0.148583
0 0.964892 0.208285 0.070216 0.132005
0 0.283740 0.640681 0.079870 0.131593
0 0.074077 0.261778 0.084966 0.138935
0 0.203112 0.218951 0.096500 0.138894
0 0.796132 0.489539 0.080508 0.149995
0 0.097272 0.939086 0.088523 0.121829
0 0.030424 0.013410 0.060849 0.026338
0 0.047203 0.963542 0.094406 0.070102
0 0.206615 0.615843 0.080531 0.125806
0 0.145727 0.544623 0.078177 0.117477
0 0.984813 0.121028 0.029943 0.135926
0 0.327316 0.852495 0.080294 0.145333
0 0.976488 0.451676 0.047023 0.131417
0 0.434092 0.969931 0.104768 0.059889
0 0.184716 0.547741 0.084036 0.120435
0 0.839656 0.201178 0.085964 0.137273
0 0.986639 0.833069 0.026721 0.145324
0 0.619521 0.976118 0.095266 0.042708
0 0.033734 0.267681 0.067469 0.164407
0 0.014889 0.083477 0.029779 0.153306
0 0.807216 0.676164 0.083745 0.136505
0 0.119898 0.484016 0.089187 0.132801
0 0.344951 0.720148 0.087526 0.136315
0 0.707431 0.891289 0.084414 0.191403
0 0.385112 0.648650 0.084875 0.142042
0 0.252483 0.940456 0.083784 0.118718
0 0.796996 0.334139 0.071763 0.125565
0 0.666428 0.804037 0.080867 0.142176
0 0.822078 0.064097 0.075771 0.125593
0 0.035983 0.682771 0.071966 0.144005
0 0.097785 0.756016 0.093831 0.166551
0 0.029378 0.816856 0.058755 0.143546
0 0.358286 0.200437 0.087990 0.160958
0 0.936844 0.860569 0.076859 0.130796
0 0.432368 0.364569 0.092195 0.172759
0 0.705517 0.345421 0.079513 0.139907
0 0.654840 0.659285 0.080383 0.138162
0 0.452033 0.518731 0.081331 0.141769
0 0.257803 0.050375 0.083070 0.099269
0 0.510346 0.756252 0.076135 0.146412
0 0.840031 0.365519 0.067464 0.121157
0 0.582426 0.733273 0.079023 0.151185
0 0.400073 0.116708 0.086146 0.176917
0 0.633163 0.391352 0.078138 0.141759
0 0.169156 0.876347 0.088328 0.148509
0 0.605217 0.209113 0.094310 0.175301
0 0.846708 0.903428 0.078745 0.146773
0 0.047380 0.542025 0.094417 0.154412
0 0.283858 0.231727 0.076039 0.143019
0 0.771029 0.211866 0.085083 0.138370
0 0.405530 0.883812 0.079424 0.145375
0 0.576328 0.883343 0.081432 0.144231
0 0.033995 0.405671 0.067990 0.133157
0 0.520982 0.361127 0.092068 0.178542
0 0.445236 0.826213 0.077711 0.132796
0 0.691988 0.066331 0.097378 0.132662
0 0.175116 0.043053 0.084331 0.084921
0 0.858447 0.583736 0.054185 0.140759
0 0.476543 0.660463 0.076221 0.149037
0 0.469435 0.225856 0.101703 0.145435
0 0.515350 0.046616 0.079497 0.089935
0 0.278719 0.541197 0.099620 0.147532
0 0.648263 0.504808 0.087464 0.164792
0 0.802872 0.787708 0.084542 0.131000
0 0.884008 0.760431 0.093682 0.157176
0 0.545324 0.583988 0.119659 0.181764
0 0.431520 0.022437 0.084982 0.044542
0 0.174965 0.150771 0.084273 0.138227
0 0.908613 0.442225 0.077591 0.127171
