0 0.766318 0.169067 0.080859 0.138190
0 0.864333 0.514116 0.081177 0.129815
0 0.884645 0.332688 0.077409 0.133699
0 0.890967 0.652576 0.080758 0.139949
0 0.031794 0.457935 0.063375 0.130954
0 0.921867 0.691671 0.080901 0.126472
0 0.116370 0.938139 0.083745 0.123722
0 0.183083 0.041632 0.092573 0.083264
0 0.929126 0.334213 0.081956 0.142815
0 0.355418 0.039009 0.084898 0.077222
0 0.199087 0.690764 0.084112 0.144889
0 0.598104 0.225417 0.083609 0.147102
0 0.447279 0.750586 0.069188 0.166884
0 0.344332 0.712738 0.076961 0.152162
0 0.783801 0.670308 0.089310 0.146792
0 0.805194 0.592597 0.073711 0.127333
0 0.149435 0.602600 0.086974 0.139171
0 0.464284 0.475090 0.085297 0.130884
0 0.844199 0.116218 0.073393 0.113231
0 0.542600 0.947400 0.080279 0.103181
0 0.313277 0.460553 0.074612 0.133218
0 0.549309 0.212812 0.084732 0.149069
0 0.560658 0.066903 0.092138 0.132481
0 0.038458 0.077657 0.076849 0.136824
0 0.579967 0.368238 0.079763 0.141162
0 0.129417 0.303039 0.087891 0.174736
0 0.235902 0.120606 0.080862 0.160454
0 0.343105 0.405241 0.086065 0.127454
0 0.415056 0.484484 0.080784 0.147208
0 0.472013 0.233991 0.077286 0.144028
0 0.909914 0.525516 0.080391 0.135458
0 0.077488 0.697613 0.080341 0.143514
0 0.610253 0.625350 0.084578 0.156005
0 0.658634 0.545558 0.072638 0.150782
0 0.319805 0.287542 0.067745 0.129991
0 0.712773 0.073405 0.085500 0.146810
0 0.243056 0.448067 0.072419 0.126134
0 0.407490 0.621863 0.080750 0.144486
0 0.721833 0.410921 0.083469 0.153630
0 0.687172 0.281183 0.092271 0.131505
0 0.476740 0.126042 0.083891 0.149398
0 0.279514 0.668551 0.078826 0.146296
0 0.680025 0.678512 0.078081 0.133810
0 0.147141 0.828889 0.088687 0.135491
0 0.096379 0.465699 0.076977 0.140648
0 0.231286 0.568616 0.087187 0.141704
0 0.807434 0.324549 0.092664 0.160986
0 0.374118 0.215854 0.075930 0.142375
0 0.186094 0.226354 0.092198 0.138921
0 0.046867 0.839562 0.083875 0.161005
0 0.450783 0.353375 0.085320 0.144593
0 0.335845 0.580491 0.079039 0.128250
0 0.169785 0.426671 0.080086 0.137481
0 0.033980 0.325257 0.066956 0.148116
0 0.540630 0.523759 0.083052 0.145296
0 0.805908 0.192056 0.081497 0.147111
0 0.645699 0.407523 0.074586 0.132954
0 0.481258 0.889546 0.081094 0.145083
0 0.363059 0.953113 0.081081 0.093773
0 0.718018 0.926595 0.083875 0.142394
0 0.273046 0.043294 0.082690 0.085736
0 0.376372 0.873627 0.080708 0.121338
0 0.548387 0.595280 0.072560 0.124134
0 0.599608 0.819340 0.081909 0.172245
0 0.923211 0.795581 0.088016 0.157236
0 0.403438 0.919150 0.076042 0.139282
0 0.099826 0.055236 0.088688 0.110472
0 0.989747 0.259174 0.020505 0.167727
0 0.976908 0.898586 0.046185 0.142106
0 0.593931 0.444525 0.078117 0.112384
0 0.784393 0.024380 0.108932 0.048759
0 0.258004 0.281650 0.072341 0.165264
0 0.799699 0.855030 0.078763 0.138051
0 0.013441 0.161634 0.026758 0.139639
0 0.029840 0.537505 0.059680 0.129704
0 0.646784 0.041683 0.089016 0.083134
0 0.739595 0.538833 0.086805 0.173667
0 0.838618 0.951521 0.076784 0.096356
0 0.392958 0.163238 0.076813 0.151606
0 0.651516 0.969852 0.086734 0.058833
0 0.695788 0.878199 0.076154 0.127843
0 0.387190 0.728039 0.075427 0.149949
0 0.043151 0.587600 0.080151 0.137014
0 0.237073 0.925093 0.085807 0.144806
0 0.933885 0.180380 0.097396 0.153981
0 0.141918 0.698442 0.086711 0.138468
0 0.021642 0.023889 0.042602 0.045676
0 0.961445 0.037366 0.076802 0.069611
0 0.614568 0.961711 0.069354 0.075921
0 0.161581 0.119507 0.075089 0.101579
0 0.933522 0.850715 0.093253 0.120412
