1 0.064801 0.105706 0.080784 0.147366
1 0.693270 0.610278 0.091326 0.162019
1 0.111270 0.872035 0.080951 0.156949
0 0.233138 0.675331 0.086630 0.162745
0 0.639056 0.975454 0.098440 0.042481
0 0.151060 0.204067 0.086042 0.141597
1 0.386497 0.226880 0.081474 0.153167
0 0.134327 0.012139 0.084898 0.024278
0 0.910141 0.977822 0.100146 0.043060
0 0.005602 0.535769 0.011130 0.135759
0 0.053102 0.976150 0.088474 0.047699
0 0.446914 0.617301 0.083151 0.129769
0 0.465977 0.956822 0.082594 0.086356
1 0.515184 0.337507 0.075456 0.136181
0 0.040698 0.871586 0.078536 0.116486
1 0.182168 0.806655 0.074992 0.152366
1 0.344872 0.827655 0.080417 0.147301
1 0.401991 0.706063 0.095435 0.147356
0 0.983645 0.449303 0.032284 0.144116
0 0.168969 0.958919 0.084224 0.082162
0 0.821087 0.965461 0.087789 0.069079
0 0.019583 0.190900 0.039167 0.138884
0 0.273158 0.934157 0.095451 0.131685
0 0.651109 0.029894 0.073396 0.059296
0 0.386490 0.939502 0.093833 0.118625
0 0.021384 0.320965 0.042768 0.136486
0 0.415038 0.037632 0.083768 0.075264
0 0.035703 0.039801 0.071063 0.078907
0 0.310008 0.044924 0.073083 0.089551
0 0.174490 0.338081 0.077177 0.132801
0 0.505908 0.048266 0.078018 0.095690
0 0.164466 0.674104 0.072609 0.140005
0 0.629790 0.554699 0.076190 0.119296
0 0.823307 0.860303 0.080172 0.143403
0 0.751711 0.898289 0.084073 0.123958
0 0.971900 0.321137 0.056091 0.137097
0 0.716422 0.725363 0.085661 0.152523
0 0.597323 0.845910 0.071474 0.155977
0 0.531401 0.864812 0.084052 0.146690
0 0.255595 0.805310 0.077711 0.138361
0 0.238581 0.139477 0.086797 0.148435
0 0.389870 0.413213 0.079651 0.124380
0 0.668940 0.874248 0.080156 0.142042
0 0.744257 0.240146 0.081320 0.146606
0 0.318422 0.458856 0.077880 0.136787
0 0.080137 0.675586 0.074424 0.152801
0 0.601359 0.310016 0.076979 0.124616
0 0.118764 0.574405 0.081352 0.139856
0 0.636488 0.729905 0.079331 0.146282
0 0.239544 0.275317 0.082057 0.140208
0 0.076475 0.268220 0.081232 0.126931
0 0.840693 0.400289 0.080479 0.150032
0 0.554885 0.439005 0.078542 0.130389
0 0.765219 0.361343 0.074771 0.130602
0 0.379281 0.544699 0.080615 0.144546
0 0.770716 0.505440 0.082755 0.126370
0 0.887883 0.781625 0.071609 0.134435
0 0.962345 0.196887 0.075201 0.131134
0 0.662880 0.156745 0.069521 0.117435
0 0.680096 0.445153 0.078052 0.129185
0 0.675370 0.315090 0.073224 0.135088
0 0.563025 0.205118 0.078789 0.129940
0 0.569005 0.071877 0.079396 0.143755
0 0.172208 0.069750 0.082385 0.126481
0 0.465103 0.796035 0.086690 0.145477
0 0.316669 0.179206 0.080849 0.140431
0 0.508159 0.544991 0.074198 0.134454
0 0.104250 0.389806 0.087552 0.142074
0 0.944793 0.526234 0.077961 0.148708
0 0.813514 0.066417 0.072346 0.132833
0 0.886243 0.071174 0.078201 0.135060
0 0.960826 0.771236 0.077995 0.135787
0 0.745641 0.106500 0.077755 0.137398
0 0.030484 0.627919 0.060937 0.186727
0 0.915564 0.380900 0.087107 0.155958
0 0.028118 0.771118 0.056237 0.128245
0 0.890755 0.632361 0.084464 0.149167
0 0.437398 0.317157 0.074177 0.140037
0 0.961564 0.067743 0.076091 0.135486
1 0.772208 0.768380 0.085109 0.160981
0 0.995806 0.577493 0.008346 0.145375
