0 0.099070 0.834969 0.109414 0.157994
0 0.966331 0.252456 0.067215 0.115252
0 0.206522 0.957019 0.117975 0.084738
0 0.819263 0.524923 0.090710 0.157685
0 0.875548 0.567729 0.094583 0.118575
1 0.404782 0.180401 0.094996 0.118621
0 0.974008 0.457886 0.051605 0.120031
0 0.985718 0.342299 0.028434 0.139722
1 0.914842 0.467145 0.093133 0.111049
1 0.499689 0.817598 0.097589 0.143909
1 0.763050 0.281307 0.103275 0.116430
1 0.707666 0.725453 0.101073 0.131091
1 0.686470 0.390139 0.111497 0.123673
1 0.900731 0.267791 0.092820 0.122948
1 0.684576 0.509866 0.109715 0.124259
0 0.952409 0.363076 0.092504 0.141368
0 0.714066 0.610023 0.077593 0.111003
0 0.747666 0.490571 0.096157 0.153663
0 0.946250 0.165926 0.106597 0.109578
0 0.641671 0.580949 0.085779 0.115005
0 0.900926 0.653416 0.091543 0.124640
0 0.427623 0.686016 0.114059 0.129223
0 0.044595 0.883143 0.089113 0.122449
0 0.360131 0.090581 0.092191 0.136214
0 0.168412 0.878642 0.103769 0.135051
0 0.791362 0.624817 0.097739 0.133555
0 0.418247 0.821937 0.087836 0.141970
0 0.393067 0.292070 0.088164 0.111281
0 0.884516 0.377052 0.073792 0.114712
0 0.334375 0.226615 0.095409 0.131049
0 0.640106 0.695532 0.098893 0.128760
0 0.571200 0.192672 0.100802 0.133616
0 0.577326 0.639182 0.073966 0.100658
0 0.376867 0.611746 0.099846 0.126188
0 0.364705 0.403470 0.088669 0.125129
0 0.285079 0.114110 0.087735 0.125494
0 0.804556 0.366098 0.092407 0.116322
0 0.443810 0.940774 0.099201 0.117320
