1 0.745033 0.127521 0.088581 0.164134
0 0.659044 0.984412 0.086333 0.026907
1 0.354901 0.552477 0.082505 0.146852
1 0.043824 0.176734 0.084039 0.136023
0 0.077214 0.986278 0.079281 0.025583
1 0.486380 0.531558 0.088047 0.148681
1 0.850941 0.553181 0.084992 0.159954
0 0.529628 0.736942 0.086781 0.167579
0 0.895243 0.188222 0.081940 0.162056
0 0.456642 0.887762 0.082060 0.144347
0 0.862719 0.426956 0.090297 0.130968
0 0.468240 0.308919 0.086583 0.129968
0 0.077135 0.419771 0.090667 0.142264
0 0.252401 0.135778 0.092484 0.162000
0 0.634893 0.274380 0.079411 0.143824
0 0.459277 0.181146 0.091971 0.151449
0 0.208836 0.906829 0.089687 0.146389
0 0.667408 0.841789 0.088008 0.144366
0 0.856491 0.301146 0.089076 0.144218
0 0.561965 0.216424 0.091831 0.165421
0 0.816581 0.200350 0.092078 0.146782
0 0.634960 0.691731 0.087857 0.147981
0 0.960082 0.132956 0.079836 0.160264
1 0.358299 0.056866 0.082880 0.113556
0 0.780790 0.527539 0.085018 0.216023
0 0.012022 0.441435 0.023201 0.174806
0 0.646333 0.068553 0.078214 0.128514
0 0.866284 0.925178 0.083917 0.149042
0 0.061073 0.070600 0.079318 0.139255
0 0.881083 0.031826 0.090594 0.063653
0 0.697732 0.084562 0.085932 0.169125
0 0.156150 0.321512 0.107451 0.154468
0 0.762839 0.959185 0.096448 0.081630
0 0.136393 0.054116 0.087620 0.106120
0 0.023134 0.568681 0.046169 0.158222
0 0.933072 0.878542 0.101883 0.150046
0 0.940822 0.055086 0.099445 0.106236
0 0.398413 0.957125 0.085190 0.085750
0 0.972488 0.955065 0.055023 0.088148
0 0.926081 0.524264 0.089693 0.168824
0 0.040714 0.302181 0.080693 0.136528
0 0.022598 0.713928 0.045195 0.148338
0 0.953194 0.760981 0.085112 0.131444
0 0.247602 0.693725 0.111151 0.157032
0 0.423069 0.071762 0.078810 0.138579
0 0.229460 0.791204 0.100904 0.144981
0 0.167128 0.181690 0.096729 0.157704
0 0.533624 0.961056 0.095997 0.074500
0 0.794790 0.062178 0.090898 0.124356
0 0.798167 0.701722 0.098984 0.178250
0 0.233845 0.275681 0.100102 0.153204
0 0.412357 0.797970 0.083229 0.146282
0 0.965828 0.649111 0.068219 0.156176
0 0.866771 0.768877 0.094547 0.159949
0 0.344323 0.262718 0.081187 0.179194
0 0.637652 0.542940 0.084924 0.172250
0 0.289187 0.410701 0.083354 0.156088
0 0.072622 0.608630 0.097641 0.169593
0 0.127703 0.784931 0.088099 0.157648
0 0.402423 0.349889 0.081341 0.153722
0 0.340918 0.836706 0.083737 0.158301
0 0.138432 0.542743 0.094083 0.150542
0 0.456628 0.647993 0.090630 0.152875
0 0.563730 0.874440 0.101263 0.152204
0 0.712190 0.653968 0.086271 0.160861
0 0.250199 0.552472 0.089044 0.149528
0 0.778759 0.854338 0.091883 0.142926
0 0.371694 0.687447 0.086539 0.157375
0 0.292189 0.919025 0.093242 0.161949
0 0.044081 0.905829 0.088161 0.147222
0 0.715926 0.493729 0.082086 0.167264
0 0.493172 0.077852 0.085474 0.155704
0 0.569723 0.467750 0.079680 0.144537
