0 0.401203 0.193764 0.087406 0.134306
0 0.860915 0.940491 0.079086 0.118704
0 0.809967 0.329049 0.081346 0.141505
0 0.295204 0.901880 0.087221 0.138380
0 0.060650 0.818037 0.072503 0.127574
0 0.512288 0.035069 0.080117 0.070139
0 0.380690 0.618801 0.081464 0.127380
0 0.028115 0.075120 0.056229 0.135926
0 0.093378 0.327905 0.083604 0.146569
0 0.836319 0.694676 0.078096 0.137787
0 0.688384 0.165745 0.082643 0.132435
0 0.046850 0.940062 0.084029 0.119875
0 0.480952 0.714382 0.072336 0.127949
0 0.212353 0.656845 0.087539 0.150116
0 0.650738 0.631519 0.081044 0.139491
0 0.672267 0.762949 0.083659 0.140028
0 0.705358 0.328396 0.075039 0.123829
0 0.540305 0.122572 0.076880 0.130569
0 0.576272 0.528500 0.074263 0.126657
0 0.900441 0.311220 0.083190 0.142653
0 0.726582 0.586440 0.083253 0.143796
0 0.770453 0.753405 0.074958 0.132681
0 0.584145 0.239444 0.089737 0.142741
0 0.132844 0.717359 0.075135 0.132106
0 0.184349 0.483620 0.078224 0.138944
0 0.546659 0.354044 0.074542 0.132051
0 0.189117 0.208424 0.092797 0.144060
0 0.409973 0.839880 0.082404 0.144083
0 0.058678 0.675139 0.079112 0.131333
0 0.802685 0.106400 0.083620 0.141773
0 0.940853 0.473875 0.092086 0.149704
0 0.490031 0.567076 0.071750 0.157486
0 0.392872 0.385907 0.088797 0.135148
0 0.257165 0.531713 0.078346 0.134056
0 0.751533 0.456558 0.079513 0.139162
0 0.947712 0.947701 0.075659 0.102394
0 0.296426 0.333391 0.083133 0.154394
0 0.277997 0.756021 0.078219 0.138977
0 0.543505 0.644544 0.076375 0.132773
0 0.346978 0.112590 0.082487 0.135532
0 0.618160 0.415470 0.085398 0.138523
0 0.110807 0.590025 0.089115 0.128005
0 0.175598 0.345206 0.084435 0.140505
0 0.969431 0.794488 0.060888 0.157625
0 0.891392 0.591657 0.088956 0.133667
0 0.461607 0.914815 0.072990 0.130722
0 0.484466 0.200613 0.080099 0.153995
0 0.102448 0.467347 0.072323 0.130537
0 0.015835 0.753704 0.031669 0.139500
0 0.504870 0.956833 0.089031 0.085935
0 0.628660 0.032012 0.083784 0.062616
0 0.730428 0.962539 0.076690 0.070755
0 0.989569 0.183373 0.020862 0.143875
0 0.924214 0.026437 0.078036 0.052625
0 0.979462 0.043053 0.041076 0.084718
0 0.691350 0.040711 0.080242 0.079912
0 0.986815 0.951928 0.026370 0.093995
0 0.723059 0.860116 0.074909 0.133259
0 0.855992 0.426604 0.077010 0.123801
0 0.393318 0.015870 0.078953 0.030491
0 0.573945 0.841287 0.085620 0.148278
0 0.852329 0.014725 0.080326 0.029329
0 0.008868 0.351035 0.017518 0.132569
0 0.218997 0.041581 0.085896 0.082255
0 0.773780 0.011162 0.077956 0.022065
0 0.304474 0.986410 0.084047 0.025079
0 0.083566 0.010664 0.074169 0.020329
0 0.228896 0.979981 0.087641 0.037509
0 0.875960 0.812238 0.080133 0.135264
0 0.938634 0.120493 0.083034 0.143745
0 0.586406 0.957491 0.078979 0.082648
0 0.342443 0.501093 0.084427 0.152657
0 0.364238 0.742014 0.083346 0.130185
0 0.035980 0.449285 0.071961 0.140356
0 0.150211 0.084086 0.082068 0.144995
0 0.396961 0.955456 0.077135 0.088153
0 0.155410 0.840602 0.087440 0.131824
0 0.297271 0.041988 0.072594 0.083708
0 0.145902 0.951102 0.094810 0.097796
