0 0.188659 0.262306 0.089172 0.147389
0 0.807922 0.065694 0.092771 0.130963
0 0.715143 0.077792 0.090495 0.155583
0 0.341398 0.926731 0.084797 0.145519
0 0.811893 0.445565 0.089432 0.154537
0 0.190432 0.395843 0.078552 0.151593
0 0.286109 0.854116 0.086271 0.162694
0 0.936646 0.530773 0.077323 0.150139
0 0.956599 0.936292 0.081542 0.127417
0 0.511206 0.314880 0.100630 0.141056
0 0.353568 0.098866 0.086531 0.157306
0 0.474076 0.609880 0.087266 0.144037
0 0.622260 0.245764 0.097313 0.157417
0 0.610432 0.937625 0.084667 0.124750
0 0.922818 0.063481 0.083063 0.126963
0 0.132529 0.108593 0.096141 0.166185
0 0.438750 0.192505 0.091125 0.132565
0 0.584664 0.517389 0.080130 0.176426
0 0.641628 0.461255 0.080745 0.136898
0 0.659914 0.332264 0.096776 0.146417
0 0.715375 0.854009 0.096844 0.128074
0 0.545378 0.229741 0.088818 0.165500
0 0.530443 0.702903 0.080833 0.146694
0 0.525549 0.523579 0.078495 0.147806
0 0.358047 0.388824 0.095583 0.153889
0 0.127344 0.448926 0.088437 0.158889
0 0.431914 0.328963 0.092161 0.143296
0 0.608398 0.724435 0.086453 0.161019
0 0.691016 0.943963 0.086344 0.111796
0 0.641513 0.123000 0.085391 0.146074
0 0.843182 0.840306 0.080615 0.152593
0 0.736458 0.392463 0.085781 0.151407
0 0.053776 0.765898 0.082177 0.144056
3 0.499039 0.414528 0.088526 0.140648
0 0.253073 0.340667 0.077948 0.137481
0 0.057839 0.055616 0.086875 0.110713
0 0.108695 0.235935 0.079411 0.124611
0 0.437133 0.482685 0.079339 0.130130
0 0.401760 0.612014 0.075604 0.145880
0 0.547182 0.044231 0.083365 0.084833
0 0.030534 0.637162 0.061068 0.146602
0 0.716547 0.726787 0.082406 0.148167
0 0.436768 0.069208 0.091297 0.138417
0 0.482401 0.861648 0.087490 0.151926
0 0.818406 0.953509 0.085740 0.092556
0 0.907708 0.782454 0.084229 0.150407
0 0.216076 0.936986 0.090401 0.126028
0 0.068023 0.534093 0.082661 0.152630
0 0.021156 0.868782 0.039333 0.121065
0 0.046378 0.345963 0.081661 0.145907
0 0.980914 0.059889 0.037589 0.110611
0 0.980552 0.481634 0.035667 0.145880
0 0.979742 0.289222 0.037464 0.168093
0 0.263701 0.514537 0.080578 0.148296
0 0.050339 0.953032 0.085823 0.093509
0 0.968594 0.682662 0.061365 0.144269
0 0.005719 0.356537 0.011250 0.120667
0 0.982289 0.809477 0.035422 0.130009
