0 0.985102 0.647102 0.028005 0.147648
0 0.877292 0.401773 0.092781 0.156509
0 0.159638 0.646236 0.082630 0.139713
0 0.558698 0.312671 0.084854 0.148546
0 0.957953 0.849310 0.084094 0.151769
0 0.617352 0.948356 0.085620 0.103009
0 0.761771 0.765333 0.085760 0.147259
0 0.160729 0.787046 0.090875 0.172093
0 0.817346 0.373074 0.086786 0.158870
0 0.055711 0.649542 0.092839 0.166787
0 0.195062 0.513611 0.086198 0.143056
2 0.429794 0.359315 0.078911 0.148093
2 0.678479 0.263546 0.081990 0.156389
0 0.590773 0.834588 0.080182 0.154028
0 0.476672 0.244097 0.093167 0.158046
0 0.885445 0.154000 0.084672 0.146537
0 0.607031 0.420273 0.089063 0.144194
0 0.255630 0.800986 0.092052 0.154065
0 0.289328 0.482167 0.083875 0.145981
0 0.727992 0.047014 0.076557 0.091565
0 0.085219 0.876208 0.083729 0.144009
0 0.118586 0.278241 0.087120 0.143722
0 0.154201 0.157500 0.086339 0.151611
0 0.627331 0.159616 0.096120 0.163009
0 0.332229 0.640292 0.088396 0.157509
0 0.366422 0.465593 0.080615 0.143574
0 0.510049 0.949537 0.087151 0.100130
0 0.781242 0.892824 0.090026 0.145852
0 0.070898 0.173579 0.081599 0.140065
0 0.954724 0.296745 0.090552 0.160120
0 0.456227 0.485194 0.091870 0.141444
0 0.064404 0.552500 0.095120 0.149352
0 0.944099 0.059532 0.089729 0.117009
0 0.037513 0.073176 0.072734 0.146352
0 0.269523 0.075426 0.085901 0.150852
0 0.804672 0.202167 0.090583 0.150111
0 0.722690 0.905981 0.085995 0.150278
0 0.348047 0.390657 0.090802 0.136370
0 0.165526 0.386741 0.084990 0.150111
0 0.927435 0.769176 0.088932 0.153778
0 0.866760 0.852583 0.091906 0.164315
0 0.632581 0.639597 0.087745 0.152361
0 0.450237 0.891139 0.085995 0.150481
0 0.687721 0.414167 0.086557 0.162037
0 0.541591 0.173486 0.081422 0.146620
0 0.360299 0.883477 0.091016 0.150880
0 0.556570 0.036824 0.083380 0.069389
0 0.028201 0.815208 0.056401 0.162343
0 0.922547 0.959593 0.082740 0.080815
0 0.577201 0.546565 0.095151 0.149500
0 0.339143 0.145792 0.086505 0.151546
0 0.253089 0.927537 0.095823 0.144926
0 0.105971 0.045338 0.089724 0.088694
0 0.482479 0.028847 0.080583 0.057694
0 0.199518 0.263495 0.087151 0.152009
0 0.465813 0.135519 0.085312 0.151037
0 0.239859 0.396509 0.088125 0.157778
0 0.416565 0.016833 0.076995 0.029556
0 0.990758 0.781736 0.018484 0.150676
0 0.635492 0.070944 0.085182 0.122870
0 0.781312 0.971630 0.093198 0.056741
0 0.852865 0.985088 0.082000 0.029269
0 0.013073 0.557722 0.026146 0.165593
0 0.995646 0.396597 0.008708 0.128213
0 0.759669 0.542292 0.102214 0.163120
0 0.506854 0.384088 0.079271 0.144139
0 0.825570 0.677764 0.087349 0.159176
0 0.072706 0.978491 0.096464 0.043019
0 0.092122 0.431060 0.095620 0.155824
0 0.707333 0.666463 0.088604 0.166296
0 0.515427 0.827856 0.089135 0.138861
0 0.847195 0.538231 0.088464 0.142981
0 0.356193 0.047991 0.083125 0.093352
0 0.234724 0.636620 0.083875 0.144907
0 0.477586 0.558542 0.095411 0.151009
0 0.506833 0.680352 0.091135 0.160519
0 0.019164 0.207329 0.038328 0.154694
0 0.548404 0.706690 0.081932 0.149028
0 0.169797 0.925444 0.086771 0.142500
0 0.713904 0.149093 0.093380 0.154130
0 0.392117 0.250060 0.093745 0.159287
0 0.392198 0.942569 0.083510 0.114861
0 0.018784 0.340241 0.037568 0.159259
0 0.319237 0.778444 0.087682 0.143370
0 0.873682 0.017014 0.079708 0.034028
