0 0.271589 0.232977 0.084594 0.130583
0 0.265849 0.485750 0.064719 0.119000
0 0.486885 0.640634 0.075115 0.126787
0 0.667477 0.161218 0.071099 0.123769
0 0.058169 0.933292 0.085901 0.133417
0 0.942380 0.174208 0.087646 0.136843
0 0.398617 0.452630 0.088234 0.149296
0 0.021839 0.744565 0.042458 0.131907
0 0.368961 0.043588 0.086984 0.087176
0 0.856667 0.182222 0.081458 0.136037
0 0.838664 0.068273 0.087443 0.136546
0 0.300615 0.064602 0.083260 0.126852
0 0.977221 0.342713 0.045078 0.128167
0 0.917578 0.063380 0.084010 0.126759
0 0.017542 0.884782 0.035083 0.147861
0 0.977734 0.054546 0.043906 0.107296
0 0.985953 0.218690 0.026656 0.155343
0 0.005768 0.485690 0.011214 0.125602
0 0.201190 0.975880 0.100943 0.048241
0 0.006635 0.029875 0.013240 0.056472
0 0.010034 0.612755 0.018964 0.120417
0 0.723656 0.637801 0.081542 0.142824
0 0.225065 0.644759 0.079599 0.132852
0 0.550935 0.605880 0.086557 0.147370
0 0.254289 0.821394 0.080130 0.143028
0 0.706982 0.499713 0.080578 0.144167
0 0.543669 0.856931 0.085359 0.140565
0 0.071021 0.374009 0.080042 0.138259
0 0.783336 0.177389 0.087755 0.150611
0 0.932055 0.296574 0.079516 0.144611
0 0.649464 0.689208 0.078573 0.119231
0 0.799729 0.309032 0.073698 0.135231
0 0.251219 0.112343 0.082250 0.136704
0 0.865831 0.310838 0.076026 0.159528
0 0.089060 0.498921 0.076755 0.123750
0 0.027255 0.167074 0.053385 0.149722
0 0.604172 0.070167 0.089687 0.140333
0 0.524820 0.283019 0.080484 0.139722
0 0.100062 0.252190 0.081042 0.137991
0 0.668201 0.295602 0.075078 0.128722
0 0.487120 0.172912 0.080531 0.142639
0 0.579862 0.366532 0.074380 0.130065
4 0.433547 0.269463 0.092698 0.152370
0 0.645945 0.429042 0.081130 0.144898
0 0.757240 0.396454 0.096250 0.143852
0 0.207190 0.427278 0.086755 0.152463
0 0.700536 0.931065 0.085031 0.134815
0 0.295365 0.630384 0.079427 0.150324
0 0.609104 0.933796 0.082646 0.132407
0 0.505740 0.952676 0.084927 0.094648
0 0.489258 0.754009 0.092099 0.131130
0 0.645268 0.808065 0.089568 0.139259
0 0.412258 0.131949 0.089766 0.150713
0 0.192352 0.219662 0.077224 0.138361
0 0.177812 0.891102 0.087771 0.136685
0 0.106130 0.850319 0.074719 0.148361
0 0.330690 0.509741 0.077391 0.150648
0 0.439885 0.546282 0.090115 0.150120
0 0.143253 0.368792 0.075943 0.157750
