0 0.580639 0.491181 0.083966 0.143796
0 0.507582 0.936977 0.074076 0.123778
0 0.863828 0.644903 0.082828 0.137352
0 0.677773 0.368389 0.078651 0.141537
0 0.808514 0.328519 0.084174 0.131435
0 0.311280 0.869646 0.076612 0.132384
0 0.380342 0.651757 0.086909 0.139106
0 0.299491 0.622373 0.084570 0.136912
0 0.538307 0.815465 0.073068 0.124106
0 0.279888 0.753500 0.076104 0.126824
0 0.153253 0.343722 0.077516 0.133148
0 0.967751 0.366400 0.064070 0.140773
0 0.632009 0.251669 0.076055 0.134032
0 0.355257 0.394919 0.081029 0.144005
0 0.944053 0.662956 0.079117 0.139356
0 0.214973 0.211829 0.074940 0.146639
0 0.769785 0.186924 0.077049 0.149718
0 0.959618 0.521062 0.067367 0.120718
0 0.107276 0.233384 0.085828 0.151130
0 0.799098 0.759613 0.084789 0.162218
0 0.963413 0.797463 0.073174 0.134963
0 0.468047 0.390394 0.080703 0.139370
0 0.464861 0.683139 0.083221 0.137889
0 0.928775 0.239299 0.073206 0.138181
0 0.477243 0.244185 0.082732 0.144000
0 0.296036 0.320919 0.077271 0.129523
0 0.896987 0.442484 0.081250 0.135745
0 0.639482 0.592109 0.079583 0.137394
0 0.057975 0.116856 0.089987 0.159296
0 0.617648 0.933831 0.090094 0.132181
1 0.721180 0.630426 0.089214 0.147861
1 0.152908 0.805796 0.081331 0.137954
0 0.995790 0.494850 0.008388 0.129838
1 0.275868 0.456595 0.071659 0.144394
0 0.008911 0.932935 0.017823 0.120185
0 0.008303 0.171016 0.016581 0.131347
1 0.412762 0.154361 0.079404 0.133741
1 0.384128 0.786870 0.116687 0.122657
0 0.370947 0.971725 0.092445 0.056329
0 0.022090 0.758789 0.043982 0.157477
1 0.091678 0.816391 0.074799 0.139921
0 0.849857 0.056424 0.077802 0.111505
0 0.571770 0.711778 0.084836 0.119352
1 0.064861 0.593891 0.077003 0.124755
0 0.975625 0.928394 0.048495 0.140611
1 0.078370 0.371787 0.074057 0.129991
1 0.521189 0.588322 0.085247 0.152532
1 0.285430 0.132398 0.079734 0.135352
0 0.058857 0.697396 0.084380 0.136477
0 0.173484 0.585704 0.079776 0.128611
0 0.284682 0.031803 0.078568 0.063181
0 0.146768 0.471875 0.074698 0.121602
1 0.882789 0.790720 0.082005 0.148616
0 0.224878 0.675840 0.075891 0.132468
1 0.641197 0.106035 0.087612 0.156634
0 0.396061 0.879512 0.089107 0.133282
0 0.919749 0.945516 0.081477 0.107477
0 0.427701 0.040669 0.087089 0.080644
0 0.042461 0.877190 0.081578 0.153657
0 0.114747 0.959150 0.081938 0.080319
0 0.157643 0.053567 0.072109 0.105542
0 0.229389 0.533032 0.087477 0.146815
0 0.347995 0.501507 0.078396 0.139542
0 0.708844 0.859822 0.083089 0.137144
0 0.338292 0.201493 0.081135 0.137606
0 0.851280 0.930648 0.081477 0.137389
0 0.472507 0.819287 0.073924 0.132120
0 0.232473 0.810551 0.075888 0.132343
0 0.561264 0.302211 0.080581 0.134986
0 0.850552 0.184331 0.082750 0.140329
0 0.252469 0.938056 0.083172 0.122444
0 0.612616 0.795167 0.076758 0.141741
0 0.025225 0.513113 0.050232 0.128801
0 0.025409 0.298053 0.050818 0.145042
0 0.687954 0.773090 0.076836 0.128597
0 0.536161 0.093062 0.078115 0.159958
0 0.146277 0.659384 0.092039 0.155056
