0 0.883293 0.508414 0.078826 0.135255
1 0.573625 0.017970 0.053406 0.035940
0 0.511461 0.054919 0.085708 0.104625
0 0.892905 0.051560 0.074388 0.102056
0 0.032046 0.138188 0.063586 0.149412
0 0.407426 0.506477 0.077154 0.132435
0 0.701630 0.373470 0.089958 0.174079
0 0.738090 0.527750 0.080294 0.139019
0 0.640786 0.469377 0.077771 0.135338
0 0.377901 0.212639 0.076917 0.146528
0 0.370158 0.369794 0.078138 0.147588
0 0.295542 0.326111 0.081990 0.139759
0 0.910424 0.709414 0.078203 0.148755
0 0.634051 0.312347 0.076227 0.139509
0 0.442534 0.386519 0.080026 0.160398
0 0.815753 0.930951 0.075703 0.137106
0 0.802189 0.126519 0.081289 0.136685
0 0.552391 0.486354 0.089245 0.142106
0 0.035956 0.288843 0.071911 0.142046
0 0.519764 0.174400 0.076372 0.137644
0 0.217935 0.719002 0.075250 0.142977
0 0.386171 0.068382 0.083893 0.136764
1 0.076322 0.660363 0.081206 0.140458
0 0.637336 0.025475 0.086870 0.050949
0 0.832490 0.023301 0.078635 0.046602
0 0.043906 0.034625 0.084901 0.067139
0 0.537337 0.953197 0.092982 0.091838
1 0.967482 0.789572 0.063771 0.139597
1 0.514095 0.384086 0.076461 0.141847
1 0.707967 0.798350 0.081357 0.156097
0 0.064812 0.962618 0.079422 0.073273
0 0.330352 0.032637 0.088167 0.065273
0 0.055702 0.813468 0.089414 0.186593
0 0.707378 0.966303 0.087099 0.067319
0 0.987762 0.587694 0.024263 0.131602
0 0.024798 0.745116 0.049065 0.165213
0 0.984289 0.452097 0.031422 0.139046
0 0.211404 0.919111 0.072656 0.132880
0 0.624499 0.899426 0.082445 0.142120
0 0.424669 0.628340 0.090437 0.143273
0 0.647036 0.737012 0.074958 0.153477
0 0.476621 0.532042 0.078477 0.157167
0 0.128845 0.567294 0.080753 0.161458
0 0.582379 0.775894 0.081602 0.146333
0 0.711415 0.652877 0.079794 0.135282
0 0.590661 0.181896 0.078964 0.134579
0 0.768303 0.846583 0.075664 0.160806
0 0.196048 0.423840 0.083221 0.150319
0 0.146544 0.740139 0.084172 0.144556
0 0.533056 0.627544 0.086346 0.159356
0 0.562406 0.302148 0.072656 0.134361
0 0.816214 0.706896 0.078354 0.137264
0 0.961568 0.069933 0.076109 0.137838
0 0.862292 0.622215 0.092995 0.140671
0 0.882384 0.846606 0.089299 0.157019
0 0.795986 0.447065 0.084690 0.151370
0 0.133306 0.880491 0.071633 0.142741
0 0.022085 0.513764 0.043987 0.133343
0 0.198414 0.584937 0.076885 0.149903
0 0.269243 0.950560 0.076273 0.096333
0 0.903889 0.957266 0.082174 0.085468
0 0.459517 0.899623 0.084966 0.163606
0 0.768729 0.047315 0.080000 0.093259
0 0.970454 0.952174 0.059091 0.094273
0 0.269309 0.062537 0.075185 0.123981
0 0.972207 0.191028 0.055227 0.143315
