0 0.189967 0.384264 0.081049 0.142287
0 0.611076 0.847794 0.072969 0.135690
0 0.407230 0.384965 0.074924 0.139819
0 0.327113 0.339495 0.081195 0.131343
0 0.608020 0.672387 0.089086 0.134153
0 0.658702 0.448870 0.085883 0.121694
0 0.346686 0.445796 0.080951 0.126824
0 0.758701 0.138595 0.082073 0.131977
0 0.157186 0.069718 0.094279 0.133796
0 0.815783 0.958502 0.086352 0.082995
0 0.813695 0.851345 0.088776 0.141551
0 0.880646 0.176208 0.083625 0.133870
0 0.619501 0.024738 0.090737 0.049477
0 0.314510 0.020067 0.090479 0.040134
0 0.470986 0.046373 0.088669 0.091032
0 0.672715 0.330676 0.096242 0.140630
0 0.502549 0.414965 0.075802 0.143884
0 0.677576 0.207806 0.079318 0.124926
0 0.214326 0.962495 0.076391 0.074009
0 0.989772 0.133778 0.020456 0.158796
0 0.326297 0.710694 0.074370 0.142065
0 0.932836 0.563944 0.088286 0.127796
0 0.135882 0.186213 0.084003 0.127009
0 0.575966 0.216139 0.080745 0.149574
0 0.259087 0.720063 0.078393 0.169023
0 0.832656 0.094486 0.081552 0.135889
0 0.212650 0.188275 0.084326 0.170662
0 0.591257 0.360414 0.084352 0.141579
0 0.494247 0.898315 0.095604 0.152407
0 0.274729 0.911368 0.082880 0.158366
0 0.406427 0.617579 0.088552 0.153194
0 0.462725 0.790850 0.076477 0.130764
0 0.541267 0.014968 0.086117 0.029935
0 0.646723 0.098405 0.090211 0.132634
0 0.345375 0.834613 0.079703 0.137532
0 0.679543 0.899495 0.083643 0.138407
0 0.693635 0.783347 0.081922 0.139056
0 0.750919 0.909995 0.073880 0.149528
0 0.140729 0.306521 0.084271 0.124532
0 0.370503 0.062225 0.075484 0.124449
0 0.822336 0.702155 0.099526 0.146523
0 0.261742 0.299097 0.081198 0.145046
0 0.687859 0.544995 0.081948 0.126741
0 0.523007 0.662181 0.090091 0.151981
0 0.953370 0.172144 0.076125 0.132620
0 0.825928 0.565421 0.083362 0.139278
0 0.535434 0.805046 0.087164 0.152806
0 0.022757 0.413907 0.045513 0.158194
0 0.969594 0.754549 0.060812 0.134755
0 0.749827 0.594616 0.079227 0.148287
0 0.953435 0.284803 0.093130 0.144338
1 0.918161 0.676456 0.089917 0.130505
1 0.912622 0.812005 0.079932 0.135769
1 0.160793 0.916481 0.091013 0.162287
1 0.916203 0.073706 0.082182 0.129931
1 0.332609 0.565169 0.086391 0.148236
1 0.437238 0.489847 0.084529 0.137630
1 0.560335 0.545507 0.083872 0.139245
