0 0.918710 0.378361 0.077232 0.163343
0 0.880120 0.345692 0.059906 0.198810
0 0.602376 0.164613 0.070409 0.150273
0 0.565650 0.285954 0.060904 0.157741
0 0.618128 0.300889 0.070406 0.198815
0 0.748073 0.286421 0.059380 0.188546
0 0.782988 0.379762 0.062008 0.184810
0 0.827090 0.349424 0.055706 0.224949
0 0.683230 0.483833 0.074607 0.129741
0 0.569824 0.574838 0.058857 0.130676
0 0.685857 0.409162 0.077755 0.144676
0 0.617603 0.495968 0.077758 0.139074
0 0.614452 0.406361 0.071456 0.126009
0 0.542259 0.448366 0.080383 0.163343
0 0.640467 0.588840 0.065628 0.138144
0 0.697408 0.588840 0.067258 0.156810
0 0.889595 0.504368 0.066154 0.157745
0 0.935773 0.628977 0.063057 0.168009
0 0.889307 0.615910 0.081432 0.128810
0 0.894820 0.747051 0.067255 0.163343
0 0.859406 0.733984 0.074031 0.198810
0 0.852816 0.816123 0.074607 0.167079
0 0.596076 0.697113 0.085109 0.134412
0 0.781674 0.682181 0.076182 0.145611
0 0.641255 0.924162 0.071406 0.151676
0 0.589802 0.921829 0.063005 0.156343
0 0.551474 0.930694 0.061953 0.138611
0 0.453530 0.802120 0.068831 0.174546
0 0.505245 0.771317 0.067255 0.155875
0 0.406539 0.544972 0.065156 0.125074
0 0.471380 0.501102 0.089833 0.149343
0 0.521258 0.623843 0.065682 0.168944
0 0.457728 0.715315 0.082487 0.126009
0 0.394987 0.605176 0.065156 0.174546
0 0.405225 0.886125 0.075133 0.144676
0 0.249816 0.893593 0.066732 0.167074
0 0.337759 0.710181 0.085107 0.154944
0 0.353510 0.652778 0.089307 0.144676
0 0.257691 0.765252 0.083534 0.166144
0 0.290243 0.703648 0.055180 0.153074
0 0.290768 0.558039 0.065682 0.169875
0 0.340122 0.529102 0.070932 0.149343
0 0.202563 0.765252 0.081432 0.132542
0 0.232228 0.623843 0.079857 0.154009
0 0.133784 0.677046 0.075130 0.155880
0 0.149272 0.550104 0.069357 0.198810
0 0.190750 0.581840 0.074609 0.204412
0 0.054530 0.657444 0.085581 0.204417
0 0.093357 0.638310 0.076182 0.149343
0 0.111234 0.460965 0.051979 0.218412
0 0.160298 0.398428 0.068305 0.209079
0 0.186025 0.342891 0.068305 0.185745
0 0.320695 0.365759 0.055182 0.203481
0 0.283944 0.285021 0.064633 0.206282
0 0.369523 0.161345 0.078281 0.166144
0 0.304158 0.161345 0.057805 0.166144
0 0.344848 0.102076 0.066732 0.155875
0 0.318858 0.039539 0.071456 0.075606
0 0.246404 0.180949 0.065156 0.188546
0 0.196525 0.121676 0.048357 0.236148
0 0.156359 0.098808 0.048880 0.196014
0 0.123809 0.176745 0.049930 0.178278
0 0.072617 0.188882 0.070406 0.146542
0 0.092306 0.071273 0.055180 0.139074
0 0.023264 0.163678 0.046258 0.142810
0 0.027202 0.283620 0.054133 0.153074
0 0.586461 0.748067 0.104698 0.173634
0 0.015930 0.477704 0.029974 0.253935
0 0.125697 0.766866 0.085477 0.157167
0 0.721967 0.715544 0.064378 0.141227
0 0.123491 0.945093 0.094711 0.108824
0 0.459245 0.377644 0.086000 0.147250
0 0.008251 0.063134 0.016503 0.125630
0 0.988919 0.795681 0.021521 0.159231
0 0.980568 0.388796 0.037891 0.134111
0 0.976702 0.624671 0.046331 0.168556
0 0.391738 0.443016 0.085237 0.149486
0 0.926003 0.200431 0.099198 0.224472
0 0.046693 0.088160 0.076547 0.125588
0 0.192302 0.902769 0.107297 0.179148
0 0.749202 0.605053 0.082180 0.161273
0 0.745116 0.462914 0.068685 0.165514
0 0.343827 0.835403 0.080643 0.136898
0 0.270303 0.081144 0.089029 0.161870
0 0.070776 0.510118 0.075047 0.164116
0 0.963509 0.083461 0.071419 0.159347
0 0.015742 0.810586 0.031396 0.162245
0 0.949237 0.744738 0.075917 0.148106
0 0.410579 0.800880 0.080346 0.152648
0 0.666889 0.279824 0.070164 0.157972
0 0.966495 0.895384 0.066266 0.142398
0 0.371566 0.942692 0.075721 0.109912
0 0.788018 0.798609 0.083969 0.154403
0 0.787589 0.031134 0.076339 0.062269
0 0.675118 0.033539 0.067690 0.065977
0 0.656599 0.827236 0.076536 0.190093
0 0.659799 0.139988 0.070536 0.137347
0 0.063992 0.815352 0.083266 0.149352
0 0.819544 0.900285 0.079875 0.128931
0 0.836057 0.120970 0.085198 0.145329
0 0.455514 0.268243 0.084810 0.125894
0 0.721410 0.894648 0.087669 0.164389
0 0.041044 0.932287 0.082089 0.130028
0 0.305001 0.894171 0.072529 0.175065
0 0.764230 0.129014 0.075852 0.120815
0 0.495379 0.903671 0.078914 0.165361
0 0.251296 0.488104 0.077789 0.177634
0 0.707242 0.219810 0.044432 0.216787
