0 0.075456 0.568856 0.086948 0.149194
0 0.440410 0.745451 0.075732 0.144542
0 0.810591 0.161271 0.084958 0.146579
0 0.283497 0.167690 0.075599 0.142843
0 0.115185 0.391644 0.081536 0.133926
0 0.745775 0.103917 0.071586 0.138083
0 0.362655 0.923370 0.079982 0.144065
0 0.905691 0.718044 0.079987 0.165347
0 0.724043 0.687475 0.080148 0.156273
0 0.662482 0.798132 0.081036 0.161486
0 0.214465 0.110113 0.074789 0.135125
0 0.540552 0.716329 0.080125 0.137111
0 0.630247 0.933715 0.079984 0.128792
0 0.193564 0.363206 0.082174 0.142894
0 0.964952 0.345873 0.070096 0.127218
0 0.890090 0.128576 0.085617 0.147625
0 0.780096 0.807366 0.088802 0.159593
0 0.904592 0.870002 0.089372 0.146653
0 0.133111 0.846204 0.091607 0.139833
0 0.817010 0.437512 0.085427 0.153060
0 0.254926 0.439921 0.086393 0.153759
0 0.965447 0.609725 0.069107 0.131755
0 0.126543 0.710426 0.080727 0.142824
0 0.822040 0.632861 0.088867 0.149176
0 0.145814 0.517023 0.085669 0.151574
0 0.036987 0.664581 0.073734 0.151431
0 0.039155 0.422127 0.077940 0.151477
0 0.277344 0.640236 0.081161 0.134630
0 0.573512 0.587468 0.090815 0.143296
0 0.531214 0.468912 0.088500 0.152019
0 0.750760 0.015755 0.084031 0.031509
1 0.916327 0.971634 0.083628 0.055009
1 0.608943 0.365201 0.094286 0.109569
0 0.989578 0.170331 0.020844 0.139069
1 0.677266 0.129699 0.075885 0.136917
1 0.653837 0.625060 0.079570 0.148315
1 0.606405 0.246917 0.076977 0.139750
0 0.322307 0.030785 0.068625 0.061569
0 0.014889 0.159067 0.029779 0.141301
0 0.012294 0.769725 0.024589 0.172616
1 0.705965 0.321259 0.076591 0.130870
0 0.982147 0.038727 0.035706 0.077454
0 0.880155 0.029019 0.087826 0.058037
1 0.544737 0.914618 0.082255 0.138782
1 0.198742 0.628299 0.078047 0.138477
1 0.818634 0.295611 0.083852 0.131741
1 0.435755 0.569815 0.080948 0.147843
1 0.449582 0.886389 0.087346 0.146667
1 0.678638 0.465000 0.075776 0.145824
1 0.747220 0.493803 0.073878 0.152727
1 0.324441 0.288363 0.092466 0.157356
1 0.295620 0.801808 0.084198 0.147662
0 0.169115 0.033451 0.074474 0.066903
0 0.147089 0.943118 0.098974 0.111218
1 0.385862 0.364227 0.088458 0.151667
0 0.224318 0.953884 0.075656 0.090519
0 0.470197 0.237294 0.094648 0.132616
0 0.449517 0.039227 0.082513 0.077917
0 0.974478 0.483975 0.050904 0.129644
0 0.072908 0.040472 0.071893 0.080861
0 0.493882 0.356843 0.089477 0.139185
0 0.377763 0.061109 0.081125 0.122005
0 0.488315 0.111861 0.079818 0.137389
0 0.554061 0.157887 0.075435 0.163190
0 0.100272 0.142644 0.079221 0.123778
0 0.974091 0.940993 0.051818 0.116023
0 0.705431 0.942850 0.077466 0.114069
0 0.616534 0.060812 0.082839 0.120986
0 0.899803 0.409039 0.087747 0.142764
0 0.292629 0.945836 0.071930 0.106792
0 0.056813 0.253491 0.096052 0.159120
0 0.316915 0.526734 0.086180 0.135292
0 0.371560 0.781271 0.070323 0.137727
1 0.939017 0.220127 0.077211 0.139032
