1 0.647824 0.927141 0.087247 0.144671
1 0.810163 0.509250 0.083133 0.131306
0 0.965962 0.337093 0.068076 0.149648
0 0.075749 0.544646 0.080352 0.129755
0 0.579836 0.680903 0.081224 0.146509
0 0.156518 0.814843 0.073531 0.120574
0 0.825974 0.958738 0.082885 0.081653
0 0.020885 0.394725 0.041771 0.138329
0 0.015505 0.051819 0.031010 0.102454
0 0.964349 0.032722 0.069667 0.065444
0 0.987991 0.912692 0.024018 0.151199
0 0.512621 0.032512 0.071362 0.064125
0 0.794967 0.019275 0.085221 0.038551
0 0.268424 0.979419 0.083687 0.041162
0 0.453135 0.980109 0.080870 0.039782
0 0.989062 0.637009 0.021875 0.121657
0 0.991185 0.504306 0.017630 0.151380
0 0.210363 0.014266 0.086107 0.028412
0 0.330027 0.077843 0.083690 0.140667
0 0.005371 0.614067 0.010742 0.141449
0 0.078695 0.013718 0.082562 0.025972
0 0.524293 0.936609 0.082612 0.125801
0 0.587891 0.847016 0.078875 0.161477
0 0.553055 0.280090 0.072630 0.143319
0 0.204486 0.925403 0.087107 0.148343
0 0.150747 0.472206 0.086281 0.163144
0 0.393370 0.775225 0.090141 0.159088
0 0.304816 0.338148 0.077904 0.164639
0 0.602497 0.157162 0.083151 0.139269
0 0.751806 0.735428 0.085299 0.143218
0 0.313719 0.563664 0.076177 0.146653
0 0.233699 0.579303 0.087497 0.166856
0 0.377286 0.365826 0.072802 0.151838
0 0.492428 0.157778 0.091055 0.146713
0 0.474076 0.362093 0.073635 0.145398
0 0.554108 0.425891 0.084232 0.150394
0 0.210134 0.325755 0.085253 0.140435
0 0.384969 0.213593 0.076938 0.128009
0 0.927639 0.205111 0.073685 0.167750
0 0.147070 0.062866 0.073672 0.125111
0 0.710982 0.607498 0.081984 0.149199
0 0.797592 0.228206 0.080893 0.143245
0 0.121138 0.326125 0.086109 0.142370
0 0.494935 0.809917 0.088531 0.147759
0 0.454039 0.056275 0.072620 0.111801
0 0.735621 0.066002 0.087117 0.130255
0 0.260540 0.771796 0.080440 0.141056
0 0.245204 0.166648 0.074956 0.158167
0 0.891643 0.501380 0.081948 0.146037
0 0.790271 0.628405 0.079010 0.127366
0 0.622047 0.327352 0.079286 0.138500
0 0.665884 0.781509 0.086982 0.155472
0 0.347008 0.912053 0.090766 0.135755
0 0.747710 0.176748 0.100487 0.147023
0 0.583473 0.044606 0.072591 0.089213
0 0.980760 0.768852 0.038479 0.149250
0 0.860490 0.182289 0.077458 0.201394
0 0.259723 0.437382 0.086044 0.141662
