0 0.320694 0.134035 0.092216 0.157681
0 0.078163 0.903572 0.084643 0.139440
0 0.287755 0.709565 0.091271 0.160602
0 0.502294 0.938282 0.086245 0.122787
0 0.193116 0.484451 0.085159 0.150662
0 0.126340 0.631056 0.091122 0.164000
0 0.753743 0.495164 0.085461 0.151301
0 0.953956 0.619435 0.092089 0.178093
0 0.193228 0.742421 0.089773 0.153176
0 0.660339 0.152056 0.090312 0.154907
0 0.825826 0.160618 0.089995 0.152292
0 0.777727 0.661731 0.084901 0.150639
0 0.791066 0.283220 0.086023 0.149319
0 0.908036 0.493671 0.090740 0.156259
0 0.870079 0.064606 0.089258 0.129037
0 0.864523 0.826484 0.085833 0.159995
0 0.696133 0.919097 0.091156 0.155028
0 0.160587 0.287551 0.083299 0.144407
0 0.942440 0.784273 0.086219 0.165065
0 0.432690 0.817391 0.087229 0.142597
0 0.826320 0.426889 0.089917 0.160824
0 0.710811 0.255648 0.087753 0.146731
0 0.608182 0.633347 0.091589 0.149843
0 0.984935 0.723954 0.030089 0.142546
0 0.497174 0.022887 0.102677 0.045542
0 0.425888 0.966359 0.091714 0.066644
0 0.987759 0.162972 0.023737 0.137657
3 0.261799 0.568762 0.082260 0.146310
0 0.128227 0.966896 0.094135 0.066199
0 0.968836 0.958715 0.062328 0.081384
0 0.230833 0.034644 0.087609 0.069287
0 0.150637 0.043414 0.082602 0.086606
0 0.539850 0.257299 0.093221 0.148125
0 0.421057 0.393236 0.082208 0.144898
0 0.587275 0.050937 0.088023 0.100218
0 0.468475 0.161116 0.079034 0.182546
0 0.898491 0.955171 0.084638 0.089657
0 0.980569 0.297539 0.038466 0.153671
0 0.564612 0.363234 0.081875 0.148894
0 0.282150 0.907030 0.090674 0.132681
0 0.018771 0.601722 0.037542 0.150185
0 0.021018 0.456271 0.041859 0.155921
0 0.410491 0.175970 0.077852 0.154903
0 0.494674 0.369720 0.077349 0.150532
0 0.271128 0.282678 0.081292 0.154532
0 0.232198 0.354009 0.089922 0.158435
0 0.544486 0.138259 0.093341 0.167185
0 0.053773 0.077113 0.083354 0.154227
0 0.363935 0.614947 0.097615 0.154681
0 0.812639 0.923921 0.078664 0.138157
0 0.944599 0.107590 0.078016 0.158986
0 0.554723 0.530412 0.091414 0.143704
0 0.853387 0.608308 0.080451 0.152532
0 0.095603 0.197167 0.086872 0.138556
0 0.468839 0.686394 0.083917 0.144528
0 0.348693 0.270861 0.082557 0.152935
0 0.073138 0.327035 0.086547 0.147949
0 0.701698 0.784361 0.082771 0.129991
0 0.664512 0.397208 0.098977 0.155278
0 0.373406 0.494900 0.096120 0.171606
0 0.292327 0.978028 0.095357 0.042130
0 0.199759 0.891637 0.086643 0.155032
0 0.580867 0.787111 0.086328 0.153185
0 0.378148 0.981944 0.072500 0.032926
0 0.005228 0.079822 0.010456 0.148829
