0 0.717586 0.218373 0.097432 0.164968
0 0.086777 0.232301 0.093378 0.165843
0 0.853828 0.929435 0.081125 0.137148
0 0.162694 0.272176 0.085680 0.141843
0 0.235307 0.823729 0.095958 0.161088
0 0.901737 0.505630 0.105490 0.178926
0 0.291327 0.493169 0.090893 0.141681
0 0.392879 0.611058 0.078570 0.148449
0 0.783569 0.924241 0.089773 0.149657
0 0.534345 0.623683 0.103888 0.159773
0 0.413720 0.939627 0.092138 0.120440
0 0.758107 0.506317 0.090635 0.162653
0 0.843224 0.794625 0.087234 0.156287
0 0.709760 0.932023 0.095354 0.134000
0 0.639234 0.614118 0.095073 0.148060
0 0.464766 0.845220 0.092547 0.167542
0 0.768372 0.650039 0.089651 0.169764
0 0.101828 0.092431 0.095693 0.162861
0 0.681729 0.491551 0.087828 0.155074
0 0.428924 0.506762 0.088401 0.163051
0 0.534314 0.815000 0.089091 0.170333
0 0.561556 0.408440 0.097773 0.164843
0 0.878849 0.296042 0.084833 0.139435
0 0.945939 0.265725 0.081398 0.137171
0 0.574723 0.715345 0.095492 0.151125
0 0.517471 0.501616 0.110875 0.168269
0 0.029253 0.174419 0.058292 0.158551
0 0.608103 0.495727 0.096081 0.169222
0 0.777826 0.142178 0.095318 0.176218
0 0.005048 0.086806 0.010086 0.146194
0 0.731915 0.375410 0.094987 0.189579
0 0.827471 0.529896 0.102531 0.162292
0 0.312483 0.579530 0.116690 0.145431
0 0.978328 0.338079 0.043344 0.190074
0 0.019548 0.925384 0.038716 0.144889
0 0.865521 0.405921 0.088083 0.158676
0 0.683174 0.352947 0.085891 0.163236
3 0.310220 0.677065 0.087060 0.144620
0 0.239553 0.210194 0.116133 0.144472
0 0.242435 0.614215 0.091495 0.143745
0 0.149837 0.161025 0.099534 0.154218
0 0.654585 0.138340 0.110997 0.139514
0 0.113889 0.921282 0.091680 0.154074
0 0.256417 0.036870 0.085391 0.073741
0 0.731030 0.079734 0.084727 0.158486
0 0.975492 0.175176 0.048964 0.158185
0 0.246674 0.720632 0.095042 0.126579
0 0.487042 0.953900 0.094208 0.091366
0 0.238125 0.314354 0.105312 0.135236
0 0.178116 0.054750 0.095247 0.108926
0 0.234227 0.944197 0.094797 0.111477
0 0.797723 0.400088 0.088159 0.162963
0 0.669895 0.055183 0.092388 0.109542
0 0.800020 0.272755 0.112799 0.152778
0 0.059850 0.948743 0.087378 0.101755
0 0.940792 0.391516 0.102802 0.161403
0 0.169799 0.885766 0.094786 0.187069
0 0.614510 0.344581 0.100240 0.176597
0 0.839431 0.655322 0.088185 0.161060
0 0.255872 0.409662 0.096109 0.141796
0 0.222057 0.114248 0.096115 0.149931
0 0.643970 0.242546 0.084190 0.130093
