0 0.390236 0.389660 0.082081 0.135495
0 0.457922 0.628410 0.076755 0.116505
0 0.759888 0.027583 0.070156 0.055167
0 0.082974 0.255968 0.074104 0.122083
4 0.697120 0.544900 0.076401 0.138347
0 0.484918 0.043532 0.067805 0.087065
0 0.366728 0.273361 0.091695 0.142407
0 0.234874 0.472933 0.063164 0.116088
0 0.810313 0.256428 0.080302 0.137042
0 0.561793 0.867646 0.070997 0.147718
0 0.147674 0.201951 0.078266 0.151653
4 0.088775 0.634162 0.098070 0.168500
0 0.406964 0.946414 0.072854 0.107171
0 0.563527 0.576764 0.078326 0.156833
0 0.525732 0.320326 0.072760 0.137569
0 0.334167 0.819262 0.076922 0.129208
0 0.404691 0.693338 0.071784 0.137463
0 0.717736 0.086213 0.064648 0.128944
0 0.785970 0.132049 0.076003 0.138384
0 0.573406 0.111368 0.069953 0.134579
0 0.954548 0.625697 0.074695 0.136690
0 0.171233 0.814637 0.080492 0.142523
0 0.110896 0.346873 0.076760 0.138412
0 0.451805 0.513039 0.078089 0.127514
0 0.663072 0.207185 0.079919 0.121704
0 0.920990 0.197405 0.078333 0.134792
0 0.854743 0.143884 0.067367 0.133843
0 0.861267 0.842141 0.084003 0.134218
0 0.035070 0.863766 0.066885 0.148912
0 0.054602 0.522741 0.071005 0.116167
0 0.586690 0.926102 0.073042 0.147796
0 0.441984 0.221539 0.068615 0.114847
0 0.115983 0.458519 0.061784 0.117713
0 0.759214 0.573951 0.072625 0.129486
0 0.921336 0.787924 0.080760 0.114616
0 0.952634 0.474236 0.081956 0.132380
0 0.263651 0.865097 0.081510 0.137083
0 0.388854 0.099502 0.077010 0.128181
0 0.205141 0.015947 0.088240 0.031894
0 0.444404 0.595731 0.084063 0.115241
0 0.492227 0.152106 0.066839 0.128620
0 0.876897 0.678222 0.078560 0.129130
0 0.120753 0.758023 0.068516 0.120620
0 0.502471 0.806167 0.073432 0.119028
0 0.743796 0.704998 0.074273 0.144310
0 0.137879 0.103396 0.075294 0.129106
0 0.672076 0.054972 0.072411 0.108528
0 0.398648 0.832375 0.066849 0.130667
0 0.286522 0.402699 0.083456 0.129926
0 0.936035 0.555539 0.073628 0.100403
0 0.012395 0.150329 0.024669 0.124380
0 0.325852 0.170782 0.075734 0.146352
0 0.857007 0.947248 0.092404 0.105208
0 0.481991 0.949312 0.076794 0.101375
0 0.085991 0.768326 0.083461 0.121773
0 0.269471 0.541116 0.082833 0.134648
0 0.009508 0.681609 0.019016 0.135532
0 0.777154 0.479678 0.076786 0.129134
0 0.866340 0.448488 0.072930 0.127014
0 0.520828 0.671738 0.082349 0.129773
0 0.963927 0.959243 0.072146 0.080329
0 0.014109 0.960016 0.028130 0.079968
0 0.009457 0.067546 0.018914 0.124306
0 0.024654 0.741280 0.049073 0.127931
0 0.788414 0.323333 0.069333 0.116250
0 0.927366 0.933384 0.083143 0.118722
0 0.612365 0.073292 0.075891 0.108120
0 0.902717 0.081657 0.070977 0.132704
0 0.354453 0.748336 0.066156 0.126403
0 0.169103 0.375942 0.071893 0.138634
0 0.870740 0.723572 0.076193 0.141782
0 0.041155 0.036671 0.079982 0.073343
0 0.852307 0.326060 0.072911 0.126574
0 0.145055 0.026880 0.084526 0.053139
0 0.463927 0.872641 0.074729 0.131208
0 0.055233 0.240620 0.058784 0.112019
0 0.980569 0.735600 0.038862 0.132671
0 0.829618 0.562544 0.082956 0.125116
0 0.625229 0.197752 0.069943 0.115523
0 0.963445 0.112322 0.067427 0.108356
0 0.360051 0.045611 0.094878 0.091222
0 0.061292 0.953269 0.076635 0.093463
0 0.988483 0.581977 0.023034 0.118963
0 0.748368 0.781755 0.090174 0.145556
0 0.456962 0.729852 0.079732 0.121194
0 0.475359 0.382678 0.082812 0.151236
0 0.969296 0.052981 0.061409 0.105963
0 0.969053 0.847178 0.061893 0.131116
0 0.637983 0.943808 0.072622 0.110023
0 0.895329 0.603280 0.066102 0.135579
0 0.460336 0.113727 0.079984 0.144898
0 0.379251 0.538259 0.079841 0.129139
0 0.327289 0.378130 0.078891 0.133046
0 0.709081 0.886266 0.076750 0.134597
0 0.339005 0.652542 0.088151 0.120722
