0 0.561961 0.765829 0.080339 0.145528
0 0.239893 0.741361 0.084234 0.154389
0 0.219461 0.263833 0.086870 0.152093
0 0.230833 0.576884 0.074719 0.180694
0 0.931047 0.719727 0.081979 0.166435
0 0.642620 0.133787 0.082177 0.131037
0 0.581747 0.629259 0.079224 0.175537
0 0.506133 0.685769 0.080786 0.163444
0 0.551898 0.405037 0.087682 0.157278
0 0.506518 0.104213 0.074964 0.140722
0 0.716646 0.627588 0.072115 0.169454
0 0.817471 0.303102 0.090922 0.172389
0 0.920471 0.159847 0.082359 0.152194
0 0.162070 0.490472 0.095443 0.145370
0 0.444172 0.557440 0.078948 0.171769
0 0.506159 0.935667 0.087557 0.124259
0 0.959135 0.453722 0.081583 0.157833
0 0.040492 0.898921 0.080526 0.149361
0 0.524542 0.561088 0.071573 0.146509
0 0.850331 0.084222 0.081672 0.142981
0 0.400232 0.673222 0.089984 0.172481
0 0.959591 0.876106 0.080818 0.169435
0 0.370253 0.110296 0.088047 0.172926
0 0.869021 0.236014 0.087333 0.173602
0 0.430911 0.168676 0.070979 0.140963
0 0.223617 0.880120 0.080651 0.155204
0 0.649398 0.588699 0.083911 0.146843
0 0.381560 0.286523 0.083130 0.156083
0 0.157609 0.907606 0.094937 0.152435
0 0.456719 0.289500 0.080000 0.141093
0 0.303143 0.535565 0.077391 0.158352
0 0.960055 0.072236 0.079891 0.144472
0 0.045294 0.052194 0.090589 0.104389
0 0.017055 0.378704 0.032807 0.168907
2 0.421385 0.396269 0.085260 0.150222
0 0.652849 0.854042 0.080063 0.168361
0 0.971565 0.241116 0.056870 0.174917
0 0.573797 0.073111 0.088583 0.144093
0 0.370620 0.503509 0.075615 0.147852
0 0.450437 0.057972 0.082323 0.115630
0 0.940568 0.311671 0.084979 0.140731
0 0.516307 0.252819 0.086073 0.170120
0 0.054612 0.337236 0.085943 0.170454
0 0.012336 0.224319 0.024005 0.159991
0 0.198310 0.377514 0.089849 0.152694
0 0.750411 0.958472 0.088896 0.080796
0 0.992477 0.371796 0.014943 0.149000
0 0.613659 0.032963 0.083318 0.064648
0 0.131393 0.349338 0.080714 0.156972
0 0.275898 0.958324 0.077057 0.080722
0 0.331492 0.028787 0.079349 0.057574
0 0.941971 0.121065 0.093516 0.176259
0 0.474896 0.824681 0.079271 0.151917
0 0.783602 0.583394 0.083120 0.157083
0 0.638146 0.259940 0.089604 0.141083
0 0.941518 0.573912 0.094016 0.158972
0 0.310544 0.222130 0.076807 0.140019
0 0.126708 0.617505 0.078677 0.145028
0 0.769862 0.131319 0.091870 0.154306
0 0.389453 0.827486 0.081698 0.143491
0 0.847138 0.776681 0.083141 0.155676
0 0.728117 0.839773 0.091766 0.167380
0 0.860518 0.611713 0.081693 0.152370
0 0.312573 0.386148 0.086396 0.152759
0 0.839924 0.459153 0.091276 0.172324
0 0.619581 0.452514 0.074943 0.164028
0 0.168333 0.767463 0.077969 0.144889
0 0.164154 0.072222 0.089203 0.133500
