0 0.060398 0.752852 0.091630 0.202778
0 0.143484 0.447000 0.100042 0.166815
0 0.211263 0.804199 0.091745 0.156583
0 0.594987 0.757653 0.086193 0.159620
0 0.664823 0.187403 0.095021 0.159065
0 0.735547 0.416815 0.091833 0.159741
0 0.080784 0.521574 0.097141 0.176833
0 0.338307 0.913241 0.096729 0.171426
0 0.464982 0.665245 0.085214 0.167102
0 0.838057 0.255287 0.095260 0.161500
0 0.513344 0.800329 0.095000 0.158602
0 0.130125 0.296005 0.093865 0.171769
0 0.593594 0.600398 0.099667 0.178222
0 0.417359 0.830764 0.097833 0.134361
0 0.535430 0.685356 0.083568 0.139917
0 0.738615 0.283287 0.087563 0.144778
0 0.133852 0.816667 0.083703 0.169944
0 0.175122 0.215009 0.088724 0.155963
0 0.793188 0.134269 0.092750 0.166519
0 0.605242 0.899995 0.083849 0.160157
0 0.437750 0.449556 0.086708 0.160630
0 0.715349 0.073681 0.088437 0.147361
0 0.679669 0.912458 0.091578 0.174880
0 0.295141 0.815486 0.086354 0.166231
0 0.059341 0.923042 0.093641 0.153917
0 0.392945 0.662269 0.078380 0.199259
0 0.507245 0.419741 0.091135 0.162833
0 0.932052 0.048005 0.088375 0.094972
0 0.143589 0.623116 0.090625 0.171139
0 0.325380 0.712731 0.087052 0.141963
0 0.074073 0.371481 0.089000 0.157889
0 0.238753 0.673750 0.088839 0.155907
0 0.586094 0.162074 0.085083 0.196222
0 0.653771 0.032611 0.083260 0.061685
0 0.821383 0.030028 0.090318 0.060056
0 0.029917 0.584690 0.059833 0.152250
0 0.391479 0.967843 0.098479 0.064315
0 0.011852 0.419523 0.022859 0.178083
0 0.968469 0.850079 0.063062 0.139565
0 0.909797 0.192458 0.120927 0.220843
0 0.013919 0.726310 0.027839 0.172120
0 0.458240 0.931963 0.116969 0.131796
0 0.983115 0.140949 0.033406 0.132898
0 0.982305 0.414662 0.035391 0.151398
0 0.854323 0.426866 0.084969 0.157139
0 0.383773 0.515111 0.075849 0.126278
0 0.140172 0.941352 0.091698 0.117296
0 0.661841 0.357995 0.088901 0.190398
0 0.765003 0.667764 0.092703 0.160972
0 0.858612 0.630343 0.085755 0.146333
0 0.199315 0.081384 0.095745 0.162769
0 0.087896 0.158912 0.088792 0.176972
0 0.301112 0.594644 0.087130 0.147472
0 0.254799 0.942671 0.090505 0.114657
0 0.040052 0.249222 0.080104 0.150648
3 0.490763 0.543417 0.083922 0.141241
0 0.011729 0.919898 0.023458 0.144426
