0 0.975779 0.378820 0.047910 0.096318
0 0.009703 0.547443 0.018813 0.102865
0 0.160004 0.422125 0.076867 0.102687
0 0.090027 0.986641 0.080719 0.026719
0 0.282924 0.500841 0.093746 0.107953
0 0.994650 0.956221 0.010512 0.085453
0 0.990758 0.624854 0.016156 0.095625
0 0.619465 0.421237 0.072656 0.099328
0 0.552203 0.445354 0.074000 0.102458
0 0.756693 0.780846 0.071754 0.105255
0 0.715719 0.657266 0.065820 0.086021
0 0.959553 0.759826 0.074473 0.101099
0 0.759471 0.538552 0.075488 0.095469
0 0.421936 0.537898 0.085316 0.086245
0 0.062371 0.645190 0.077812 0.098859
0 0.321861 0.779419 0.081973 0.111474
0 0.621947 0.644792 0.071199 0.096063
0 0.397260 0.694328 0.067520 0.084000
0 0.649348 0.503570 0.068562 0.093599
0 0.947061 0.602794 0.077168 0.092047
0 0.820879 0.713495 0.074797 0.086490
0 0.266967 0.590047 0.075590 0.099260
0 0.414877 0.616414 0.069355 0.081995
0 0.686367 0.822831 0.086789 0.111432
0 0.561521 0.593492 0.070801 0.108130
0 0.552600 0.814026 0.067527 0.115042
0 0.364654 0.274057 0.095707 0.133292
0 0.249395 0.696573 0.074336 0.102448
0 0.146018 0.547714 0.078707 0.108646
0 0.916662 0.195057 0.084238 0.110917
0 0.338686 0.629044 0.074246 0.106630
0 0.873600 0.402992 0.081754 0.089589
0 0.927340 0.835443 0.076367 0.089146
0 0.890293 0.038141 0.076109 0.076281
0 0.333324 0.533583 0.063477 0.083260
0 0.396967 0.953224 0.085520 0.093323
0 0.570719 0.971133 0.088875 0.055474
0 0.059510 0.465083 0.086207 0.100865
0 0.512475 0.037349 0.093496 0.073979
0 0.648039 0.043138 0.067273 0.086276
0 0.043973 0.213635 0.087945 0.106177
0 0.587986 0.053344 0.074699 0.105750
0 0.282854 0.974104 0.078941 0.051500
0 0.803572 0.632500 0.099512 0.092229
0 0.213951 0.433599 0.084543 0.107552
0 0.374648 0.032133 0.079703 0.064266
0 0.495654 0.815641 0.056965 0.103990
0 0.661447 0.591539 0.086043 0.103276
0 0.926482 0.312604 0.076488 0.088635
