0 0.466898 0.983106 0.079823 0.032250
0 0.127286 0.023528 0.078526 0.047056
0 0.187906 0.969053 0.085417 0.061310
0 0.013445 0.365444 0.026891 0.140074
0 0.982586 0.586991 0.034828 0.155287
0 0.975505 0.401155 0.048990 0.125301
0 0.360004 0.038968 0.095799 0.077324
0 0.746736 0.189037 0.092029 0.132935
0 0.757702 0.938965 0.072247 0.119940
0 0.857853 0.096218 0.072799 0.130741
0 0.475353 0.142648 0.080331 0.143759
0 0.730922 0.484218 0.072339 0.135167
0 0.691283 0.061160 0.083039 0.122319
0 0.063336 0.076718 0.086667 0.151157
0 0.027293 0.547602 0.054393 0.147935
0 0.656202 0.796884 0.087612 0.138972
0 0.615871 0.680979 0.076253 0.138106
0 0.396171 0.938674 0.088617 0.122449
0 0.711595 0.635275 0.077128 0.140569
0 0.923730 0.557762 0.078461 0.122542
0 0.873535 0.808403 0.078914 0.141398
0 0.957042 0.209731 0.081229 0.148981
0 0.620141 0.925757 0.081193 0.134069
0 0.938284 0.924553 0.088167 0.144153
0 0.582109 0.561870 0.078203 0.123750
0 0.828615 0.327863 0.087807 0.154838
0 0.348846 0.851498 0.073677 0.136440
0 0.535352 0.241843 0.080828 0.145815
0 0.421710 0.259678 0.081883 0.149088
0 0.484687 0.890062 0.085745 0.150884
0 0.092768 0.338192 0.075792 0.146190
0 0.234622 0.743759 0.082771 0.141843
0 0.080668 0.776725 0.087945 0.138421
0 0.254659 0.341292 0.080240 0.153815
0 0.220314 0.480095 0.084086 0.138634
0 0.082198 0.916609 0.083708 0.140403
0 0.326779 0.265169 0.082203 0.143718
0 0.030707 0.693495 0.061357 0.141139
0 0.989241 0.074255 0.021518 0.141676
0 0.531064 0.674229 0.078727 0.147532
0 0.169095 0.602620 0.092216 0.155704
0 0.691172 0.307762 0.077130 0.136625
0 0.454469 0.532907 0.086615 0.162880
0 0.951521 0.707875 0.080281 0.148648
0 0.627629 0.396560 0.077888 0.140778
0 0.005030 0.237127 0.010060 0.126329
