0 0.545359 0.080900 0.068281 0.161801
0 0.715125 0.450414 0.091115 0.161718
0 0.503874 0.959701 0.083690 0.079431
0 0.562833 0.691458 0.097266 0.180778
0 0.377491 0.101741 0.096352 0.163880
0 0.069736 0.168553 0.091971 0.143060
0 0.097003 0.327590 0.087594 0.136218
0 0.792655 0.467583 0.091742 0.159056
0 0.941142 0.542870 0.087638 0.142083
0 0.342979 0.939725 0.093635 0.117699
0 0.051312 0.822454 0.089021 0.161000
0 0.694091 0.584806 0.086193 0.142713
0 0.453159 0.200440 0.091688 0.164565
0 0.905600 0.178745 0.102398 0.158463
0 0.619234 0.566782 0.082594 0.138954
0 0.263677 0.415178 0.088599 0.155208
0 0.349734 0.827514 0.100328 0.158185
0 0.421220 0.785646 0.093362 0.159829
0 0.172762 0.164646 0.088362 0.137588
0 0.194764 0.298634 0.097773 0.125454
0 0.437042 0.657748 0.082177 0.148356
0 0.183126 0.418678 0.089742 0.146616
0 0.586961 0.786519 0.092276 0.146324
0 0.366294 0.637931 0.082802 0.159028
0 0.883576 0.319069 0.082781 0.152194
0 0.385210 0.312433 0.078331 0.181079
0 0.491220 0.565058 0.081753 0.140912
0 0.964682 0.064345 0.069698 0.128690
0 0.349173 0.434403 0.084477 0.139806
0 0.784400 0.783507 0.088081 0.186088
0 0.634259 0.288051 0.090846 0.160500
0 0.066543 0.491734 0.087471 0.165134
0 0.503729 0.301394 0.087911 0.158796
0 0.502802 0.445025 0.095479 0.148208
0 0.510014 0.663880 0.082706 0.164019
0 0.571344 0.920718 0.099661 0.158565
0 0.786990 0.323220 0.090344 0.150319
0 0.885784 0.468016 0.090646 0.151588
0 0.037393 0.946718 0.073182 0.104463
0 0.957426 0.426495 0.084336 0.143787
0 0.862190 0.077012 0.086109 0.153671
0 0.031384 0.296683 0.062768 0.149449
0 0.791608 0.143493 0.089310 0.148912
0 0.489685 0.079058 0.085005 0.147755
0 0.691477 0.322826 0.075552 0.172190
0 0.236898 0.196988 0.096510 0.173514
0 0.833871 0.941271 0.097102 0.115810
0 0.306464 0.083789 0.084109 0.167579
0 0.553578 0.538269 0.078917 0.175352
0 0.354021 0.199481 0.093943 0.150287
0 0.430221 0.961778 0.078854 0.075731
0 0.037978 0.704458 0.075779 0.174917
0 0.264322 0.041560 0.076560 0.082778
0 0.551327 0.244030 0.100388 0.188236
0 0.883435 0.637005 0.110922 0.189352
0 0.034837 0.422801 0.069674 0.150519
0 0.715085 0.738880 0.098227 0.200556
0 0.754065 0.242125 0.097625 0.174639
0 0.320590 0.316813 0.077034 0.148458
0 0.147497 0.068312 0.109484 0.136625
0 0.183185 0.610958 0.111307 0.216213
0 0.593840 0.035887 0.085971 0.068699
0 0.005247 0.532194 0.010495 0.145713
0 0.009939 0.650861 0.018997 0.141713
0 0.283526 0.246907 0.105479 0.198528
0 0.704939 0.117613 0.105206 0.195986
0 0.731780 0.061095 0.106263 0.120375
0 0.977678 0.199248 0.043826 0.169903
1 0.604581 0.437569 0.098802 0.164176
0 0.620352 0.082294 0.103672 0.144495
0 0.194516 0.028704 0.085500 0.057213
0 0.969952 0.355764 0.060096 0.169370
0 0.663279 0.029514 0.093286 0.059028
0 0.716104 0.964900 0.084932 0.069403
0 0.016527 0.881694 0.032076 0.151269
0 0.025546 0.093014 0.051091 0.141093
0 0.448953 0.413970 0.095339 0.171449
0 0.616975 0.171718 0.104221 0.146907
0 0.944430 0.275493 0.089510 0.191134
0 0.408169 0.057539 0.092177 0.115079
