0 0.845654 0.494387 0.089396 0.135606
0 0.081354 0.247238 0.073589 0.164532
0 0.431688 0.413924 0.084141 0.140931
0 0.920522 0.663896 0.085971 0.150903
0 0.120290 0.587880 0.089513 0.156750
0 0.275917 0.187528 0.088125 0.156611
0 0.820211 0.680220 0.091984 0.172134
0 0.673607 0.242840 0.084016 0.134847
0 0.830832 0.080604 0.080081 0.161208
0 0.480594 0.936447 0.079333 0.126069
0 0.407543 0.930250 0.085206 0.139500
0 0.715893 0.823674 0.087391 0.165884
0 0.624203 0.136954 0.074344 0.145222
0 0.140607 0.091315 0.080510 0.124056
0 0.148121 0.939910 0.084466 0.120051
0 0.555151 0.776111 0.086568 0.137685
0 0.491572 0.203757 0.078060 0.151366
0 0.062573 0.785308 0.090458 0.185079
0 0.276701 0.931817 0.084693 0.136144
0 0.638879 0.493546 0.082216 0.149843
0 0.469816 0.797627 0.083846 0.155440
0 0.217417 0.631569 0.085510 0.172657
0 0.662673 0.906972 0.093654 0.165222
0 0.269128 0.317449 0.093875 0.152741
0 0.503087 0.679806 0.082794 0.151176
0 0.257986 0.481616 0.079753 0.154509
0 0.559556 0.227556 0.077758 0.140407
0 0.229142 0.078831 0.087622 0.139134
0 0.902197 0.295169 0.090622 0.155282
0 0.214359 0.393250 0.085208 0.154870
0 0.110793 0.454579 0.079523 0.140093
0 0.538254 0.561211 0.085352 0.146431
0 0.487669 0.340329 0.088073 0.154519
0 0.175702 0.503951 0.079799 0.143875
0 0.137789 0.819299 0.087667 0.152366
0 0.759695 0.729012 0.091344 0.168292
0 0.659125 0.626019 0.079021 0.146037
0 0.146543 0.350618 0.083122 0.141606
0 0.345096 0.241505 0.085333 0.173361
0 0.479724 0.504731 0.082859 0.174370
0 0.329647 0.394264 0.083201 0.145102
0 0.396501 0.330370 0.091544 0.151370
0 0.043211 0.618255 0.085000 0.148370
0 0.050107 0.062160 0.089005 0.124319
0 0.696632 0.131028 0.083008 0.145769
0 0.712199 0.479586 0.071466 0.147014
0 0.836633 0.228072 0.075208 0.137931
0 0.212089 0.984657 0.097146 0.030389
0 0.345672 0.974192 0.103583 0.049560
0 0.015070 0.022609 0.030141 0.040319
0 0.994044 0.474655 0.011911 0.177153
0 0.598273 0.013410 0.081984 0.026819
0 0.785625 0.017574 0.089714 0.035148
0 0.992605 0.208572 0.014716 0.165588
0 0.680388 0.980560 0.103156 0.037019
0 0.593617 0.119065 0.144776 0.138806
4 0.713174 0.346715 0.081859 0.140495
4 0.247867 0.803574 0.089573 0.164574
0 0.115391 0.027250 0.088641 0.054500
0 0.595737 0.956074 0.099573 0.087639
0 0.595835 0.858361 0.081826 0.182843
0 0.567693 0.339380 0.095615 0.153861
0 0.210771 0.910211 0.083411 0.166671
0 0.761783 0.100565 0.084346 0.145796
0 0.960919 0.486218 0.078161 0.153361
0 0.766568 0.304706 0.090865 0.138060
0 0.686702 0.038801 0.098336 0.077602
0 0.602691 0.424433 0.085060 0.203662
0 0.765392 0.201569 0.103336 0.114759
0 0.915362 0.149009 0.097177 0.155861
0 0.921137 0.541641 0.081904 0.143727
0 0.540914 0.911606 0.075302 0.171306
0 0.967592 0.088898 0.064273 0.151009
0 0.896121 0.425493 0.084706 0.146394
0 0.897712 0.051926 0.071862 0.102815
0 0.020870 0.723838 0.041729 0.164028
0 0.863176 0.606403 0.094914 0.155426
0 0.973260 0.616199 0.053479 0.177148
0 0.134417 0.696069 0.095333 0.128509
0 0.961996 0.234637 0.075622 0.148560
0 0.962664 0.359363 0.074438 0.145912
0 0.556552 0.106769 0.078224 0.140639
0 0.151094 0.226442 0.088500 0.152708
0 0.820974 0.377023 0.081792 0.173889
0 0.537413 0.435144 0.082221 0.138713
0 0.031605 0.391826 0.062977 0.169903
0 0.206758 0.204775 0.075094 0.164588
0 0.012132 0.116299 0.024023 0.148866
0 0.341759 0.887215 0.085310 0.164375
0 0.425355 0.227396 0.087576 0.161977
0 0.057273 0.511662 0.090427 0.134009
0 0.770815 0.466493 0.071568 0.193718
0 0.582441 0.663905 0.094232 0.137347
