3 0.686979 0.677551 0.078292 0.123694
0 0.741552 0.297833 0.091531 0.164907
0 0.470568 0.798759 0.086542 0.147907
0 0.129622 0.738157 0.088547 0.133278
0 0.693128 0.775574 0.077776 0.119111
0 0.270880 0.556838 0.105302 0.158731
0 0.539656 0.183935 0.084781 0.135093
0 0.091602 0.843644 0.100620 0.130324
0 0.543536 0.859412 0.084073 0.156954
0 0.389492 0.755856 0.086984 0.137935
0 0.594984 0.784435 0.086104 0.166611
0 0.201432 0.471792 0.088531 0.143491
0 0.638857 0.365148 0.106880 0.153148
0 0.617161 0.920259 0.091802 0.142056
0 0.125932 0.515903 0.081031 0.153861
0 0.053836 0.511088 0.084307 0.173806
0 0.858172 0.666759 0.082854 0.155889
0 0.935391 0.786324 0.101271 0.147574
0 0.399828 0.523671 0.091948 0.171639
0 0.203078 0.336042 0.090479 0.162491
0 0.279242 0.306634 0.087807 0.146639
0 0.205807 0.672093 0.097594 0.154759
0 0.801195 0.169755 0.096099 0.158472
0 0.312620 0.767667 0.084885 0.144444
0 0.302005 0.431421 0.096177 0.155046
0 0.782331 0.650106 0.087328 0.141491
0 0.591302 0.087792 0.090010 0.169528
0 0.950760 0.353319 0.098479 0.150213
0 0.100341 0.204745 0.090266 0.157917
0 0.416492 0.302000 0.090766 0.159889
0 0.177932 0.869792 0.094135 0.139917
0 0.618193 0.667708 0.088344 0.146435
0 0.652820 0.176963 0.080880 0.138778
0 0.847984 0.811310 0.094958 0.164713
0 0.430049 0.918259 0.089672 0.146259
0 0.488099 0.406421 0.084021 0.150454
0 0.946805 0.655088 0.097766 0.165009
0 0.889323 0.074347 0.092063 0.147843
0 0.964398 0.521421 0.070745 0.155806
0 0.978138 0.969986 0.040057 0.059694
0 0.237563 0.803088 0.091958 0.151731
0 0.767284 0.782556 0.095016 0.172463
0 0.902378 0.236676 0.094536 0.170370
0 0.484052 0.549912 0.085542 0.164120
0 0.052089 0.090319 0.101375 0.180639
0 0.731008 0.585560 0.097516 0.158491
0 0.506542 0.296796 0.097552 0.155148
0 0.334721 0.633755 0.089161 0.158824
0 0.744464 0.942620 0.095052 0.113593
0 0.216052 0.050509 0.082219 0.098463
0 0.549846 0.417931 0.085672 0.148139
0 0.695755 0.079727 0.084021 0.159454
0 0.417281 0.163148 0.094698 0.147963
0 0.301383 0.902421 0.092828 0.156546
0 0.043268 0.939648 0.086536 0.120704
0 0.508557 0.950324 0.096292 0.099352
0 0.221078 0.162282 0.098740 0.158694
0 0.083471 0.653352 0.103911 0.153926
0 0.949565 0.911606 0.098849 0.148769
0 0.941333 0.173060 0.080344 0.163769
0 0.500901 0.677824 0.091906 0.140111
0 0.282828 0.052468 0.073906 0.104398
0 0.180008 0.945111 0.092911 0.109778
0 0.751714 0.452130 0.092375 0.169333
0 0.804878 0.052750 0.085693 0.105500
0 0.024344 0.875843 0.047333 0.150852
0 0.152701 0.246343 0.077828 0.188481
0 0.973151 0.044333 0.051823 0.082037
0 0.871690 0.495537 0.102589 0.155074
0 0.040057 0.296352 0.080115 0.151296
0 0.866107 0.938213 0.093182 0.117259
0 0.460305 0.078718 0.090297 0.154843
0 0.383253 0.028750 0.080547 0.057500
0 0.021016 0.197741 0.040563 0.133204
0 0.756320 0.035301 0.096297 0.068657
0 0.403995 0.962065 0.095719 0.075870
