0 0.164922 0.951850 0.084219 0.096301
0 0.606395 0.579718 0.080440 0.140731
0 0.925641 0.158991 0.080870 0.125926
0 0.380007 0.662412 0.080065 0.139926
0 0.692336 0.987687 0.079953 0.021606
0 0.639914 0.019002 0.085958 0.038005
0 0.398725 0.984639 0.084633 0.025528
0 0.014180 0.085035 0.027385 0.137569
0 0.989979 0.248660 0.020042 0.144023
0 0.010199 0.924410 0.019820 0.129227
0 0.981512 0.107104 0.036940 0.154301
0 0.253613 0.035470 0.081091 0.068495
0 0.984934 0.510424 0.030133 0.141838
0 0.022172 0.465856 0.043937 0.143491
0 0.959712 0.041493 0.077346 0.082986
0 0.027708 0.211201 0.055182 0.126560
0 0.169842 0.053162 0.078305 0.105917
0 0.290156 0.509669 0.080630 0.135421
0 0.024306 0.743799 0.048409 0.148440
0 0.626083 0.125356 0.092490 0.142907
0 0.059253 0.329141 0.077208 0.125134
0 0.755410 0.289470 0.070388 0.120523
0 0.834342 0.958701 0.082737 0.082597
0 0.728027 0.760377 0.074909 0.182616
0 0.578198 0.364877 0.076432 0.123088
0 0.239996 0.147931 0.081904 0.146435
0 0.237266 0.389613 0.078458 0.131847
0 0.154064 0.407394 0.080299 0.130602
0 0.557204 0.235081 0.083190 0.140144
0 0.789173 0.763104 0.080003 0.165579
0 0.666797 0.872704 0.066380 0.125528
0 0.801296 0.209843 0.081794 0.135546
0 0.402602 0.155433 0.082797 0.145199
0 0.542809 0.084326 0.087383 0.147606
0 0.268230 0.938954 0.072424 0.122037
0 0.688438 0.388278 0.078099 0.126278
0 0.064620 0.917322 0.080281 0.127894
0 0.763548 0.596525 0.071742 0.118588
0 0.638704 0.275921 0.084174 0.151759
0 0.453706 0.609558 0.074948 0.134838
0 0.042458 0.620882 0.084812 0.135708
0 0.420336 0.803053 0.076922 0.143819
0 0.505979 0.451771 0.082391 0.140477
0 0.163904 0.727734 0.085021 0.137171
0 0.713781 0.061544 0.081438 0.122366
0 0.836861 0.849375 0.074273 0.128806
0 0.489057 0.305315 0.086760 0.149889
0 0.311512 0.266083 0.075878 0.136546
0 0.966156 0.819148 0.067656 0.147157
0 0.126103 0.845157 0.079966 0.139343
0 0.352090 0.930597 0.084060 0.138806
0 0.550267 0.669519 0.084841 0.147694
0 0.897893 0.349817 0.076917 0.136875
0 0.512286 0.914748 0.084203 0.157282
0 0.906764 0.503356 0.081065 0.146037
0 0.958322 0.640051 0.083357 0.149213
1 0.679960 0.528674 0.077742 0.146227
0 0.843361 0.066076 0.085997 0.132153
