0 0.986600 0.816414 0.026799 0.147523
0 0.639573 0.971396 0.092589 0.056431
0 0.755361 0.966169 0.089091 0.067662
0 0.623539 0.024699 0.095651 0.049398
0 0.711380 0.921030 0.092849 0.155884
0 0.941882 0.957683 0.087076 0.084625
0 0.693879 0.807350 0.107049 0.140264
0 0.033727 0.694528 0.067411 0.157972
0 0.978066 0.446826 0.043721 0.144551
0 0.062445 0.503301 0.095026 0.163222
0 0.051203 0.593539 0.102344 0.137866
0 0.718491 0.040387 0.090742 0.077255
0 0.561613 0.050118 0.089628 0.099866
0 0.709555 0.719940 0.093073 0.133602
0 0.568667 0.959213 0.076844 0.079102
0 0.026900 0.904282 0.053799 0.131509
0 0.624049 0.900509 0.086979 0.147722
0 0.130188 0.514100 0.083552 0.150838
0 0.160132 0.413586 0.088398 0.147292
0 0.681900 0.637912 0.108268 0.141352
0 0.062677 0.817069 0.094927 0.150630
0 0.977626 0.930134 0.044529 0.138194
0 0.561901 0.296481 0.072313 0.178046
0 0.717314 0.385340 0.090461 0.170245
0 0.835952 0.610359 0.075242 0.182958
0 0.434518 0.473528 0.097625 0.164204
0 0.614103 0.776641 0.099576 0.142745
0 0.253276 0.407350 0.104849 0.143060
0 0.944617 0.835704 0.082604 0.147111
0 0.442863 0.202285 0.079122 0.161319
0 0.816897 0.774736 0.089706 0.141843
0 0.788784 0.879137 0.097958 0.160782
0 0.409603 0.558329 0.094508 0.143657
0 0.204186 0.516002 0.089122 0.156255
0 0.499387 0.281782 0.083164 0.175704
0 0.460656 0.059000 0.080562 0.117657
0 0.361434 0.368782 0.087326 0.148306
0 0.024712 0.138861 0.049268 0.154250
0 0.123871 0.297546 0.088659 0.157806
0 0.355564 0.496546 0.084945 0.148222
0 0.160891 0.858736 0.079812 0.143861
0 0.236574 0.627743 0.097456 0.158403
0 0.071296 0.202687 0.083638 0.155236
0 0.034473 0.333660 0.068945 0.162468
0 0.090264 0.398975 0.088049 0.149847
0 0.011052 0.028924 0.022104 0.055819
0 0.519896 0.097264 0.076339 0.139870
0 0.293564 0.323870 0.082831 0.149630
0 0.152663 0.621315 0.082773 0.150889
0 0.605258 0.655306 0.093010 0.140509
0 0.434237 0.338005 0.092094 0.154907
0 0.374964 0.249963 0.081354 0.141426
0 0.623923 0.305868 0.088164 0.168903
0 0.095689 0.924479 0.085857 0.147727
0 0.891682 0.763303 0.085214 0.136569
0 0.965555 0.323924 0.068891 0.148949
0 0.876600 0.872704 0.089987 0.141463
0 0.759435 0.461354 0.087234 0.140486
0 0.565523 0.857211 0.086510 0.154690
0 0.014474 0.799046 0.028615 0.142565
0 0.592971 0.151185 0.088729 0.143019
0 0.413806 0.676623 0.076107 0.127931
0 0.202163 0.285312 0.084669 0.148162
0 0.775449 0.263512 0.081664 0.152560
0 0.523944 0.582313 0.085034 0.141042
0 0.898126 0.638824 0.088346 0.151787
0 0.960826 0.571725 0.077812 0.154921
0 0.871294 0.232373 0.095745 0.139903
0 0.923734 0.087185 0.086984 0.152648
0 0.571742 0.441023 0.085495 0.158093
0 0.898387 0.340039 0.086951 0.147829
0 0.094339 0.712507 0.088724 0.162829
0 0.687745 0.536134 0.093750 0.146204
0 0.344697 0.626280 0.083003 0.148505
0 0.802160 0.074625 0.092565 0.149250
4 0.653249 0.406421 0.088945 0.160019
0 0.005257 0.264352 0.010513 0.154926
0 0.517296 0.515278 0.081534 0.247481
0 0.007113 0.620942 0.014096 0.148032
0 0.961458 0.714387 0.076932 0.144847
0 0.710682 0.262493 0.073109 0.132958
0 0.779014 0.704956 0.083732 0.148079
0 0.744182 0.137289 0.083880 0.147662
0 0.770906 0.580495 0.094490 0.146120
0 0.276813 0.507690 0.084953 0.154269
0 0.501854 0.457030 0.077193 0.147995
