0 0.007921 0.901600 0.015742 0.129699
0 0.945400 0.747303 0.109201 0.238153
0 0.395551 0.171134 0.099638 0.165398
0 0.918967 0.031176 0.089961 0.056361
1 0.531389 0.449400 0.089310 0.154968
0 0.257391 0.927495 0.096719 0.131130
0 0.992859 0.559896 0.014281 0.169255
0 0.992005 0.427713 0.015505 0.173074
0 0.230934 0.304975 0.077852 0.123421
0 0.011469 0.726562 0.020771 0.145782
0 0.510676 0.327343 0.087398 0.140204
0 0.083393 0.709882 0.085818 0.154662
0 0.166479 0.627407 0.091375 0.163222
0 0.213701 0.749829 0.087073 0.169194
0 0.104404 0.931843 0.088823 0.136315
0 0.054257 0.852708 0.093096 0.150611
0 0.155952 0.826130 0.096852 0.128593
0 0.206056 0.491831 0.080440 0.159421
0 0.139596 0.473685 0.083979 0.151565
0 0.183496 0.357829 0.076414 0.136509
0 0.580785 0.908285 0.089727 0.146310
0 0.582611 0.679312 0.080273 0.126921
0 0.482026 0.108366 0.084203 0.129491
0 0.579427 0.539037 0.075307 0.162259
0 0.255311 0.417461 0.075174 0.162745
0 0.590850 0.786438 0.094638 0.118912
0 0.416458 0.050986 0.085526 0.101972
0 0.035771 0.952894 0.071094 0.094213
0 0.526026 0.944312 0.079193 0.103560
0 0.973880 0.079644 0.052240 0.145111
0 0.627203 0.948019 0.084016 0.103963
0 0.336953 0.035852 0.073766 0.071704
0 0.097344 0.109299 0.087161 0.182495
0 0.968556 0.198169 0.060836 0.135273
0 0.301979 0.088030 0.083036 0.162051
0 0.467005 0.021850 0.077370 0.043699
0 0.978150 0.316185 0.043409 0.142435
0 0.683021 0.982271 0.083036 0.033042
