0 0.043216 0.373919 0.086432 0.146708
0 0.735051 0.449991 0.083174 0.139315
0 0.173828 0.093995 0.081625 0.134463
0 0.910716 0.206382 0.090094 0.143569
0 0.466992 0.500231 0.082437 0.138537
0 0.295848 0.245028 0.081638 0.154556
0 0.948371 0.319456 0.087294 0.144458
0 0.219717 0.511907 0.081534 0.140241
0 0.677201 0.843414 0.078224 0.134032
0 0.912691 0.433458 0.084346 0.142806
0 0.832430 0.434012 0.085078 0.140921
0 0.132573 0.329722 0.092016 0.142972
0 0.495352 0.627347 0.087969 0.146704
0 0.846238 0.677708 0.085805 0.151241
0 0.923348 0.697880 0.076951 0.139556
0 0.542776 0.522567 0.079448 0.134625
0 0.831242 0.045442 0.064688 0.089671
0 0.342083 0.044762 0.083281 0.089106
0 0.457783 0.953241 0.080716 0.093222
0 0.222159 0.032470 0.092453 0.064940
0 0.160801 0.958241 0.078674 0.081796
0 0.962889 0.959618 0.074221 0.077931
0 0.086085 0.655421 0.091049 0.142074
0 0.216342 0.643387 0.090727 0.145088
0 0.423406 0.018285 0.084990 0.036153
0 0.958988 0.031771 0.082023 0.063116
0 0.599270 0.768521 0.077044 0.148782
0 0.693172 0.057444 0.080891 0.113870
0 0.512586 0.170562 0.078937 0.136468
0 0.490324 0.059613 0.082763 0.119199
0 0.423051 0.874657 0.086648 0.114398
0 0.619133 0.078852 0.084042 0.138796
0 0.083566 0.779289 0.075831 0.134792
0 0.547207 0.281727 0.079372 0.121463
0 0.276066 0.088065 0.074414 0.145519
0 0.937158 0.105350 0.090232 0.183894
0 0.009156 0.664289 0.018312 0.122773
0 0.013124 0.038921 0.026185 0.077074
0 0.021368 0.468574 0.042737 0.148157
0 0.119479 0.015185 0.090198 0.029509
0 0.753229 0.199706 0.077891 0.131181
0 0.133971 0.584549 0.070651 0.137338
0 0.098299 0.946058 0.091927 0.105995
0 0.387848 0.693972 0.085982 0.133278
0 0.143725 0.722720 0.072299 0.126671
0 0.591974 0.181282 0.092198 0.148435
0 0.795198 0.957368 0.072969 0.083005
0 0.893199 0.948644 0.076268 0.100796
0 0.276871 0.581069 0.081039 0.159481
0 0.678664 0.954065 0.083271 0.090972
0 0.525001 0.937067 0.088768 0.125866
0 0.040449 0.577618 0.080862 0.140329
0 0.976598 0.552549 0.046773 0.130458
1 0.628803 0.287840 0.079638 0.139292
0 0.072051 0.134766 0.077529 0.135162
0 0.801552 0.550382 0.076187 0.128681
0 0.473184 0.760701 0.079372 0.128838
0 0.982651 0.104167 0.034698 0.140796
1 0.180113 0.225530 0.087586 0.145468
0 0.765023 0.070014 0.076885 0.140028
0 0.991358 0.281187 0.017070 0.144301
0 0.746978 0.603898 0.087555 0.172009
0 0.876766 0.109331 0.077370 0.129514
0 0.079839 0.496553 0.074922 0.132329
0 0.660038 0.394329 0.087727 0.136194
0 0.741017 0.899653 0.081930 0.138333
0 0.234187 0.380947 0.095302 0.129106
1 0.141635 0.848900 0.086255 0.147208
0 0.878242 0.549306 0.086073 0.141120
0 0.665044 0.517396 0.079313 0.130819
0 0.553831 0.399069 0.095089 0.130630
0 0.811105 0.822278 0.081174 0.144463
0 0.398447 0.572956 0.080971 0.124208
0 0.146953 0.449819 0.076068 0.130222
0 0.643638 0.701176 0.077479 0.141009
0 0.740243 0.760600 0.078206 0.147134
0 0.533811 0.813699 0.086648 0.153074
