0 0.572285 0.230690 0.087409 0.147824
0 0.877352 0.349106 0.085578 0.155620
0 0.630557 0.014949 0.085370 0.028620
0 0.970099 0.970560 0.059802 0.058880
0 0.882436 0.557586 0.086164 0.145995
0 0.446809 0.979826 0.089221 0.038588
0 0.633076 0.118370 0.092203 0.158472
0 0.006695 0.969775 0.013391 0.059764
0 0.169902 0.153537 0.085602 0.146472
0 0.803299 0.817822 0.101245 0.180431
0 0.559868 0.950958 0.088701 0.098046
0 0.140687 0.047972 0.089953 0.093769
0 0.981374 0.599981 0.037253 0.157556
0 0.381599 0.195600 0.078667 0.163181
0 0.670790 0.230294 0.086076 0.147940
0 0.259878 0.486414 0.090208 0.180968
0 0.074249 0.615648 0.091643 0.154417
0 0.179259 0.597757 0.093747 0.158801
0 0.123079 0.734245 0.091112 0.145759
0 0.154389 0.948294 0.083393 0.103329
0 0.065520 0.858012 0.098872 0.178245
0 0.853042 0.933769 0.088875 0.131574
0 0.593473 0.682572 0.092247 0.167894
0 0.245457 0.207428 0.096273 0.162569
0 0.343195 0.511213 0.084339 0.160991
0 0.411273 0.013641 0.085885 0.025977
0 0.443217 0.721090 0.085086 0.143681
0 0.242040 0.943889 0.088872 0.110806
0 0.826786 0.663706 0.084667 0.144569
0 0.419559 0.398565 0.093039 0.164111
0 0.959186 0.727664 0.081628 0.149792
0 0.420389 0.863495 0.092701 0.155833
0 0.020022 0.376933 0.039883 0.183273
0 0.990118 0.854185 0.019763 0.155750
0 0.223544 0.773720 0.087781 0.159856
0 0.529402 0.806188 0.091982 0.166606
0 0.328176 0.096782 0.086992 0.154852
0 0.667480 0.617319 0.088607 0.158815
0 0.482672 0.188912 0.089031 0.157907
0 0.935314 0.253660 0.087263 0.163597
0 0.971141 0.355435 0.057604 0.159269
0 0.372073 0.662007 0.086042 0.156153
0 0.066612 0.461535 0.102922 0.171931
0 0.612113 0.861343 0.087247 0.156324
0 0.553656 0.055442 0.082255 0.109514
0 0.927940 0.496417 0.095995 0.213565
0 0.018143 0.531567 0.036286 0.137171
