0 0.617624 0.978861 0.093029 0.041046
0 0.012355 0.913826 0.024711 0.163292
0 0.798654 0.034810 0.102833 0.069620
0 0.689393 0.030176 0.091745 0.060074
0 0.893487 0.971699 0.088422 0.054657
0 0.984517 0.875801 0.030966 0.138546
1 0.727861 0.526331 0.083263 0.159375
0 0.046211 0.965718 0.086438 0.068194
0 0.950034 0.044303 0.087474 0.088227
0 0.132760 0.036910 0.081031 0.073384
0 0.201967 0.964766 0.086492 0.068699
0 0.363189 0.682005 0.082951 0.144630
0 0.873349 0.545998 0.094703 0.142671
0 0.310245 0.040044 0.086500 0.080088
0 0.812958 0.207167 0.076578 0.154639
0 0.740591 0.211556 0.083646 0.147093
0 0.513573 0.943319 0.081286 0.112481
0 0.021987 0.335699 0.043682 0.155019
0 0.018820 0.579375 0.037370 0.151481
0 0.407290 0.948944 0.077185 0.101620
0 0.336569 0.960618 0.083497 0.077190
0 0.414678 0.342838 0.111612 0.163537
0 0.562612 0.320535 0.080474 0.162218
0 0.832833 0.097433 0.080510 0.131051
0 0.816701 0.328838 0.087661 0.127741
0 0.935223 0.474722 0.087013 0.149213
0 0.894953 0.663431 0.084026 0.137611
0 0.766379 0.793532 0.080617 0.129519
0 0.903068 0.102125 0.079755 0.140019
0 0.311594 0.776667 0.085687 0.142667
0 0.656688 0.111229 0.095708 0.165042
0 0.212777 0.890771 0.093305 0.142579
0 0.786875 0.645324 0.084156 0.132787
0 0.623255 0.209625 0.088562 0.146759
0 0.473066 0.417106 0.085747 0.145380
0 0.947688 0.918007 0.070193 0.139875
0 0.256371 0.415634 0.092451 0.122241
0 0.095786 0.500759 0.079563 0.140278
0 0.119973 0.953090 0.077732 0.092847
0 0.591331 0.589472 0.084370 0.131935
0 0.025815 0.192373 0.051406 0.149199
0 0.182491 0.268319 0.084867 0.151296
0 0.684471 0.801104 0.091427 0.146616
0 0.537975 0.692579 0.083294 0.132602
0 0.697771 0.667618 0.082437 0.143477
0 0.259434 0.517139 0.091977 0.128963
0 0.306257 0.182181 0.087784 0.136815
0 0.718900 0.373785 0.083060 0.151319
0 0.631163 0.345583 0.082164 0.150259
0 0.496116 0.275940 0.078852 0.144037
0 0.656155 0.470468 0.087201 0.148278
0 0.295141 0.875296 0.083479 0.126019
0 0.958775 0.348613 0.082430 0.168153
0 0.193069 0.056900 0.079721 0.113801
0 0.630673 0.895924 0.084206 0.142514
0 0.840525 0.835259 0.081378 0.131796
0 0.725576 0.927097 0.088651 0.145574
0 0.456773 0.802743 0.080125 0.144782
0 0.512664 0.107646 0.084896 0.143495
0 0.458815 0.674549 0.080630 0.132356
0 0.818380 0.456171 0.090427 0.148685
0 0.889585 0.274741 0.085086 0.150407
0 0.369954 0.184572 0.088961 0.182208
0 0.536160 0.495613 0.092435 0.162310
0 0.053371 0.069356 0.087143 0.135417
0 0.552449 0.828481 0.095216 0.163389
0 0.961296 0.172354 0.077253 0.149171
0 0.308422 0.606745 0.087536 0.154796
0 0.423958 0.544963 0.079219 0.134157
0 0.224051 0.181840 0.083138 0.140329
0 0.098254 0.636579 0.085461 0.151861
0 0.385288 0.847495 0.077779 0.130435
0 0.330540 0.418641 0.081977 0.162208
0 0.161503 0.551924 0.079375 0.142227
0 0.106257 0.816822 0.083180 0.148569
0 0.268072 0.292042 0.089102 0.151130
0 0.481453 0.024384 0.112193 0.047759
0 0.088365 0.192431 0.086526 0.147444
0 0.128999 0.375363 0.086367 0.147699
0 0.176199 0.690981 0.093242 0.164833
0 0.737003 0.076340 0.083510 0.142727
0 0.596785 0.013646 0.092299 0.026144
0 0.993630 0.035542 0.012740 0.071083
