0 0.008555 0.215086 0.017055 0.086026
0 0.945387 0.798219 0.077633 0.086250
0 0.707379 0.097883 0.069484 0.096464
0 0.895682 0.245786 0.069324 0.089740
0 0.686092 0.293953 0.079551 0.086240
0 0.501445 0.595625 0.066891 0.088292
0 0.075770 0.120495 0.070305 0.095229
0 0.554639 0.817206 0.069543 0.082693
0 0.515168 0.398656 0.071727 0.090510
0 0.211371 0.894049 0.066203 0.114109
0 0.263629 0.798203 0.069453 0.089063
0 0.026328 0.445844 0.052656 0.097198
0 0.259539 0.226560 0.069633 0.095349
0 0.529709 0.490721 0.072059 0.097484
0 0.617207 0.473503 0.068469 0.095484
0 0.394338 0.800062 0.070059 0.091604
0 0.642090 0.934888 0.069719 0.088609
0 0.061619 0.256893 0.065184 0.087516
0 0.267336 0.512885 0.067195 0.088219
0 0.157670 0.937362 0.069754 0.080745
0 0.348680 0.075065 0.078172 0.086245
0 0.577986 0.297271 0.073293 0.082417
0 0.850234 0.949190 0.071695 0.084682
0 0.956006 0.710482 0.072277 0.090714
0 0.959529 0.887401 0.064965 0.086146
0 0.029268 0.961490 0.058535 0.077021
0 0.144715 0.834237 0.069016 0.081964
0 0.365664 0.241143 0.073352 0.083401
0 0.229826 0.599883 0.074043 0.096984
0 0.246697 0.349247 0.071738 0.092516
0 0.057230 0.884419 0.067383 0.091224
0 0.748656 0.243870 0.063805 0.090510
0 0.092840 0.612289 0.069547 0.090214
0 0.947279 0.315247 0.073355 0.082786
0 0.004414 0.681229 0.008641 0.092000
0 0.079135 0.703919 0.064098 0.086130
0 0.641555 0.739799 0.061469 0.087505
0 0.311615 0.575643 0.062793 0.081526
0 0.475104 0.327099 0.068941 0.085771
0 0.071219 0.368409 0.067203 0.084995
0 0.728498 0.456500 0.073637 0.074875
0 0.441125 0.125000 0.068828 0.102240
0 0.592965 0.875742 0.062016 0.082953
0 0.417758 0.403922 0.069078 0.084073
0 0.628568 0.245109 0.062527 0.098750
0 0.191473 0.266372 0.075992 0.096328
0 0.579496 0.029445 0.067500 0.057359
0 0.461898 0.464909 0.065937 0.083557
0 0.511490 0.072563 0.078543 0.092385
0 0.489299 0.879352 0.063309 0.078672
0 0.897383 0.869271 0.065688 0.094240
0 0.219051 0.463565 0.067781 0.079516
0 0.750029 0.379482 0.066629 0.087724
0 0.187150 0.533344 0.066121 0.082344
0 0.397074 0.317492 0.066609 0.086620
0 0.979701 0.262573 0.040527 0.084354
0 0.378174 0.155911 0.065293 0.087458
0 0.497037 0.170042 0.068129 0.087208
0 0.686361 0.377979 0.061652 0.083729
0 0.496467 0.254740 0.067832 0.081979
0 0.314049 0.153117 0.062402 0.085349
0 0.980365 0.172469 0.038348 0.089031
0 0.021145 0.767115 0.041719 0.086365
0 0.318910 0.331958 0.060188 0.080594
0 0.586480 0.376638 0.064562 0.080255
0 0.394350 0.974461 0.067004 0.051078
0 0.730047 0.980516 0.071250 0.038969
0 0.744727 0.019628 0.077391 0.039005
0 0.324924 0.018776 0.070645 0.035760
0 0.186188 0.981589 0.064797 0.036823
0 0.112053 0.981836 0.070254 0.036328
0 0.012549 0.855526 0.024496 0.089927
0 0.297486 0.981786 0.062301 0.036427
0 0.832701 0.017268 0.065598 0.033318
0 0.803436 0.987888 0.066676 0.022891
0 0.570869 0.974081 0.058379 0.051839
0 0.632734 0.986643 0.075805 0.026109
0 0.882588 0.988383 0.070168 0.021505
0 0.507439 0.012245 0.062574 0.024490
0 0.011520 0.130255 0.022406 0.088896
0 0.991223 0.963943 0.017539 0.072115
0 0.089922 0.011974 0.065125 0.023948
0 0.661607 0.009409 0.065441 0.018818
0 0.444574 0.008667 0.067281 0.017333
0 0.994102 0.776664 0.011602 0.091880
0 0.114646 0.204523 0.067543 0.099411
0 0.129338 0.321031 0.071762 0.099885
0 0.152141 0.060711 0.067422 0.088859
0 0.755455 0.689177 0.068887 0.088281
0 0.226307 0.722120 0.071520 0.096396
0 0.736041 0.538242 0.073121 0.092370
0 0.114766 0.426164 0.072094 0.104557
0 0.697729 0.786875 0.069879 0.101323
0 0.610115 0.139276 0.069215 0.091094
0 0.230365 0.134661 0.080066 0.101292
0 0.032066 0.043214 0.064133 0.086427
0 0.309809 0.861719 0.067898 0.089917
0 0.782748 0.071766 0.073754 0.094896
0 0.106961 0.528763 0.080391 0.083786
0 0.808348 0.796883 0.069602 0.092224
0 0.862549 0.126279 0.065402 0.086349
0 0.346643 0.418151 0.075543 0.098708
0 0.178469 0.403867 0.071195 0.095339
0 0.932293 0.135122 0.070844 0.086391
0 0.608762 0.670484 0.061930 0.080198
0 0.357998 0.641654 0.068090 0.112328
0 0.830820 0.405245 0.075414 0.097667
0 0.425395 0.647914 0.070258 0.095203
0 0.858074 0.489070 0.066109 0.082214
0 0.402533 0.903286 0.074832 0.091500
0 0.284963 0.676802 0.065098 0.088302
0 0.686371 0.683901 0.066688 0.093833
0 0.469869 0.785010 0.075777 0.101875
0 0.754230 0.847461 0.069477 0.100422
0 0.240805 0.042042 0.072938 0.083979
0 0.840648 0.647932 0.076727 0.105458
0 0.947473 0.542625 0.071766 0.087677
0 0.158711 0.750589 0.070687 0.093354
0 0.970395 0.389315 0.058297 0.096297
0 0.975939 0.046229 0.047910 0.091104
0 0.814766 0.256935 0.071117 0.097068
0 0.643049 0.057836 0.073551 0.089141
0 0.459039 0.956654 0.066242 0.078714
0 0.685051 0.207810 0.069914 0.093557
0 0.719900 0.925016 0.081434 0.080146
0 0.887420 0.045089 0.072012 0.087688
0 0.535994 0.732531 0.073629 0.098646
0 0.268389 0.939164 0.078160 0.094349
0 0.570818 0.596599 0.071590 0.088771
0 0.929457 0.626151 0.073070 0.087260
0 0.800633 0.575758 0.073531 0.101453
0 0.812918 0.162378 0.073820 0.092078
