0 0.225806 0.285468 0.087284 0.143630
0 0.477525 0.295500 0.075435 0.158463
0 0.023169 0.886667 0.046339 0.142583
0 0.165376 0.103539 0.092945 0.150338
0 0.728473 0.937755 0.090242 0.122861
0 0.398924 0.099981 0.082385 0.140250
0 0.328548 0.283910 0.094664 0.159301
0 0.848147 0.781442 0.087742 0.153866
0 0.354397 0.762403 0.084977 0.154426
0 0.967682 0.695588 0.064448 0.133111
0 0.543710 0.937009 0.089503 0.125981
0 0.286361 0.821065 0.081560 0.149500
0 0.049517 0.520752 0.082549 0.146319
0 0.546697 0.030690 0.087440 0.061120
0 0.076340 0.886257 0.082086 0.151032
0 0.499616 0.513949 0.087878 0.154046
0 0.442480 0.139845 0.081977 0.143644
0 0.044230 0.197123 0.088299 0.167134
0 0.513497 0.110053 0.080505 0.144449
0 0.608732 0.956343 0.091932 0.087315
0 0.423582 0.704250 0.087310 0.153556
0 0.236663 0.024366 0.082143 0.048731
0 0.276882 0.543806 0.083482 0.155139
0 0.770760 0.730917 0.089823 0.143963
0 0.021594 0.144972 0.043188 0.148648
0 0.344517 0.616875 0.100013 0.160759
0 0.750542 0.438938 0.083870 0.160338
0 0.190932 0.445727 0.082005 0.148130
0 0.669411 0.017604 0.091359 0.032940
0 0.252313 0.109377 0.088688 0.147227
0 0.611180 0.723870 0.082786 0.142685
0 0.564962 0.226748 0.091383 0.124847
0 0.235987 0.745806 0.083932 0.158250
0 0.522635 0.824426 0.092630 0.143148
0 0.957240 0.516970 0.085521 0.130162
0 0.171561 0.704715 0.082471 0.145162
0 0.083184 0.092076 0.086638 0.149329
0 0.120544 0.489611 0.082630 0.142000
0 0.110850 0.239806 0.095549 0.167111
0 0.649871 0.084935 0.083831 0.140065
0 0.420186 0.501083 0.091581 0.161074
0 0.604505 0.850394 0.093427 0.145352
0 0.884715 0.619183 0.088039 0.153384
0 0.795417 0.199181 0.080729 0.139204
0 0.826520 0.408032 0.089779 0.155519
0 0.724961 0.819396 0.089276 0.147208
0 0.754605 0.304366 0.086997 0.136880
0 0.942641 0.905111 0.091062 0.154426
0 0.333250 0.919801 0.085635 0.150796
0 0.180712 0.574972 0.089773 0.141833
0 0.736643 0.079856 0.082958 0.144981
0 0.931190 0.067854 0.085271 0.135634
0 0.954003 0.196356 0.091995 0.162046
0 0.549768 0.304231 0.095958 0.155759
0 0.530122 0.696600 0.089224 0.154097
0 0.874279 0.228618 0.091682 0.161949
0 0.345065 0.185280 0.085365 0.157347
0 0.141935 0.365611 0.083771 0.146333
0 0.043936 0.612958 0.086148 0.135417
0 0.269678 0.953076 0.087253 0.093847
0 0.987327 0.933653 0.025346 0.130324
0 0.852342 0.916475 0.085872 0.146551
0 0.030289 0.970745 0.060578 0.057954
0 0.710049 0.200866 0.090000 0.157824
0 0.472266 0.616819 0.082510 0.131685
0 0.255699 0.389081 0.084992 0.150745
0 0.211271 0.201315 0.086786 0.140352
0 0.594835 0.125861 0.084117 0.155278
0 0.143940 0.018926 0.090568 0.037435
0 0.424549 0.948903 0.094078 0.102194
0 0.016323 0.722618 0.032646 0.146708
0 0.988320 0.411569 0.023359 0.146046
0 0.012159 0.386109 0.024318 0.129440
0 0.007487 0.521831 0.014974 0.137495
0 0.410456 0.862912 0.099000 0.150954
0 0.994339 0.229454 0.011323 0.150296
0 0.806953 0.066324 0.080937 0.130537
0 0.993294 0.790051 0.013411 0.154833
0 0.562134 0.434155 0.084174 0.142310
0 0.983872 0.060486 0.032219 0.119167
0 0.110341 0.813093 0.082672 0.156417
0 0.913469 0.750095 0.084464 0.157616
0 0.817939 0.548576 0.088924 0.142236
0 0.688493 0.699847 0.089279 0.164019
0 0.685387 0.371632 0.088596 0.145755
0 0.322431 0.426551 0.080701 0.158843
0 0.854819 0.056785 0.088987 0.111838
0 0.637983 0.277370 0.080878 0.134639
0 0.176190 0.848634 0.075604 0.137296
0 0.141031 0.943873 0.088156 0.112255
0 0.365490 0.028377 0.090380 0.056134
0 0.702266 0.550060 0.087932 0.149019
0 0.207891 0.877817 0.077047 0.147995
0 0.377871 0.368921 0.077154 0.157787
0 0.442023 0.363384 0.078068 0.146898
0 0.797975 0.634171 0.083820 0.125222
0 0.451835 0.041611 0.088680 0.083222
0 0.571249 0.541639 0.077049 0.132241
0 0.966424 0.321755 0.067146 0.134343
1 0.633949 0.594748 0.078753 0.156014
