0 0.807882 0.888715 0.092341 0.143542
0 0.779967 0.520002 0.086341 0.159699
0 0.267665 0.238065 0.089190 0.145111
0 0.868508 0.732500 0.088198 0.155593
0 0.551898 0.868035 0.091682 0.151866
0 0.842522 0.594347 0.070279 0.128065
0 0.424932 0.498245 0.079740 0.144722
0 0.742457 0.644273 0.089445 0.138926
0 0.426973 0.188667 0.084341 0.143463
0 0.497143 0.252734 0.084203 0.153551
0 0.536612 0.410572 0.087198 0.152208
0 0.526081 0.546447 0.086833 0.145218
0 0.731303 0.293637 0.084570 0.150032
0 0.673898 0.523076 0.074536 0.144894
0 0.713841 0.776030 0.084266 0.156329
0 0.582814 0.631662 0.087846 0.149435
0 0.792970 0.759583 0.079779 0.143778
0 0.197241 0.628324 0.089367 0.146315
0 0.465552 0.906407 0.082964 0.141713
0 0.640225 0.734826 0.086107 0.150375
0 0.327358 0.308535 0.076680 0.137264
0 0.442010 0.707056 0.085229 0.157176
0 0.007435 0.767537 0.014859 0.150269
0 0.906223 0.037164 0.092383 0.074329
0 0.314043 0.038662 0.091878 0.077324
0 0.013217 0.441794 0.026435 0.148884
0 0.017837 0.111558 0.035674 0.157495
0 0.030057 0.331718 0.060115 0.156722
0 0.908264 0.123271 0.087773 0.134449
0 0.971458 0.660586 0.057083 0.142116
1 0.628207 0.422414 0.087799 0.144005
0 0.596471 0.945993 0.099875 0.108014
0 0.073010 0.078664 0.095099 0.157329
0 0.978628 0.792458 0.042745 0.137463
0 0.099999 0.332873 0.103836 0.135505
0 0.050996 0.789338 0.101992 0.179880
0 0.971065 0.127132 0.057807 0.157532
0 0.574978 0.318019 0.099341 0.153630
0 0.968042 0.538919 0.063917 0.144699
0 0.374699 0.917734 0.099305 0.133708
0 0.910676 0.241449 0.086102 0.152630
0 0.119095 0.945778 0.084393 0.106917
0 0.028681 0.665877 0.057362 0.149394
0 0.633526 0.854669 0.096391 0.149301
0 0.841098 0.194731 0.091768 0.146380
0 0.285303 0.924764 0.087852 0.143750
0 0.109488 0.205081 0.077789 0.155727
0 0.041753 0.215731 0.083167 0.167824
0 0.151845 0.092428 0.082076 0.146051
0 0.704747 0.950470 0.088901 0.099060
0 0.664357 0.215565 0.084214 0.124019
0 0.928099 0.940894 0.080948 0.115093
0 0.840262 0.069146 0.092096 0.136699
0 0.847182 0.460477 0.081052 0.152139
0 0.230853 0.843863 0.086883 0.183412
0 0.971178 0.262396 0.057310 0.148616
0 0.769254 0.383898 0.079549 0.138741
0 0.180764 0.219421 0.081690 0.155954
0 0.183268 0.442468 0.083255 0.145046
0 0.282438 0.469586 0.102766 0.145495
0 0.658070 0.322581 0.081667 0.135949
0 0.085353 0.842877 0.081378 0.153468
0 0.238655 0.124690 0.085190 0.143037
0 0.408113 0.301660 0.089893 0.136356
0 0.333911 0.684789 0.095302 0.137708
0 0.304846 0.800889 0.089802 0.163389
0 0.384923 0.790616 0.094081 0.166602
0 0.189453 0.749850 0.084135 0.126579
0 0.035557 0.536766 0.071078 0.145468
0 0.461639 0.375405 0.081935 0.144773
0 0.158143 0.855551 0.079057 0.151833
0 0.147432 0.545266 0.077224 0.132505
0 0.093673 0.458315 0.090065 0.155287
0 0.579747 0.185639 0.095359 0.144472
0 0.909572 0.382310 0.092305 0.161861
0 0.368111 0.100234 0.087513 0.154458
0 0.238647 0.361546 0.078471 0.140231
0 0.908107 0.629394 0.081625 0.149796
0 0.548430 0.737037 0.095417 0.147157
0 0.329408 0.559764 0.095310 0.144481
