0 0.934753 0.706750 0.091109 0.142815
0 0.755962 0.783016 0.076852 0.149440
0 0.896044 0.450574 0.088385 0.159593
0 0.319161 0.554058 0.077677 0.136144
0 0.827393 0.804380 0.087443 0.135648
0 0.010724 0.401998 0.021036 0.176903
0 0.112521 0.186539 0.069031 0.156532
0 0.612102 0.149815 0.084359 0.163426
0 0.464862 0.956977 0.086089 0.083231
0 0.374049 0.953433 0.078385 0.092144
0 0.525754 0.398519 0.086154 0.150741
0 0.698971 0.223657 0.098786 0.200722
0 0.166559 0.207838 0.076159 0.178667
0 0.012275 0.197282 0.024206 0.167722
0 0.763142 0.058400 0.084060 0.113921
0 0.444811 0.474620 0.084154 0.141528
0 0.356734 0.289630 0.082328 0.143333
0 0.361909 0.868194 0.068292 0.165741
0 0.526779 0.184016 0.106536 0.150495
0 0.329249 0.050412 0.068102 0.100824
0 0.953294 0.063736 0.084557 0.127472
0 0.514332 0.288065 0.079820 0.124352
0 0.816001 0.919806 0.087008 0.154806
0 0.058206 0.455813 0.085078 0.148912
0 0.026664 0.926039 0.053328 0.145505
0 0.031859 0.099259 0.063719 0.178083
0 0.236708 0.945301 0.080771 0.104806
0 0.319083 0.840500 0.078802 0.155259
0 0.986410 0.760403 0.027180 0.162769
0 0.596910 0.424491 0.083076 0.172343
0 0.219621 0.232060 0.070805 0.191139
0 0.413621 0.056560 0.076039 0.112065
0 0.670061 0.195813 0.075013 0.173625
0 0.831883 0.111924 0.077625 0.179671
0 0.040083 0.339766 0.072271 0.161514
0 0.886797 0.072398 0.071031 0.144796
0 0.136536 0.069944 0.088146 0.139889
0 0.442940 0.186160 0.072833 0.172301
0 0.108492 0.789919 0.089813 0.122181
0 0.265846 0.138192 0.074260 0.163977
0 0.664540 0.499972 0.071195 0.185130
0 0.034118 0.680387 0.066398 0.147347
0 0.955448 0.877509 0.085635 0.154704
0 0.364077 0.081789 0.082685 0.150579
0 0.710133 0.133042 0.067422 0.170352
0 0.281201 0.909465 0.079891 0.146532
0 0.123725 0.516660 0.073174 0.131412
0 0.032324 0.803616 0.064648 0.140130
0 0.719755 0.454516 0.078776 0.155968
0 0.260813 0.054743 0.085021 0.108560
0 0.654900 0.367942 0.082685 0.149662
0 0.974281 0.586975 0.051437 0.149505
0 0.695733 0.794294 0.086393 0.183171
0 0.577445 0.082345 0.078401 0.132505
0 0.717931 0.287856 0.077633 0.178546
0 0.241553 0.373806 0.083326 0.161963
0 0.197026 0.516613 0.072719 0.139727
0 0.310277 0.412704 0.081029 0.152000
0 0.975632 0.376127 0.048018 0.175866
0 0.385366 0.526035 0.082591 0.152875
0 0.022059 0.542190 0.044117 0.156046
0 0.652007 0.047882 0.072336 0.095273
0 0.796313 0.629736 0.101630 0.159148
0 0.544617 0.901676 0.094688 0.159602
0 0.751866 0.534326 0.094914 0.168079
0 0.858557 0.549542 0.076323 0.165009
0 0.262668 0.638877 0.076201 0.149495
0 0.870508 0.925576 0.090896 0.148023
0 0.432991 0.625421 0.094997 0.118241
0 0.206508 0.635731 0.071875 0.163694
0 0.150753 0.691727 0.076771 0.145120
0 0.448977 0.790238 0.085260 0.146625
0 0.468219 0.674910 0.098307 0.121273
0 0.075859 0.106056 0.066255 0.157389
0 0.448798 0.372859 0.087086 0.149245
0 0.385962 0.742921 0.074888 0.176444
0 0.133060 0.383248 0.065083 0.187958
0 0.245872 0.752683 0.083807 0.135412
0 0.589827 0.634319 0.086815 0.216204
0 0.443755 0.893815 0.085615 0.133519
0 0.618738 0.930375 0.084924 0.138269
0 0.919345 0.825176 0.090951 0.143574
0 0.580048 0.810407 0.078065 0.163361
0 0.195221 0.085572 0.071547 0.171144
0 0.071974 0.237884 0.085906 0.144250
0 0.394475 0.177384 0.074169 0.192185
0 0.977451 0.148111 0.044578 0.191528
0 0.910117 0.309093 0.084516 0.158500
0 0.861979 0.265359 0.060984 0.134097
0 0.331786 0.196157 0.079182 0.168509
0 0.893632 0.196817 0.071049 0.153551
0 0.950749 0.195993 0.065477 0.168412
0 0.408980 0.350322 0.090164 0.186505
0 0.506285 0.489289 0.061956 0.110829
