0 0.630690 0.544016 0.087578 0.166153
0 0.961535 0.611192 0.076930 0.169569
0 0.014733 0.759856 0.029451 0.129852
0 0.011556 0.167056 0.023112 0.162648
0 0.418368 0.976120 0.097237 0.047759
0 0.015949 0.600861 0.031898 0.171880
0 0.980536 0.826356 0.038708 0.172741
0 0.521893 0.025275 0.102583 0.050292
0 0.028501 0.266222 0.056758 0.173657
0 0.932104 0.366819 0.124083 0.157556
0 0.401660 0.919741 0.125711 0.126306
0 0.206953 0.027627 0.077141 0.054755
0 0.025380 0.050613 0.050760 0.099801
0 0.893499 0.791845 0.125039 0.131912
0 0.440082 0.280326 0.087049 0.189681
0 0.856540 0.666731 0.102529 0.159713
0 0.960690 0.945657 0.078135 0.108213
0 0.438112 0.775060 0.092000 0.171528
0 0.510405 0.264062 0.095076 0.153569
0 0.503952 0.407613 0.113862 0.153995
0 0.678318 0.818597 0.103599 0.175444
0 0.319648 0.071493 0.105964 0.142986
0 0.665036 0.090410 0.092844 0.147958
0 0.175007 0.525201 0.107237 0.197097
0 0.241691 0.181678 0.090362 0.166412
0 0.362124 0.795315 0.090784 0.176833
0 0.527478 0.559171 0.084560 0.154102
0 0.483281 0.124657 0.092297 0.160630
0 0.155736 0.130637 0.091008 0.147912
0 0.397042 0.636188 0.094844 0.164764
0 0.783436 0.796317 0.086836 0.160458
0 0.288926 0.902255 0.084003 0.175935
0 0.094292 0.761250 0.094120 0.170676
0 0.438922 0.503919 0.093766 0.137097
0 0.616456 0.340324 0.091417 0.173667
