0 0.059355 0.224593 0.116357 0.171111
0 0.082816 0.015787 0.095669 0.029796
0 0.005637 0.327287 0.011154 0.152111
0 0.693814 0.983722 0.088070 0.029685
0 0.507539 0.968028 0.089781 0.063833
3 0.426241 0.487546 0.080143 0.155694
0 0.023974 0.781361 0.047510 0.146463
0 0.460560 0.394016 0.107000 0.131894
0 0.024854 0.062044 0.049661 0.124088
0 0.359423 0.427708 0.094253 0.157065
0 0.230056 0.444664 0.120102 0.150477
0 0.236147 0.684896 0.107534 0.123106
0 0.404857 0.595944 0.104849 0.164528
0 0.772370 0.923241 0.092099 0.152130
0 0.099809 0.953481 0.098831 0.093037
0 0.245271 0.300942 0.095031 0.161014
0 0.142353 0.446803 0.113638 0.162606
0 0.162500 0.602653 0.081781 0.166167
0 0.029074 0.205389 0.058148 0.161083
0 0.296275 0.418919 0.082034 0.150718
0 0.054353 0.641738 0.101690 0.182366
0 0.093807 0.240227 0.092359 0.156694
0 0.407372 0.323634 0.095938 0.146083
0 0.314074 0.547185 0.105732 0.155963
0 0.186125 0.310072 0.089766 0.158588
0 0.227368 0.570750 0.097440 0.177778
0 0.602694 0.767139 0.103190 0.172806
0 0.100568 0.538616 0.101573 0.176444
0 0.476473 0.072951 0.086299 0.145903
0 0.147355 0.872377 0.105607 0.153569
0 0.326507 0.286278 0.097268 0.172602
0 0.115569 0.714646 0.104758 0.154875
0 0.544987 0.909581 0.089953 0.158829
0 0.710714 0.904752 0.090917 0.170801
0 0.232544 0.803704 0.097349 0.160472
0 0.481164 0.841262 0.085276 0.148597
0 0.534904 0.546292 0.083990 0.166380
0 0.070862 0.384720 0.090323 0.159347
0 0.158647 0.175775 0.092341 0.161236
0 0.475223 0.260063 0.093930 0.168792
0 0.441206 0.716338 0.091260 0.169620
0 0.521206 0.169822 0.093708 0.168792
