0 0.274742 0.504841 0.088563 0.120339
0 0.233523 0.033911 0.063336 0.060219
0 0.245189 0.478023 0.088004 0.117859
0 0.837143 0.261914 0.063809 0.082349
0 0.944238 0.987438 0.072102 0.024198
0 0.655971 0.980466 0.055996 0.030609
0 0.736781 0.012047 0.063422 0.024000
0 0.056334 0.959604 0.067129 0.068781
0 0.298063 0.800328 0.071742 0.091208
0 0.133227 0.889219 0.075359 0.092594
0 0.013008 0.157323 0.024953 0.097687
0 0.158236 0.764401 0.056691 0.082302
0 0.315326 0.769008 0.057910 0.078568
0 0.681963 0.011953 0.073918 0.023000
0 0.782219 0.013284 0.072805 0.026224
0 0.816449 0.991922 0.064609 0.016156
0 0.013637 0.788823 0.025258 0.126760
0 0.568826 0.633102 0.064199 0.088068
0 0.497537 0.298365 0.077980 0.092667
0 0.644275 0.745380 0.087762 0.099573
0 0.014264 0.580828 0.028527 0.100094
0 0.775293 0.109898 0.074086 0.081182
0 0.075822 0.989956 0.058184 0.019057
0 0.709840 0.479792 0.074047 0.099812
0 0.910014 0.665247 0.069918 0.081182
0 0.985430 0.053495 0.028094 0.085302
0 0.973799 0.039888 0.052402 0.079776
0 0.866770 0.015523 0.069758 0.029026
0 0.982297 0.703984 0.035406 0.116750
0 0.282766 0.988448 0.083023 0.021177
0 0.473994 0.021500 0.071996 0.043000
0 0.166506 0.959753 0.070816 0.080495
0 0.807887 0.019987 0.072727 0.039224
2 0.269332 0.724951 0.069500 0.083661
0 0.977037 0.584260 0.045926 0.121604
0 0.539947 0.874234 0.069035 0.090448
0 0.920080 0.198820 0.087059 0.088328
0 0.725930 0.446521 0.073992 0.089406
0 0.265957 0.211302 0.083117 0.099250
0 0.123006 0.944482 0.070918 0.098089
0 0.516539 0.430891 0.083844 0.091938
0 0.206041 0.931078 0.089020 0.093771
0 0.604801 0.526211 0.072766 0.092755
0 0.018000 0.068734 0.036000 0.094344
0 0.738695 0.673008 0.059047 0.094922
0 0.365084 0.622680 0.076582 0.105161
0 0.282814 0.832664 0.076480 0.101474
0 0.361760 0.800284 0.069605 0.080151
0 0.032654 0.971260 0.056637 0.055417
0 0.475881 0.276289 0.074652 0.094620
0 0.224830 0.115169 0.080949 0.110901
0 0.571639 0.596828 0.067410 0.094031
0 0.973197 0.463039 0.053605 0.111901
0 0.653936 0.367914 0.062645 0.071922
0 0.456670 0.581714 0.067316 0.085188
0 0.138686 0.755411 0.083902 0.105990
0 0.510500 0.860513 0.076055 0.094276
0 0.808223 0.181503 0.078617 0.096547
0 0.098740 0.118359 0.076707 0.100437
0 0.463732 0.912943 0.066137 0.084677
0 0.945746 0.672122 0.072648 0.085120
0 0.783717 0.069495 0.073176 0.086667
0 0.462672 0.121633 0.082500 0.102880
0 0.032881 0.687583 0.065762 0.095031
0 0.829871 0.556312 0.080539 0.108208
0 0.655820 0.049484 0.069797 0.094146
0 0.264490 0.027685 0.077113 0.055109
0 0.621650 0.698245 0.067465 0.091177
0 0.072135 0.250763 0.065418 0.090432
0 0.390238 0.880419 0.070906 0.100078
0 0.423859 0.042120 0.075328 0.084240
0 0.569652 0.122641 0.063656 0.089344
0 0.195469 0.043612 0.072359 0.087224
0 0.668527 0.962052 0.098703 0.075896
0 0.163125 0.092961 0.064328 0.090005
0 0.828307 0.692000 0.070223 0.092615
0 0.975688 0.352391 0.048625 0.102854
0 0.356330 0.041794 0.078816 0.082568
0 0.738129 0.579125 0.092562 0.103667
0 0.592146 0.197435 0.063301 0.088359
0 0.031689 0.033992 0.063379 0.067620
0 0.669314 0.197076 0.070902 0.087026
0 0.968666 0.937031 0.062668 0.102917
0 0.649453 0.297187 0.070445 0.089219
0 0.745357 0.821747 0.069129 0.096391
0 0.429924 0.791284 0.068496 0.081974
0 0.607422 0.392724 0.071617 0.097552
0 0.826379 0.863294 0.066602 0.094891
0 0.082850 0.422891 0.094637 0.128010
0 0.623379 0.036034 0.068930 0.070661
0 0.654871 0.418495 0.071203 0.081406
0 0.301328 0.075534 0.079109 0.114047
0 0.816146 0.285227 0.070465 0.110203
0 0.945691 0.275638 0.088180 0.101193
0 0.227158 0.791432 0.072027 0.095365
0 0.196926 0.334453 0.069336 0.092062
0 0.367391 0.525562 0.079539 0.096312
0 0.924285 0.520091 0.079836 0.113266
0 0.526865 0.977161 0.070004 0.045677
0 0.298986 0.597255 0.082746 0.095792
0 0.753057 0.283724 0.071316 0.097292
0 0.723750 0.715932 0.067914 0.091177
0 0.105092 0.031661 0.091199 0.060302
0 0.134238 0.275974 0.082617 0.100708
0 0.209502 0.594961 0.073465 0.108922
0 0.436406 0.537797 0.070164 0.093552
0 0.563473 0.694734 0.064969 0.091625
0 0.697613 0.276734 0.062859 0.093135
0 0.917646 0.783000 0.069965 0.113635
0 0.332598 0.266323 0.085445 0.099250
0 0.891408 0.711151 0.065824 0.095792
0 0.063021 0.809992 0.082238 0.099349
0 0.197363 0.825315 0.067187 0.091755
0 0.846770 0.461021 0.076687 0.100604
0 0.607465 0.108188 0.070883 0.093719
0 0.748316 0.389680 0.080273 0.074641
0 0.306512 0.342813 0.087461 0.086958
0 0.037016 0.231557 0.068766 0.082229
0 0.130188 0.846680 0.076523 0.092974
0 0.623623 0.635633 0.062137 0.079641
0 0.225910 0.458195 0.063633 0.095620
0 0.633471 0.912357 0.084129 0.082307
0 0.582863 0.506565 0.074141 0.097057
0 0.390236 0.232128 0.079809 0.102620
0 0.966963 0.807456 0.066074 0.100589
0 0.390199 0.963867 0.068156 0.072266
0 0.458812 0.967003 0.078727 0.065328
0 0.756951 0.972919 0.072793 0.052995
0 0.510877 0.084307 0.070098 0.088094
0 0.541006 0.349227 0.078754 0.094151
0 0.582590 0.337529 0.068562 0.094932
0 0.316809 0.678724 0.076070 0.090750
0 0.810611 0.803706 0.073762 0.080609
0 0.750285 0.915469 0.079102 0.080292
0 0.020713 0.431490 0.041426 0.092937
0 0.661723 0.467865 0.064813 0.088458
0 0.794422 0.386336 0.071516 0.081984
0 0.979463 0.128159 0.040762 0.091974
0 0.443658 0.404911 0.068691 0.096365
0 0.068590 0.909714 0.077086 0.098010
0 0.399773 0.436875 0.073813 0.102844
0 0.377812 0.729245 0.078922 0.092344
0 0.148758 0.575422 0.069391 0.095312
0 0.462443 0.828305 0.084160 0.097484
0 0.858795 0.067701 0.067754 0.086432
0 0.291762 0.412534 0.078227 0.081057
0 0.639367 0.850836 0.081078 0.092411
0 0.120410 0.347224 0.077867 0.101896
0 0.756258 0.189286 0.066195 0.094333
0 0.922520 0.051456 0.068594 0.094141
0 0.558232 0.921039 0.073043 0.094599
0 0.241166 0.882443 0.076145 0.091406
0 0.246824 0.370167 0.077266 0.091260
0 0.890369 0.131669 0.071332 0.096099
0 0.116529 0.192461 0.082199 0.092057
0 0.973725 0.211727 0.049418 0.084484
0 0.354602 0.362000 0.074477 0.098323
0 0.547699 0.039781 0.069750 0.079562
0 0.731021 0.106320 0.069965 0.096911
0 0.623996 0.256055 0.074758 0.081422
0 0.087834 0.632596 0.076309 0.106151
0 0.445840 0.202206 0.075195 0.086182
0 0.043801 0.519294 0.081266 0.104474
0 0.447918 0.741953 0.067359 0.086625
0 0.155029 0.658505 0.076707 0.091031
0 0.387152 0.119917 0.065336 0.093031
0 0.416062 0.327247 0.074500 0.090141
0 0.902336 0.426013 0.076938 0.099984
0 0.540234 0.216456 0.062203 0.083391
0 0.430609 0.905724 0.070828 0.091083
0 0.777234 0.747956 0.065414 0.095901
0 0.776031 0.458734 0.068781 0.081333
0 0.872639 0.303036 0.068988 0.095396
0 0.525035 0.711266 0.069492 0.086229
0 0.886914 0.889773 0.074680 0.098797
0 0.530104 0.787385 0.088184 0.086844
0 0.488734 0.502773 0.073914 0.095339
0 0.602980 0.969893 0.062422 0.057151
0 0.116508 0.508904 0.073687 0.087766
0 0.336576 0.441443 0.068988 0.077927
0 0.445484 0.659672 0.071734 0.089531
0 0.204967 0.249081 0.076855 0.123589
0 0.683182 0.654031 0.070402 0.084427
0 0.707949 0.837714 0.077328 0.111792
0 0.186635 0.419357 0.075020 0.098464
0 0.645791 0.170826 0.077246 0.092797
0 0.833670 0.734474 0.068434 0.094177
0 0.507848 0.618664 0.076547 0.116318
0 0.916779 0.975414 0.077066 0.045432
0 0.345703 0.983797 0.061211 0.032115
0 0.874766 0.970820 0.068758 0.054964
