0 0.312631 0.790224 0.083395 0.121055
0 0.356385 0.703122 0.085293 0.109218
0 0.687193 0.080730 0.079070 0.094496
0 0.855511 0.793573 0.105498 0.114141
0 0.482745 0.876073 0.090567 0.119604
0 0.384261 0.376487 0.080606 0.109774
0 0.960529 0.316137 0.078573 0.117623
0 0.340791 0.133637 0.086682 0.114599
0 0.694630 0.744511 0.080463 0.105278
0 0.546094 0.933562 0.072041 0.114974
0 0.766701 0.309280 0.096327 0.111471
0 0.416462 0.069360 0.088866 0.125838
0 0.043337 0.264663 0.086312 0.136826
0 0.093831 0.729655 0.092901 0.105977
0 0.602940 0.868264 0.089815 0.116620
0 0.621034 0.557716 0.091389 0.109897
0 0.377573 0.490597 0.098210 0.131595
0 0.766998 0.697688 0.094221 0.108112
0 0.447178 0.261497 0.090891 0.096019
0 0.656528 0.928503 0.071258 0.103395
0 0.478736 0.051752 0.089117 0.101631
0 0.418563 0.340669 0.079309 0.108251
0 0.200002 0.579403 0.086169 0.115175
0 0.686480 0.303068 0.073808 0.110694
0 0.852623 0.404516 0.075116 0.136893
0 0.027830 0.649540 0.055660 0.110910
0 0.663111 0.801520 0.082257 0.117659
0 0.077139 0.141196 0.088561 0.114285
0 0.857836 0.190229 0.094174 0.100386
0 0.886537 0.890566 0.102095 0.110730
0 0.767625 0.209519 0.079919 0.106826
0 0.786223 0.102955 0.079861 0.119223
0 0.422683 0.182204 0.094610 0.103915
0 0.567417 0.655383 0.077334 0.119439
0 0.041823 0.910427 0.081833 0.118868
0 0.032863 0.381703 0.065370 0.116811
0 0.965176 0.850087 0.069649 0.127202
0 0.647170 0.689733 0.083299 0.113519
0 0.243216 0.276826 0.085745 0.116337
0 0.109506 0.834192 0.074730 0.110751
0 0.745058 0.414612 0.091806 0.112814
0 0.922201 0.746093 0.077303 0.096188
0 0.181090 0.088971 0.096400 0.107088
0 0.348158 0.323578 0.078430 0.100540
0 0.908858 0.083567 0.078711 0.117145
0 0.301148 0.915761 0.089225 0.096389
0 0.168110 0.479658 0.076188 0.124820
0 0.145125 0.424061 0.087897 0.105448
0 0.304902 0.231487 0.093723 0.119866
0 0.912297 0.552009 0.085930 0.114408
0 0.127234 0.206754 0.075980 0.099537
0 0.644485 0.248925 0.090559 0.102716
0 0.285278 0.430064 0.079753 0.097814
0 0.720021 0.650622 0.079255 0.104486
0 0.378694 0.973611 0.086146 0.052582
0 0.132083 0.935409 0.095856 0.125725
0 0.111798 0.354586 0.077585 0.100736
0 0.264477 0.955414 0.073684 0.089172
0 0.729142 0.153050 0.068723 0.093796
0 0.279589 0.476903 0.088630 0.109763
0 0.152990 0.146682 0.084051 0.112233
0 0.460910 0.566834 0.089506 0.117197
0 0.696190 0.434239 0.088816 0.108014
0 0.532868 0.743367 0.070598 0.088904
0 0.704645 0.027906 0.073302 0.055730
0 0.536019 0.111788 0.087832 0.101888
0 0.785712 0.626003 0.079711 0.090453
0 0.626854 0.205597 0.079850 0.103138
0 0.217739 0.784162 0.088580 0.129177
0 0.063765 0.056139 0.071844 0.093657
0 0.875187 0.044604 0.080297 0.088971
0 0.271146 0.049380 0.082083 0.098668
0 0.146508 0.592425 0.087253 0.110890
0 0.876308 0.329820 0.092299 0.101224
0 0.971590 0.080018 0.056821 0.132361
0 0.536265 0.165404 0.077932 0.103647
0 0.253987 0.610797 0.089610 0.127346
0 0.848146 0.688943 0.085390 0.108832
0 0.498505 0.602019 0.077689 0.104923
0 0.972938 0.462932 0.054124 0.094671
0 0.517965 0.495221 0.084772 0.114671
0 0.756314 0.568935 0.103098 0.099126
0 0.517948 0.357873 0.100648 0.126291
0 0.977610 0.635453 0.044780 0.103282
0 0.025324 0.557369 0.050648 0.101209
0 0.022683 0.476962 0.045367 0.093400
0 0.973580 0.197912 0.052840 0.115679
0 0.012853 0.812122 0.025197 0.117001
0 0.509821 0.781638 0.090274 0.103338
0 0.500083 0.661656 0.080320 0.106739
0 0.490731 0.471615 0.081925 0.098241
0 0.715473 0.948812 0.095760 0.101420
0 0.889468 0.694385 0.086049 0.095849
0 0.457087 0.979090 0.071983 0.041492
0 0.019691 0.037919 0.039383 0.075838
4 0.612982 0.412737 0.089846 0.134558
0 0.957973 0.939498 0.078723 0.105262
0 0.903040 0.485664 0.084051 0.119938
0 0.178017 0.032675 0.090015 0.064835
0 0.300766 0.024228 0.070876 0.048364
0 0.664383 0.017760 0.080988 0.035520
0 0.468991 0.010177 0.085791 0.020355
0 0.123900 0.271533 0.087184 0.105175
0 0.929228 0.011574 0.078225 0.023148
0 0.968233 0.679769 0.063241 0.106132
0 0.011198 0.913974 0.022396 0.102958
0 0.243295 0.017173 0.084028 0.034347
0 0.200619 0.355962 0.085999 0.114722
0 0.020644 0.156358 0.040517 0.107346
0 0.784132 0.977852 0.078511 0.044192
0 0.737442 0.967840 0.086019 0.064115
0 0.017782 0.115877 0.035563 0.100355
0 0.474151 0.926649 0.084236 0.105592
0 0.938193 0.491893 0.092388 0.120844
