0 0.749397 0.957181 0.097201 0.085639
0 0.056676 0.050194 0.088701 0.100148
0 0.410723 0.530981 0.093846 0.162435
0 0.301259 0.336382 0.074674 0.135662
0 0.150423 0.050060 0.095846 0.098185
0 0.196785 0.310535 0.066643 0.112338
0 0.959424 0.499354 0.081151 0.180394
0 0.038724 0.177988 0.076932 0.170375
0 0.459543 0.296090 0.082737 0.161764
0 0.109604 0.884854 0.093849 0.157310
0 0.562039 0.326481 0.086568 0.152880
0 0.158090 0.723009 0.083716 0.156407
0 0.379577 0.353079 0.086862 0.171481
0 0.924783 0.088748 0.106508 0.175486
0 0.062799 0.734373 0.086151 0.153356
0 0.764583 0.810593 0.092859 0.149333
0 0.556755 0.744141 0.091453 0.152431
0 0.423047 0.777343 0.084698 0.153444
0 0.431822 0.081942 0.090055 0.151949
0 0.208908 0.425417 0.084518 0.126102
0 0.023371 0.507796 0.046685 0.155861
0 0.891402 0.314426 0.093810 0.161019
0 0.515944 0.408866 0.085992 0.153370
0 0.081130 0.563894 0.088781 0.159046
0 0.348504 0.715262 0.085503 0.142394
0 0.375281 0.195414 0.079703 0.140449
0 0.783983 0.265669 0.086930 0.156699
0 0.319757 0.057708 0.080695 0.114278
0 0.257266 0.747708 0.083229 0.127676
0 0.247013 0.132542 0.081557 0.135306
0 0.824324 0.417944 0.087576 0.143898
0 0.674099 0.468991 0.096687 0.160602
0 0.973285 0.817799 0.053143 0.164690
0 0.648919 0.696769 0.062693 0.127185
0 0.850737 0.696437 0.083448 0.140032
0 0.666518 0.309498 0.083724 0.172014
0 0.021439 0.347398 0.042852 0.150463
0 0.593993 0.050778 0.081346 0.098019
0 0.825967 0.108500 0.091898 0.174407
0 0.399406 0.949310 0.087411 0.100537
0 0.334945 0.598604 0.059448 0.106745
0 0.651077 0.138919 0.104482 0.160625
0 0.665109 0.046354 0.084281 0.092708
0 0.963651 0.020789 0.072698 0.039551
0 0.132090 0.490692 0.090701 0.159245
0 0.241277 0.013509 0.068185 0.026139
