0 0.557711 0.504900 0.082729 0.139236
0 0.415535 0.233185 0.080284 0.139639
0 0.484359 0.543507 0.084177 0.136718
0 0.605961 0.334769 0.085068 0.137389
0 0.182658 0.372940 0.082216 0.151315
0 0.938142 0.303988 0.088409 0.148069
0 0.265141 0.683211 0.082130 0.138421
0 0.833469 0.206903 0.093729 0.149065
0 0.141424 0.094972 0.087438 0.153130
0 0.084993 0.458433 0.078112 0.138792
0 0.135660 0.255903 0.088169 0.145991
0 0.670904 0.263882 0.086109 0.146782
0 0.230741 0.496127 0.074232 0.131097
0 0.666969 0.135706 0.086964 0.134375
0 0.255458 0.376421 0.081964 0.145139
0 0.295845 0.183595 0.083721 0.139412
0 0.743091 0.178604 0.078562 0.133542
0 0.468555 0.115734 0.087552 0.155125
0 0.530742 0.242949 0.081922 0.137417
0 0.594617 0.172380 0.086349 0.141435
0 0.953533 0.516301 0.080711 0.146389
0 0.783818 0.559917 0.074984 0.127204
0 0.221052 0.053958 0.078661 0.107370
0 0.532296 0.373924 0.083508 0.149421
0 0.736283 0.388602 0.078289 0.146120
0 0.862908 0.340481 0.079232 0.140167
0 0.334983 0.784493 0.075742 0.131347
0 0.382132 0.361602 0.083883 0.136750
0 0.151530 0.493796 0.077284 0.141491
0 0.086512 0.591019 0.078367 0.136667
0 0.027609 0.555157 0.055219 0.126972
0 0.188245 0.795887 0.075255 0.141014
0 0.359576 0.051183 0.077656 0.101014
0 0.311585 0.310847 0.086971 0.144889
0 0.027690 0.374674 0.055380 0.151949
0 0.805275 0.423535 0.082055 0.144884
0 0.882816 0.105586 0.073930 0.141495
0 0.797867 0.084667 0.088245 0.145870
0 0.720043 0.520403 0.072888 0.136731
0 0.893159 0.683769 0.080792 0.142528
0 0.972074 0.794120 0.055852 0.144944
0 0.853721 0.539602 0.081740 0.152509
0 0.960555 0.658255 0.078891 0.135889
0 0.752807 0.934139 0.081385 0.131398
0 0.346829 0.460104 0.088315 0.124875
0 0.192312 0.670282 0.074818 0.130685
0 0.460195 0.353387 0.081693 0.134468
0 0.056797 0.171648 0.083792 0.183546
0 0.735078 0.761266 0.076615 0.129681
0 0.710132 0.644051 0.075091 0.125778
0 0.781971 0.678187 0.076078 0.127375
0 0.575285 0.778440 0.078107 0.146167
0 0.949551 0.098289 0.083289 0.156662
0 0.901456 0.443375 0.085328 0.149028
0 0.045995 0.046530 0.082932 0.092829
0 0.782241 0.295468 0.086539 0.139009
0 0.473771 0.661005 0.087714 0.128250
0 0.443181 0.464530 0.084320 0.136236
0 0.920796 0.862137 0.078388 0.132125
0 0.390757 0.553007 0.085159 0.132912
0 0.267374 0.836377 0.079966 0.134486
0 0.131358 0.707609 0.075409 0.128894
0 0.434462 0.768815 0.077977 0.128278
0 0.570243 0.958162 0.074810 0.081787
0 0.257665 0.942278 0.088357 0.115444
0 0.194188 0.927338 0.071135 0.137306
0 0.006598 0.811104 0.012966 0.123690
0 0.992052 0.520319 0.015896 0.155731
0 0.030128 0.952836 0.059781 0.093912
0 0.009471 0.717187 0.018943 0.123171
0 0.114613 0.863903 0.066711 0.124750
0 0.987271 0.946738 0.025375 0.101356
0 0.011723 0.162866 0.023445 0.145241
0 0.988098 0.070273 0.023805 0.140213
0 0.628208 0.958954 0.083203 0.081380
0 0.060891 0.869660 0.088125 0.141903
0 0.944250 0.957398 0.071844 0.082343
0 0.142285 0.947407 0.072076 0.104398
0 0.424704 0.854900 0.068497 0.120208
0 0.592212 0.614447 0.082805 0.135301
0 0.684289 0.040863 0.087318 0.079569
0 0.515078 0.741891 0.083911 0.143699
1 0.074949 0.317694 0.078065 0.136056
0 0.650797 0.518250 0.077521 0.128000
0 0.500840 0.950544 0.075867 0.098597
0 0.826668 0.953021 0.079971 0.093301
0 0.507422 0.851794 0.079828 0.135458
0 0.978158 0.395546 0.043685 0.127667
0 0.078587 0.715796 0.078852 0.132796
0 0.979965 0.217613 0.040070 0.154903
0 0.630124 0.698917 0.081560 0.134037
0 0.371909 0.668715 0.092547 0.136884
0 0.624202 0.860097 0.076914 0.139935
0 0.361206 0.909829 0.084187 0.144037
0 0.560273 0.044854 0.083370 0.089384
0 0.822818 0.818083 0.068714 0.128963
1 0.697262 0.875819 0.081987 0.134315
1 0.319583 0.574914 0.086839 0.142106
