0 0.526576 0.273500 0.090089 0.186685
0 0.582344 0.445569 0.078906 0.189843
0 0.519010 0.466495 0.083281 0.171954
0 0.444344 0.830630 0.083729 0.169870
0 0.490458 0.122935 0.077667 0.189593
3 0.480688 0.717620 0.090333 0.148796
0 0.107966 0.504602 0.109724 0.121481
0 0.084391 0.590648 0.092760 0.157889
0 0.183677 0.751898 0.081573 0.178796
0 0.062297 0.285509 0.102063 0.162000
0 0.679539 0.124028 0.071911 0.167167
0 0.425034 0.646060 0.092297 0.195472
0 0.459904 0.966028 0.088432 0.067852
0 0.521055 0.825616 0.088464 0.136306
0 0.517479 0.674125 0.118146 0.204454
0 0.010602 0.897713 0.021203 0.156204
0 0.535969 0.034292 0.102656 0.068583
0 0.031492 0.490852 0.062984 0.151259
0 0.622622 0.048648 0.108818 0.097296
0 0.520865 0.924769 0.111083 0.142185
0 0.024568 0.775097 0.049135 0.173139
0 0.450099 0.248657 0.083062 0.159481
0 0.156521 0.843144 0.104479 0.160806
0 0.048341 0.928296 0.083203 0.143407
0 0.036607 0.396153 0.073214 0.180009
0 0.593068 0.263745 0.079146 0.150880
0 0.116354 0.931255 0.083771 0.134194
0 0.073128 0.815741 0.086276 0.160444
0 0.480143 0.364056 0.102130 0.164426
0 0.462237 0.517759 0.093651 0.193352
0 0.201461 0.935259 0.091297 0.126296
0 0.028260 0.627560 0.056521 0.164731
0 0.614411 0.141181 0.080896 0.143694
0 0.411393 0.930343 0.087380 0.139315
0 0.555927 0.133116 0.080042 0.179787
0 0.104195 0.385486 0.099995 0.155157
0 0.114422 0.701023 0.094427 0.167435
0 0.551068 0.577630 0.095531 0.146630
