0 0.252142 0.953516 0.084424 0.092968
0 0.283928 0.857190 0.092680 0.173611
0 0.936681 0.874553 0.098914 0.096329
0 0.796174 0.708002 0.060875 0.174356
0 0.859728 0.706389 0.080747 0.138870
0 0.863766 0.952437 0.083557 0.091940
0 0.263566 0.276991 0.089029 0.125704
0 0.018491 0.681484 0.036638 0.176097
0 0.458031 0.034164 0.096281 0.068329
0 0.534359 0.365190 0.120854 0.154176
0 0.319228 0.917655 0.087268 0.147671
0 0.757311 0.685428 0.104471 0.164829
0 0.990965 0.807514 0.018070 0.143472
0 0.667531 0.708984 0.098292 0.136986
0 0.143299 0.929273 0.103339 0.134574
0 0.029057 0.931347 0.058115 0.128000
0 0.416184 0.769806 0.093299 0.179537
0 0.481574 0.310676 0.101034 0.151500
0 0.364098 0.583252 0.079904 0.162347
0 0.296320 0.048940 0.087563 0.097880
0 0.327033 0.475051 0.100680 0.142704
0 0.489129 0.164502 0.091664 0.163829
0 0.024689 0.482539 0.048586 0.168468
0 0.980609 0.284495 0.038552 0.141685
0 0.390057 0.052484 0.081083 0.102653
0 0.985030 0.399845 0.029940 0.136329
0 0.531454 0.557380 0.099117 0.114824
0 0.167254 0.390236 0.090445 0.152611
0 0.359130 0.385347 0.091568 0.119056
0 0.292750 0.577049 0.092542 0.154514
0 0.205288 0.176384 0.087648 0.151565
0 0.475762 0.730986 0.080565 0.182157
0 0.414965 0.511944 0.082185 0.141028
0 0.056283 0.395491 0.079555 0.124731
0 0.281578 0.390463 0.086505 0.140370
0 0.545268 0.454190 0.088156 0.132259
0 0.666975 0.831604 0.091352 0.179069
0 0.286065 0.171553 0.096859 0.125486
0 0.933116 0.372799 0.093148 0.156181
0 0.620734 0.398315 0.087578 0.143352
0 0.375652 0.156562 0.078221 0.136032
0 0.345349 0.280778 0.093448 0.138269
0 0.952707 0.775715 0.094586 0.151310
0 0.531889 0.672757 0.101539 0.166819
0 0.478189 0.501826 0.072758 0.131764
0 0.663638 0.621972 0.078125 0.130639
0 0.809115 0.916752 0.096510 0.154542
0 0.864043 0.845044 0.092294 0.144977
0 0.960044 0.643574 0.079911 0.150250
0 0.592100 0.758470 0.082633 0.148403
0 0.717770 0.911380 0.086477 0.146352
0 0.906872 0.497454 0.081719 0.139852
0 0.750786 0.804111 0.081401 0.141019
0 0.726273 0.560708 0.087526 0.168898
0 0.089016 0.481002 0.082823 0.139366
0 0.788378 0.522715 0.087031 0.193356
0 0.521914 0.882699 0.094000 0.174861
0 0.442280 0.118005 0.094128 0.145167
0 0.984677 0.552782 0.030120 0.141426
0 0.844996 0.536484 0.072555 0.181884
0 0.038277 0.273400 0.076555 0.161245
0 0.974301 0.922535 0.050534 0.132097
0 0.664417 0.506685 0.084672 0.140315
0 0.610531 0.886019 0.084750 0.154870
0 0.597819 0.609595 0.082284 0.163227
