0 0.299484 0.315583 0.080844 0.114635
0 0.355291 0.882156 0.069371 0.090458
0 0.363725 0.291839 0.080848 0.111125
0 0.241512 0.372312 0.074430 0.095187
0 0.425770 0.557703 0.080570 0.099531
0 0.337881 0.103359 0.074879 0.109938
0 0.167316 0.381570 0.073664 0.101734
0 0.032408 0.900245 0.064816 0.100969
0 0.237256 0.858846 0.069676 0.114203
0 0.667270 0.145721 0.076516 0.107026
0 0.443262 0.103737 0.082930 0.102349
0 0.299943 0.828302 0.079816 0.116635
0 0.029879 0.289688 0.059758 0.103615
0 0.444533 0.637727 0.074668 0.091495
0 0.247895 0.674263 0.081062 0.106568
0 0.747381 0.902008 0.078316 0.099391
0 0.110627 0.050799 0.072238 0.092620
0 0.020834 0.971492 0.039887 0.052484
0 0.859045 0.985664 0.087410 0.025130
0 0.009803 0.098878 0.019605 0.112620
0 0.180090 0.743393 0.081227 0.104255
0 0.940646 0.103148 0.091645 0.091661
0 0.288957 0.016258 0.079898 0.032516
0 0.953598 0.551430 0.081352 0.099266
0 0.894813 0.809349 0.080492 0.094698
0 0.805799 0.132388 0.074551 0.103297
0 0.121188 0.980620 0.085266 0.038760
0 0.767008 0.794917 0.080852 0.107188
0 0.447639 0.032352 0.080309 0.063245
0 0.965082 0.748122 0.069836 0.098172
0 0.976246 0.634219 0.045016 0.106802
0 0.161793 0.673792 0.077938 0.116250
0 0.798869 0.571437 0.082027 0.107406
0 0.659428 0.982492 0.071098 0.033505
0 0.012344 0.376128 0.023516 0.097172
0 0.905883 0.032591 0.079687 0.065182
0 0.265836 0.471211 0.080664 0.109526
0 0.170633 0.015234 0.097273 0.030469
0 0.592988 0.977117 0.077750 0.045766
0 0.049104 0.815828 0.081793 0.096490
0 0.210078 0.584753 0.065375 0.092953
0 0.328627 0.968674 0.075707 0.059776
0 0.627400 0.604846 0.075715 0.108724
0 0.188379 0.067443 0.076539 0.086813
0 0.920797 0.516076 0.062312 0.093068
0 0.971822 0.919956 0.056355 0.085391
0 0.503467 0.612505 0.077613 0.110240
0 0.914555 0.843128 0.095336 0.089005
0 0.577189 0.073568 0.068137 0.103583
0 0.162309 0.547453 0.069531 0.110500
0 0.337678 0.386698 0.079816 0.094583
0 0.801283 0.226643 0.067785 0.101474
0 0.623713 0.834531 0.081902 0.092021
0 0.672543 0.898924 0.084641 0.092776
0 0.732070 0.621268 0.073602 0.098776
0 0.487475 0.252419 0.077340 0.090234
0 0.482938 0.976729 0.075469 0.046542
0 0.446313 0.423693 0.081430 0.113615
0 0.132842 0.161039 0.073348 0.096620
0 0.387420 0.444620 0.063004 0.122813
0 0.586449 0.475997 0.067023 0.092880
0 0.406543 0.716044 0.073117 0.102672
0 0.836506 0.742172 0.079934 0.088979
0 0.420980 0.972971 0.077617 0.054057
0 0.963311 0.374510 0.072785 0.099927
0 0.371715 0.642115 0.078172 0.102865
0 0.741285 0.231870 0.069648 0.100010
0 0.472275 0.717122 0.080980 0.089026
0 0.399551 0.926430 0.080969 0.095786
0 0.493090 0.787573 0.097250 0.094677
0 0.890631 0.261284 0.077840 0.091536
0 0.601434 0.181229 0.080141 0.103490
0 0.197586 0.471182 0.074602 0.096781
0 0.254809 0.583299 0.072031 0.107536
0 0.716187 0.712120 0.071695 0.104792
0 0.314055 0.688914 0.069734 0.094630
0 0.015877 0.200177 0.031629 0.103656
0 0.916814 0.923612 0.075020 0.091016
0 0.127549 0.344508 0.083035 0.097786
0 0.467143 0.487951 0.073402 0.106432
0 0.978096 0.193646 0.043809 0.109417
0 0.555686 0.397161 0.077621 0.099615
0 0.686385 0.535242 0.070879 0.098703
0 0.754576 0.351206 0.076207 0.092703
0 0.317320 0.194711 0.080867 0.113036
0 0.192742 0.890872 0.071250 0.098026
0 0.496248 0.875922 0.076285 0.110583
0 0.690641 0.283276 0.078125 0.098958
0 0.204193 0.257859 0.070910 0.114750
0 0.691029 0.816883 0.072809 0.094453
0 0.968119 0.282815 0.063762 0.106026
0 0.206705 0.110438 0.073473 0.102406
0 0.601646 0.272109 0.082605 0.100823
0 0.507004 0.037953 0.071547 0.075010
0 0.367424 0.780042 0.074668 0.096583
0 0.911297 0.424388 0.088523 0.107276
0 0.802549 0.491320 0.076410 0.112130
0 0.929766 0.185609 0.077016 0.099854
0 0.860389 0.538685 0.076082 0.110141
0 0.824209 0.317930 0.081371 0.107880
0 0.040051 0.024549 0.076242 0.049099
0 0.978893 0.975414 0.042215 0.049172
0 0.139740 0.936831 0.071152 0.105224
0 0.882971 0.657508 0.062824 0.105245
0 0.975801 0.049117 0.048398 0.094484
0 0.903299 0.725417 0.074879 0.099698
0 0.736477 0.139995 0.077828 0.096531
0 0.017912 0.672982 0.035824 0.102797
0 0.740996 0.451482 0.070602 0.098099
0 0.103922 0.025674 0.070977 0.051349
0 0.743789 0.534716 0.057344 0.087984
0 0.258082 0.158826 0.071828 0.090818
0 0.055352 0.644034 0.075187 0.130161
0 0.830279 0.878151 0.073254 0.113281
0 0.621580 0.759503 0.080793 0.101536
0 0.117598 0.811076 0.070383 0.103672
0 0.665791 0.691818 0.074590 0.093854
0 0.523979 0.508698 0.075762 0.088552
0 0.634467 0.371625 0.073137 0.090844
0 0.514186 0.111154 0.073832 0.091099
0 0.405152 0.830966 0.074602 0.089797
0 0.031365 0.521776 0.062730 0.113365
0 0.101256 0.450344 0.082590 0.093073
0 0.567273 0.718695 0.074539 0.090380
0 0.116156 0.621786 0.078773 0.118875
0 0.346533 0.029341 0.080387 0.058286
0 0.662016 0.450706 0.074977 0.091776
0 0.281498 0.929036 0.076473 0.110542
0 0.535436 0.183987 0.070262 0.104182
0 0.239715 0.282305 0.077695 0.101474
0 0.208811 0.964161 0.070988 0.071677
0 0.772840 0.058836 0.082953 0.113401
0 0.806660 0.959521 0.078188 0.080958
2 0.331062 0.486872 0.086664 0.108984
0 0.244326 0.764604 0.070465 0.091187
0 0.056168 0.164549 0.083406 0.108734
0 0.317377 0.601674 0.071840 0.097026
0 0.561613 0.652247 0.084547 0.104536
0 0.402846 0.182266 0.084957 0.115167
0 0.818629 0.650872 0.086375 0.113776
0 0.146480 0.242247 0.081094 0.109995
0 0.556836 0.313044 0.072461 0.090745
0 0.858027 0.183701 0.070500 0.099203
0 0.092199 0.532320 0.076609 0.093766
0 0.670416 0.057555 0.080801 0.094068
0 0.119547 0.078430 0.075859 0.094026
