0 0.744826 0.953644 0.088703 0.091657
0 0.348749 0.503970 0.078680 0.169440
0 0.581374 0.901813 0.076826 0.145255
0 0.031363 0.849817 0.062617 0.179792
0 0.147229 0.449343 0.078578 0.143380
0 0.526872 0.958727 0.085865 0.080343
0 0.380349 0.971542 0.086214 0.055565
0 0.837934 0.630449 0.087648 0.141222
0 0.357268 0.650130 0.080839 0.145833
0 0.307370 0.051509 0.081937 0.099250
0 0.907259 0.673824 0.084945 0.190889
0 0.226022 0.809109 0.087570 0.154449
0 0.052934 0.074644 0.085622 0.149287
0 0.633570 0.600488 0.084292 0.147745
0 0.962255 0.608225 0.075490 0.152875
0 0.723591 0.834528 0.083714 0.170389
0 0.046954 0.672988 0.085961 0.149292
0 0.413103 0.570525 0.078581 0.145347
1 0.676198 0.690368 0.084375 0.154579
0 0.536617 0.699949 0.077349 0.149880
0 0.148365 0.800787 0.085813 0.159657
0 0.464603 0.846824 0.085503 0.151676
0 0.236984 0.146458 0.089151 0.169009
0 0.864400 0.500998 0.077315 0.154884
0 0.193210 0.365914 0.083888 0.155023
0 0.033936 0.531125 0.065794 0.169639
0 0.793109 0.526530 0.090234 0.152014
1 0.731482 0.608225 0.095411 0.184310
0 0.740902 0.169377 0.082893 0.159412
0 0.936932 0.495491 0.078255 0.147824
0 0.275096 0.507366 0.090844 0.145065
1 0.593979 0.170042 0.081880 0.165713
1 0.567405 0.542257 0.077565 0.148273
0 0.797637 0.885556 0.090305 0.181972
0 0.042630 0.947292 0.081911 0.100824
1 0.650691 0.049558 0.093664 0.096199
0 0.321005 0.782500 0.085339 0.159250
0 0.924708 0.862741 0.089479 0.212750
0 0.840159 0.761470 0.092677 0.147051
1 0.276370 0.630644 0.085615 0.151565
0 0.630500 0.337347 0.082734 0.160167
1 0.052526 0.074361 0.085307 0.148722
1 0.435421 0.709528 0.079628 0.154139
0 0.140378 0.649150 0.082635 0.169264
0 0.993062 0.806058 0.013875 0.152264
0 0.207982 0.679521 0.086469 0.150921
0 0.011398 0.109616 0.022797 0.166426
0 0.263879 0.392528 0.085596 0.168824
1 0.208770 0.538225 0.083357 0.152301
0 0.660074 0.941426 0.087091 0.115500
1 0.492415 0.554405 0.083570 0.163190
1 0.798956 0.379060 0.098271 0.166185
