0 0.826266 0.045056 0.082344 0.089926
0 0.841013 0.459380 0.091839 0.167000
0 0.323497 0.356722 0.084703 0.148463
0 0.444164 0.467301 0.088016 0.169324
0 0.341589 0.798681 0.100563 0.165750
0 0.446448 0.239806 0.083531 0.162722
0 0.419299 0.611667 0.096745 0.182907
0 0.969896 0.821259 0.057417 0.168463
0 0.714523 0.794019 0.089734 0.184593
0 0.601526 0.092824 0.085333 0.154074
0 0.568693 0.494079 0.075385 0.146769
0 0.770570 0.622875 0.096328 0.157769
0 0.037185 0.839866 0.074078 0.152843
0 0.250776 0.595231 0.098219 0.186852
0 0.209771 0.848250 0.094333 0.163778
0 0.897323 0.077838 0.088917 0.155676
0 0.198549 0.510500 0.093391 0.171648
0 0.027844 0.249250 0.055688 0.156870
0 0.661164 0.473620 0.091099 0.156963
0 0.058271 0.934648 0.097729 0.125241
0 0.950484 0.384134 0.090750 0.157731
0 0.649760 0.874801 0.086438 0.159046
0 0.725641 0.221583 0.088771 0.157296
0 0.303458 0.482204 0.106906 0.161833
0 0.233646 0.746569 0.099781 0.152194
0 0.852948 0.663639 0.098271 0.173148
0 0.055242 0.041037 0.090505 0.082074
0 0.678375 0.337602 0.101938 0.166222
0 0.410427 0.940435 0.099802 0.116315
0 0.492911 0.935227 0.084219 0.128806
0 0.888406 0.909495 0.083229 0.140676
0 0.457279 0.092139 0.098964 0.167537
0 0.353094 0.564556 0.092854 0.184815
0 0.903003 0.270940 0.078359 0.132269
0 0.058234 0.380625 0.092948 0.160213
0 0.069674 0.193764 0.094859 0.174194
0 0.898010 0.785801 0.103177 0.158843
0 0.521370 0.384000 0.090844 0.152278
0 0.960924 0.222769 0.078151 0.172722
0 0.825229 0.951699 0.087125 0.094213
0 0.500826 0.241838 0.089995 0.158843
0 0.602682 0.964259 0.093750 0.071481
0 0.972487 0.094833 0.053974 0.150611
0 0.108372 0.813458 0.088120 0.164806
0 0.476943 0.808046 0.090875 0.166667
0 0.753169 0.939954 0.082349 0.117148
0 0.149539 0.207463 0.088266 0.172500
0 0.374130 0.121134 0.089750 0.151657
0 0.021414 0.129995 0.042828 0.148417
0 0.114401 0.308125 0.087031 0.162231
0 0.976839 0.580292 0.046323 0.143602
0 0.019617 0.968398 0.038891 0.058667
0 0.614852 0.016722 0.083401 0.029537
0 0.526104 0.052130 0.075948 0.098019
0 0.957747 0.972477 0.080151 0.055046
0 0.993870 0.310213 0.012260 0.152926
0 0.137055 0.069625 0.089922 0.138843
0 0.723622 0.044477 0.089276 0.085917
0 0.817393 0.166014 0.094526 0.165028
0 0.216896 0.107398 0.091625 0.180611
0 0.613427 0.766593 0.111323 0.132019
0 0.278594 0.187204 0.096198 0.170037
0 0.182424 0.374153 0.080745 0.138639
0 0.755083 0.466361 0.094531 0.160389
0 0.369107 0.230657 0.087026 0.157574
0 0.801779 0.781731 0.102703 0.162333
0 0.572922 0.852671 0.099271 0.169731
2 0.594703 0.630412 0.091083 0.193769
