0 0.503857 0.833036 0.118660 0.146198
0 0.534674 0.626036 0.114355 0.125000
0 0.259100 0.117500 0.114207 0.154656
0 0.912021 0.918201 0.118215 0.163057
0 0.878795 0.595167 0.118223 0.156896
0 0.968430 0.081195 0.062977 0.146943
0 0.207344 0.453831 0.123961 0.149526
0 0.926572 0.244185 0.102871 0.128255
0 0.107859 0.067005 0.100680 0.133385
0 0.759621 0.465409 0.112289 0.170234
0 0.306104 0.460297 0.129168 0.135396
0 0.200369 0.797388 0.110699 0.122911
0 0.249561 0.715315 0.131082 0.150172
0 0.425410 0.406760 0.108852 0.138323
0 0.863137 0.454331 0.118562 0.149880
0 0.690109 0.642927 0.124000 0.165115
0 0.548285 0.109307 0.136383 0.162281
0 0.178980 0.063599 0.107320 0.125667
0 0.582783 0.677201 0.111676 0.107026
0 0.505988 0.347036 0.095125 0.146437
0 0.225494 0.897461 0.122848 0.148078
0 0.518242 0.455651 0.104039 0.123948
0 0.093857 0.519010 0.117832 0.153854
0 0.977492 0.634526 0.044602 0.139125
0 0.034648 0.979172 0.068492 0.041656
0 0.976408 0.955818 0.045941 0.088260
0 0.037520 0.657510 0.074492 0.150500
0 0.979393 0.901685 0.040777 0.129120
0 0.052998 0.715281 0.104426 0.149167
0 0.828021 0.214620 0.122652 0.165750
0 0.397383 0.701500 0.107273 0.124323
0 0.633691 0.255484 0.138891 0.157490
0 0.622135 0.770185 0.122426 0.140005
0 0.861762 0.058036 0.104055 0.115281
0 0.032969 0.830857 0.065938 0.141734
0 0.365996 0.292065 0.113383 0.117807
0 0.447436 0.938229 0.099551 0.122885
0 0.612320 0.918919 0.145320 0.155578
0 0.338869 0.345669 0.107777 0.141328
0 0.095416 0.900859 0.101754 0.174479
0 0.309975 0.149846 0.115770 0.145609
0 0.541066 0.944281 0.114500 0.111021
0 0.156840 0.909810 0.100203 0.163495
3 0.480686 0.729383 0.102512 0.125307
