0 0.605455 0.400823 0.085816 0.092719
0 0.920057 0.200419 0.087035 0.093380
0 0.753633 0.632969 0.078953 0.095698
0 0.530285 0.955357 0.064289 0.087068
0 0.647195 0.747091 0.079227 0.110245
0 0.659520 0.523927 0.077617 0.109562
0 0.348814 0.268266 0.078215 0.086937
0 0.258807 0.420456 0.073441 0.108130
0 0.867867 0.036971 0.080930 0.073943
0 0.775881 0.426812 0.063988 0.084573
0 0.025305 0.626622 0.050609 0.112005
0 0.203162 0.389156 0.069332 0.086396
0 0.563994 0.926453 0.064918 0.080750
0 0.727012 0.880062 0.083680 0.090854
0 0.971365 0.912339 0.057270 0.094219
0 0.707971 0.050906 0.068926 0.096333
0 0.017287 0.501443 0.034574 0.094104
0 0.432846 0.584711 0.072230 0.130911
0 0.975273 0.230792 0.049406 0.096771
0 0.642971 0.614701 0.074160 0.105911
0 0.020773 0.263430 0.041547 0.120328
0 0.755066 0.020664 0.069531 0.040172
0 0.534971 0.021396 0.072934 0.042792
0 0.710826 0.301599 0.068707 0.086302
0 0.446230 0.229815 0.069563 0.090693
0 0.690221 0.233841 0.074848 0.087901
0 0.772281 0.878594 0.077328 0.094365
0 0.909287 0.983417 0.075066 0.032010
0 0.756104 0.233763 0.079441 0.084672
0 0.528447 0.672461 0.090488 0.107630
0 0.591545 0.979799 0.079801 0.040401
0 0.149807 0.390411 0.075363 0.075083
0 0.349336 0.128164 0.050438 0.069724
0 0.015932 0.379792 0.031863 0.104615
0 0.989562 0.436841 0.020875 0.117026
0 0.845875 0.988263 0.076672 0.022005
0 0.411428 0.970651 0.090723 0.058698
0 0.287842 0.229333 0.073723 0.088406
0 0.675873 0.336414 0.075074 0.100307
0 0.037561 0.021341 0.075121 0.042682
0 0.120127 0.842000 0.089605 0.092906
0 0.448131 0.020198 0.078137 0.040396
0 0.169107 0.664935 0.087059 0.093047
0 0.062977 0.890628 0.074164 0.098922
0 0.784129 0.716091 0.071844 0.109474
0 0.324926 0.740299 0.079195 0.106526
0 0.300822 0.037609 0.077754 0.075219
0 0.974248 0.119878 0.051504 0.124182
0 0.091271 0.176346 0.084176 0.110036
0 0.329707 0.200003 0.069445 0.083047
0 0.866867 0.125482 0.076078 0.085807
0 0.425352 0.499771 0.069547 0.103448
0 0.943619 0.311263 0.079941 0.113630
0 0.690432 0.983445 0.072879 0.033109
0 0.983648 0.035914 0.032703 0.068203
0 0.028904 0.925643 0.056988 0.089474
0 0.493740 0.378943 0.067074 0.079917
0 0.724748 0.696638 0.064246 0.081516
0 0.611668 0.101503 0.070422 0.105151
0 0.401553 0.202612 0.074191 0.089797
0 0.048777 0.120182 0.084227 0.107896
0 0.591139 0.038109 0.072316 0.074885
0 0.943621 0.036763 0.076789 0.073068
0 0.069076 0.763240 0.088457 0.111427
4 0.355605 0.540742 0.076641 0.090641
4 0.508420 0.269812 0.070418 0.095042
0 0.467715 0.418185 0.070516 0.091786
0 0.472543 0.074974 0.077469 0.098573
0 0.974199 0.550484 0.051117 0.101177
0 0.287359 0.133698 0.068805 0.094698
0 0.888793 0.359362 0.066320 0.103672
0 0.766143 0.357102 0.063535 0.089120
0 0.719338 0.744078 0.067691 0.098437
0 0.803438 0.197906 0.077438 0.091833
0 0.243641 0.763891 0.073773 0.101885
0 0.392709 0.911773 0.076129 0.127203
0 0.491215 0.717914 0.069117 0.114224
0 0.877484 0.907438 0.075664 0.088990
0 0.647664 0.848174 0.072656 0.095932
0 0.495953 0.558716 0.073430 0.081266
0 0.365703 0.399255 0.072609 0.097302
0 0.622852 0.925109 0.069844 0.084896
0 0.177592 0.775060 0.071949 0.089089
0 0.821154 0.603594 0.069230 0.089833
0 0.379824 0.647990 0.072172 0.085844
0 0.933635 0.451151 0.070676 0.086125
0 0.243676 0.276839 0.065008 0.088990
0 0.115709 0.488529 0.069340 0.097099
0 0.366924 0.057836 0.069316 0.086099
0 0.552525 0.119063 0.063816 0.082531
0 0.780930 0.489326 0.068852 0.098276
0 0.107885 0.262435 0.080895 0.098724
0 0.412713 0.122232 0.067996 0.089651
0 0.894381 0.814326 0.071027 0.101026
0 0.209332 0.902956 0.077750 0.096984
0 0.166258 0.093669 0.091672 0.115495
0 0.468080 0.945206 0.075965 0.107214
0 0.516600 0.879909 0.066199 0.097672
0 0.571803 0.484109 0.062715 0.084740
0 0.866896 0.282359 0.068363 0.084687
0 0.309971 0.852310 0.070035 0.098286
0 0.802488 0.289815 0.071437 0.100234
0 0.580469 0.291448 0.079453 0.121292
0 0.269549 0.944568 0.068691 0.105156
0 0.208723 0.577234 0.073125 0.092552
0 0.214354 0.485057 0.078332 0.113344
0 0.280902 0.514326 0.078305 0.102641
0 0.832639 0.486523 0.072574 0.096693
0 0.576695 0.572591 0.077383 0.100422
0 0.540939 0.200094 0.070004 0.083458
0 0.512289 0.472609 0.068500 0.092229
0 0.159049 0.321443 0.070520 0.088917
0 0.571871 0.783078 0.077969 0.117698
0 0.957561 0.649133 0.075902 0.082349
0 0.767955 0.803375 0.060707 0.083760
0 0.143162 0.570992 0.069715 0.090766
0 0.823451 0.376680 0.064473 0.093026
0 0.080947 0.583133 0.079988 0.137328
0 0.681178 0.457656 0.071855 0.119781
0 0.481352 0.152794 0.071523 0.110505
0 0.697240 0.183273 0.070918 0.079943
0 0.896543 0.667023 0.066180 0.091026
0 0.829422 0.798315 0.069406 0.099620
0 0.084449 0.348760 0.067047 0.090865
0 0.532240 0.391148 0.067730 0.086745
0 0.755836 0.956677 0.074141 0.086229
0 0.036539 0.411562 0.062023 0.082906
0 0.889219 0.592966 0.070312 0.094870
0 0.417654 0.778344 0.095848 0.102479
0 0.232682 0.091549 0.080496 0.101161
0 0.307350 0.585549 0.078504 0.105880
0 0.162377 0.212029 0.077668 0.105401
0 0.101525 0.964594 0.077949 0.070312
0 0.558158 0.681932 0.077441 0.102302
0 0.025885 0.099818 0.051035 0.101604
0 0.208193 0.992701 0.089020 0.014599
0 0.005004 0.768638 0.010008 0.090172
0 0.404674 0.459039 0.076871 0.086276
0 0.934941 0.014380 0.072875 0.027917
0 0.315184 0.695971 0.076320 0.108089
0 0.812000 0.120604 0.082461 0.086458
0 0.993738 0.641151 0.012523 0.086875
0 0.613266 0.635820 0.069742 0.099755
0 0.228043 0.836888 0.060867 0.076589
0 0.301578 0.072065 0.071266 0.082484
0 0.892387 0.077326 0.070570 0.089557
0 0.607471 0.171643 0.079262 0.109661
0 0.021658 0.986542 0.042176 0.026917
0 0.762564 0.089068 0.075184 0.092448
0 0.307025 0.654378 0.068395 0.089422
0 0.104521 0.732487 0.063668 0.088172
0 0.164740 0.022547 0.085402 0.044885
0 0.129275 0.018310 0.067324 0.035734
