0 0.732934 0.828284 0.074711 0.094141
0 0.196096 0.852682 0.075746 0.106271
0 0.105771 0.413776 0.071934 0.103990
0 0.842729 0.594000 0.069832 0.092469
0 0.396822 0.261505 0.067473 0.082604
0 0.292736 0.877352 0.072840 0.094495
0 0.584404 0.195870 0.075270 0.092531
0 0.746592 0.738419 0.071520 0.094380
0 0.625016 0.271987 0.072930 0.099932
0 0.467436 0.549221 0.072895 0.095797
0 0.419605 0.636779 0.067766 0.092484
0 0.657803 0.798633 0.072160 0.091349
0 0.781594 0.067362 0.063617 0.108193
0 0.437842 0.371211 0.067660 0.095859
0 0.960609 0.565198 0.072430 0.094437
0 0.764219 0.425362 0.068969 0.090182
0 0.894443 0.920586 0.076465 0.102589
0 0.108574 0.688576 0.068102 0.091745
0 0.494564 0.257844 0.070215 0.085604
0 0.576133 0.927664 0.072406 0.088057
0 0.213957 0.075211 0.069148 0.085422
0 0.332516 0.274940 0.068273 0.089276
0 0.863160 0.814339 0.067680 0.087927
0 0.431719 0.047599 0.070023 0.088729
0 0.233363 0.937083 0.060680 0.086906
0 0.959541 0.203240 0.066887 0.087083
0 0.358852 0.622352 0.061641 0.076651
0 0.039811 0.704857 0.072035 0.086995
0 0.641426 0.461221 0.071875 0.100161
0 0.182199 0.222034 0.070453 0.081651
0 0.720418 0.180430 0.076016 0.097286
0 0.755971 0.651427 0.070887 0.085104
0 0.841646 0.083344 0.066379 0.087271
0 0.489760 0.638036 0.069871 0.091281
0 0.802184 0.709406 0.058633 0.096646
0 0.942986 0.426432 0.066293 0.090427
0 0.196699 0.400799 0.068789 0.078016
0 0.955391 0.806276 0.063984 0.083917
0 0.829658 0.311188 0.076520 0.095635
0 0.448979 0.781521 0.065582 0.082198
0 0.671502 0.646388 0.067699 0.085297
0 0.707363 0.395750 0.064195 0.086677
0 0.240244 0.296878 0.060965 0.080901
0 0.655883 0.556271 0.071812 0.092958
0 0.392031 0.094573 0.078219 0.083271
0 0.564598 0.646732 0.064648 0.082974
0 0.037178 0.319693 0.074355 0.101167
0 0.330639 0.166411 0.069145 0.094510
0 0.540604 0.857461 0.068621 0.094932
0 0.518896 0.966346 0.067262 0.067307
0 0.219385 0.801398 0.073246 0.093724
0 0.134600 0.769151 0.074762 0.094937
0 0.304504 0.021727 0.070766 0.043453
0 0.319100 0.775276 0.081684 0.109729
0 0.503674 0.325268 0.083723 0.098682
0 0.261043 0.093266 0.062859 0.088417
0 0.975187 0.744711 0.048750 0.082245
0 0.702480 0.574753 0.063984 0.091839
0 0.870537 0.416911 0.080285 0.086802
0 0.699064 0.306799 0.061051 0.087328
0 0.397543 0.953339 0.067469 0.080896
0 0.230166 0.546948 0.079605 0.110042
0 0.605059 0.085435 0.079375 0.109755
0 0.880219 0.067555 0.071609 0.101036
0 0.723959 0.284594 0.073723 0.093635
0 0.124242 0.574242 0.060766 0.084922
0 0.196863 0.712891 0.066719 0.086250
0 0.299439 0.466633 0.073574 0.092964
0 0.820309 0.184464 0.086070 0.110615
0 0.682654 0.974938 0.069941 0.049313
0 0.572020 0.986318 0.071539 0.025760
0 0.987293 0.397596 0.024070 0.077068
0 0.016773 0.245414 0.033039 0.090453
0 0.370107 0.049549 0.069066 0.074870
0 0.990418 0.158846 0.019164 0.095193
0 0.159020 0.016409 0.073586 0.032818
0 0.482301 0.720250 0.061781 0.074167
0 0.296383 0.582781 0.074578 0.093104
0 0.470227 0.989971 0.063383 0.019141
0 0.777781 0.364375 0.054602 0.081990
0 0.953686 0.740552 0.069871 0.091240
0 0.900506 0.969469 0.069340 0.059833
0 0.009566 0.800799 0.018883 0.091984
0 0.125291 0.536651 0.070152 0.102760
0 0.642963 0.369245 0.064676 0.090563
0 0.313305 0.560849 0.075969 0.101375
0 0.864172 0.011865 0.062203 0.022927
0 0.350125 0.853406 0.072000 0.089219
0 0.525762 0.582398 0.054812 0.077214
0 0.925463 0.029229 0.053926 0.055354
0 0.635066 0.022242 0.080703 0.043016
0 0.170801 0.719589 0.063328 0.080885
0 0.625936 0.709729 0.067090 0.106333
0 0.281625 0.406154 0.074414 0.096682
0 0.065693 0.641721 0.064715 0.081464
0 0.069564 0.812635 0.070566 0.096771
0 0.980059 0.314010 0.039875 0.084542
0 0.510482 0.885982 0.065488 0.088984
0 0.126912 0.069885 0.087184 0.099583
0 0.574893 0.108688 0.064832 0.078510
0 0.757402 0.961091 0.077156 0.077818
0 0.735928 0.027732 0.066918 0.054870
0 0.020643 0.156341 0.040457 0.093526
0 0.912441 0.849010 0.060047 0.084031
0 0.293584 0.330839 0.061871 0.076938
0 0.044689 0.907641 0.085074 0.096854
0 0.037979 0.397771 0.069723 0.086250
0 0.372320 0.348445 0.067758 0.076880
0 0.735563 0.523641 0.077172 0.115125
0 0.179650 0.303089 0.064660 0.086865
0 0.411846 0.708987 0.067051 0.091453
0 0.888643 0.222669 0.070457 0.097036
0 0.677029 0.208982 0.078309 0.099359
