0 0.411882 0.211711 0.085940 0.143319
0 0.795184 0.426931 0.088164 0.147306
0 0.311802 0.844669 0.089255 0.148699
0 0.663255 0.550049 0.089365 0.163338
0 0.641526 0.778060 0.102901 0.164148
0 0.740151 0.596021 0.092599 0.153106
0 0.897257 0.323243 0.088258 0.146810
0 0.476576 0.685519 0.091807 0.143944
0 0.269659 0.237544 0.086083 0.153236
0 0.533273 0.886243 0.094073 0.165829
0 0.077290 0.130581 0.084081 0.153347
0 0.697117 0.933780 0.095474 0.132440
0 0.960456 0.247532 0.079089 0.158111
0 0.747340 0.319481 0.090794 0.133398
0 0.230402 0.507340 0.091529 0.133329
0 0.858099 0.729676 0.088203 0.148870
0 0.503249 0.316493 0.085758 0.141051
0 0.182970 0.607030 0.095612 0.152569
0 0.170094 0.825815 0.090448 0.137935
0 0.176599 0.295887 0.087385 0.147245
0 0.759784 0.737477 0.082953 0.148843
0 0.876311 0.204412 0.079784 0.131537
0 0.858072 0.062310 0.084747 0.124620
0 0.569005 0.509454 0.090521 0.123861
0 0.154042 0.155218 0.084370 0.154722
0 0.944854 0.110826 0.079500 0.135569
0 0.364556 0.691132 0.081331 0.162171
0 0.830650 0.927470 0.088914 0.144866
0 0.325051 0.530106 0.093997 0.157185
0 0.269952 0.947725 0.095466 0.103458
0 0.731635 0.063324 0.085484 0.126648
0 0.050822 0.470900 0.078263 0.132634
0 0.222887 0.384556 0.096862 0.139213
0 0.901698 0.803257 0.091474 0.152412
0 0.071797 0.735065 0.078885 0.131546
0 0.409996 0.548384 0.090221 0.146102
0 0.583844 0.398146 0.111964 0.142606
0 0.305924 0.042597 0.085422 0.085194
0 0.390863 0.943287 0.075445 0.108481
0 0.639543 0.298970 0.076195 0.156542
0 0.788443 0.201201 0.078312 0.154949
0 0.051702 0.321319 0.088523 0.166481
0 0.978507 0.848380 0.041924 0.159241
0 0.587141 0.959861 0.082682 0.080278
0 0.401562 0.051630 0.082719 0.103259
0 0.225227 0.099528 0.081922 0.132880
0 0.176457 0.943354 0.090211 0.109597
0 0.058130 0.963801 0.082839 0.071352
0 0.214898 0.722532 0.132495 0.171991
0 0.807827 0.653708 0.071279 0.134231
0 0.025815 0.698671 0.051182 0.192963
0 0.475388 0.026634 0.083568 0.053269
0 0.015289 0.521454 0.030104 0.138231
0 0.990409 0.329889 0.019172 0.154602
0 0.757016 0.970981 0.089677 0.056694
0 0.008151 0.862896 0.016302 0.169366
0 0.556996 0.067354 0.085117 0.134708
1 0.377540 0.321715 0.083773 0.145208
0 0.005012 0.101488 0.010023 0.141551
0 0.990699 0.642525 0.017872 0.135282
0 0.544661 0.749787 0.087188 0.131028
