0 0.115714 0.359671 0.086260 0.160009
0 0.068227 0.184782 0.081755 0.169880
0 0.028016 0.737093 0.056031 0.160648
0 0.307284 0.915264 0.085672 0.150028
0 0.473719 0.207407 0.076448 0.131907
0 0.416031 0.122884 0.081677 0.163194
0 0.766253 0.818069 0.088057 0.155250
0 0.789073 0.694884 0.077781 0.128824
0 0.568711 0.117852 0.088641 0.153981
0 0.964576 0.769759 0.070849 0.152907
0 0.312935 0.770329 0.089703 0.150972
0 0.719555 0.484727 0.089161 0.144194
0 0.665305 0.126551 0.085661 0.157009
0 0.616984 0.264824 0.087531 0.152519
0 0.357797 0.617991 0.082677 0.160796
0 0.243474 0.211292 0.082083 0.150824
0 0.882779 0.799046 0.080589 0.142593
0 0.497286 0.852912 0.087135 0.141639
0 0.930797 0.126171 0.098677 0.158231
0 0.693805 0.354134 0.083651 0.147861
0 0.646219 0.678472 0.080646 0.149500
0 0.183656 0.119519 0.088354 0.159278
0 0.793826 0.239074 0.084880 0.169574
0 0.654570 0.842028 0.085120 0.155111
0 0.772268 0.572625 0.081057 0.141972
0 0.334208 0.469727 0.081417 0.154213
0 0.578784 0.535227 0.089807 0.157620
0 0.434896 0.355028 0.090323 0.159296
0 0.008034 0.585620 0.015839 0.145778
0 0.219706 0.391889 0.087005 0.164907
0 0.605112 0.954319 0.076109 0.088472
0 0.037172 0.057792 0.072198 0.112269
0 0.610242 0.041194 0.075943 0.081500
0 0.272021 0.497431 0.070687 0.145417
2 0.287612 0.640870 0.084141 0.152037
0 0.016391 0.450986 0.032198 0.149713
0 0.017438 0.177421 0.034458 0.148435
0 0.984172 0.209486 0.031323 0.153324
0 0.512826 0.427630 0.090630 0.156000
0 0.037362 0.901944 0.074724 0.167204
0 0.569013 0.360843 0.099286 0.170796
0 0.339745 0.054185 0.079573 0.104333
0 0.717026 0.704935 0.075750 0.162481
0 0.743388 0.143148 0.088849 0.153130
0 0.830474 0.051287 0.076990 0.099019
0 0.486266 0.079463 0.087667 0.155315
0 0.827357 0.902755 0.090130 0.173546
0 0.288068 0.349718 0.083812 0.162602
0 0.088745 0.720019 0.083354 0.153352
0 0.222839 0.596694 0.079979 0.158981
0 0.041669 0.343046 0.083339 0.157222
0 0.113773 0.590968 0.094036 0.136639
0 0.157372 0.276310 0.068911 0.122787
0 0.163831 0.472028 0.092495 0.161870
0 0.756586 0.044005 0.083349 0.087139
0 0.991654 0.931449 0.016693 0.137102
0 0.681206 0.955977 0.075818 0.084380
0 0.507951 0.959046 0.091797 0.079852
0 0.010010 0.309477 0.018781 0.142435
0 0.757370 0.949653 0.084198 0.098639
