0 0.006990 0.162759 0.013979 0.142963
0 0.006591 0.353565 0.013182 0.140111
0 0.006945 0.854958 0.013828 0.140231
0 0.993573 0.356037 0.012854 0.135630
0 0.428302 0.122954 0.078771 0.125148
0 0.588331 0.032815 0.087693 0.065630
0 0.630865 0.041977 0.081156 0.083657
0 0.770615 0.019495 0.091958 0.038991
0 0.894349 0.029833 0.077958 0.059667
0 0.433526 0.068245 0.082677 0.128417
0 0.145154 0.025310 0.080141 0.050620
0 0.216146 0.027727 0.089854 0.053954
0 0.024503 0.054981 0.048557 0.109389
0 0.972023 0.492903 0.055953 0.149769
0 0.416526 0.389639 0.074729 0.149778
0 0.789734 0.956046 0.079583 0.087907
0 0.365219 0.161880 0.077854 0.141815
0 0.078563 0.040588 0.078229 0.081176
0 0.056021 0.102648 0.086354 0.121500
0 0.981406 0.756264 0.037188 0.138806
0 0.016742 0.601787 0.033089 0.139222
0 0.049914 0.212056 0.069964 0.128019
0 0.424812 0.250792 0.085135 0.144435
0 0.360117 0.055111 0.089036 0.107278
0 0.565214 0.222639 0.072302 0.145278
0 0.546875 0.945722 0.081812 0.108556
0 0.019716 0.469731 0.038047 0.133926
0 0.623667 0.957838 0.076563 0.084324
0 0.322807 0.187083 0.083646 0.136852
0 0.711266 0.062995 0.095448 0.125991
0 0.288667 0.052097 0.080167 0.098991
0 0.377034 0.371606 0.078766 0.136194
0 0.978885 0.144894 0.042229 0.131231
0 0.955651 0.957579 0.083750 0.084491
0 0.559872 0.359009 0.080068 0.137333
0 0.622411 0.153519 0.076344 0.142111
0 0.978513 0.649491 0.042693 0.142630
0 0.506385 0.854620 0.081438 0.138185
0 0.376945 0.847190 0.079453 0.141972
0 0.275862 0.280907 0.078891 0.129296
0 0.489286 0.350491 0.086073 0.142944
0 0.496719 0.521292 0.076615 0.145269
0 0.400112 0.948083 0.071672 0.103833
0 0.721247 0.954139 0.085297 0.090741
0 0.876034 0.529671 0.079734 0.144250
0 0.934206 0.817250 0.078943 0.138630
0 0.327076 0.806088 0.081297 0.152935
0 0.528937 0.078343 0.090771 0.145352
0 0.268883 0.487051 0.086568 0.134787
0 0.393945 0.717514 0.086318 0.147769
0 0.558242 0.447532 0.079661 0.136009
0 0.367161 0.632042 0.079406 0.131454
0 0.622393 0.298023 0.081661 0.149750
0 0.367534 0.502227 0.086380 0.145954
0 0.269953 0.573727 0.087021 0.135343
0 0.696930 0.219074 0.081203 0.143481
0 0.193729 0.538148 0.085354 0.144185
0 0.493419 0.734792 0.081182 0.139398
0 0.977055 0.883722 0.045891 0.128722
0 0.307271 0.381662 0.074302 0.130009
0 0.728815 0.586074 0.081266 0.144463
0 0.184826 0.317380 0.087234 0.143111
0 0.646773 0.763843 0.082984 0.142889
0 0.229708 0.105204 0.079833 0.134500
0 0.217201 0.223472 0.083401 0.135685
0 0.143995 0.448472 0.081510 0.137037
0 0.601003 0.554319 0.086547 0.147398
0 0.451891 0.638894 0.091562 0.145880
0 0.592573 0.852519 0.085979 0.134741
0 0.823484 0.195245 0.076156 0.142009
0 0.927143 0.425694 0.074391 0.125111
0 0.445599 0.504981 0.085427 0.153000
0 0.234529 0.383634 0.082672 0.138250
0 0.902995 0.768037 0.079156 0.133037
0 0.322745 0.938949 0.077594 0.121435
0 0.766130 0.175639 0.080896 0.140444
0 0.666393 0.885894 0.079620 0.137176
0 0.117690 0.372949 0.079745 0.146120
0 0.446987 0.850898 0.081578 0.142463
0 0.811818 0.407051 0.076781 0.117750
0 0.963714 0.261523 0.072573 0.137602
0 0.785026 0.304014 0.086792 0.136528
0 0.294096 0.687301 0.081630 0.140546
0 0.477641 0.948611 0.074594 0.102778
0 0.709518 0.345005 0.089672 0.134120
0 0.267648 0.837111 0.081516 0.118444
0 0.901612 0.316537 0.087505 0.138259
0 0.217982 0.931449 0.078703 0.137102
0 0.138677 0.929403 0.085552 0.140713
0 0.117260 0.237282 0.085302 0.149324
0 0.222365 0.661880 0.080229 0.139815
0 0.762250 0.859060 0.081823 0.147324
0 0.827180 0.071750 0.084089 0.126278
0 0.738430 0.728514 0.086141 0.139880
0 0.535047 0.623718 0.082073 0.143731
0 0.576750 0.727782 0.087333 0.136454
0 0.170589 0.502514 0.089312 0.170472
0 0.871055 0.662889 0.081203 0.143222
0 0.953328 0.064065 0.080375 0.128130
0 0.040570 0.789144 0.075464 0.129806
0 0.800643 0.639273 0.081505 0.137046
0 0.006680 0.961889 0.013359 0.076222
0 0.156453 0.126773 0.086750 0.164787
0 0.796346 0.516319 0.086547 0.134250
0 0.821180 0.772597 0.093609 0.153972
0 0.883096 0.194042 0.079755 0.140583
0 0.664539 0.633866 0.088464 0.150861
0 0.104490 0.858708 0.075781 0.128528
0 0.058193 0.938190 0.084188 0.123620
4 0.488469 0.204745 0.096906 0.174139
0 0.151214 0.606407 0.083562 0.144685
0 0.198648 0.782625 0.079380 0.141769
0 0.041721 0.306505 0.083443 0.151083
0 0.725620 0.460468 0.085427 0.133231
0 0.893917 0.915528 0.088094 0.146296
0 0.070990 0.482472 0.079156 0.137333
0 0.072003 0.612560 0.089276 0.148324
0 0.130544 0.746125 0.080057 0.134102
