0 0.914643 0.707009 0.087964 0.139231
4 0.461061 0.752414 0.087721 0.151912
0 0.994349 0.580079 0.011302 0.140889
0 0.018691 0.932576 0.037383 0.132032
0 0.241021 0.859826 0.077776 0.146199
0 0.369776 0.706748 0.084542 0.151875
0 0.298823 0.831023 0.087458 0.164593
0 0.034553 0.662581 0.068612 0.144745
0 0.362460 0.526993 0.092862 0.140116
0 0.450070 0.494231 0.081156 0.123917
0 0.096531 0.705125 0.076693 0.131796
0 0.248272 0.327623 0.084654 0.146995
0 0.588017 0.297248 0.077013 0.148273
0 0.128714 0.813250 0.106531 0.132611
0 0.169750 0.736618 0.083557 0.148069
0 0.742814 0.467280 0.081742 0.137218
0 0.289115 0.694866 0.088099 0.134019
0 0.380901 0.431111 0.078547 0.117769
0 0.442633 0.936609 0.077130 0.122829
0 0.863917 0.624225 0.083687 0.146458
0 0.838427 0.808597 0.079339 0.155194
0 0.533225 0.542711 0.081164 0.140301
0 0.469223 0.593944 0.083841 0.158056
0 0.046499 0.834345 0.076826 0.140977
0 0.620698 0.816257 0.078875 0.139431
0 0.315057 0.590262 0.082063 0.139042
0 0.969906 0.420042 0.059984 0.140046
0 0.015354 0.230556 0.030708 0.163694
0 0.034504 0.514681 0.068789 0.161750
0 0.721642 0.821271 0.074091 0.140347
0 0.532469 0.235780 0.081682 0.142773
0 0.798414 0.308014 0.078474 0.150694
0 0.658118 0.945266 0.075253 0.108468
0 0.988992 0.710407 0.021828 0.126481
0 0.418868 0.638926 0.077154 0.145583
0 0.050865 0.258609 0.083417 0.157532
0 0.005049 0.031757 0.010099 0.063514
0 0.568090 0.743231 0.079872 0.139731
0 0.062389 0.128069 0.073096 0.128370
0 0.069572 0.020178 0.078560 0.040356
0 0.504736 0.959083 0.075638 0.078907
0 0.593659 0.445898 0.075036 0.141343
0 0.011896 0.771544 0.023792 0.151236
0 0.929548 0.577269 0.075721 0.135648
0 0.137995 0.307144 0.081167 0.142926
0 0.783185 0.864544 0.076724 0.135236
0 0.846470 0.385185 0.077279 0.132648
0 0.296814 0.940380 0.077539 0.118370
0 0.864771 0.929227 0.093292 0.138926
0 0.137344 0.184139 0.090385 0.139917
0 0.653294 0.631271 0.086047 0.157440
0 0.121022 0.492275 0.075367 0.138847
0 0.913786 0.843028 0.083078 0.157278
0 0.534258 0.397062 0.083500 0.182838
0 0.986797 0.208764 0.026406 0.146093
0 0.934361 0.348157 0.080383 0.125500
0 0.199251 0.411630 0.085482 0.138546
0 0.990470 0.906965 0.019060 0.125838
