0 0.224143 0.447799 0.089833 0.160634
0 0.226958 0.075053 0.092688 0.150014
0 0.426286 0.430852 0.087797 0.170685
0 0.474661 0.582500 0.091557 0.162593
0 0.537733 0.646102 0.089398 0.163481
0 0.850311 0.221718 0.086737 0.163611
0 0.264948 0.189792 0.088250 0.173713
0 0.336586 0.568062 0.091302 0.156745
0 0.374266 0.685287 0.092536 0.173750
0 0.498855 0.447856 0.085737 0.166509
0 0.095984 0.829301 0.088182 0.168259
0 0.803762 0.420500 0.088648 0.154889
0 0.219984 0.932412 0.092313 0.133528
0 0.757574 0.787299 0.081820 0.147634
0 0.783815 0.894049 0.085057 0.139245
0 0.088286 0.491282 0.081932 0.159713
0 0.904598 0.381046 0.095013 0.152176
0 0.581232 0.207653 0.089031 0.167685
0 0.722892 0.144924 0.085987 0.160856
0 0.025536 0.419870 0.051073 0.153352
0 0.994486 0.034868 0.010820 0.069736
0 0.433707 0.877039 0.082039 0.148208
0 0.034931 0.539030 0.069862 0.148875
0 0.215077 0.765488 0.083284 0.145338
0 0.918184 0.778759 0.088747 0.160204
0 0.149419 0.076060 0.095818 0.152120
0 0.787958 0.284884 0.087734 0.164528
0 0.072443 0.100870 0.084151 0.143167
0 0.752823 0.036255 0.087953 0.072509
0 0.944992 0.962472 0.082562 0.072120
0 0.193186 0.220521 0.086503 0.158995
0 0.427741 0.278150 0.083513 0.162245
0 0.725777 0.346463 0.082841 0.157657
0 0.694934 0.925988 0.085570 0.145421
0 0.331428 0.109113 0.087451 0.177329
0 0.597813 0.051597 0.097391 0.102667
0 0.973566 0.798722 0.052721 0.164056
0 0.961986 0.463778 0.076029 0.157398
0 0.680049 0.059442 0.085042 0.118523
0 0.972526 0.926986 0.054354 0.137769
0 0.767742 0.964405 0.106964 0.067171
0 0.331719 0.799005 0.083396 0.155269
0 0.292174 0.041380 0.092115 0.081259
0 0.391913 0.946289 0.091836 0.105699
0 0.466230 0.031718 0.084753 0.063185
0 0.072685 0.019829 0.086359 0.038454
0 0.077118 0.303419 0.087617 0.156162
0 0.961135 0.320799 0.077141 0.171579
0 0.598999 0.950493 0.090143 0.097366
0 0.022469 0.656340 0.044823 0.168949
0 0.159935 0.347403 0.086130 0.155102
0 0.165331 0.671762 0.089693 0.153949
0 0.905303 0.028868 0.088227 0.055653
0 0.658327 0.470606 0.085539 0.163028
0 0.500201 0.874961 0.081781 0.167403
0 0.637656 0.848977 0.084984 0.147796
0 0.299687 0.951338 0.086141 0.095815
0 0.038375 0.222012 0.076750 0.152597
0 0.113815 0.200500 0.096927 0.166944
0 0.095699 0.946616 0.090076 0.105000
0 0.680957 0.251287 0.091497 0.161333
0 0.769551 0.543743 0.091966 0.169856
0 0.990460 0.244655 0.018711 0.159069
0 0.372898 0.212375 0.092411 0.172426
0 0.347475 0.437993 0.097555 0.162690
0 0.009500 0.952727 0.019000 0.094546
0 0.875940 0.965803 0.080260 0.066329
0 0.820504 0.636850 0.084148 0.154097
0 0.055693 0.731174 0.081969 0.149681
0 0.397639 0.066856 0.089076 0.133713
0 0.830674 0.033023 0.088849 0.066046
0 0.536177 0.020576 0.077339 0.040273
0 0.556337 0.761875 0.084956 0.135519
0 0.219953 0.578069 0.091240 0.146815
0 0.563725 0.403711 0.085805 0.159866
0 0.967668 0.147657 0.064409 0.165519
0 0.883299 0.507095 0.087812 0.153236
0 0.621447 0.333720 0.083966 0.153773
0 0.879406 0.880750 0.083760 0.142352
0 0.709082 0.713694 0.100846 0.150454
0 0.945760 0.578109 0.090729 0.156986
0 0.640156 0.130095 0.082651 0.143856
0 0.167264 0.867405 0.090352 0.165347
0 0.963246 0.682801 0.072878 0.152833
0 0.496859 0.250963 0.080745 0.144269
0 0.264400 0.674574 0.085971 0.160907
0 0.156777 0.481829 0.084185 0.161204
0 0.431745 0.754569 0.082547 0.136222
0 0.909796 0.115854 0.086253 0.161801
0 0.027490 0.856688 0.054865 0.160014
0 0.825628 0.794949 0.086115 0.165481
0 0.694779 0.598516 0.093927 0.148366
1 0.567086 0.880336 0.085370 0.154264
1 0.520047 0.117199 0.095969 0.171843
