0 0.448685 0.954053 0.063740 0.090282
0 0.951883 0.122319 0.074302 0.140963
0 0.663143 0.720400 0.078802 0.149264
0 0.898986 0.605125 0.079987 0.117852
0 0.751082 0.179336 0.065862 0.139319
0 0.885344 0.137757 0.061479 0.196681
0 0.690111 0.158995 0.058602 0.190287
0 0.731033 0.957907 0.068456 0.081324
0 0.045943 0.573650 0.091651 0.127403
0 0.057967 0.329896 0.084862 0.142005
0 0.434708 0.623815 0.073786 0.142583
0 0.364272 0.392940 0.081201 0.123815
0 0.814734 0.508155 0.080292 0.123764
0 0.263320 0.636553 0.085594 0.148968
0 0.177917 0.409639 0.060292 0.166130
0 0.622872 0.849544 0.072724 0.130569
0 0.552827 0.869938 0.055888 0.227782
0 0.375197 0.016972 0.075445 0.033944
0 0.260962 0.447850 0.091664 0.126727
0 0.251513 0.962722 0.078828 0.072417
0 0.401671 0.247715 0.055534 0.207569
0 0.982329 0.642847 0.035294 0.139306
0 0.116738 0.055500 0.058690 0.109398
0 0.122626 0.305312 0.071430 0.172514
1 0.586126 0.142484 0.069628 0.134097
0 0.915887 0.300708 0.081117 0.118824
0 0.590108 0.036919 0.083419 0.073838
0 0.273540 0.836102 0.074977 0.163407
0 0.445225 0.045650 0.081060 0.090560
0 0.487199 0.366088 0.086117 0.138704
0 0.887983 0.896329 0.072982 0.131796
0 0.818706 0.055030 0.070505 0.108153
0 0.702663 0.588623 0.076034 0.176292
0 0.193004 0.061380 0.086456 0.122759
0 0.507130 0.969512 0.052490 0.057792
0 0.529927 0.235083 0.065823 0.164111
0 0.037464 0.704657 0.074927 0.124685
0 0.778484 0.684273 0.086141 0.120444
0 0.292802 0.052521 0.063323 0.103227
0 0.383857 0.908720 0.081698 0.139551
0 0.694009 0.035380 0.079289 0.070759
0 0.742087 0.442088 0.080440 0.136759
0 0.461022 0.229986 0.071445 0.143824
0 0.623570 0.435697 0.072792 0.141468
0 0.323177 0.722650 0.083943 0.131125
0 0.595376 0.696778 0.070945 0.127852
0 0.827013 0.218618 0.072719 0.149606
0 0.316647 0.526468 0.072284 0.148472
0 0.965868 0.776148 0.067924 0.122148
0 0.007340 0.846090 0.014680 0.130542
0 0.972697 0.506750 0.054607 0.127370
0 0.688262 0.332264 0.070247 0.141694
0 0.961488 0.985787 0.077023 0.025083
0 0.837809 0.800488 0.083711 0.115819
0 0.512952 0.686630 0.071836 0.126759
0 0.804991 0.930493 0.079237 0.136718
0 0.339951 0.266898 0.074479 0.132167
0 0.580953 0.558292 0.076578 0.124824
0 0.499486 0.547778 0.076779 0.143380
0 0.116310 0.473120 0.073406 0.142185
