0 0.864437 0.612509 0.078073 0.137907
0 0.215430 0.439657 0.094349 0.164222
0 0.889984 0.931046 0.086042 0.137907
0 0.035815 0.126880 0.071255 0.145963
0 0.689146 0.038241 0.095260 0.076481
0 0.607026 0.297394 0.074677 0.153639
0 0.251818 0.698241 0.088396 0.152111
0 0.991331 0.037500 0.015818 0.072667
0 0.426581 0.016343 0.084078 0.032685
0 0.994542 0.776222 0.010917 0.135722
0 0.990893 0.415000 0.018214 0.147815
0 0.990044 0.158634 0.019911 0.140269
0 0.014339 0.654051 0.027240 0.159880
2 0.428690 0.208963 0.090026 0.148815
0 0.088615 0.036343 0.085281 0.072685
0 0.019245 0.367153 0.038490 0.160787
0 0.962674 0.949310 0.074651 0.101380
0 0.724190 0.180708 0.114349 0.139009
0 0.373953 0.953356 0.074375 0.093287
0 0.172185 0.044528 0.087589 0.089037
0 0.728867 0.399514 0.102870 0.123880
0 0.497133 0.631116 0.073911 0.146306
0 0.815685 0.928319 0.084526 0.143046
0 0.183857 0.940514 0.088661 0.115954
0 0.931438 0.424366 0.076219 0.137287
0 0.701932 0.634046 0.089740 0.142352
0 0.678406 0.297116 0.074250 0.143120
0 0.306549 0.946106 0.078818 0.107787
0 0.063560 0.595454 0.090568 0.145167
0 0.963271 0.695074 0.073458 0.146926
0 0.837917 0.253144 0.087583 0.146880
0 0.124982 0.319606 0.083755 0.146343
0 0.735896 0.517227 0.096958 0.145750
0 0.503638 0.487319 0.077234 0.145065
0 0.428208 0.699269 0.076990 0.154167
0 0.851432 0.443472 0.073156 0.137519
0 0.664229 0.905005 0.084354 0.150380
0 0.759391 0.705398 0.081240 0.144167
0 0.569354 0.643023 0.080344 0.154861
0 0.459531 0.079574 0.097781 0.153704
0 0.363672 0.642153 0.074896 0.131435
0 0.555586 0.922208 0.081682 0.140287
0 0.455701 0.360847 0.080422 0.149213
0 0.892536 0.134449 0.082615 0.143139
0 0.325682 0.207907 0.085271 0.149204
0 0.559411 0.786111 0.097750 0.143093
0 0.118865 0.492657 0.089677 0.161926
0 0.049536 0.273648 0.083542 0.145111
0 0.527688 0.174199 0.083625 0.170065
0 0.345458 0.516287 0.082594 0.147296
0 0.601354 0.140606 0.080781 0.144194
0 0.956523 0.292986 0.086609 0.147102
0 0.570297 0.418319 0.082979 0.132787
0 0.615357 0.549838 0.081547 0.147491
0 0.479786 0.836481 0.084594 0.157648
0 0.381328 0.337171 0.089500 0.153509
0 0.746432 0.074079 0.086448 0.147380
0 0.749633 0.284282 0.083380 0.145398
0 0.115867 0.156958 0.089589 0.145306
0 0.095766 0.716134 0.087667 0.151787
0 0.358367 0.795653 0.075776 0.140046
0 0.221682 0.178588 0.092333 0.155509
0 0.365174 0.068940 0.088005 0.136417
0 0.819089 0.792065 0.088125 0.154944
0 0.045370 0.802120 0.090740 0.161222
0 0.271810 0.849657 0.084318 0.139907
