0 0.957306 0.034174 0.084555 0.068347
0 0.443613 0.041319 0.090518 0.082306
0 0.979221 0.618924 0.041260 0.166912
0 0.027108 0.643602 0.054216 0.129444
0 0.622309 0.956762 0.078456 0.086060
0 0.542743 0.954454 0.085409 0.089889
0 0.853224 0.047928 0.087313 0.094727
0 0.154003 0.693998 0.098437 0.168671
0 0.851526 0.147259 0.092443 0.126574
0 0.965427 0.754796 0.068911 0.147009
0 0.155560 0.210387 0.079604 0.173394
0 0.406625 0.948905 0.083458 0.101431
0 0.372909 0.057130 0.075464 0.111787
0 0.089168 0.311711 0.100206 0.146912
0 0.242771 0.686558 0.093719 0.157116
0 0.560622 0.227306 0.077667 0.180491
0 0.857710 0.312354 0.081305 0.160366
0 0.027202 0.235968 0.054143 0.147731
0 0.033159 0.094711 0.066318 0.157431
0 0.468799 0.122880 0.084573 0.130241
0 0.686486 0.934852 0.076820 0.127565
0 0.258232 0.545248 0.085406 0.140069
0 0.789728 0.259887 0.080695 0.158292
0 0.274130 0.883660 0.087130 0.166403
0 0.701586 0.797032 0.083833 0.171463
0 0.636068 0.216815 0.081672 0.151111
0 0.356500 0.334674 0.086214 0.162431
0 0.734711 0.354525 0.092453 0.144088
0 0.207462 0.290586 0.081393 0.132986
0 0.339188 0.204178 0.073141 0.137986
0 0.411711 0.234289 0.086208 0.162079
0 0.630401 0.752458 0.081057 0.155667
0 0.154411 0.381819 0.087594 0.166213
0 0.405704 0.821900 0.089378 0.156727
0 0.484085 0.386056 0.097690 0.160037
0 0.502775 0.529375 0.080763 0.139037
0 0.549561 0.728595 0.079352 0.137190
0 0.082422 0.188574 0.079422 0.137870
0 0.183533 0.931896 0.089159 0.136208
0 0.384453 0.522866 0.092740 0.152880
0 0.935227 0.648352 0.076995 0.156296
0 0.144456 0.532229 0.092552 0.155542
0 0.884932 0.514833 0.086234 0.160944
0 0.209445 0.814187 0.089219 0.149097
0 0.714941 0.238725 0.083497 0.150551
0 0.651329 0.482875 0.083409 0.135704
0 0.590092 0.861692 0.094737 0.152171
0 0.227526 0.421116 0.090458 0.157426
0 0.981673 0.877484 0.036539 0.151968
0 0.650033 0.354887 0.083466 0.136681
0 0.284885 0.339991 0.082401 0.149306
0 0.446813 0.707926 0.085859 0.150731
0 0.197681 0.116678 0.083617 0.153227
0 0.759186 0.116493 0.089576 0.146847
0 0.805766 0.415063 0.095005 0.163310
0 0.733788 0.487551 0.088763 0.149769
0 0.127029 0.845269 0.093849 0.165426
0 0.264383 0.201646 0.093990 0.171532
0 0.986212 0.173762 0.027310 0.163949
0 0.503805 0.862435 0.090839 0.161694
0 0.489257 0.240574 0.079711 0.142287
0 0.297074 0.074611 0.093914 0.144833
