0 0.882836 0.418367 0.079781 0.104068
0 0.744238 0.522018 0.075406 0.096276
0 0.081488 0.144510 0.090094 0.134458
0 0.030381 0.688698 0.059918 0.095187
0 0.909029 0.038969 0.076949 0.077687
0 0.461682 0.651130 0.077699 0.096646
0 0.355293 0.344010 0.082383 0.105083
0 0.111979 0.703227 0.075121 0.100828
0 0.905127 0.927669 0.080363 0.108141
0 0.895848 0.511602 0.071031 0.089766
0 0.729232 0.444875 0.059215 0.086354
0 0.049662 0.869214 0.080371 0.118813
0 0.363309 0.703693 0.082195 0.103344
0 0.502506 0.075490 0.069793 0.099125
0 0.176730 0.528937 0.084453 0.111094
0 0.339123 0.084992 0.072902 0.111078
0 0.239982 0.413969 0.079926 0.106521
0 0.491791 0.738539 0.085785 0.103068
0 0.400939 0.788068 0.080184 0.112458
0 0.753773 0.649393 0.075859 0.091266
0 0.457873 0.160185 0.074871 0.112922
0 0.283811 0.824143 0.067480 0.092870
0 0.160838 0.792750 0.083520 0.090094
0 0.339539 0.535617 0.077883 0.105536
0 0.665578 0.546021 0.074070 0.101031
0 0.795740 0.396932 0.076777 0.096073
0 0.385135 0.163656 0.076832 0.099271
0 0.669209 0.669448 0.077996 0.101802
0 0.963852 0.276370 0.071586 0.102885
0 0.806922 0.834813 0.065320 0.087563
0 0.156207 0.880609 0.070469 0.096302
0 0.970971 0.142680 0.056551 0.095578
0 0.564941 0.071174 0.064813 0.096693
0 0.190479 0.116818 0.082184 0.118771
0 0.431395 0.572240 0.077070 0.097240
0 0.554244 0.173365 0.081527 0.105208
0 0.912719 0.643823 0.077680 0.098573
0 0.059102 0.575927 0.075430 0.103469
0 0.056932 0.471687 0.085043 0.098573
0 0.584730 0.457568 0.076844 0.101615
0 0.556871 0.938299 0.087883 0.103182
0 0.738252 0.270513 0.083223 0.104422
0 0.874801 0.743815 0.086727 0.115234
0 0.272305 0.712555 0.080852 0.105880
0 0.722227 0.802151 0.082602 0.110469
0 0.914732 0.827305 0.078621 0.098307
0 0.967117 0.552271 0.065766 0.101667
0 0.353273 0.248794 0.073945 0.091776
0 0.872135 0.283768 0.088832 0.115401
0 0.644625 0.955284 0.080648 0.089339
0 0.987328 0.622448 0.024531 0.106344
0 0.537221 0.705391 0.065379 0.091188
0 0.257916 0.074555 0.077973 0.118286
0 0.327225 0.794096 0.075676 0.103599
0 0.549291 0.334810 0.083926 0.103057
0 0.972105 0.057039 0.055789 0.097349
0 0.168799 0.375914 0.076043 0.113766
0 0.288133 0.284042 0.080297 0.118104
0 0.658621 0.025518 0.081367 0.050620
0 0.036547 0.308195 0.073094 0.126057
0 0.660256 0.461922 0.078363 0.097208
0 0.982078 0.866917 0.035789 0.114927
0 0.403619 0.968310 0.073270 0.063380
0 0.013797 0.939844 0.026297 0.107896
0 0.008023 0.618096 0.015539 0.104464
0 0.694746 0.098888 0.115977 0.086745
0 0.713666 0.983276 0.081652 0.032948
0 0.497422 0.210979 0.039141 0.099125
0 0.300377 0.585747 0.082184 0.123141
0 0.456916 0.948365 0.073277 0.102677
0 0.416014 0.869445 0.073020 0.096547
0 0.543051 0.986232 0.069844 0.027536
0 0.867221 0.980070 0.082934 0.039859
0 0.560225 0.577190 0.078332 0.084057
0 0.589279 0.020914 0.071512 0.041828
0 0.459473 0.329578 0.071578 0.087250
0 0.623646 0.350250 0.080426 0.097063
0 0.020023 0.078289 0.038922 0.118089
0 0.218818 0.260044 0.083402 0.114141
0 0.980494 0.963859 0.039012 0.068469
0 0.135262 0.033148 0.085828 0.065026
