0 0.934587 0.163303 0.086096 0.145264
0 0.086549 0.261646 0.090333 0.155292
0 0.426187 0.026977 0.077234 0.052602
0 0.179638 0.346088 0.089698 0.172611
0 0.965547 0.064981 0.068906 0.129963
0 0.099789 0.680282 0.098234 0.155648
0 0.231730 0.252206 0.095565 0.139292
0 0.009996 0.594282 0.019779 0.149074
0 0.618021 0.034850 0.078094 0.069699
0 0.381380 0.305572 0.083995 0.147625
0 0.491284 0.599667 0.091161 0.157815
0 0.163730 0.062211 0.085664 0.124190
0 0.464215 0.377227 0.100419 0.179546
0 0.532965 0.207544 0.087617 0.157079
0 0.355074 0.067905 0.088148 0.135810
0 0.567665 0.534032 0.089951 0.153796
0 0.325703 0.401456 0.099109 0.157005
0 0.563254 0.373944 0.091372 0.164500
0 0.241388 0.116509 0.091135 0.151250
0 0.601181 0.709475 0.094898 0.166792
0 0.497281 0.064995 0.087411 0.129991
0 0.240639 0.946111 0.097404 0.107546
0 0.971297 0.974345 0.057406 0.050181
0 0.674379 0.893516 0.093482 0.167847
0 0.921405 0.588419 0.099940 0.175338
0 0.687464 0.141891 0.103474 0.179042
0 0.021008 0.288044 0.041609 0.181847
0 0.682947 0.485021 0.100560 0.161551
0 0.085208 0.548873 0.086031 0.142329
0 0.398453 0.852648 0.094667 0.164981
0 0.691121 0.324171 0.099846 0.167769
0 0.841432 0.090382 0.094839 0.165644
0 0.275949 0.016336 0.084383 0.031884
0 0.593146 0.972998 0.070255 0.052292
0 0.101866 0.403116 0.092102 0.150278
0 0.854437 0.283565 0.103589 0.174676
0 0.824520 0.511208 0.102820 0.154056
