1 0.679159 0.438773 0.076167 0.124778
1 0.824031 0.361968 0.074068 0.150361
0 0.179578 0.763625 0.073333 0.145102
0 0.116897 0.825306 0.081701 0.130509
0 0.789866 0.488935 0.068195 0.120407
0 0.203798 0.483370 0.075273 0.130574
0 0.731685 0.550815 0.081625 0.144870
0 0.305323 0.739201 0.084677 0.139958
0 0.073456 0.597838 0.084531 0.145407
0 0.760978 0.233333 0.097154 0.154361
0 0.529833 0.167356 0.069505 0.119861
0 0.432366 0.610660 0.076622 0.148681
0 0.390832 0.064611 0.082805 0.128787
0 0.905704 0.586935 0.087852 0.141528
0 0.564132 0.061896 0.076857 0.123495
0 0.259928 0.571382 0.082935 0.146227
0 0.747896 0.388016 0.092083 0.171338
0 0.114030 0.155678 0.085664 0.152227
0 0.209749 0.220174 0.082951 0.132894
0 0.464408 0.206421 0.088456 0.172824
0 0.103866 0.470903 0.082586 0.137454
0 0.356954 0.623134 0.083695 0.148917
0 0.685510 0.763241 0.074870 0.129167
0 0.494842 0.809933 0.076878 0.140977
0 0.679376 0.634532 0.088477 0.136741
0 0.913151 0.437139 0.087875 0.172037
0 0.935341 0.713361 0.084516 0.135935
0 0.412098 0.308752 0.093294 0.150662
0 0.266440 0.121241 0.082417 0.149417
0 0.586367 0.720782 0.081807 0.142019
0 0.533870 0.375303 0.089052 0.150995
0 0.803943 0.624699 0.088214 0.153167
0 0.599453 0.869771 0.090417 0.148662
0 0.437764 0.435840 0.086284 0.151625
0 0.339759 0.392005 0.083518 0.152250
1 0.594840 0.464581 0.079492 0.139329
0 0.168884 0.021410 0.113242 0.041755
1 0.494283 0.517468 0.086945 0.152222
1 0.632491 0.118831 0.071664 0.123940
1 0.489168 0.066863 0.080565 0.132273
1 0.556138 0.592590 0.079542 0.133449
0 0.594734 0.970972 0.087099 0.057926
0 0.321022 0.023549 0.084992 0.046144
1 0.196497 0.622898 0.077438 0.138620
0 0.818938 0.954720 0.077901 0.089486
0 0.978027 0.633866 0.043878 0.157130
0 0.072891 0.037870 0.077479 0.074611
0 0.754311 0.033301 0.083596 0.066444
0 0.025544 0.938903 0.050776 0.119889
0 0.663548 0.046836 0.091503 0.092551
0 0.373661 0.500060 0.095172 0.137157
0 0.518236 0.943850 0.084477 0.110218
0 0.965978 0.337637 0.068039 0.173310
0 0.083882 0.931579 0.077576 0.133463
0 0.125221 0.690187 0.080635 0.153431
0 0.264027 0.369069 0.074539 0.160139
0 0.852591 0.492625 0.066083 0.148269
0 0.705385 0.131188 0.086427 0.167347
0 0.966522 0.504356 0.066211 0.157954
0 0.035393 0.412400 0.070750 0.171255
0 0.192501 0.354553 0.079690 0.131755
0 0.186863 0.095444 0.081971 0.141676
0 0.989112 0.762729 0.021776 0.139273
