0 0.533469 0.943481 0.062552 0.113037
0 0.022424 0.613380 0.044349 0.132000
0 0.976159 0.468282 0.046734 0.145565
0 0.994260 0.661315 0.011479 0.145074
0 0.229453 0.040861 0.066469 0.081722
0 0.148719 0.544565 0.082656 0.127093
0 0.063555 0.638736 0.073359 0.134065
0 0.522612 0.765139 0.067464 0.155241
0 0.562568 0.256829 0.069708 0.182713
0 0.027883 0.484542 0.055766 0.157509
0 0.052904 0.916148 0.092557 0.140556
0 0.299156 0.748093 0.080635 0.138519
0 0.492323 0.471042 0.071333 0.157991
0 0.125271 0.415037 0.066708 0.152796
0 0.119583 0.937236 0.061292 0.122102
0 0.088448 0.766259 0.069396 0.138481
0 0.935654 0.296282 0.067099 0.155213
0 0.033120 0.788134 0.064552 0.164102
4 0.869565 0.882051 0.085401 0.147657
4 0.550242 0.502352 0.079901 0.155889
0 0.496378 0.901394 0.080474 0.163250
0 0.423078 0.137120 0.073448 0.124000
0 0.322953 0.223838 0.074260 0.149880
0 0.651448 0.158315 0.084792 0.148278
0 0.084104 0.213708 0.082917 0.120602
0 0.891591 0.671954 0.078036 0.135074
0 0.661341 0.800755 0.075651 0.127009
0 0.727141 0.883727 0.078406 0.130417
0 0.669846 0.367884 0.079349 0.159824
0 0.955367 0.801986 0.082057 0.135657
0 0.749971 0.240208 0.072599 0.130620
0 0.382849 0.500958 0.069521 0.133954
0 0.640737 0.678810 0.075370 0.124417
0 0.887667 0.088565 0.085573 0.142111
0 0.166612 0.268352 0.071453 0.137500
0 0.619216 0.295944 0.079130 0.138426
0 0.180729 0.094259 0.064740 0.131463
0 0.589164 0.413588 0.080557 0.126898
0 0.969586 0.929671 0.059016 0.132639
0 0.480070 0.688741 0.081984 0.152074
0 0.877172 0.317597 0.070688 0.157528
0 0.240195 0.951921 0.077609 0.096157
0 0.586596 0.763894 0.065536 0.124194
0 0.815932 0.363843 0.073927 0.156333
0 0.288776 0.421435 0.068083 0.120685
0 0.437070 0.804560 0.081661 0.129417
0 0.780956 0.956616 0.082932 0.086769
0 0.187078 0.400310 0.071625 0.136213
0 0.109844 0.119773 0.079458 0.131731
0 0.258589 0.211486 0.064896 0.124935
0 0.871885 0.201819 0.097698 0.105176
0 0.288461 0.070093 0.073776 0.132389
0 0.587367 0.939417 0.063568 0.117759
0 0.456659 0.405227 0.075859 0.147287
0 0.291505 0.540009 0.073885 0.133148
0 0.454586 0.551625 0.076078 0.121380
0 0.232581 0.804023 0.069109 0.120602
0 0.742010 0.382690 0.069313 0.128583
0 0.172919 0.862384 0.070964 0.124676
0 0.502805 0.296065 0.070557 0.139463
0 0.067625 0.386755 0.067844 0.167824
0 0.355539 0.829352 0.067714 0.177111
0 0.350372 0.625509 0.072401 0.141519
0 0.642721 0.957829 0.064932 0.084343
0 0.224086 0.493759 0.077005 0.140056
0 0.427026 0.935699 0.074063 0.125750
