0 0.214943 0.616755 0.139896 0.125444
0 0.004641 0.944225 0.009281 0.110421
0 0.995362 0.747812 0.009276 0.126153
3 0.498156 0.579956 0.078891 0.138134
0 0.980388 0.015771 0.039224 0.031542
0 0.924320 0.979523 0.086469 0.039528
0 0.986434 0.268347 0.027023 0.119861
0 0.431671 0.973708 0.078753 0.051852
0 0.245796 0.975104 0.075440 0.048532
0 0.720432 0.031961 0.069047 0.061125
0 0.319828 0.968086 0.069339 0.062431
0 0.021309 0.574155 0.042617 0.158468
0 0.171987 0.968780 0.068094 0.061782
0 0.013658 0.076928 0.027315 0.116681
0 0.917561 0.037137 0.075622 0.072597
0 0.054805 0.953407 0.081328 0.090935
0 0.586329 0.053546 0.074966 0.105981
0 0.467190 0.473706 0.087474 0.114949
0 0.643152 0.478815 0.072289 0.118731
0 0.786025 0.059035 0.071799 0.115634
0 0.502770 0.947185 0.073159 0.104148
0 0.058932 0.527787 0.088688 0.120731
0 0.717878 0.323623 0.082266 0.136708
0 0.918145 0.779220 0.081523 0.119181
0 0.725957 0.125308 0.078878 0.118995
0 0.835855 0.946949 0.076753 0.105000
0 0.717026 0.593581 0.070344 0.113023
0 0.210504 0.900079 0.069721 0.117472
0 0.459876 0.699132 0.089430 0.138106
0 0.134845 0.057956 0.073206 0.115912
0 0.724996 0.463988 0.094810 0.142394
0 0.642025 0.602120 0.070872 0.115231
0 0.070803 0.154312 0.067102 0.110162
0 0.855544 0.084963 0.072328 0.119019
0 0.533902 0.192505 0.070695 0.123000
0 0.644159 0.282898 0.079802 0.146204
0 0.137473 0.876373 0.077935 0.133097
0 0.179647 0.506942 0.077273 0.130884
0 0.447904 0.355236 0.081813 0.129935
0 0.127052 0.196505 0.074229 0.152102
0 0.324682 0.825118 0.078271 0.129171
0 0.103815 0.709863 0.073078 0.123458
0 0.444082 0.828308 0.088607 0.141125
0 0.536604 0.673317 0.078521 0.127356
0 0.250262 0.598718 0.075305 0.136176
0 0.903671 0.612491 0.072690 0.120065
0 0.854996 0.702296 0.068216 0.117444
0 0.721070 0.929567 0.073714 0.125606
0 0.657592 0.073519 0.074721 0.131435
0 0.976632 0.632303 0.046737 0.126292
0 0.858625 0.212725 0.081427 0.137338
0 0.442661 0.221882 0.075953 0.130505
0 0.541279 0.845618 0.073417 0.125792
0 0.401732 0.126509 0.081281 0.144222
0 0.174943 0.761498 0.072630 0.117884
0 0.909645 0.305933 0.068727 0.116912
0 0.608432 0.801345 0.067604 0.121310
0 0.410531 0.604785 0.079292 0.123579
0 0.282970 0.717613 0.077138 0.127208
0 0.929802 0.495174 0.082906 0.134940
0 0.565960 0.309097 0.072206 0.123685
0 0.834206 0.824380 0.073641 0.126444
0 0.043016 0.269995 0.073297 0.128787
0 0.779303 0.685215 0.078174 0.147458
0 0.745677 0.816058 0.066406 0.113847
0 0.037562 0.406664 0.074917 0.127949
0 0.963204 0.380699 0.073305 0.124528
0 0.677531 0.849400 0.070651 0.122356
0 0.181151 0.626505 0.069958 0.122259
0 0.124741 0.437870 0.074258 0.130657
0 0.389943 0.483065 0.075068 0.131852
0 0.971299 0.146396 0.057234 0.136097
