0 0.176529 0.095596 0.076637 0.098182
0 0.786807 0.757789 0.081949 0.112901
0 0.014102 0.685104 0.027656 0.099490
0 0.922232 0.524156 0.082137 0.124969
0 0.011330 0.420219 0.022660 0.090823
0 0.049379 0.775466 0.083906 0.084464
0 0.663533 0.860708 0.077105 0.101562
0 0.856250 0.072122 0.078930 0.113391
0 0.214480 0.053357 0.082367 0.100245
0 0.257096 0.747508 0.079816 0.102901
0 0.713555 0.815206 0.079781 0.085047
0 0.316418 0.057003 0.083867 0.105401
0 0.895613 0.722107 0.093727 0.094943
0 0.756850 0.697815 0.079246 0.105193
0 0.494256 0.187016 0.079535 0.131854
0 0.846869 0.682318 0.104934 0.124510
0 0.024326 0.238969 0.046496 0.120427
0 0.010953 0.560729 0.021906 0.083458
0 0.833424 0.800419 0.083027 0.084234
0 0.487537 0.130729 0.078230 0.110281
0 0.193350 0.072919 0.078168 0.104630
0 0.583713 0.175552 0.076379 0.085385
0 0.221271 0.798685 0.084496 0.111609
0 0.137961 0.795005 0.087516 0.101042
0 0.636102 0.018370 0.089016 0.036740
0 0.057344 0.953156 0.072602 0.093688
0 0.799127 0.986247 0.075480 0.025203
0 0.177256 0.972841 0.090637 0.054016
0 0.034939 0.039161 0.067230 0.076417
0 0.493252 0.987766 0.088137 0.024469
0 0.415498 0.865443 0.079527 0.102073
0 0.869637 0.176229 0.090047 0.107656
0 0.180850 0.637482 0.080035 0.110234
0 0.448680 0.826521 0.077641 0.109333
0 0.934180 0.182312 0.080297 0.093208
0 0.739467 0.967211 0.110801 0.061193
0 0.028996 0.907721 0.057992 0.119547
0 0.631859 0.982234 0.083602 0.031979
0 0.209752 0.255560 0.084660 0.108141
0 0.056170 0.669279 0.078668 0.098995
0 0.105631 0.970872 0.081371 0.058255
0 0.818889 0.081534 0.085895 0.111693
0 0.041568 0.306688 0.065246 0.089865
0 0.370330 0.975940 0.070301 0.043224
0 0.642557 0.059057 0.075270 0.089708
0 0.721910 0.015695 0.080180 0.030089
0 0.975607 0.519740 0.048559 0.115885
0 0.875510 0.450695 0.092473 0.115120
0 0.696518 0.760901 0.085270 0.098281
0 0.924775 0.426372 0.074145 0.095484
0 0.633369 0.934026 0.071715 0.091000
0 0.978879 0.975599 0.042242 0.048802
0 0.554572 0.157099 0.081270 0.120260
0 0.026154 0.163078 0.052309 0.089906
0 0.416658 0.747805 0.086316 0.109141
0 0.252088 0.532732 0.080441 0.091995
0 0.984338 0.853073 0.031324 0.106083
0 0.948500 0.622245 0.096898 0.102469
0 0.352389 0.218346 0.097715 0.097620
0 0.270299 0.817430 0.092902 0.101786
0 0.651285 0.887763 0.074484 0.094536
0 0.331025 0.269714 0.083512 0.101562
0 0.418098 0.259354 0.110062 0.106698
0 0.979080 0.782091 0.041832 0.103141
0 0.752555 0.338906 0.073500 0.103552
0 0.608094 0.106745 0.078641 0.098021
0 0.561072 0.965167 0.089902 0.069667
0 0.866908 0.558776 0.081277 0.133510
0 0.810332 0.017898 0.080133 0.034182
0 0.022926 0.081784 0.045188 0.100755
0 0.580187 0.056656 0.083766 0.102958
0 0.355713 0.019690 0.084402 0.038755
0 0.933338 0.773107 0.084066 0.105620
0 0.090883 0.358883 0.073445 0.090911
0 0.554178 0.566398 0.073035 0.096422
0 0.941508 0.674596 0.086727 0.095766
0 0.573271 0.626107 0.074754 0.111599
0 0.283670 0.415797 0.080980 0.111437
0 0.134342 0.850167 0.078098 0.101000
0 0.454418 0.724336 0.075586 0.097630
0 0.884098 0.912620 0.073773 0.092854
0 0.498391 0.621044 0.087023 0.108422
0 0.074529 0.029687 0.073199 0.058031
0 0.237945 0.707341 0.071055 0.092109
0 0.941678 0.946094 0.083402 0.100240
0 0.139361 0.024583 0.083105 0.047583
0 0.445367 0.317138 0.096711 0.112307
0 0.749791 0.135151 0.092535 0.108708
0 0.452783 0.665451 0.068949 0.091286
0 0.266039 0.107445 0.069484 0.097516
0 0.313012 0.899495 0.091461 0.100875
0 0.747146 0.648948 0.075895 0.089615
0 0.028572 0.626372 0.057145 0.102068
0 0.423562 0.970544 0.060531 0.056255
0 0.918090 0.857482 0.092086 0.110411
0 0.128152 0.683141 0.067953 0.101313
0 0.962480 0.036224 0.069125 0.072302
0 0.377410 0.945870 0.076633 0.093313
0 0.172125 0.714250 0.088477 0.106958
0 0.785189 0.311706 0.074668 0.103672
0 0.058318 0.853490 0.082973 0.103917
0 0.970176 0.129198 0.059648 0.121469
0 0.124842 0.286396 0.074512 0.107958
0 0.022795 0.340125 0.045590 0.083510
0 0.341084 0.748971 0.074879 0.112724
0 0.969729 0.219544 0.060512 0.098089
0 0.650287 0.490943 0.108254 0.139542
0 0.302449 0.497125 0.081289 0.085833
0 0.148414 0.515917 0.082266 0.101469
0 0.297658 0.971755 0.069027 0.055021
0 0.742432 0.578508 0.086934 0.110995
0 0.414062 0.587177 0.088086 0.121792
0 0.316715 0.154263 0.087758 0.117474
0 0.724074 0.233063 0.085156 0.122792
0 0.028463 0.491464 0.056926 0.099865
0 0.912469 0.036779 0.083305 0.073557
0 0.307434 0.566096 0.076055 0.080328
0 0.838467 0.274362 0.095309 0.104203
0 0.609455 0.660193 0.094637 0.092635
0 0.355646 0.423341 0.077730 0.124693
0 0.251346 0.207768 0.079449 0.105443
0 0.099164 0.547068 0.085156 0.103635
0 0.823389 0.945049 0.090402 0.098422
0 0.499045 0.457792 0.086480 0.105167
0 0.240039 0.944062 0.082656 0.103938
0 0.520340 0.788003 0.096844 0.098391
0 0.574941 0.509398 0.075500 0.098932
0 0.194297 0.437643 0.101367 0.096943
0 0.185354 0.177299 0.081059 0.103068
0 0.329889 0.354815 0.080949 0.098964
0 0.355881 0.549953 0.066777 0.086979
0 0.510223 0.044083 0.087766 0.084885
0 0.905053 0.244115 0.072707 0.098500
0 0.429307 0.068617 0.101332 0.127057
0 0.679807 0.310995 0.073762 0.094719
0 0.183375 0.344982 0.089531 0.113234
0 0.689166 0.678193 0.075246 0.092781
0 0.708979 0.410312 0.091254 0.108562
0 0.645668 0.601727 0.094602 0.097620
0 0.618262 0.388852 0.091852 0.112568
0 0.804092 0.865029 0.086035 0.093464
0 0.584863 0.257805 0.080273 0.105755
0 0.783285 0.447638 0.083211 0.098984
0 0.536807 0.710203 0.083918 0.102521
0 0.118133 0.082456 0.077570 0.098151
0 0.266668 0.302781 0.079367 0.111250
0 0.606104 0.810247 0.080676 0.114745
0 0.957547 0.303839 0.081016 0.102240
0 0.854119 0.360732 0.090715 0.100141
0 0.134914 0.195023 0.075031 0.094557
0 0.792521 0.203721 0.078043 0.100276
0 0.731729 0.892589 0.076605 0.099552
0 0.547941 0.407797 0.074133 0.096323
0 0.545533 0.327307 0.083582 0.094990
0 0.484861 0.536964 0.077480 0.092469
0 0.675016 0.122948 0.083437 0.106500
0 0.556959 0.886159 0.073246 0.104370
0 0.080025 0.434727 0.066277 0.093151
0 0.632402 0.200115 0.079438 0.100937
0 0.242121 0.617536 0.090602 0.117948
2 0.402766 0.398313 0.071680 0.087729
0 0.259400 0.024534 0.091605 0.044068
0 0.970871 0.394487 0.055633 0.135057
