0 0.774930 0.035537 0.094047 0.068037
0 0.741802 0.967444 0.087000 0.065111
2 0.376690 0.209185 0.082495 0.151556
0 0.434349 0.019884 0.093458 0.039769
0 0.021745 0.036301 0.043490 0.072602
0 0.623273 0.032819 0.077286 0.065343
0 0.824047 0.965505 0.088042 0.067324
0 0.313555 0.083815 0.088536 0.142093
0 0.017500 0.881824 0.035000 0.118778
0 0.988008 0.774574 0.023318 0.139741
0 0.589331 0.863824 0.076172 0.149222
0 0.173693 0.032273 0.087385 0.064546
0 0.705690 0.031977 0.092328 0.063954
0 0.911768 0.960449 0.086911 0.079102
0 0.449349 0.099394 0.092521 0.148028
0 0.984130 0.912449 0.031469 0.142806
0 0.020995 0.761329 0.041990 0.146380
0 0.890503 0.748356 0.083526 0.143417
0 0.978234 0.638250 0.042927 0.150556
0 0.631232 0.954116 0.086516 0.091769
0 0.162664 0.915685 0.085547 0.156407
0 0.214016 0.903287 0.072635 0.137759
0 0.221016 0.763435 0.078896 0.153648
0 0.167552 0.758731 0.082281 0.163667
0 0.290154 0.945556 0.092578 0.106537
0 0.542740 0.868792 0.088312 0.157565
0 0.031310 0.172338 0.062620 0.152324
0 0.840227 0.713343 0.092964 0.134037
0 0.508385 0.115995 0.087292 0.150750
0 0.463031 0.921620 0.082542 0.155852
0 0.644943 0.790245 0.076135 0.136380
0 0.642888 0.404620 0.095339 0.144259
0 0.730966 0.130125 0.087526 0.169306
0 0.641154 0.667222 0.073089 0.131481
0 0.567242 0.739426 0.084036 0.119259
0 0.305911 0.242106 0.080969 0.150380
0 0.933841 0.853204 0.081922 0.147296
0 0.715260 0.722968 0.085083 0.144602
0 0.730393 0.864028 0.083911 0.149296
0 0.959919 0.458685 0.079286 0.156833
0 0.057453 0.102019 0.091062 0.156148
0 0.216151 0.100495 0.082604 0.134694
0 0.606404 0.130634 0.085807 0.145583
0 0.197513 0.497176 0.084807 0.143481
0 0.081771 0.541014 0.094531 0.129824
0 0.075586 0.903245 0.093672 0.166306
0 0.484359 0.316861 0.086521 0.149630
0 0.558862 0.434287 0.084089 0.178778
0 0.188049 0.351444 0.082391 0.158685
0 0.363391 0.660088 0.087083 0.164454
0 0.409503 0.780778 0.073589 0.139370
0 0.393630 0.468218 0.087792 0.136028
0 0.842732 0.581079 0.091214 0.143287
0 0.465383 0.687565 0.075276 0.143519
0 0.042391 0.639764 0.081208 0.139713
0 0.895961 0.390565 0.082599 0.137352
0 0.106383 0.419634 0.087349 0.142435
0 0.808378 0.864088 0.082578 0.155157
0 0.665409 0.228435 0.089849 0.156296
0 0.405177 0.348273 0.080531 0.132324
0 0.263990 0.356213 0.081927 0.144389
0 0.008263 0.953944 0.015943 0.092111
0 0.141229 0.286681 0.083042 0.154991
0 0.571680 0.596546 0.092193 0.163426
0 0.368792 0.895144 0.086458 0.158250
0 0.473669 0.551981 0.091214 0.151093
0 0.068854 0.284296 0.091917 0.170444
0 0.753177 0.574218 0.091292 0.172417
0 0.662505 0.536361 0.087990 0.150259
0 0.296487 0.749699 0.079964 0.149880
0 0.778711 0.353991 0.088995 0.159222
0 0.958904 0.308694 0.082036 0.150833
0 0.281646 0.517606 0.090542 0.147120
0 0.789109 0.203269 0.086802 0.147537
0 0.105505 0.682204 0.075458 0.151167
0 0.496247 0.013907 0.078047 0.027815
0 0.992474 0.155255 0.014615 0.147213
0 0.219763 0.983523 0.093328 0.032713
0 0.289872 0.012380 0.080443 0.024759
