0 0.599707 0.306213 0.081576 0.139454
0 0.959374 0.950014 0.077888 0.099620
0 0.204549 0.792088 0.081349 0.148333
0 0.530225 0.650919 0.079247 0.133662
0 0.343633 0.325799 0.079448 0.142106
0 0.031354 0.592894 0.062708 0.133259
0 0.690740 0.683028 0.083083 0.136287
0 0.585986 0.746125 0.093242 0.169287
0 0.415245 0.570826 0.084672 0.147171
0 0.231687 0.660854 0.078469 0.135523
0 0.271329 0.848039 0.077201 0.147014
0 0.368329 0.453910 0.078003 0.137384
0 0.968757 0.074509 0.062383 0.149019
0 0.379980 0.812134 0.077242 0.137870
0 0.540194 0.904491 0.069497 0.128528
0 0.442133 0.883965 0.079687 0.131495
0 0.605042 0.595720 0.071880 0.125208
0 0.722026 0.585269 0.076458 0.140472
0 0.935900 0.588847 0.081284 0.133704
0 0.291168 0.423514 0.079581 0.134213
0 0.628380 0.910273 0.083302 0.152481
0 0.959454 0.833558 0.080164 0.136208
0 0.663779 0.788370 0.074943 0.131676
0 0.921250 0.724257 0.077021 0.136421
0 0.836132 0.119060 0.076758 0.140898
0 0.803475 0.875734 0.080763 0.142579
0 0.277564 0.556731 0.085544 0.146676
0 0.934924 0.339880 0.082682 0.141269
0 0.536065 0.521650 0.083641 0.131986
0 0.834565 0.381648 0.085526 0.144917
0 0.770176 0.467312 0.087716 0.145681
0 0.316577 0.705914 0.076888 0.150505
0 0.859728 0.260611 0.085336 0.142093
0 0.826449 0.729799 0.081247 0.148847
0 0.791290 0.618463 0.081555 0.149361
0 0.823915 0.980609 0.097924 0.038171
0 0.014827 0.024019 0.029497 0.046685
0 0.648198 0.015120 0.093172 0.030241
0 0.987142 0.330694 0.025581 0.158056
0 0.724971 0.014576 0.078458 0.029153
0 0.580100 0.978002 0.082409 0.043042
1 0.077099 0.486602 0.077318 0.147315
0 0.432720 0.974183 0.089232 0.051634
0 0.455967 0.028206 0.081951 0.056412
0 0.023777 0.469755 0.047409 0.158380
0 0.377563 0.027544 0.083380 0.054958
1 0.497424 0.094174 0.081089 0.144014
0 0.018283 0.121150 0.036549 0.141912
1 0.681651 0.471706 0.078828 0.139606
1 0.930022 0.202171 0.076794 0.131935
1 0.336397 0.907053 0.074268 0.135458
1 0.763263 0.144775 0.073339 0.136773
1 0.696965 0.089252 0.079878 0.144727
1 0.877424 0.827766 0.076813 0.138218
0 0.793533 0.040972 0.077180 0.081093
0 0.024337 0.730993 0.048674 0.168347
1 0.270393 0.277025 0.087583 0.154218
0 0.225207 0.045009 0.079961 0.088769
0 0.101151 0.675727 0.081391 0.155333
0 0.980841 0.674757 0.038318 0.145125
0 0.568312 0.047220 0.084703 0.093727
0 0.108302 0.161051 0.075250 0.149333
0 0.623033 0.424178 0.090299 0.157718
0 0.174949 0.122329 0.070909 0.127417
0 0.563622 0.178662 0.090172 0.139333
0 0.531798 0.378583 0.079477 0.150463
0 0.040104 0.231981 0.079922 0.154417
0 0.192954 0.371266 0.084492 0.136153
0 0.977168 0.482984 0.045570 0.144931
0 0.125652 0.832343 0.084643 0.149972
0 0.242387 0.153604 0.081143 0.141097
0 0.178177 0.243882 0.081672 0.125255
