0 0.231580 0.228573 0.083965 0.104427
0 0.959074 0.202497 0.080078 0.097266
0 0.637576 0.141253 0.076387 0.098141
0 0.186113 0.127846 0.077133 0.097568
0 0.544592 0.911828 0.069441 0.107813
0 0.607021 0.342107 0.087676 0.120318
0 0.327500 0.711625 0.085953 0.105469
0 0.617217 0.925458 0.084832 0.107073
0 0.698297 0.207164 0.088523 0.113536
0 0.379775 0.798115 0.083254 0.102562
0 0.885980 0.873245 0.087945 0.106833
0 0.918857 0.103284 0.080887 0.103536
0 0.397574 0.341039 0.087539 0.108286
0 0.775586 0.523904 0.093586 0.119182
0 0.942754 0.806005 0.081773 0.106635
0 0.444352 0.452966 0.085906 0.109182
0 0.947598 0.404849 0.083922 0.112688
0 0.827207 0.769758 0.080766 0.104859
0 0.926623 0.939424 0.081840 0.108516
0 0.674105 0.792107 0.081297 0.106849
0 0.259822 0.124102 0.081285 0.114266
0 0.771135 0.201289 0.071535 0.100026
0 0.128016 0.075846 0.081203 0.108432
0 0.820043 0.952331 0.075406 0.095339
0 0.162791 0.377635 0.075770 0.100458
0 0.474178 0.976641 0.070723 0.044896
0 0.264809 0.549807 0.067094 0.086698
0 0.004648 0.813482 0.009297 0.098276
0 0.119992 0.475596 0.078031 0.095130
0 0.959463 0.531529 0.074316 0.090776
0 0.598859 0.985391 0.072859 0.029115
0 0.986832 0.383917 0.024570 0.093208
0 0.765416 0.902451 0.065582 0.111224
0 0.040680 0.017432 0.079523 0.034865
0 0.014584 0.143268 0.029145 0.121714
0 0.744082 0.933906 0.086250 0.120646
0 0.974328 0.965461 0.051344 0.069078
0 0.010889 0.492042 0.021410 0.103729
0 0.469338 0.022060 0.081043 0.043484
0 0.136021 0.505289 0.079324 0.110641
0 0.617748 0.033219 0.088270 0.065417
0 0.693303 0.021578 0.084934 0.042073
0 0.984566 0.740203 0.030453 0.106552
0 0.318988 0.968292 0.075695 0.063417
0 0.433281 0.971971 0.078281 0.053609
0 0.203340 0.810432 0.098063 0.099750
0 0.247564 0.969182 0.091770 0.060802
0 0.454059 0.870891 0.083039 0.108490
0 0.148941 0.932560 0.091828 0.118099
0 0.773010 0.036885 0.085449 0.073771
0 0.758113 0.649492 0.078008 0.106995
0 0.264617 0.028333 0.070352 0.055760
0 0.979324 0.120703 0.041352 0.099958
0 0.036080 0.071432 0.072160 0.095073
0 0.416152 0.598323 0.087594 0.111781
0 0.418301 0.893172 0.084445 0.107302
0 0.182799 0.856607 0.086605 0.094307
0 0.040447 0.765862 0.080566 0.111474
0 0.802461 0.654648 0.071422 0.111984
0 0.448984 0.232557 0.085367 0.118604
0 0.332846 0.037943 0.079691 0.075885
0 0.597988 0.830604 0.076469 0.097354
0 0.536848 0.776563 0.084859 0.125188
0 0.353324 0.199982 0.091172 0.107797
0 0.780395 0.300008 0.090359 0.117839
0 0.677145 0.970427 0.086930 0.057302
0 0.642338 0.501917 0.086004 0.113417
0 0.806217 0.867318 0.078254 0.103750
0 0.316932 0.279365 0.078941 0.098312
0 0.027154 0.914286 0.054309 0.105573
0 0.300205 0.387096 0.083613 0.102099
0 0.945139 0.708187 0.077988 0.106062
0 0.331590 0.880766 0.089250 0.099479
0 0.497459 0.533542 0.091590 0.115250
0 0.591160 0.640258 0.097461 0.110505
0 0.060996 0.561833 0.085156 0.114698
0 0.197889 0.630904 0.069012 0.110036
0 0.268916 0.467148 0.083223 0.099078
0 0.700125 0.095859 0.084109 0.099729
0 0.106107 0.833344 0.086293 0.102406
0 0.873037 0.682802 0.083848 0.105135
0 0.130648 0.195026 0.084375 0.108198
0 0.259859 0.756026 0.090234 0.121354
0 0.865613 0.574271 0.096156 0.118760
0 0.165316 0.718135 0.080219 0.103656
0 0.972682 0.487680 0.054199 0.083141
0 0.488893 0.651602 0.080707 0.106807
0 0.720529 0.695091 0.076730 0.097589
0 0.917687 0.295857 0.085617 0.108859
0 0.708650 0.448500 0.084488 0.091448
0 0.855258 0.429417 0.087266 0.110250
0 0.058350 0.344643 0.084426 0.115151
0 0.482414 0.094417 0.088070 0.104260
