0 0.265792 0.428657 0.090104 0.158370
0 0.869867 0.704931 0.091922 0.159991
0 0.369440 0.833565 0.100453 0.155352
0 0.171937 0.822759 0.099750 0.156500
0 0.086318 0.921597 0.087865 0.148065
0 0.407260 0.453204 0.082135 0.143167
0 0.636661 0.312954 0.093750 0.133981
0 0.615096 0.870458 0.090703 0.157750
0 0.452721 0.600963 0.096099 0.159333
0 0.044919 0.240440 0.088005 0.144120
0 0.544557 0.310051 0.087167 0.152454
0 0.708997 0.651130 0.089536 0.157870
0 0.782469 0.323273 0.088594 0.147750
0 0.544581 0.541556 0.095880 0.145611
0 0.089497 0.129042 0.095318 0.157769
0 0.315401 0.315731 0.085510 0.155093
0 0.973245 0.623051 0.052802 0.162324
0 0.264758 0.754773 0.094151 0.163657
0 0.734036 0.087815 0.094510 0.154852
0 0.197133 0.512852 0.084297 0.148278
0 0.659130 0.198958 0.093177 0.158009
0 0.517365 0.687074 0.085240 0.161074
0 0.652268 0.739481 0.080693 0.141333
0 0.829333 0.073694 0.083521 0.137426
0 0.390432 0.278931 0.087448 0.153176
0 0.914487 0.260278 0.088911 0.158889
0 0.194898 0.158676 0.089109 0.155759
0 0.961102 0.926153 0.077411 0.141620
0 0.752427 0.767801 0.078312 0.153565
0 0.948518 0.737259 0.093057 0.177370
0 0.288555 0.907264 0.083307 0.172880
0 0.637367 0.059574 0.086589 0.116833
0 0.194099 0.662009 0.086813 0.153296
0 0.317188 0.088856 0.075885 0.140583
0 0.830734 0.928991 0.090229 0.131352
0 0.746646 0.556625 0.083719 0.156972
0 0.394354 0.142009 0.091219 0.146889
0 0.952359 0.132560 0.095281 0.155657
0 0.443859 0.920782 0.075677 0.127731
0 0.479281 0.811032 0.091500 0.144954
0 0.168328 0.041019 0.083927 0.082037
0 0.952427 0.353370 0.095146 0.161519
0 0.124836 0.721134 0.083891 0.137361
0 0.534169 0.152810 0.083839 0.140676
0 0.797831 0.453468 0.089630 0.142491
0 0.157279 0.951875 0.083578 0.089694
0 0.085510 0.027463 0.086021 0.054926
0 0.374573 0.040046 0.092354 0.079352
0 0.590404 0.707968 0.083849 0.166380
0 0.118823 0.467199 0.073104 0.126324
0 0.975797 0.445963 0.047344 0.177889
0 0.245906 0.055542 0.080385 0.110472
0 0.910724 0.023611 0.090115 0.047222
0 0.972755 0.052213 0.054490 0.099981
0 0.017310 0.134412 0.034620 0.173954
0 0.503875 0.055042 0.088427 0.106861
0 0.013047 0.780495 0.025531 0.179046
0 0.357263 0.940856 0.106255 0.114417
0 0.308768 0.660431 0.097464 0.151694
0 0.916013 0.540097 0.083536 0.180935
0 0.201987 0.311306 0.096214 0.163833
0 0.121005 0.593931 0.089802 0.149657
0 0.990443 0.205218 0.018417 0.140769
0 0.018693 0.518755 0.037385 0.148676
0 0.785982 0.018556 0.093026 0.026519
0 0.902122 0.851171 0.084932 0.152713
0 0.406167 0.724824 0.085260 0.143926
0 0.062122 0.777755 0.088203 0.170713
0 0.837638 0.578523 0.086651 0.144954
0 0.554492 0.936569 0.089786 0.126861
0 0.654276 0.451685 0.090719 0.151685
0 0.820510 0.795898 0.077969 0.153148
2 0.327602 0.517435 0.086214 0.182574
0 0.634099 0.584662 0.086531 0.150639
0 0.706372 0.021292 0.083380 0.037194
0 0.042924 0.375833 0.085849 0.158870
0 0.479010 0.393819 0.089323 0.162250
0 0.039190 0.638574 0.077984 0.157370
