0 0.563387 0.495183 0.084294 0.150903
0 0.797751 0.068155 0.082529 0.136310
0 0.382622 0.821597 0.075344 0.128213
0 0.695264 0.490380 0.099846 0.187704
0 0.810470 0.203558 0.082659 0.153329
0 0.734322 0.103137 0.083768 0.148106
0 0.571628 0.377109 0.078161 0.134681
0 0.142068 0.206574 0.081031 0.138454
0 0.296378 0.261160 0.079312 0.156190
0 0.967931 0.720468 0.064138 0.152713
0 0.480414 0.160148 0.077995 0.142481
0 0.741969 0.240442 0.080708 0.142495
0 0.764975 0.683199 0.089971 0.143046
0 0.797378 0.496829 0.074599 0.116000
0 0.823061 0.603877 0.081471 0.143069
0 0.795883 0.982991 0.088594 0.034019
0 0.264186 0.172215 0.085633 0.148375
0 0.427962 0.269549 0.075581 0.146958
0 0.315292 0.663806 0.076099 0.144852
0 0.915576 0.940250 0.086479 0.119500
0 0.381602 0.539845 0.079682 0.144625
0 0.394052 0.701773 0.080375 0.146111
0 0.362051 0.935044 0.083049 0.129912
0 0.136563 0.932863 0.077229 0.134273
1 0.230336 0.559472 0.089891 0.140769
0 0.349268 0.133553 0.096766 0.123912
0 0.415055 0.013718 0.084016 0.027435
0 0.446797 0.589940 0.087552 0.153148
0 0.189035 0.025127 0.088195 0.050255
0 0.181309 0.305586 0.078013 0.152329
0 0.747792 0.561792 0.085099 0.139787
0 0.919268 0.255850 0.085823 0.149810
0 0.208296 0.439199 0.085992 0.134806
0 0.919027 0.805826 0.078826 0.153708
0 0.263975 0.646067 0.082857 0.162255
0 0.389513 0.412655 0.077573 0.123856
0 0.245384 0.316847 0.071435 0.163889
0 0.201372 0.124403 0.090974 0.190417
0 0.347107 0.045127 0.080344 0.090255
0 0.910435 0.619736 0.079807 0.141685
0 0.977417 0.298356 0.044698 0.136241
0 0.488142 0.459245 0.078747 0.138333
0 0.260053 0.885127 0.106388 0.155440
0 0.038250 0.061731 0.075969 0.121185
0 0.631329 0.421282 0.073518 0.141824
0 0.163315 0.794979 0.082661 0.162440
0 0.804949 0.382530 0.080664 0.135912
0 0.941565 0.395521 0.083563 0.155718
0 0.195263 0.669759 0.079510 0.140769
0 0.990672 0.416093 0.018000 0.141157
0 0.994174 0.137822 0.011651 0.159245
0 0.272185 0.290208 0.122802 0.171463
0 0.949712 0.777644 0.094576 0.167259
0 0.269497 0.972692 0.090281 0.053301
0 0.204404 0.940343 0.086437 0.119194
1 0.622090 0.546836 0.075570 0.137616
0 0.463602 0.729440 0.079760 0.157074
0 0.865427 0.437947 0.080766 0.164384
0 0.989753 0.818671 0.020495 0.131380
0 0.849477 0.291644 0.082401 0.161111
0 0.984129 0.553623 0.031742 0.145514
0 0.863374 0.049850 0.078883 0.093958
0 0.696513 0.330366 0.086094 0.159417
0 0.362249 0.264097 0.071086 0.177074
0 0.315909 0.795100 0.083172 0.149560
0 0.239033 0.761144 0.084273 0.125519
0 0.283456 0.441201 0.073969 0.158856
0 0.117530 0.076914 0.086320 0.142884
0 0.851966 0.852762 0.077839 0.152273
0 0.264288 0.054442 0.082086 0.106931
0 0.789264 0.896435 0.074732 0.135454
