0 0.953227 0.869546 0.092339 0.151324
0 0.748130 0.469139 0.085969 0.179787
0 0.596102 0.272752 0.083250 0.181338
0 0.978969 0.945042 0.042062 0.103870
0 0.854620 0.267303 0.091500 0.168569
0 0.791559 0.612722 0.080674 0.148222
0 0.266733 0.218259 0.095612 0.148111
0 0.226872 0.301412 0.111260 0.162648
0 0.637068 0.581280 0.092589 0.136782
0 0.145620 0.661900 0.080958 0.142644
0 0.326688 0.410819 0.089734 0.155426
0 0.388453 0.239146 0.103682 0.168171
0 0.186448 0.806646 0.087370 0.162264
0 0.885100 0.907792 0.096607 0.162343
0 0.324453 0.053264 0.088448 0.101815
0 0.142046 0.890664 0.089294 0.140449
0 0.215233 0.410458 0.103242 0.144870
0 0.321079 0.540225 0.093039 0.154829
0 0.596870 0.846532 0.082417 0.162741
0 0.962059 0.152847 0.074310 0.148102
0 0.376247 0.711197 0.088583 0.171949
0 0.256073 0.089856 0.095120 0.157815
0 0.571549 0.658995 0.083641 0.161380
0 0.384354 0.471588 0.081104 0.148750
0 0.730833 0.322708 0.084812 0.166074
0 0.176561 0.550025 0.085367 0.146653
0 0.517314 0.635414 0.090070 0.166292
0 0.970185 0.055347 0.059630 0.110065
0 0.894424 0.117542 0.093964 0.148713
0 0.523771 0.350979 0.089521 0.149523
0 0.665576 0.871854 0.090193 0.157995
0 0.456225 0.727220 0.068763 0.195542
0 0.347668 0.892861 0.083268 0.146870
0 0.402814 0.836706 0.083898 0.166884
0 0.451914 0.288613 0.081557 0.158032
0 0.403147 0.600486 0.080628 0.150093
0 0.456516 0.493535 0.094849 0.151616
0 0.668885 0.198810 0.092427 0.179630
0 0.713723 0.629655 0.090320 0.152662
0 0.375949 0.115183 0.081133 0.136523
0 0.803794 0.163725 0.091719 0.160903
0 0.519116 0.771921 0.079591 0.131213
0 0.473671 0.887204 0.088388 0.137306
0 0.206865 0.929722 0.091365 0.140556
0 0.446829 0.076725 0.082628 0.153449
0 0.795966 0.925213 0.080469 0.131435
0 0.315992 0.154782 0.087333 0.149361
0 0.558634 0.901634 0.074195 0.130269
0 0.278355 0.932250 0.092591 0.135500
0 0.796924 0.348671 0.084854 0.153074
0 0.714027 0.952646 0.098174 0.092829
0 0.266164 0.487956 0.087292 0.171144
0 0.846585 0.971157 0.088206 0.057685
0 0.931609 0.955477 0.081969 0.089046
0 0.981257 0.803988 0.037487 0.148968
0 0.973066 0.682461 0.053867 0.129931
0 0.861990 0.712646 0.090156 0.121079
0 0.918694 0.642081 0.085117 0.136764
0 0.953849 0.516074 0.092302 0.142361
0 0.932555 0.458949 0.104021 0.173722
0 0.879947 0.381104 0.093310 0.127801
0 0.912424 0.252856 0.080016 0.140120
0 0.946132 0.303819 0.083164 0.174843
0 0.638641 0.346438 0.093307 0.159051
0 0.692823 0.395106 0.078187 0.167000
0 0.695029 0.525593 0.100240 0.143481
0 0.819777 0.463431 0.085117 0.169241
0 0.855374 0.517752 0.089529 0.154681
0 0.846238 0.633681 0.085117 0.137880
0 0.552326 0.437109 0.097089 0.154681
0 0.629852 0.958278 0.095766 0.083444
0 0.520539 0.970317 0.100177 0.056005
0 0.051128 0.971718 0.097719 0.056565
0 0.133664 0.968079 0.081339 0.060481
0 0.245811 0.614639 0.067477 0.142361
0 0.330551 0.810090 0.079451 0.156921
0 0.051128 0.912019 0.101500 0.107639
0 0.086126 0.827454 0.108367 0.144602
0 0.122638 0.741769 0.078187 0.183806
0 0.308815 0.659442 0.083859 0.182681
0 0.055224 0.734542 0.081969 0.171370
0 0.012822 0.054491 0.025643 0.108981
0 0.053647 0.024810 0.069997 0.049620
0 0.019362 0.825153 0.038724 0.165463
0 0.854430 0.808627 0.099432 0.139144
0 0.569409 0.532556 0.087073 0.136426
0 0.311710 0.299090 0.097794 0.166597
0 0.024582 0.676653 0.047820 0.156685
0 0.256814 0.825465 0.093383 0.170208
0 0.372836 0.337711 0.099505 0.156606
