0 0.306285 0.848236 0.110206 0.159713
0 0.846014 0.772741 0.097727 0.154454
0 0.740518 0.367197 0.091865 0.186634
0 0.191996 0.197664 0.075815 0.156014
0 0.720727 0.526296 0.107724 0.169046
0 0.825564 0.907539 0.092013 0.152171
0 0.704396 0.068725 0.090589 0.137329
0 0.396342 0.669523 0.095091 0.201231
0 0.782245 0.750257 0.088740 0.156051
0 0.864786 0.060579 0.098380 0.121157
0 0.948228 0.061257 0.091904 0.122514
0 0.510456 0.767896 0.111568 0.180523
0 0.950305 0.287359 0.092510 0.191051
0 0.892197 0.945375 0.084997 0.106926
0 0.197919 0.573324 0.091552 0.179148
0 0.584303 0.472845 0.090977 0.164042
0 0.143206 0.301764 0.095099 0.172194
0 0.038165 0.515035 0.076331 0.153375
0 0.163245 0.871056 0.088667 0.145204
0 0.771568 0.076583 0.080583 0.144019
0 0.853233 0.644630 0.103852 0.154213
0 0.244958 0.687625 0.099240 0.169648
0 0.216349 0.400738 0.097880 0.182514
0 0.054500 0.887694 0.086557 0.140944
0 0.528379 0.063488 0.096148 0.126569
0 0.619182 0.070109 0.107292 0.139727
0 0.461035 0.873954 0.091768 0.161981
0 0.827737 0.521125 0.082875 0.150583
0 0.127960 0.734620 0.093159 0.147611
0 0.123056 0.534512 0.081315 0.150079
0 0.059389 0.306806 0.091414 0.148787
0 0.047216 0.749877 0.092703 0.169181
0 0.947617 0.691481 0.096583 0.176380
0 0.271148 0.536491 0.089563 0.168870
0 0.757510 0.212259 0.094208 0.161667
0 0.330454 0.418046 0.106560 0.166787
0 0.071980 0.622488 0.083893 0.138764
0 0.619085 0.769465 0.105727 0.167116
0 0.702833 0.707025 0.099547 0.157579
0 0.222868 0.073296 0.094612 0.145389
0 0.480516 0.335178 0.080083 0.154106
0 0.409814 0.483565 0.109659 0.165824
0 0.372578 0.221546 0.118823 0.157722
0 0.347829 0.086269 0.124253 0.158315
0 0.089648 0.429153 0.075932 0.137639
0 0.017504 0.236437 0.035008 0.158542
0 0.474819 0.638870 0.092659 0.161898
0 0.013191 0.650773 0.026383 0.187889
0 0.980988 0.788255 0.038023 0.175519
0 0.990538 0.233988 0.018924 0.160560
0 0.840410 0.380706 0.120154 0.162801
0 0.258478 0.215134 0.081898 0.173417
0 0.087389 0.046590 0.082299 0.091801
0 0.601441 0.189968 0.117539 0.166611
0 0.459385 0.576292 0.082562 0.136972
0 0.878861 0.181039 0.090664 0.137949
0 0.677499 0.238144 0.090096 0.204037
0 0.813391 0.128725 0.087484 0.141866
0 0.007240 0.066160 0.014203 0.131255
0 0.136438 0.127831 0.089995 0.169403
0 0.956453 0.435988 0.087094 0.162634
0 0.514163 0.507109 0.091299 0.160644
0 0.715728 0.838410 0.104961 0.154579
0 0.505350 0.222252 0.099424 0.145458
0 0.271471 0.950028 0.108844 0.096852
0 0.328280 0.630461 0.093648 0.188884
0 0.972616 0.580535 0.054372 0.166079
0 0.835750 0.243303 0.095771 0.156162
0 0.766118 0.584023 0.097091 0.169157
0 0.489102 0.153458 0.089406 0.132676
0 0.931911 0.863840 0.091937 0.129468
2 0.614013 0.619451 0.096464 0.171653
0 0.599980 0.325266 0.105794 0.166347
0 0.418193 0.928808 0.097333 0.136782
0 0.674594 0.943678 0.086333 0.107440
0 0.401380 0.333720 0.103563 0.166588
0 0.592316 0.915132 0.117310 0.166866
0 0.039214 0.109296 0.077786 0.136565
0 0.213266 0.833762 0.090609 0.178792
