0 0.280754 0.362044 0.067945 0.103609
0 0.259539 0.258333 0.080070 0.113396
0 0.556678 0.364753 0.068855 0.103068
0 0.955824 0.690719 0.062625 0.111865
2 0.451967 0.276471 0.080176 0.086214
0 0.524879 0.990021 0.073625 0.019740
0 0.930453 0.531003 0.083109 0.107630
0 0.992609 0.727979 0.014562 0.092688
0 0.992217 0.798937 0.015566 0.098073
0 0.242246 0.008904 0.071023 0.017807
0 0.667443 0.008898 0.063238 0.017797
0 0.749363 0.991604 0.083180 0.016792
0 0.371521 0.801010 0.076113 0.113062
0 0.130398 0.497977 0.076227 0.116078
0 0.495400 0.091138 0.074168 0.100089
0 0.622420 0.277333 0.077887 0.103740
0 0.336602 0.555695 0.080453 0.104047
0 0.311361 0.763352 0.077559 0.117724
0 0.306412 0.924781 0.072012 0.099625
0 0.542666 0.569849 0.083613 0.095719
0 0.271404 0.846927 0.082895 0.101073
0 0.934389 0.193826 0.073387 0.095286
0 0.559918 0.195076 0.070570 0.089766
0 0.554846 0.043576 0.080996 0.085651
0 0.704805 0.772151 0.073258 0.090000
0 0.769119 0.587815 0.082145 0.079630
0 0.833117 0.011677 0.092117 0.023354
0 0.380721 0.253930 0.094527 0.101589
0 0.454883 0.688661 0.063492 0.063427
0 0.252432 0.169099 0.079238 0.089573
0 0.443512 0.977831 0.075859 0.044339
0 0.007531 0.866805 0.012734 0.093953
0 0.644736 0.365836 0.085949 0.089849
0 0.360297 0.069289 0.081062 0.089891
0 0.586736 0.987214 0.076246 0.021813
0 0.015105 0.045315 0.030211 0.082703
0 0.214801 0.600122 0.113289 0.104536
0 0.423010 0.167680 0.085645 0.092016
0 0.727861 0.476669 0.069246 0.101224
0 0.986199 0.022430 0.027602 0.044859
0 0.040105 0.028167 0.073734 0.056333
0 0.222574 0.678682 0.077969 0.096281
0 0.695977 0.040859 0.076687 0.076896
0 0.817379 0.204281 0.087578 0.097042
0 0.983283 0.906333 0.033434 0.122500
0 0.453105 0.930995 0.078852 0.104583
0 0.013887 0.208932 0.027289 0.116427
0 0.645945 0.969234 0.074703 0.061365
0 0.965893 0.866917 0.065168 0.100219
0 0.463863 0.630589 0.087055 0.084729
0 0.986275 0.639526 0.027449 0.117021
0 0.475395 0.358471 0.116148 0.096505
0 0.011180 0.713286 0.022359 0.110573
0 0.351639 0.984154 0.095449 0.031682
0 0.249762 0.112406 0.082742 0.090979
0 0.240168 0.751846 0.082805 0.107276
0 0.502428 0.017320 0.089309 0.034641
0 0.423816 0.436456 0.078125 0.097839
0 0.019465 0.105693 0.038234 0.085729
0 0.778068 0.546099 0.099574 0.084042
0 0.886086 0.151693 0.075680 0.106177
0 0.387660 0.033039 0.084875 0.066078
0 0.134240 0.980844 0.080082 0.038312
0 0.171389 0.139802 0.079488 0.100406
0 0.945881 0.029036 0.083957 0.058073
0 0.705258 0.431307 0.075727 0.088302
0 0.471828 0.434630 0.082719 0.086458
0 0.128906 0.209198 0.086289 0.081833
0 0.026967 0.499865 0.053934 0.137792
0 0.131502 0.072138 0.090207 0.081484
0 0.182754 0.020669 0.075391 0.041339
0 0.771070 0.687083 0.075664 0.089417
0 0.252645 0.965706 0.081031 0.068589
0 0.865418 0.838177 0.071680 0.110292
0 0.830490 0.451591 0.080035 0.087359
0 0.984527 0.230604 0.030945 0.107490
0 0.777461 0.458057 0.071563 0.113188
0 0.379516 0.334763 0.083430 0.094807
0 0.486691 0.783484 0.069133 0.098542
0 0.694979 0.820706 0.080418 0.089318
0 0.637625 0.828781 0.080500 0.113271
0 0.193312 0.190518 0.068406 0.086682
0 0.107777 0.141284 0.075664 0.093651
0 0.016277 0.380786 0.031680 0.124990
0 0.337471 0.107346 0.086652 0.092755
0 0.815725 0.968013 0.079574 0.063974
0 0.144689 0.345896 0.076246 0.091896
0 0.617082 0.410109 0.079172 0.097115
0 0.834699 0.393359 0.083672 0.085406
0 0.529307 0.766352 0.077777 0.086276
0 0.926268 0.421612 0.081566 0.112297
0 0.796945 0.350596 0.070195 0.105036
0 0.898598 0.479521 0.086508 0.098208
0 0.766287 0.037484 0.077965 0.074563
0 0.651730 0.699500 0.080859 0.095844
0 0.610031 0.027966 0.077680 0.050505
0 0.123777 0.620523 0.078195 0.105161
0 0.731936 0.234854 0.072941 0.098875
0 0.558482 0.831680 0.074660 0.088807
0 0.490633 0.957547 0.074500 0.084104
0 0.971326 0.333937 0.057348 0.112646
0 0.790158 0.078633 0.080871 0.098078
0 0.810256 0.796125 0.070785 0.089740
0 0.568102 0.468854 0.088203 0.094990
0 0.738002 0.350437 0.070535 0.096031
0 0.251777 0.435286 0.075883 0.085385
0 0.917990 0.363159 0.081746 0.098047
0 0.517969 0.183208 0.069750 0.105240
0 0.346311 0.184573 0.084324 0.098021
0 0.212244 0.366352 0.075488 0.085349
0 0.200674 0.828685 0.075832 0.097859
0 0.324803 0.291878 0.078043 0.110057
0 0.208322 0.917070 0.070395 0.084484
0 0.179357 0.411227 0.076691 0.093828
0 0.071469 0.285432 0.076008 0.105531
0 0.820258 0.140013 0.079844 0.089724
0 0.797502 0.856867 0.086043 0.099130
0 0.129686 0.278542 0.065934 0.089104
0 0.858139 0.240706 0.097973 0.090911
0 0.067451 0.569451 0.075910 0.110516
0 0.510531 0.686995 0.085711 0.097979
0 0.028600 0.980229 0.057199 0.039542
0 0.387297 0.618635 0.075086 0.091542
0 0.207162 0.067354 0.079363 0.096854
0 0.425842 0.084641 0.074871 0.090427
0 0.417617 0.881000 0.075125 0.111177
0 0.965611 0.490833 0.066965 0.092573
0 0.954752 0.786003 0.073074 0.109901
0 0.620010 0.768622 0.086160 0.104068
0 0.914691 0.617482 0.070352 0.098776
0 0.677045 0.256888 0.067293 0.115839
0 0.747117 0.154680 0.075344 0.095349
0 0.063832 0.056534 0.076406 0.084557
0 0.188549 0.291979 0.075965 0.100115
0 0.869734 0.321346 0.090344 0.106797
0 0.031445 0.600635 0.061656 0.096792
0 0.364439 0.902813 0.068215 0.107552
0 0.675691 0.505034 0.082828 0.109193
0 0.509240 0.506576 0.086090 0.101495
0 0.333129 0.471964 0.076367 0.090781
0 0.147611 0.771500 0.083066 0.097031
0 0.433529 0.800943 0.070496 0.104417
0 0.895816 0.798021 0.070906 0.106594
0 0.770953 0.738867 0.078977 0.099786
0 0.276828 0.511995 0.077805 0.095083
0 0.193338 0.522047 0.076434 0.092500
0 0.035096 0.915630 0.068488 0.104781
0 0.669766 0.594310 0.089375 0.102932
0 0.664979 0.166966 0.082637 0.089005
0 0.356498 0.399021 0.082434 0.100146
0 0.390064 0.710133 0.075316 0.087526
0 0.904701 0.064487 0.087738 0.105130
0 0.623289 0.550711 0.070609 0.096026
0 0.849990 0.579932 0.078105 0.100937
0 0.777021 0.257328 0.073824 0.101385
0 0.043785 0.144872 0.080758 0.104474
0 0.284512 0.663117 0.076258 0.097255
0 0.626248 0.094831 0.076215 0.102516
0 0.071803 0.747810 0.074590 0.105172
0 0.687242 0.893083 0.091055 0.088198
0 0.523744 0.277581 0.076980 0.093089
0 0.116090 0.846977 0.079922 0.096276
0 0.130705 0.712044 0.068645 0.092318
0 0.839957 0.671432 0.076086 0.100937
0 0.702441 0.957102 0.082953 0.083307
0 0.032447 0.800630 0.064895 0.096083
0 0.054328 0.677404 0.073430 0.098714
0 0.730420 0.646042 0.080496 0.103823
0 0.081447 0.955812 0.066730 0.084594
0 0.967428 0.573500 0.065145 0.103396
0 0.590871 0.897042 0.074289 0.099927
0 0.454371 0.554549 0.075031 0.095984
0 0.144943 0.924826 0.076105 0.097130
0 0.860537 0.925169 0.081309 0.095422
0 0.592732 0.660026 0.072629 0.107271
0 0.981223 0.098044 0.037047 0.098234
0 0.081262 0.382591 0.074883 0.117078
