0 0.286236 0.035596 0.069871 0.071193
0 0.887473 0.184242 0.078180 0.105599
1 0.851930 0.024070 0.082023 0.046526
0 0.541016 0.081833 0.069039 0.088823
0 0.050170 0.576039 0.081645 0.114516
0 0.576727 0.030221 0.071594 0.060443
0 0.984941 0.747563 0.030000 0.087990
0 0.183422 0.012443 0.068062 0.024885
0 0.895828 0.987602 0.078102 0.023870
1 0.543367 0.684612 0.068883 0.089661
1 0.943377 0.441534 0.073082 0.092474
0 0.089373 0.288719 0.069996 0.097865
0 0.957801 0.324479 0.071492 0.090729
0 0.843352 0.266979 0.076836 0.087281
0 0.697869 0.427495 0.072480 0.098115
0 0.927760 0.883253 0.070418 0.105307
0 0.132889 0.035185 0.074418 0.070370
0 0.949289 0.120466 0.085555 0.097911
0 0.416572 0.972182 0.067988 0.055635
0 0.464344 0.684326 0.068930 0.096109
0 0.834186 0.978313 0.072020 0.043375
0 0.527473 0.418224 0.078984 0.099833
1 0.023273 0.617594 0.046547 0.093469
0 0.840377 0.349523 0.074637 0.085901
0 0.978902 0.517432 0.042195 0.109375
0 0.802686 0.917565 0.062410 0.088891
0 0.648318 0.220729 0.080223 0.102333
0 0.704572 0.686922 0.066559 0.089083
0 0.112969 0.727977 0.060930 0.083557
1 0.680023 0.304138 0.070430 0.088380
0 0.227711 0.078534 0.074922 0.093484
0 0.316539 0.257266 0.075117 0.095094
0 0.318240 0.530638 0.072832 0.094953
0 0.305578 0.350076 0.069883 0.097661
0 0.530184 0.929547 0.074727 0.096854
0 0.182359 0.360034 0.067906 0.091078
0 0.643740 0.785044 0.062441 0.087870
0 0.450418 0.794154 0.070195 0.091401
0 0.332576 0.638747 0.069504 0.100703
0 0.292742 0.958044 0.079242 0.083911
0 0.968957 0.198703 0.062086 0.097625
0 0.396631 0.643221 0.065090 0.092370
0 0.530391 0.835521 0.073000 0.093542
0 0.594043 0.880961 0.071977 0.099672
0 0.279426 0.690781 0.069906 0.092740
0 0.479895 0.965180 0.070469 0.069641
0 0.605754 0.580792 0.066758 0.107490
0 0.667525 0.610630 0.070082 0.090594
0 0.814355 0.757125 0.062898 0.093979
0 0.199980 0.520643 0.081539 0.100161
0 0.510695 0.510411 0.072219 0.094750
0 0.871541 0.411099 0.082926 0.093198
0 0.396799 0.735786 0.070277 0.096229
0 0.773434 0.622544 0.069305 0.101016
0 0.254160 0.816552 0.075359 0.097063
0 0.872039 0.497346 0.073539 0.090464
0 0.628150 0.059328 0.073582 0.100177
1 0.033090 0.252599 0.066180 0.097323
1 0.362234 0.036453 0.077789 0.072906
1 0.699201 0.829427 0.068238 0.095448
0 0.929707 0.041799 0.080086 0.083599
0 0.843299 0.609896 0.072223 0.116417
0 0.406662 0.345302 0.069668 0.098365
0 0.668801 0.511604 0.076398 0.100000
0 0.491988 0.037333 0.073539 0.073115
1 0.389029 0.199094 0.068113 0.090302
1 0.934996 0.538904 0.065617 0.083984
0 0.367898 0.435612 0.074469 0.095818
0 0.250934 0.396026 0.068578 0.090302
0 0.880732 0.784539 0.071262 0.099568
0 0.601781 0.728875 0.069414 0.097031
0 0.115494 0.432044 0.076449 0.095026
0 0.544551 0.601299 0.068047 0.094214
0 0.329559 0.798979 0.070672 0.094729
0 0.770535 0.841359 0.070953 0.087729
0 0.036910 0.076768 0.073820 0.101828
0 0.980566 0.837445 0.037867 0.100432
0 0.599229 0.146042 0.077816 0.097427
0 0.461268 0.387154 0.068082 0.097536
1 0.489775 0.035385 0.069488 0.070771
1 0.239002 0.600854 0.071980 0.091896
0 0.033818 0.370357 0.065121 0.088849
0 0.054457 0.757357 0.074625 0.094734
0 0.454430 0.277388 0.072945 0.094443
0 0.750641 0.528214 0.073102 0.092563
0 0.067205 0.171896 0.073066 0.092969
0 0.091246 0.508318 0.067680 0.085167
0 0.867934 0.926609 0.063250 0.083073
1 0.300748 0.879740 0.069441 0.089552
0 0.205154 0.241492 0.075004 0.100828
0 0.016650 0.493055 0.031113 0.100255
0 0.108131 0.101201 0.072809 0.094234
0 0.458516 0.179437 0.072422 0.105688
0 0.916740 0.624039 0.072809 0.091766
0 0.757129 0.099646 0.079836 0.105354
1 0.738785 0.924370 0.067102 0.087052
0 0.106098 0.613083 0.078242 0.110073
0 0.804477 0.199258 0.077305 0.097609
