0 0.419454 0.100887 0.081909 0.160579
0 0.366891 0.102322 0.068365 0.160005
0 0.328355 0.202074 0.086102 0.123315
0 0.262247 0.210100 0.083521 0.146245
0 0.284014 0.473812 0.079331 0.139366
0 0.220809 0.433396 0.069654 0.169755
0 0.156958 0.437123 0.085135 0.162301
0 0.157604 0.558949 0.122542 0.130769
0 0.024421 0.902377 0.047727 0.168551
0 0.065536 0.901775 0.079651 0.141088
0 0.302281 0.109824 0.089500 0.155991
0 0.689038 0.151005 0.094117 0.125491
0 0.982617 0.088375 0.033385 0.145194
0 0.853984 0.661486 0.084380 0.150398
0 0.984168 0.463088 0.031664 0.129148
0 0.826685 0.459405 0.090714 0.294014
0 0.339017 0.396655 0.115638 0.196412
0 0.230874 0.261225 0.082284 0.137569
0 0.012439 0.360662 0.022690 0.139028
0 0.103134 0.480380 0.103565 0.142528
0 0.791674 0.481521 0.069875 0.148699
0 0.177410 0.301340 0.092003 0.165690
0 0.959768 0.276090 0.080229 0.146292
0 0.023490 0.465486 0.046979 0.134000
0 0.952539 0.158866 0.081516 0.144111
0 0.471645 0.248338 0.087070 0.150417
0 0.184939 0.643671 0.093102 0.149380
0 0.218802 0.931144 0.079026 0.135037
0 0.250311 0.572426 0.102753 0.149185
0 0.157414 0.933625 0.082641 0.128676
0 0.985074 0.876856 0.029117 0.140241
0 0.051470 0.552687 0.090555 0.143255
0 0.815682 0.388530 0.089349 0.155884
0 0.741436 0.387713 0.087570 0.141324
0 0.924139 0.871998 0.084633 0.144125
0 0.051363 0.354583 0.079706 0.149194
0 0.105134 0.645361 0.093044 0.155435
0 0.664654 0.243688 0.093062 0.110532
0 0.410784 0.336887 0.081854 0.149856
0 0.918014 0.056296 0.084643 0.111843
0 0.645978 0.052060 0.079216 0.104120
0 0.787056 0.602398 0.085898 0.145019
0 0.845646 0.531850 0.083396 0.151699
0 0.737547 0.505111 0.078615 0.144852
0 0.146949 0.747331 0.088633 0.146569
0 0.713914 0.065984 0.082620 0.130801
0 0.115539 0.236954 0.088990 0.143176
0 0.666613 0.337530 0.088638 0.130616
0 0.912116 0.590551 0.084055 0.171528
0 0.801003 0.728301 0.080297 0.145639
0 0.743081 0.254192 0.086219 0.159264
0 0.506602 0.175282 0.102234 0.132796
0 0.673060 0.454241 0.083932 0.142074
0 0.494822 0.355620 0.079081 0.118574
0 0.859270 0.796787 0.083299 0.139222
0 0.606986 0.150296 0.081091 0.151769
0 0.593419 0.427773 0.084323 0.148815
0 0.570926 0.272049 0.084055 0.134875
0 0.791650 0.172065 0.081414 0.135824
0 0.116059 0.358127 0.081357 0.149292
0 0.189326 0.169104 0.086599 0.145662
0 0.245211 0.072968 0.091693 0.144222
0 0.973564 0.617456 0.052872 0.137329
0 0.918275 0.734375 0.079607 0.141194
0 0.965066 0.794738 0.069867 0.129718
0 0.856174 0.917273 0.099771 0.144713
