0 0.624294 0.112667 0.086229 0.154537
0 0.223048 0.644454 0.079544 0.130759
0 0.151409 0.314083 0.087615 0.161981
0 0.080435 0.772322 0.087906 0.147282
0 0.471516 0.119845 0.080557 0.142486
0 0.965536 0.557012 0.068839 0.165384
0 0.857870 0.356845 0.091333 0.155449
0 0.243094 0.502389 0.077521 0.155231
0 0.252103 0.093583 0.084570 0.152333
0 0.652197 0.229141 0.083487 0.149440
0 0.398292 0.184465 0.079953 0.146542
0 0.372332 0.590986 0.076497 0.144380
0 0.065960 0.162961 0.078003 0.136819
0 0.027277 0.381803 0.054529 0.156190
0 0.316094 0.949356 0.085490 0.101139
0 0.597991 0.313072 0.082940 0.133190
0 0.004733 0.545676 0.009352 0.134796
0 0.004634 0.053248 0.009143 0.106495
0 0.152947 0.457759 0.085951 0.135519
0 0.891298 0.015437 0.073195 0.030218
0 0.075829 0.975440 0.083961 0.048954
0 0.016858 0.904102 0.033716 0.130870
0 0.247223 0.016072 0.092628 0.032144
0 0.022906 0.279030 0.045812 0.138968
3 0.427430 0.438361 0.066010 0.116056
0 0.985072 0.411725 0.029357 0.147708
0 0.517426 0.773403 0.086930 0.142352
0 0.176491 0.098326 0.087367 0.167356
0 0.920771 0.042456 0.085177 0.082838
0 0.937667 0.692634 0.078130 0.147204
0 0.358794 0.071806 0.088437 0.143611
0 0.311736 0.594306 0.074216 0.135389
0 0.391913 0.086773 0.091753 0.136130
0 0.075034 0.058104 0.081531 0.114421
0 0.367139 0.766931 0.082539 0.129963
0 0.972777 0.351361 0.054445 0.158574
0 0.383616 0.827495 0.076784 0.148852
0 0.539202 0.185153 0.078591 0.127315
0 0.340139 0.366435 0.079451 0.139194
0 0.084458 0.905243 0.073083 0.118495
0 0.700910 0.700493 0.092706 0.163440
0 0.147732 0.231729 0.082557 0.135329
0 0.150370 0.514403 0.080979 0.147056
0 0.024210 0.695609 0.047633 0.137921
0 0.797457 0.805162 0.086133 0.183704
0 0.857141 0.115322 0.088297 0.144403
0 0.565185 0.047208 0.088786 0.092667
0 0.776181 0.411819 0.080784 0.155981
0 0.833577 0.565775 0.097643 0.162051
0 0.032695 0.938556 0.065391 0.121806
0 0.531141 0.525398 0.079109 0.147176
0 0.571479 0.495829 0.087188 0.146287
0 0.714014 0.524389 0.084138 0.174926
0 0.101439 0.642039 0.070383 0.134949
0 0.258451 0.715400 0.074120 0.129505
0 0.061980 0.563329 0.085497 0.126778
0 0.534139 0.827528 0.088680 0.154083
0 0.792691 0.947998 0.085997 0.102625
0 0.827646 0.290243 0.086547 0.134366
0 0.746760 0.065977 0.083948 0.131861
0 0.953566 0.757535 0.085909 0.148921
0 0.530391 0.257037 0.084005 0.154046
0 0.136905 0.941470 0.079352 0.116310
0 0.262042 0.856021 0.087844 0.141514
0 0.947517 0.259285 0.089565 0.173486
0 0.878328 0.951757 0.082615 0.095940
0 0.465195 0.950190 0.076073 0.099157
0 0.511857 0.388500 0.087568 0.137796
0 0.630161 0.552361 0.085823 0.149898
0 0.719582 0.929405 0.090263 0.141190
0 0.316332 0.511748 0.077513 0.135921
0 0.365897 0.415565 0.079638 0.159056
0 0.484737 0.528593 0.084057 0.157935
0 0.420719 0.896410 0.084740 0.149912
0 0.888805 0.160940 0.086781 0.151398
0 0.868027 0.760208 0.077247 0.137574
0 0.150378 0.713613 0.080589 0.139523
0 0.296921 0.312343 0.085247 0.131157
