0 0.353402 0.835409 0.086461 0.115786
0 0.260469 0.011198 0.078938 0.022187
0 0.465486 0.006487 0.064387 0.012297
0 0.992855 0.733440 0.014023 0.087724
0 0.336316 0.010297 0.063586 0.020375
0 0.853840 0.343674 0.071906 0.092224
0 0.682973 0.165052 0.065516 0.088844
0 0.616393 0.893383 0.074207 0.094714
0 0.553588 0.536977 0.071988 0.100047
0 0.131352 0.893435 0.066953 0.102047
0 0.601145 0.778497 0.076742 0.100089
0 0.347465 0.401589 0.064695 0.095750
0 0.300582 0.711495 0.070609 0.091750
0 0.771498 0.618482 0.077941 0.090807
0 0.118348 0.501076 0.073992 0.090609
0 0.628176 0.230870 0.073523 0.100260
0 0.151031 0.396479 0.071023 0.107542
0 0.017104 0.362409 0.034207 0.094995
0 0.012740 0.689073 0.025480 0.086010
0 0.985426 0.907039 0.028875 0.095536
0 0.154455 0.026031 0.072574 0.052062
0 0.403381 0.983060 0.080082 0.033755
0 0.544354 0.014096 0.076637 0.028193
0 0.021820 0.153872 0.043641 0.087620
0 0.177187 0.039622 0.069570 0.079245
0 0.257779 0.966219 0.080527 0.067563
0 0.984119 0.336122 0.031145 0.095266
0 0.977758 0.699607 0.044453 0.090057
0 0.014713 0.234292 0.029137 0.098052
0 0.501986 0.919349 0.073176 0.098865
0 0.701902 0.865091 0.066930 0.113276
0 0.717186 0.934417 0.071465 0.094573
0 0.981879 0.205977 0.036242 0.105005
0 0.532922 0.438966 0.077672 0.096339
0 0.670416 0.245823 0.064363 0.093208
0 0.965127 0.965706 0.069746 0.068589
0 0.667529 0.076195 0.073277 0.095547
0 0.764174 0.436927 0.069512 0.077406
0 0.903828 0.845497 0.074727 0.105766
0 0.579537 0.371750 0.076027 0.116594
0 0.974674 0.591990 0.050652 0.126646
0 0.423699 0.693240 0.074633 0.106375
0 0.061932 0.588987 0.079957 0.102266
0 0.469781 0.943104 0.072719 0.102792
0 0.345674 0.241911 0.084598 0.081073
0 0.786609 0.855276 0.080484 0.106958
0 0.244471 0.533380 0.072629 0.093094
0 0.845313 0.789349 0.078180 0.092583
0 0.618586 0.971286 0.077945 0.057427
0 0.250070 0.194398 0.074938 0.083161
0 0.330967 0.964885 0.072098 0.070146
0 0.462455 0.609385 0.075676 0.100250
0 0.399512 0.112901 0.074578 0.083531
0 0.554844 0.692906 0.080703 0.101948
0 0.653641 0.677292 0.078070 0.092958
0 0.595654 0.577414 0.085941 0.100661
0 0.408566 0.033523 0.074203 0.066849
0 0.161455 0.665685 0.068832 0.103724
0 0.074059 0.403456 0.081687 0.100536
0 0.280951 0.409263 0.067910 0.110161
0 0.501775 0.059518 0.065543 0.099943
0 0.850088 0.950615 0.067754 0.089688
0 0.109135 0.274268 0.079605 0.092297
0 0.219088 0.618125 0.082910 0.101187
0 0.826289 0.058497 0.076250 0.095797
0 0.366846 0.585375 0.072621 0.096396
0 0.273035 0.305872 0.077359 0.095286
0 0.216865 0.900026 0.069262 0.097385
0 0.059021 0.106573 0.076449 0.102250
0 0.755828 0.257161 0.069133 0.109177
0 0.191814 0.291781 0.080504 0.090656
0 0.279113 0.874057 0.078609 0.098260
0 0.819451 0.153849 0.078621 0.100333
0 0.194275 0.764865 0.087582 0.116177
0 0.429162 0.263083 0.076848 0.103750
0 0.527832 0.822807 0.074078 0.095479
0 0.316523 0.152289 0.069047 0.106234
0 0.903672 0.422565 0.084648 0.110391
0 0.571143 0.075385 0.077488 0.102125
0 0.257271 0.096833 0.073348 0.097708
0 0.412162 0.358992 0.086746 0.101776
0 0.472314 0.423526 0.074238 0.094385
0 0.492025 0.206195 0.089387 0.112234
0 0.892912 0.252721 0.086980 0.113339
0 0.782438 0.353820 0.064016 0.106078
0 0.743336 0.119130 0.078422 0.096594
