0 0.123797 0.347708 0.096854 0.154565
0 0.543971 0.863859 0.082109 0.141051
0 0.689762 0.316803 0.097456 0.157292
0 0.428069 0.918062 0.081169 0.154921
0 0.541273 0.725146 0.093005 0.145616
0 0.972508 0.082407 0.054656 0.138343
0 0.458001 0.057336 0.083539 0.113819
0 0.476368 0.813509 0.082992 0.156778
0 0.577072 0.627102 0.090320 0.150491
0 0.079020 0.251002 0.083190 0.148477
0 0.126608 0.104819 0.088372 0.140833
0 0.910682 0.552639 0.087927 0.147500
0 0.325497 0.727917 0.103214 0.129954
0 0.301898 0.128856 0.080396 0.145667
0 0.224262 0.904775 0.080695 0.136912
0 0.933590 0.693097 0.082664 0.140093
0 0.418419 0.423822 0.084651 0.146560
0 0.613289 0.282546 0.093234 0.156491
0 0.736238 0.804944 0.080174 0.143130
0 0.239646 0.335525 0.085302 0.154903
0 0.699115 0.940465 0.088505 0.117755
0 0.841004 0.325287 0.080341 0.147148
0 0.042116 0.464426 0.083852 0.159185
0 0.303277 0.255350 0.098013 0.148440
0 0.415598 0.724688 0.085237 0.146208
0 0.846020 0.812516 0.083362 0.122458
0 0.371419 0.833088 0.086370 0.149389
0 0.794439 0.238162 0.085596 0.157009
0 0.538387 0.542965 0.085435 0.148579
0 0.631208 0.699762 0.082365 0.134949
0 0.271211 0.821630 0.082953 0.153306
0 0.718833 0.652766 0.090182 0.145431
0 0.713568 0.532248 0.088880 0.143875
0 0.950385 0.261067 0.090969 0.165468
0 0.967197 0.605287 0.065607 0.161861
0 0.672061 0.434056 0.090357 0.142759
0 0.907937 0.151287 0.084760 0.156602
0 0.577573 0.437201 0.094276 0.144884
0 0.993456 0.359340 0.013016 0.143912
0 0.347835 0.977657 0.085096 0.044685
0 0.789616 0.955373 0.085201 0.085597
0 0.138974 0.959512 0.107937 0.080977
0 0.021048 0.961428 0.040883 0.076699
0 0.146052 0.015986 0.090828 0.030315
0 0.866072 0.978637 0.084320 0.042032
2 0.521138 0.345336 0.114182 0.139144
2 0.364139 0.126794 0.083794 0.180069
0 0.008367 0.092475 0.016734 0.152588
0 0.014025 0.725475 0.028049 0.155727
0 0.009303 0.414998 0.018529 0.159264
0 0.033997 0.900998 0.067995 0.153708
0 0.959491 0.433259 0.080794 0.169083
0 0.183206 0.418868 0.089578 0.162671
0 0.140755 0.876887 0.108073 0.156903
0 0.425164 0.166458 0.086870 0.152213
0 0.536464 0.030942 0.088536 0.061662
0 0.057339 0.831377 0.089698 0.152810
0 0.983570 0.787792 0.032620 0.137352
0 0.909983 0.362567 0.099029 0.177792
0 0.028483 0.584678 0.056966 0.160477
0 0.429478 0.548708 0.087216 0.143093
0 0.069565 0.030435 0.085667 0.059694
0 0.635105 0.886593 0.102383 0.163343
0 0.541465 0.145736 0.086065 0.150370
0 0.730820 0.127595 0.085406 0.145134
0 0.317621 0.925407 0.086883 0.146491
0 0.340630 0.377021 0.088802 0.154005
0 0.116223 0.478044 0.085367 0.152227
0 0.198566 0.079859 0.086544 0.147542
0 0.389583 0.274461 0.096932 0.168921
0 0.334016 0.506951 0.081917 0.140949
0 0.715120 0.226447 0.091724 0.133819
0 0.025983 0.266896 0.051966 0.165505
0 0.847066 0.459604 0.088388 0.149764
0 0.490135 0.455206 0.080068 0.133356
0 0.179445 0.553449 0.077719 0.154722
0 0.373917 0.624035 0.079620 0.144616
0 0.485469 0.230810 0.086182 0.161481
0 0.773848 0.465926 0.084378 0.152815
0 0.542982 0.958005 0.080661 0.082194
0 0.868805 0.720056 0.094469 0.151167
0 0.298112 0.036519 0.083042 0.071907
0 0.595464 0.794600 0.081427 0.132060
0 0.844169 0.920093 0.107901 0.144685
0 0.130021 0.625382 0.093750 0.172486
0 0.784892 0.053225 0.080430 0.104421
0 0.148921 0.219926 0.093456 0.168926
0 0.845042 0.093856 0.087792 0.170463
0 0.839066 0.595634 0.092560 0.167630
0 0.225316 0.202171 0.085242 0.144574
0 0.788391 0.689234 0.086458 0.174597
0 0.041939 0.137854 0.083878 0.161819
0 0.247318 0.615933 0.086599 0.154347
0 0.105066 0.754713 0.100404 0.163676
0 0.241193 0.487928 0.083932 0.150264
0 0.967147 0.943176 0.065648 0.112269
0 0.655980 0.158502 0.091966 0.171458
0 0.595596 0.071065 0.093109 0.142130
