0 0.549579 0.188535 0.086753 0.151495
0 0.107694 0.427620 0.086310 0.140583
0 0.976753 0.243544 0.045417 0.174718
0 0.421085 0.354856 0.086674 0.143444
0 0.365884 0.416676 0.093154 0.142852
0 0.734076 0.049065 0.081422 0.095148
0 0.260384 0.388637 0.085732 0.130181
0 0.627083 0.246616 0.081411 0.154296
0 0.651565 0.089884 0.093990 0.153648
0 0.104717 0.125512 0.096263 0.167431
0 0.945379 0.887380 0.088581 0.147685
0 0.840732 0.264831 0.097620 0.144653
0 0.175020 0.449602 0.083154 0.164639
0 0.538488 0.505384 0.086201 0.151815
0 0.954780 0.106771 0.090440 0.138690
0 0.046240 0.225410 0.086234 0.149819
0 0.079542 0.310222 0.083250 0.144741
0 0.427896 0.926160 0.095464 0.147681
0 0.368612 0.554972 0.083870 0.144139
0 0.754414 0.261706 0.084995 0.146708
0 0.704092 0.354375 0.085232 0.147204
0 0.111206 0.780449 0.077667 0.172907
0 0.976495 0.792975 0.046833 0.155227
0 0.784092 0.127660 0.101414 0.162403
0 0.198471 0.583704 0.079474 0.140574
0 0.465568 0.544479 0.087906 0.147060
0 0.893059 0.586116 0.094169 0.149602
0 0.084803 0.597269 0.075659 0.145111
0 0.305608 0.625917 0.078148 0.139880
0 0.918454 0.212796 0.097820 0.158315
0 0.836310 0.486132 0.101880 0.136208
0 0.262165 0.513676 0.086711 0.143759
0 0.581332 0.354225 0.094201 0.158727
0 0.640854 0.815856 0.099995 0.142537
0 0.792069 0.676653 0.088159 0.163796
0 0.395930 0.689252 0.082115 0.145366
0 0.918105 0.342933 0.093247 0.143866
0 0.973281 0.552398 0.052755 0.168583
0 0.871785 0.950944 0.087216 0.097361
0 0.316536 0.773951 0.097927 0.171995
0 0.657633 0.625118 0.083635 0.142699
0 0.547493 0.826245 0.080695 0.139981
0 0.596559 0.551713 0.087617 0.171463
0 0.254160 0.894051 0.089107 0.135907
0 0.131990 0.931475 0.090656 0.132551
0 0.144704 0.662067 0.079445 0.141856
0 0.183992 0.822451 0.088812 0.170829
0 0.468818 0.824400 0.089234 0.152745
0 0.745551 0.938618 0.080768 0.122097
0 0.928833 0.479546 0.091099 0.152157
0 0.531233 0.646271 0.096398 0.161773
0 0.663771 0.934495 0.094083 0.131009
0 0.771316 0.825215 0.081284 0.146486
0 0.859151 0.846750 0.090661 0.146704
0 0.033322 0.646810 0.066643 0.142870
0 0.824723 0.359102 0.092508 0.147611
0 0.352428 0.147488 0.075779 0.143282
0 0.334296 0.043637 0.073701 0.087069
0 0.010246 0.326437 0.018935 0.145931
0 0.969398 0.038954 0.058625 0.074667
0 0.016091 0.048111 0.032182 0.096222
0 0.609270 0.974468 0.096586 0.043481
1 0.717413 0.522519 0.085612 0.158380
0 0.007236 0.203574 0.013935 0.150991
0 0.229750 0.040294 0.103708 0.080588
1 0.354572 0.928991 0.087529 0.142019
0 0.909089 0.032317 0.096323 0.064634
0 0.987043 0.930065 0.025737 0.136796
0 0.017078 0.772831 0.034156 0.141921
0 0.406557 0.046963 0.086469 0.093926
0 0.550689 0.052521 0.086279 0.104218
0 0.834867 0.608044 0.101078 0.155255
1 0.439223 0.218039 0.084430 0.151644
0 0.230848 0.250676 0.085763 0.170037
0 0.191243 0.081319 0.087539 0.153259
0 0.160118 0.203826 0.079971 0.154218
0 0.275181 0.132940 0.097263 0.135056
0 0.305518 0.275475 0.077021 0.158347
0 0.694426 0.221171 0.076919 0.160102
0 0.468493 0.102162 0.084232 0.130102
0 0.370139 0.276891 0.078039 0.150755
0 0.496806 0.406433 0.088664 0.163014
