0 0.678333 0.219634 0.087177 0.156157
0 0.329368 0.029815 0.085695 0.056222
0 0.025997 0.719894 0.051995 0.153306
0 0.039225 0.373671 0.078451 0.143296
0 0.649142 0.056734 0.067003 0.113468
0 0.743457 0.159120 0.080669 0.143407
0 0.321100 0.581359 0.089904 0.160699
0 0.701840 0.339477 0.090508 0.159889
0 0.543020 0.592065 0.083971 0.154741
0 0.648513 0.917954 0.100172 0.161769
0 0.030557 0.566979 0.061115 0.170236
0 0.487115 0.206275 0.080745 0.151819
0 0.150690 0.695479 0.088464 0.153051
0 0.324350 0.278993 0.084060 0.144347
0 0.069197 0.491940 0.079440 0.140759
0 0.224539 0.369194 0.082969 0.140778
0 0.301883 0.138100 0.077474 0.152264
0 0.727852 0.945442 0.082521 0.109116
0 0.391681 0.499285 0.074372 0.131856
0 0.791721 0.068345 0.083073 0.136690
0 0.012917 0.247896 0.024422 0.161588
0 0.856953 0.051162 0.082292 0.100898
0 0.368717 0.117164 0.072102 0.140764
0 0.955520 0.930016 0.086003 0.139347
0 0.200621 0.784694 0.090997 0.151907
0 0.951594 0.455618 0.086349 0.162921
0 0.410194 0.852437 0.084284 0.149125
0 0.937478 0.111924 0.081602 0.151384
0 0.111798 0.416014 0.078247 0.125278
0 0.255471 0.055919 0.076885 0.108940
0 0.928876 0.253204 0.086294 0.148046
0 0.875027 0.171215 0.084154 0.147995
0 0.413194 0.207657 0.075372 0.156889
0 0.674923 0.517394 0.079654 0.147722
0 0.480180 0.783669 0.098437 0.189662
0 0.481870 0.641083 0.085776 0.141296
0 0.020105 0.948604 0.039237 0.097681
0 0.304758 0.969648 0.099438 0.060704
0 0.616729 0.604384 0.079995 0.133463
0 0.579841 0.062572 0.094198 0.125144
0 0.468238 0.933382 0.084935 0.133236
0 0.015435 0.098051 0.029484 0.166880
0 0.151688 0.892194 0.104495 0.189657
0 0.396240 0.627887 0.082479 0.150181
0 0.075087 0.931796 0.088987 0.136407
0 0.710260 0.847215 0.080021 0.144431
0 0.382066 0.940650 0.096805 0.116977
0 0.805194 0.935977 0.090169 0.125333
0 0.667811 0.665412 0.073591 0.135972
0 0.918609 0.572910 0.082766 0.147273
0 0.245148 0.647609 0.093500 0.167968
0 0.443268 0.421924 0.083630 0.149023
0 0.308129 0.874100 0.094273 0.160884
0 0.310393 0.722331 0.080562 0.153560
0 0.340835 0.417109 0.091456 0.159634
0 0.558133 0.761225 0.086677 0.161181
0 0.498057 0.356951 0.083370 0.148144
0 0.775620 0.435937 0.089047 0.159847
0 0.715510 0.046769 0.084349 0.093537
0 0.987585 0.861250 0.023857 0.160778
0 0.548624 0.945255 0.078721 0.108926
0 0.840898 0.675826 0.075224 0.118514
0 0.618078 0.971903 0.092151 0.054546
0 0.632003 0.778553 0.083292 0.150801
0 0.095195 0.800653 0.091000 0.154815
0 0.977259 0.063444 0.045482 0.123574
1 0.590349 0.441604 0.096646 0.176245
