0 0.087099 0.975227 0.089969 0.049546
0 0.015327 0.123771 0.030555 0.156551
0 0.384669 0.033539 0.072828 0.067079
0 0.372206 0.504572 0.103760 0.183486
0 0.982660 0.809505 0.034372 0.152407
0 0.309383 0.036178 0.079245 0.072356
0 0.980768 0.602347 0.038464 0.143481
0 0.326897 0.280213 0.094253 0.174435
0 0.278832 0.950553 0.083758 0.098421
0 0.265637 0.714271 0.080435 0.195440
0 0.963044 0.215150 0.073802 0.192329
0 0.617188 0.488894 0.073318 0.164269
0 0.856852 0.098757 0.096297 0.161301
0 0.574790 0.067183 0.085013 0.134366
0 0.438699 0.690699 0.089732 0.130870
0 0.393155 0.788907 0.084039 0.172963
0 0.675788 0.253271 0.096237 0.153958
0 0.848589 0.237565 0.078208 0.135370
0 0.301819 0.469164 0.098820 0.150051
0 0.437889 0.442255 0.078622 0.149824
0 0.845311 0.436426 0.076930 0.141472
0 0.266605 0.340894 0.076898 0.172537
0 0.339083 0.712306 0.094859 0.164102
0 0.593111 0.337826 0.082367 0.150236
0 0.899674 0.540912 0.080609 0.129102
0 0.666922 0.393437 0.090786 0.161958
0 0.789819 0.932377 0.095112 0.135245
0 0.203849 0.370285 0.069172 0.146579
0 0.725957 0.841697 0.080695 0.168468
0 0.912309 0.185387 0.077888 0.144273
0 0.742415 0.428255 0.078680 0.151722
0 0.053406 0.507657 0.087474 0.140991
0 0.648397 0.723442 0.079044 0.145644
0 0.415023 0.144866 0.082521 0.148981
0 0.374147 0.339664 0.073826 0.144310
0 0.519129 0.567157 0.080820 0.154556
0 0.935382 0.659778 0.081107 0.148028
0 0.616061 0.175495 0.086935 0.155750
0 0.341712 0.125775 0.089878 0.163653
0 0.723316 0.684472 0.085826 0.161806
0 0.030245 0.606215 0.060490 0.131866
0 0.135264 0.367125 0.082148 0.148241
0 0.795980 0.819090 0.079263 0.135745
0 0.871676 0.712458 0.082977 0.159815
0 0.917754 0.414264 0.085122 0.148481
0 0.821832 0.560792 0.082909 0.141917
0 0.549190 0.441479 0.090135 0.166690
0 0.211600 0.617951 0.086065 0.153690
0 0.034866 0.250833 0.069695 0.164611
0 0.269986 0.190433 0.089013 0.159171
0 0.442779 0.573412 0.081177 0.142537
0 0.196355 0.752317 0.089451 0.152486
0 0.439022 0.275171 0.088456 0.155130
0 0.015684 0.709361 0.031247 0.156120
0 0.309464 0.847231 0.086854 0.155981
0 0.129007 0.585794 0.087148 0.152773
3 0.353365 0.601618 0.074984 0.128069
0 0.575077 0.651419 0.085716 0.166273
0 0.914835 0.295706 0.093992 0.128523
0 0.051430 0.403074 0.102859 0.134833
0 0.989930 0.051625 0.020141 0.102435
0 0.175246 0.982539 0.090945 0.033532
0 0.957190 0.019532 0.076062 0.038269
0 0.847723 0.015088 0.095471 0.030176
0 0.880534 0.988556 0.083953 0.022889
0 0.994449 0.164097 0.010607 0.151593
0 0.024384 0.980104 0.047581 0.037810
0 0.530064 0.014250 0.084367 0.028194
