0 0.905260 0.714820 0.088530 0.105792
0 0.470916 0.105386 0.089317 0.118035
0 0.792936 0.362919 0.082523 0.104758
0 0.419537 0.463989 0.088287 0.125890
0 0.891958 0.476770 0.082033 0.105154
0 0.597110 0.226878 0.095687 0.113169
0 0.264693 0.775046 0.095891 0.102047
0 0.456019 0.803765 0.083912 0.118467
0 0.599225 0.920646 0.081960 0.103513
0 0.120768 0.654367 0.087238 0.117099
0 0.299014 0.215049 0.078299 0.110880
0 0.621916 0.586561 0.087812 0.107958
0 0.514155 0.898740 0.087454 0.109979
0 0.229207 0.171842 0.082357 0.116626
0 0.181088 0.074573 0.082068 0.116029
0 0.962799 0.647991 0.072936 0.106178
0 0.405633 0.925813 0.086728 0.095237
0 0.193137 0.229612 0.081304 0.118863
0 0.427299 0.016896 0.086983 0.033719
0 0.083407 0.747922 0.080664 0.111636
0 0.753935 0.661049 0.099807 0.129259
0 0.317797 0.680013 0.076435 0.112217
0 0.911933 0.080990 0.064738 0.105684
0 0.630818 0.687852 0.089892 0.108544
0 0.607436 0.109686 0.099263 0.108601
0 0.856460 0.956878 0.097913 0.086245
0 0.379252 0.627222 0.104213 0.104516
0 0.379296 0.336921 0.081346 0.108462
0 0.675419 0.753462 0.081624 0.099280
0 0.792587 0.575175 0.089880 0.126934
0 0.632147 0.479889 0.092867 0.133102
0 0.671173 0.032883 0.078465 0.065766
0 0.644524 0.313426 0.073792 0.112500
0 0.524981 0.465509 0.081273 0.109259
0 0.195972 0.521605 0.081343 0.115267
0 0.074958 0.961662 0.085154 0.076615
0 0.824462 0.176453 0.096200 0.109995
0 0.171071 0.760790 0.090637 0.138524
0 0.325426 0.942178 0.092280 0.111847
0 0.963864 0.442160 0.071871 0.107798
0 0.883735 0.159961 0.071790 0.105252
0 0.725345 0.398215 0.074070 0.114722
0 0.735127 0.945797 0.083627 0.108405
0 0.566721 0.038349 0.097207 0.076698
0 0.825056 0.076409 0.082427 0.103786
0 0.375127 0.238884 0.079992 0.103693
0 0.113856 0.534025 0.069387 0.140581
0 0.539601 0.738336 0.084572 0.106044
0 0.973947 0.823876 0.051867 0.107104
0 0.743139 0.179447 0.077820 0.114007
0 0.272106 0.886929 0.091335 0.104043
0 0.858814 0.631471 0.085027 0.104640
0 0.732052 0.071217 0.092407 0.127978
0 0.743025 0.262608 0.082708 0.107274
0 0.268682 0.347238 0.090467 0.109866
0 0.031115 0.419642 0.062168 0.123822
0 0.981213 0.120584 0.037434 0.101610
0 0.969562 0.023009 0.060876 0.044424
0 0.260002 0.395350 0.084209 0.113354
0 0.041144 0.035828 0.082288 0.070792
0 0.993343 0.073058 0.013314 0.108277
0 0.994196 0.715185 0.011609 0.138117
0 0.449603 0.605201 0.087377 0.114095
0 0.184902 0.659056 0.087380 0.123945
0 0.943100 0.033117 0.082056 0.062593
0 0.090133 0.420815 0.080297 0.112207
0 0.570100 0.711772 0.075015 0.102269
0 0.011827 0.661196 0.023654 0.136939
0 0.910714 0.972364 0.083372 0.054892
0 0.529965 0.987986 0.078681 0.024028
0 0.155905 0.278308 0.084263 0.109064
0 0.563503 0.121052 0.097361 0.122515
0 0.986267 0.509956 0.027465 0.118421
0 0.477176 0.328886 0.085316 0.107289
0 0.267805 0.984630 0.085818 0.030309
0 0.015633 0.828020 0.031265 0.114856
0 0.977373 0.966186 0.045255 0.066929
0 0.684581 0.925502 0.078492 0.101559
0 0.615195 0.986782 0.095621 0.026332
0 0.043592 0.846078 0.075015 0.100098
0 0.362097 0.692559 0.082419 0.121055
0 0.400992 0.963318 0.086682 0.073364
0 0.394390 0.168243 0.093364 0.103729
0 0.972539 0.909877 0.054514 0.103642
0 0.690872 0.350298 0.084406 0.110288
0 0.747847 0.780476 0.071929 0.108164
0 0.013000 0.943691 0.025999 0.112618
0 0.465735 0.272155 0.100691 0.110895
0 0.961161 0.374452 0.076343 0.103030
0 0.838997 0.032541 0.085548 0.063827
0 0.562070 0.480329 0.074008 0.096389
0 0.066896 0.120082 0.077419 0.095319
0 0.726777 0.862099 0.066532 0.114516
0 0.457018 0.165242 0.093148 0.105000
0 0.509034 0.165244 0.068954 0.111456
0 0.806009 0.274115 0.087095 0.100165
0 0.357629 0.532531 0.072442 0.104619
0 0.818632 0.441880 0.086046 0.104491
0 0.100183 0.072788 0.088399 0.109136
0 0.833966 0.834936 0.086312 0.109830
0 0.465395 0.538616 0.081524 0.099239
0 0.147622 0.411890 0.091362 0.114223
0 0.567620 0.298156 0.094213 0.116703
0 0.045517 0.499756 0.079120 0.118709
0 0.845129 0.303729 0.091092 0.109753
0 0.927672 0.314378 0.085992 0.109938
0 0.232405 0.676211 0.084232 0.116919
0 0.473445 0.685653 0.091227 0.131019
0 0.732419 0.509213 0.081543 0.130730
0 0.294153 0.056726 0.091995 0.112927
0 0.276094 0.541263 0.099371 0.116857
0 0.603003 0.825478 0.078291 0.100576
0 0.206196 0.938714 0.087531 0.120700
0 0.352731 0.846777 0.082006 0.116343
