4 0.525318 0.202051 0.085042 0.133435
4 0.581531 0.602935 0.079813 0.149741
0 0.100638 0.688023 0.078151 0.143213
0 0.841812 0.441681 0.073135 0.123213
0 0.667534 0.534083 0.081141 0.132037
0 0.817898 0.868532 0.081120 0.142954
0 0.820529 0.570458 0.086286 0.142306
0 0.545526 0.904880 0.077635 0.147352
0 0.731036 0.883764 0.075729 0.122176
0 0.919977 0.116843 0.092484 0.148574
0 0.211255 0.505903 0.084198 0.147046
0 0.971979 0.439667 0.055583 0.124241
0 0.989951 0.943153 0.018026 0.111306
0 0.763523 0.338343 0.087036 0.163370
0 0.268693 0.128852 0.079927 0.147296
0 0.819180 0.974380 0.083005 0.048704
0 0.379732 0.031560 0.082089 0.061991
0 0.979294 0.087472 0.041161 0.138426
0 0.101458 0.067352 0.080198 0.134704
0 0.145492 0.298690 0.071526 0.126602
0 0.027760 0.045755 0.054031 0.089935
0 0.210432 0.215824 0.075656 0.140093
0 0.203109 0.056708 0.080302 0.111306
0 0.761372 0.082468 0.079609 0.130824
0 0.926497 0.959991 0.082068 0.080019
0 0.929917 0.256500 0.078479 0.163093
0 0.047383 0.303204 0.067495 0.114759
0 0.637667 0.118856 0.085198 0.136750
0 0.425250 0.711468 0.088302 0.121694
0 0.222016 0.364764 0.086125 0.132750
0 0.490781 0.957310 0.071156 0.085380
0 0.156508 0.767417 0.075620 0.128259
0 0.141883 0.165361 0.072849 0.130611
0 0.280362 0.261806 0.074193 0.121093
0 0.109771 0.547903 0.077677 0.131102
0 0.647706 0.852597 0.068078 0.114287
0 0.034409 0.567426 0.068297 0.139796
0 0.701005 0.430245 0.072021 0.117546
0 0.026349 0.715282 0.052448 0.143176
0 0.339411 0.832111 0.085990 0.136463
0 0.832927 0.056102 0.073135 0.112204
0 0.129729 0.401718 0.073250 0.129102
0 0.826755 0.191412 0.080125 0.143250
0 0.050263 0.177667 0.077443 0.130667
0 0.285260 0.919144 0.077740 0.124731
0 0.594729 0.242741 0.064177 0.115759
0 0.651247 0.320514 0.083380 0.142250
0 0.970909 0.307606 0.056651 0.144157
0 0.047479 0.422569 0.081948 0.128417
0 0.584958 0.801847 0.065156 0.139139
0 0.368484 0.267792 0.073958 0.132417
0 0.748273 0.212565 0.087068 0.128130
0 0.288177 0.482074 0.073104 0.119407
0 0.170818 0.959593 0.069677 0.080815
0 0.873812 0.329356 0.085458 0.140731
0 0.682721 0.652440 0.085568 0.121991
0 0.083047 0.948824 0.073896 0.102352
0 0.913406 0.516648 0.081000 0.142130
0 0.465792 0.112056 0.070635 0.124704
0 0.443466 0.276634 0.078880 0.141880
0 0.567745 0.096477 0.083906 0.150750
0 0.319771 0.366426 0.076417 0.123370
0 0.652625 0.960537 0.077573 0.078926
0 0.969299 0.629343 0.059568 0.135611
0 0.563122 0.404856 0.079453 0.145176
0 0.461495 0.506333 0.071000 0.122296
0 0.035326 0.863597 0.069026 0.132546
0 0.391836 0.401565 0.073255 0.123259
0 0.123115 0.869083 0.078073 0.123944
0 0.257953 0.741065 0.078250 0.129315
0 0.385323 0.537329 0.071510 0.131435
0 0.211232 0.853083 0.081057 0.127296
0 0.366651 0.943935 0.070667 0.108833
0 0.740490 0.554199 0.074125 0.142213
0 0.502805 0.643278 0.081182 0.148537
0 0.692977 0.041782 0.074734 0.083380
0 0.319039 0.606810 0.078130 0.154435
0 0.488711 0.376968 0.073818 0.137435
0 0.703458 0.762042 0.082042 0.130398
0 0.193326 0.643958 0.083109 0.141250
0 0.394008 0.140069 0.083047 0.147102
0 0.728482 0.985426 0.080276 0.029074
0 0.582583 0.985745 0.077708 0.026028
0 0.007055 0.314435 0.014109 0.158852
0 0.004190 0.940509 0.007932 0.115593
0 0.995112 0.804421 0.009776 0.127417
0 0.463182 0.015181 0.087583 0.027046
0 0.532862 0.014847 0.096099 0.026083
0 0.429073 0.864782 0.081625 0.144009
