0 0.720227 0.398046 0.092255 0.194056
0 0.051112 0.176324 0.102224 0.163907
0 0.397359 0.465412 0.127531 0.169898
0 0.867529 0.973366 0.089453 0.050380
0 0.992852 0.826009 0.014297 0.144167
0 0.280385 0.019963 0.081854 0.038944
0 0.990539 0.946856 0.017745 0.106287
0 0.199729 0.901824 0.100052 0.161500
0 0.644987 0.034028 0.089911 0.068056
0 0.507375 0.021116 0.078688 0.042231
0 0.986367 0.443227 0.025464 0.154083
0 0.405216 0.968810 0.080911 0.062380
0 0.988289 0.298690 0.022828 0.145898
0 0.032708 0.916287 0.065417 0.148907
0 0.334076 0.956144 0.084245 0.085954
0 0.152810 0.066375 0.073974 0.117361
0 0.095495 0.760375 0.087198 0.178250
0 0.070367 0.521630 0.090891 0.134537
0 0.926742 0.124648 0.076328 0.139815
0 0.056138 0.285634 0.104745 0.188250
0 0.352940 0.215190 0.085057 0.128898
0 0.983461 0.072343 0.032703 0.133907
0 0.873945 0.828801 0.077557 0.155083
0 0.022646 0.579356 0.044865 0.149398
0 0.293974 0.462023 0.092823 0.150065
0 0.292992 0.693218 0.087036 0.146324
0 0.887385 0.045931 0.094635 0.087787
0 0.054003 0.829153 0.079286 0.146083
0 0.904529 0.892940 0.071870 0.154417
0 0.606750 0.055218 0.079948 0.109991
0 0.298456 0.906500 0.100672 0.148926
0 0.555969 0.237116 0.078156 0.139306
0 0.025914 0.425602 0.051120 0.152741
0 0.739857 0.045019 0.077214 0.090037
0 0.411547 0.149833 0.083312 0.147593
0 0.676234 0.814259 0.087354 0.171296
0 0.959484 0.171620 0.080604 0.153463
0 0.048497 0.046120 0.082193 0.091593
0 0.526112 0.473620 0.088151 0.150685
0 0.532203 0.670875 0.086323 0.136120
0 0.089846 0.218375 0.083141 0.138028
0 0.030628 0.149245 0.060214 0.152250
0 0.709318 0.618301 0.085687 0.156491
0 0.211125 0.162426 0.071854 0.125722
0 0.953036 0.385667 0.080698 0.146963
0 0.174547 0.762718 0.082260 0.142324
0 0.528828 0.281968 0.077740 0.140972
0 0.362826 0.500079 0.087932 0.142343
0 0.341919 0.799838 0.079495 0.175361
0 0.679065 0.563921 0.075172 0.124954
0 0.456992 0.069523 0.084964 0.139046
0 0.738557 0.214676 0.093312 0.151167
0 0.214211 0.653204 0.085943 0.145111
0 0.535951 0.853588 0.085943 0.141639
0 0.569078 0.947204 0.086177 0.105444
0 0.246823 0.812755 0.088865 0.153269
0 0.422247 0.434352 0.086391 0.158444
0 0.325049 0.264412 0.080297 0.146194
0 0.739505 0.351208 0.073042 0.133435
0 0.561591 0.732931 0.086151 0.142769
0 0.255201 0.222241 0.082464 0.146611
0 0.976247 0.691449 0.046911 0.166843
0 0.905849 0.337120 0.087583 0.156759
0 0.323833 0.575403 0.083854 0.127065
0 0.803299 0.589833 0.085839 0.137074
0 0.530083 0.087245 0.078750 0.132731
0 0.862318 0.498333 0.081563 0.123630
0 0.673510 0.952495 0.081823 0.094361
0 0.741721 0.857986 0.083620 0.165602
4 0.496818 0.393255 0.089500 0.165935
0 0.824372 0.935745 0.099234 0.128509
0 0.701516 0.448468 0.086958 0.145657
0 0.143023 0.193130 0.081172 0.146463
0 0.226872 0.527065 0.084776 0.145722
0 0.722760 0.134500 0.098969 0.131222
0 0.809018 0.705208 0.088141 0.137824
0 0.800255 0.315046 0.083875 0.162574
0 0.783964 0.464778 0.092917 0.141278
0 0.472187 0.779333 0.080927 0.141074
0 0.587414 0.374065 0.093224 0.151611
0 0.406674 0.836606 0.082380 0.128417
0 0.808107 0.086690 0.094703 0.164787
0 0.622596 0.499972 0.090005 0.138074
0 0.317781 0.091208 0.092802 0.144528
0 0.806073 0.826574 0.089844 0.151019
0 0.153695 0.506444 0.081745 0.148093
0 0.595523 0.603829 0.082797 0.123176
0 0.429523 0.569856 0.098474 0.144194
0 0.881070 0.630718 0.090901 0.142213
0 0.410797 0.710296 0.089729 0.165315
0 0.463503 0.224134 0.077995 0.127546
0 0.874776 0.212301 0.096854 0.147898
0 0.926310 0.719704 0.074609 0.135685
0 0.137010 0.630296 0.094687 0.155241
0 0.613914 0.859398 0.078120 0.146463
0 0.632380 0.712370 0.085625 0.151167
