0 0.348358 0.450338 0.079289 0.134361
0 0.959924 0.614660 0.079917 0.149440
0 0.079262 0.327356 0.092867 0.149037
0 0.809734 0.178410 0.094490 0.144486
0 0.034931 0.435745 0.069862 0.129963
0 0.460419 0.599139 0.081354 0.124657
0 0.203569 0.598088 0.082299 0.146759
0 0.033587 0.242722 0.066966 0.131694
0 0.172682 0.419912 0.076938 0.156380
0 0.666108 0.482211 0.075326 0.130338
0 0.627538 0.056579 0.092320 0.113157
0 0.362755 0.075817 0.088901 0.151125
0 0.364027 0.230324 0.090247 0.150333
0 0.542012 0.628294 0.078034 0.140236
0 0.108828 0.777903 0.092073 0.151759
0 0.278624 0.615421 0.085591 0.143009
0 0.058089 0.655620 0.068599 0.150250
0 0.191921 0.885329 0.080909 0.139093
0 0.139483 0.155660 0.085482 0.146310
0 0.640243 0.362275 0.080674 0.147894
0 0.533966 0.299968 0.084245 0.145278
0 0.720971 0.354553 0.083755 0.136264
0 0.230682 0.365255 0.083182 0.146361
0 0.826367 0.059808 0.085828 0.119616
0 0.896130 0.387127 0.075833 0.128560
0 0.460089 0.869271 0.077922 0.125856
0 0.414995 0.498479 0.075234 0.147755
0 0.358803 0.575407 0.086987 0.144537
0 0.108901 0.568211 0.088807 0.151005
0 0.914077 0.729618 0.091878 0.133829
0 0.906320 0.850285 0.087734 0.137662
0 0.929125 0.147215 0.087026 0.138875
0 0.674040 0.128014 0.085758 0.136769
0 0.751439 0.586609 0.089633 0.136699
0 0.827482 0.505523 0.091260 0.145157
0 0.265233 0.481891 0.087888 0.147569
0 0.833514 0.791900 0.082674 0.136375
0 0.231525 0.134970 0.093440 0.141227
0 0.505743 0.095986 0.087352 0.143222
0 0.960895 0.326157 0.078211 0.151000
0 0.823237 0.370731 0.081594 0.138972
0 0.756076 0.809023 0.081042 0.135037
0 0.958922 0.469968 0.082156 0.142454
0 0.984038 0.724956 0.031815 0.136060
0 0.105423 0.439771 0.080409 0.128431
0 0.741941 0.474847 0.089039 0.137954
0 0.586389 0.451500 0.090919 0.155972
0 0.150617 0.961653 0.095021 0.075991
0 0.566898 0.765900 0.086651 0.149755
0 0.858023 0.627160 0.092505 0.152005
0 0.672872 0.751801 0.085547 0.147704
0 0.525582 0.946850 0.081122 0.104106
0 0.408290 0.342648 0.090133 0.117528
0 0.277427 0.048819 0.081276 0.095722
0 0.061365 0.137764 0.091078 0.137324
0 0.456637 0.203245 0.088727 0.139722
0 0.165861 0.065062 0.084445 0.130125
0 0.822984 0.968088 0.086536 0.060019
0 0.267691 0.814556 0.080430 0.133343
0 0.005384 0.371086 0.010503 0.146551
0 0.252189 0.958097 0.075398 0.083806
0 0.021204 0.707398 0.042409 0.124454
0 0.964493 0.934856 0.071013 0.126398
0 0.020117 0.544104 0.040151 0.138449
0 0.993350 0.247306 0.013299 0.143157
0 0.689590 0.254771 0.088617 0.140282
0 0.895534 0.955859 0.091562 0.086847
0 0.991704 0.856275 0.016591 0.137782
0 0.358259 0.965049 0.088388 0.069903
0 0.643693 0.612690 0.093750 0.158056
0 0.110603 0.019877 0.085466 0.037255
0 0.745167 0.964072 0.086990 0.070634
0 0.041044 0.954731 0.079797 0.087843
0 0.921495 0.043074 0.076318 0.086009
0 0.004900 0.890238 0.009753 0.147792
0 0.257742 0.249748 0.095693 0.135199
0 0.342695 0.872076 0.088422 0.146542
4 0.513444 0.509116 0.100961 0.175037
