0 0.053961 0.613051 0.101370 0.203269
0 0.159596 0.152671 0.110391 0.169009
0 0.685482 0.898681 0.112536 0.173861
0 0.631805 0.415440 0.086380 0.196972
0 0.746060 0.811412 0.098714 0.172435
0 0.657138 0.745884 0.102807 0.187639
0 0.020583 0.060222 0.040760 0.113907
0 0.238013 0.170694 0.091703 0.226167
0 0.729909 0.514569 0.110307 0.174731
0 0.267065 0.786569 0.120349 0.177676
0 0.551677 0.466514 0.100833 0.167898
0 0.212708 0.896815 0.097510 0.184907
0 0.344878 0.736417 0.093349 0.173204
0 0.651125 0.574088 0.099260 0.190380
0 0.435010 0.756310 0.104760 0.168306
0 0.416242 0.399847 0.105297 0.171861
0 0.728260 0.666542 0.111604 0.165861
0 0.402599 0.882644 0.109302 0.154861
0 0.628466 0.198065 0.096401 0.195130
0 0.335161 0.086481 0.109917 0.172963
0 0.720648 0.968898 0.101370 0.062204
0 0.297260 0.923551 0.095573 0.152898
2 0.304185 0.221463 0.100318 0.161093
2 0.699552 0.285523 0.108250 0.165009
0 0.707823 0.053301 0.119073 0.106065
2 0.119089 0.602079 0.091510 0.167343
0 0.715068 0.405037 0.118448 0.172241
0 0.402659 0.165912 0.122109 0.174380
0 0.574771 0.051005 0.095292 0.100491
0 0.414221 0.048333 0.093495 0.096667
0 0.034391 0.282259 0.068781 0.162648
0 0.721219 0.156815 0.114323 0.159222
0 0.630138 0.951384 0.101682 0.097231
0 0.506237 0.339463 0.097286 0.164037
