0 0.353124 0.419331 0.112513 0.160634
0 0.311046 0.193544 0.079826 0.141708
0 0.355130 0.024597 0.093583 0.049194
0 0.104332 0.575130 0.096935 0.156204
0 0.425904 0.505229 0.088349 0.167144
0 0.015844 0.704442 0.031688 0.149181
0 0.133531 0.019843 0.079823 0.038917
0 0.813202 0.481280 0.084383 0.143162
0 0.201319 0.617255 0.106273 0.159704
0 0.778973 0.345350 0.089893 0.167532
0 0.992475 0.053824 0.015049 0.105630
0 0.678064 0.087387 0.100424 0.150125
0 0.951508 0.106030 0.092979 0.153625
0 0.618727 0.203030 0.085641 0.150569
0 0.294383 0.981965 0.091161 0.034375
0 0.276193 0.873313 0.094328 0.172773
0 0.530408 0.719137 0.082784 0.165995
0 0.597536 0.627192 0.118505 0.155477
0 0.347263 0.301461 0.089073 0.144718
0 0.430053 0.792065 0.099445 0.171907
0 0.340340 0.782181 0.089773 0.169407
0 0.772198 0.831725 0.083219 0.176292
0 0.088035 0.078525 0.089753 0.148644
0 0.049621 0.774991 0.090721 0.172009
0 0.406257 0.660396 0.085383 0.135282
0 0.336228 0.580067 0.093852 0.164245
0 0.477061 0.239921 0.094935 0.148046
0 0.032839 0.580373 0.065677 0.138829
0 0.483137 0.881926 0.076148 0.131139
0 0.039574 0.176771 0.079148 0.175644
0 0.559044 0.083868 0.093016 0.167736
0 0.789918 0.191850 0.106326 0.155190
0 0.834655 0.078479 0.097331 0.156958
0 0.966219 0.431009 0.066807 0.167565
0 0.576371 0.287468 0.072706 0.126667
0 0.188799 0.444903 0.087224 0.150046
0 0.855947 0.736116 0.080909 0.181120
0 0.497460 0.378486 0.093216 0.150074
0 0.700979 0.828715 0.080641 0.152477
0 0.858896 0.354167 0.083156 0.142491
0 0.892039 0.232097 0.088427 0.153426
0 0.561445 0.487773 0.088323 0.154926
0 0.929565 0.657326 0.081427 0.161208
0 0.777647 0.662352 0.105883 0.181444
0 0.864249 0.570058 0.085826 0.147884
0 0.137033 0.937072 0.105419 0.125856
0 0.924707 0.877889 0.087112 0.140139
0 0.656689 0.349197 0.086815 0.167727
0 0.053299 0.430000 0.102781 0.176685
0 0.201581 0.179000 0.099781 0.177528
0 0.023215 0.326109 0.046409 0.155412
0 0.388687 0.934350 0.104474 0.130940
0 0.137206 0.732428 0.101599 0.150856
