0 0.205615 0.066911 0.075543 0.090979
1 0.646104 0.016026 0.073629 0.032052
0 0.587963 0.214802 0.082988 0.108167
1 0.663145 0.357437 0.074344 0.091729
1 0.694381 0.119086 0.080535 0.117911
1 0.513359 0.420523 0.071547 0.099724
1 0.565324 0.374409 0.071344 0.093901
0 0.044873 0.009672 0.078527 0.019344
0 0.081559 0.089633 0.072211 0.111401
0 0.053123 0.519659 0.088527 0.102057
0 0.686053 0.976305 0.082184 0.047391
0 0.118979 0.374945 0.085168 0.128620
0 0.296068 0.974859 0.075457 0.049010
0 0.545598 0.744263 0.079508 0.093505
0 0.163398 0.226284 0.091258 0.101672
0 0.035652 0.267211 0.070297 0.116370
0 0.758793 0.812354 0.084305 0.108135
0 0.946887 0.232273 0.076539 0.096734
0 0.928264 0.898974 0.080168 0.096479
0 0.951010 0.547870 0.084035 0.092802
0 0.663617 0.551768 0.077969 0.093224
0 0.272631 0.634547 0.072934 0.092125
0 0.027988 0.167167 0.055273 0.099312
0 0.100691 0.671451 0.075992 0.098516
0 0.367047 0.028810 0.074133 0.056245
0 0.253863 0.842042 0.078016 0.095885
0 0.020863 0.457362 0.041000 0.093589
0 0.106334 0.265255 0.077660 0.102062
0 0.975857 0.689591 0.048285 0.098349
0 0.602244 0.881271 0.073887 0.094177
0 0.105873 0.577724 0.081941 0.120490
0 0.872707 0.600286 0.081219 0.102750
0 0.059082 0.898831 0.073898 0.098214
0 0.041154 0.814599 0.080496 0.102646
0 0.790395 0.477471 0.070797 0.113984
0 0.088156 0.183138 0.080203 0.089349
0 0.549109 0.821451 0.069164 0.089318
0 0.617072 0.804258 0.088449 0.095016
0 0.693270 0.841956 0.085383 0.095474
0 0.679799 0.916013 0.077418 0.092349
0 0.238479 0.553542 0.074270 0.107469
0 0.546533 0.567878 0.083027 0.102047
0 0.866783 0.150706 0.080082 0.095255
0 0.521221 0.503589 0.069988 0.092375
0 0.888629 0.828961 0.078148 0.105526
0 0.127842 0.858846 0.085996 0.095349
0 0.804518 0.951685 0.094043 0.096120
0 0.344502 0.326682 0.086379 0.106667
0 0.697150 0.294086 0.088184 0.101339
0 0.513146 0.652859 0.078715 0.095531
0 0.505086 0.068227 0.083500 0.095630
0 0.190955 0.400289 0.087809 0.107547
0 0.477621 0.718938 0.078430 0.094875
0 0.325832 0.404745 0.085234 0.102823
0 0.257250 0.374737 0.081188 0.098224
0 0.261008 0.210945 0.081133 0.097057
0 0.584594 0.499333 0.077641 0.100219
0 0.497158 0.961919 0.077246 0.075276
0 0.519416 0.235008 0.075973 0.100245
0 0.243352 0.689305 0.080195 0.099130
0 0.232377 0.307622 0.079152 0.092359
0 0.890848 0.088781 0.082219 0.083896
0 0.503361 0.323680 0.084293 0.101057
0 0.590506 0.708146 0.075309 0.109562
0 0.894949 0.961466 0.083391 0.076474
0 0.656594 0.717310 0.074180 0.086839
0 0.194869 0.958549 0.074637 0.079682
0 0.141430 0.068115 0.074187 0.093375
0 0.459412 0.497536 0.070965 0.108365
0 0.110777 0.470396 0.074461 0.099562
0 0.511992 0.150539 0.080844 0.095922
0 0.959277 0.409313 0.079320 0.102646
0 0.763619 0.102602 0.079816 0.092974
0 0.961246 0.769831 0.076797 0.098870
0 0.691324 0.775016 0.075266 0.098219
0 0.799389 0.757055 0.075402 0.098370
0 0.808691 0.668471 0.079359 0.098047
0 0.917082 0.311904 0.072977 0.097724
0 0.442072 0.158703 0.076957 0.109302
0 0.618631 0.421831 0.080855 0.109182
0 0.407758 0.273906 0.079766 0.099573
0 0.212465 0.766516 0.074219 0.102458
0 0.661596 0.633180 0.073590 0.095693
0 0.852951 0.343430 0.082441 0.104182
0 0.442129 0.626141 0.074078 0.097260
0 0.737834 0.456286 0.069480 0.113917
0 0.813559 0.576422 0.078742 0.106365
0 0.171354 0.582763 0.076098 0.110828
0 0.583236 0.123727 0.081082 0.106276
0 0.167939 0.334677 0.072543 0.094865
0 0.913479 0.485284 0.087301 0.114641
0 0.022641 0.370591 0.044781 0.094974
0 0.317330 0.711510 0.083629 0.105125
0 0.560246 0.934273 0.076164 0.118911
0 0.843289 0.500070 0.074023 0.096964
0 0.635279 0.071880 0.085004 0.103635
0 0.961578 0.101216 0.076117 0.089724
0 0.864348 0.749042 0.072477 0.100063
0 0.631023 0.957089 0.080867 0.085260
0 0.126201 0.939458 0.086535 0.101073
0 0.199025 0.482549 0.075715 0.092318
0 0.030602 0.059021 0.061203 0.106167
0 0.744145 0.727367 0.064641 0.084797
0 0.342008 0.888383 0.080016 0.099609
0 0.192709 0.146445 0.075246 0.093526
0 0.343129 0.072292 0.081703 0.095458
0 0.361920 0.958164 0.082949 0.082682
0 0.885984 0.223927 0.073742 0.096802
0 0.752281 0.551979 0.069805 0.097615
0 0.813699 0.396708 0.083352 0.099562
0 0.404387 0.533018 0.077211 0.106224
0 0.295861 0.025232 0.079855 0.050266
1 0.324820 0.240362 0.078836 0.099109
0 0.774727 0.040419 0.089063 0.080766
0 0.983729 0.044359 0.031863 0.083365
1 0.265006 0.124234 0.076965 0.101500
1 0.559516 0.037766 0.074570 0.074844
1 0.603346 0.305000 0.079926 0.103781
0 0.707176 0.025310 0.071211 0.050620
1 0.721717 0.210607 0.075191 0.106276
1 0.768557 0.305409 0.073762 0.096193
0 0.014654 0.892727 0.029309 0.090839
1 0.808246 0.869789 0.073875 0.099370
0 0.987027 0.514049 0.025266 0.102026
1 0.738719 0.376190 0.064492 0.078172
0 0.508576 0.881641 0.080066 0.116042
1 0.457709 0.394078 0.074379 0.110740
0 0.217281 0.018906 0.078125 0.037635
1 0.336131 0.154719 0.075035 0.097031
1 0.313164 0.574143 0.072031 0.098401
0 0.149504 0.016281 0.077164 0.032563
0 0.831701 0.984102 0.080738 0.031797
1 0.443756 0.934065 0.066105 0.092797
0 0.391531 0.185961 0.077625 0.119672
1 0.142096 0.777982 0.077441 0.094693
1 0.674277 0.460867 0.076500 0.109620
1 0.326500 0.490281 0.078859 0.093865
1 0.965713 0.614646 0.068574 0.095688
0 0.013045 0.755094 0.024465 0.100708
0 0.980283 0.963625 0.039434 0.072750
1 0.400293 0.697893 0.083391 0.102526
1 0.395357 0.440375 0.071035 0.091031
1 0.421377 0.774263 0.065043 0.092328
1 0.264967 0.449844 0.077168 0.103094
1 0.749158 0.907867 0.080262 0.105339
1 0.064406 0.334227 0.072758 0.094047
1 0.415693 0.082812 0.070723 0.093792
1 0.478086 0.804922 0.072422 0.101510
1 0.375570 0.610880 0.078391 0.104167
1 0.409668 0.863669 0.078289 0.100922
1 0.799396 0.164586 0.077801 0.108599
1 0.274678 0.921029 0.078340 0.098755
1 0.033313 0.591703 0.064406 0.096375
1 0.818342 0.251099 0.076887 0.091021
1 0.058389 0.420404 0.076129 0.094349
0 0.169875 0.697414 0.079242 0.104557
1 0.903598 0.673622 0.080797 0.108589
0 0.005023 0.246313 0.010047 0.100073
1 0.656600 0.194010 0.080020 0.105885
1 0.605063 0.600992 0.069016 0.102745
1 0.363525 0.802833 0.074723 0.106500
1 0.449543 0.031286 0.073859 0.062573
0 0.968010 0.864862 0.058965 0.102505
1 0.407049 0.357867 0.075465 0.092891
0 0.987596 0.221164 0.024527 0.098620
1 0.825191 0.028716 0.085031 0.055130
0 0.136422 0.990247 0.080016 0.018839
0 0.096709 0.009878 0.065949 0.019755
1 0.027117 0.958635 0.054125 0.082635
0 0.972877 0.307120 0.054246 0.102062
1 0.297563 0.794000 0.081844 0.111042
1 0.906867 0.029229 0.081594 0.056719
0 0.728783 0.625492 0.071098 0.097516
1 0.045268 0.709143 0.078816 0.105255
1 0.196840 0.869352 0.074398 0.101224
0 0.234340 0.991214 0.063359 0.016281
