0 0.965914 0.147151 0.068172 0.089885
0 0.989162 0.633716 0.021676 0.087068
0 0.134236 0.764888 0.080020 0.073286
0 0.879105 0.970589 0.077461 0.055625
0 0.498467 0.901625 0.074934 0.083885
0 0.551154 0.100857 0.071332 0.097391
0 0.191211 0.266464 0.072766 0.089146
0 0.488387 0.139570 0.071266 0.097057
0 0.545857 0.961484 0.075238 0.077031
0 0.806873 0.210682 0.084199 0.102208
0 0.453430 0.509109 0.072391 0.095906
0 0.894629 0.602115 0.076742 0.093521
0 0.402527 0.556245 0.066586 0.086417
0 0.333613 0.526419 0.072063 0.095203
0 0.889131 0.308297 0.075371 0.088865
0 0.912662 0.111365 0.071934 0.095969
0 0.933496 0.694604 0.068422 0.093406
0 0.609111 0.060737 0.068121 0.095495
0 0.533275 0.412839 0.071660 0.087208
0 0.145170 0.689560 0.087980 0.085661
0 0.572896 0.340219 0.078129 0.097021
0 0.156510 0.952281 0.068215 0.093885
0 0.465148 0.763167 0.066523 0.098844
0 0.030574 0.488844 0.059742 0.090438
0 0.671002 0.571609 0.070605 0.135500
0 0.565414 0.760229 0.073672 0.097146
0 0.508918 0.821742 0.084766 0.089922
0 0.821525 0.453630 0.075551 0.092906
0 0.191596 0.432883 0.078566 0.081036
0 0.594457 0.208203 0.075422 0.099010
0 0.629406 0.280562 0.070234 0.091521
0 0.139316 0.839315 0.065883 0.085026
0 0.379191 0.094615 0.077437 0.089240
0 0.476252 0.962214 0.061855 0.072844
0 0.766982 0.033141 0.076059 0.065312
0 0.676584 0.874917 0.067410 0.102448
0 0.058320 0.871094 0.079625 0.079594
0 0.018830 0.680771 0.037660 0.094844
0 0.986637 0.839607 0.026352 0.085776
0 0.410875 0.940755 0.073719 0.099417
0 0.744078 0.274862 0.072203 0.079557
0 0.829268 0.709594 0.072496 0.102688
0 0.772996 0.655922 0.066945 0.099979
0 0.148025 0.609563 0.074730 0.084833
0 0.845852 0.560820 0.067016 0.107734
0 0.846803 0.374148 0.072598 0.106005
0 0.394912 0.453844 0.081137 0.095708
0 0.745480 0.896924 0.071242 0.079359
0 0.673400 0.054083 0.068527 0.090240
0 0.571082 0.491641 0.063266 0.097146
0 0.227732 0.677815 0.069105 0.102005
0 0.896834 0.492070 0.072973 0.081807
0 0.484285 0.340901 0.071523 0.094510
0 0.922799 0.887615 0.073441 0.098010
0 0.788457 0.542172 0.073758 0.104000
0 0.530689 0.686958 0.069746 0.094510
0 0.674115 0.771477 0.069098 0.095130
0 0.906195 0.412094 0.073148 0.096417
0 0.052191 0.197839 0.073148 0.092031
0 0.852934 0.884474 0.066797 0.097656
0 0.306561 0.245443 0.066957 0.091542
0 0.800900 0.970057 0.065473 0.057490
0 0.330629 0.877021 0.066117 0.095385
0 0.359375 0.615659 0.066445 0.087286
0 0.083441 0.795542 0.061828 0.095813
1 0.319104 0.964440 0.082707 0.071120
1 0.962658 0.232836 0.071051 0.096589
0 0.991922 0.259518 0.016125 0.092797
0 0.866824 0.662654 0.079094 0.090349
0 0.009867 0.981232 0.019734 0.037536
0 0.489883 0.009607 0.072266 0.019214
0 0.195729 0.894656 0.079176 0.105156
0 0.848240 0.684482 0.096605 0.121693
0 0.382555 0.007578 0.070492 0.015156
0 0.618457 0.965563 0.089719 0.068281
1 0.969018 0.537435 0.061316 0.091589
0 0.578021 0.024888 0.083238 0.049776
0 0.004854 0.272602 0.009707 0.088297
0 0.256166 0.851055 0.097277 0.086297
0 0.078984 0.954448 0.088930 0.091104
1 0.506387 0.603487 0.068625 0.095953
0 0.124893 0.985167 0.076707 0.028854
0 0.995135 0.205026 0.009730 0.078750
0 0.220717 0.980495 0.059238 0.039010
1 0.716479 0.968453 0.070699 0.062833
0 0.290273 0.917266 0.074000 0.080771
1 0.607104 0.880052 0.074465 0.105083
0 0.010465 0.183201 0.020180 0.101589
1 0.715033 0.598534 0.075465 0.109099
0 0.901592 0.013753 0.064574 0.027505
1 0.106553 0.402018 0.071340 0.095474
1 0.431244 0.634224 0.069301 0.082958
1 0.735564 0.815641 0.080887 0.086083
1 0.285709 0.151654 0.081637 0.104391
1 0.396830 0.860107 0.065145 0.090901
1 0.269791 0.774146 0.070004 0.090781
1 0.404764 0.723458 0.071590 0.093688
1 0.218174 0.351440 0.074824 0.088984
1 0.208193 0.778786 0.070762 0.100500
1 0.049738 0.954789 0.074430 0.090422
1 0.671682 0.451792 0.080520 0.098885
1 0.021709 0.800714 0.043270 0.103000
1 0.672014 0.136857 0.077613 0.095005
