0 0.503803 0.766532 0.075966 0.123843
0 0.782184 0.028583 0.088867 0.056917
0 0.572897 0.051259 0.094174 0.100944
0 0.165339 0.225502 0.084802 0.130477
0 0.245504 0.565794 0.091070 0.147551
0 0.032031 0.916532 0.064005 0.153157
0 0.067461 0.058912 0.081422 0.117019
0 0.793340 0.097956 0.087065 0.137421
0 0.986809 0.980234 0.026383 0.039301
0 0.294439 0.242241 0.078534 0.138630
0 0.908160 0.039109 0.075388 0.076569
0 0.485004 0.929981 0.073721 0.124065
0 0.718370 0.073046 0.085104 0.142648
0 0.927553 0.122750 0.088789 0.139185
0 0.310185 0.593757 0.083823 0.157338
0 0.440259 0.347315 0.087909 0.147611
0 0.647155 0.100454 0.085164 0.154194
0 0.965827 0.050477 0.068346 0.098546
0 0.650396 0.024296 0.090953 0.048565
0 0.990273 0.905262 0.019453 0.159412
0 0.537711 0.886315 0.092615 0.175250
0 0.052038 0.977021 0.089102 0.045116
0 0.605049 0.958007 0.093661 0.079532
0 0.471107 0.227715 0.086792 0.150532
0 0.494344 0.085407 0.086531 0.151861
0 0.387714 0.582470 0.088948 0.142810
0 0.887572 0.972935 0.086883 0.051463
0 0.237048 0.277294 0.074669 0.141051
0 0.589099 0.148954 0.074464 0.146056
0 0.406680 0.137171 0.086391 0.145509
0 0.599013 0.860692 0.084406 0.160616
0 0.718085 0.936067 0.075279 0.126986
0 0.534659 0.188722 0.072396 0.142380
0 0.955319 0.942674 0.085706 0.113940
0 0.449534 0.825572 0.091307 0.143606
0 0.182488 0.331255 0.091232 0.121648
0 0.653632 0.924090 0.077919 0.145236
0 0.851068 0.059396 0.074130 0.117958
0 0.203401 0.488933 0.091005 0.128856
0 0.383251 0.265380 0.088367 0.136324
0 0.399529 0.035840 0.083557 0.070736
0 0.981793 0.139595 0.036201 0.153551
4 0.441544 0.691269 0.089604 0.154417
