0 0.325561 0.341622 0.068738 0.095953
0 0.033992 0.164096 0.067984 0.099599
0 0.451715 0.960638 0.081172 0.078724
0 0.636852 0.029159 0.075289 0.057849
0 0.814992 0.195898 0.077562 0.086172
0 0.313506 0.572562 0.055629 0.099375
0 0.241984 0.731070 0.059016 0.103984
0 0.211908 0.028380 0.065410 0.056552
0 0.286076 0.049964 0.056785 0.081510
0 0.045791 0.897273 0.078887 0.075818
0 0.123930 0.526862 0.066555 0.072141
0 0.525385 0.930974 0.061996 0.117438
0 0.380811 0.916076 0.062262 0.085755
0 0.945883 0.245253 0.066891 0.079193
0 0.664490 0.848310 0.072246 0.068255
0 0.739752 0.562409 0.057285 0.110776
0 0.966459 0.744526 0.066176 0.087875
0 0.683211 0.940083 0.082656 0.077740
0 0.135973 0.800487 0.055617 0.092286
0 0.945629 0.642273 0.085109 0.086547
0 0.593475 0.842953 0.067605 0.077865
0 0.094635 0.721333 0.059855 0.089990
0 0.181545 0.592883 0.069355 0.092214
0 0.431305 0.852365 0.075578 0.083135
0 0.169789 0.678888 0.066156 0.079849
0 0.035328 0.490065 0.064195 0.086661
0 0.162143 0.089156 0.077707 0.113771
0 0.936025 0.112836 0.077723 0.094443
0 0.257812 0.968096 0.059273 0.063807
0 0.890707 0.392794 0.091078 0.128005
0 0.206211 0.283867 0.078453 0.154151
0 0.526502 0.785482 0.061324 0.119161
0 0.752152 0.826648 0.062297 0.108526
0 0.585686 0.244815 0.062004 0.107276
0 0.488434 0.078206 0.078398 0.090214
0 0.803348 0.672617 0.061828 0.097755
0 0.622322 0.741255 0.063621 0.084937
0 0.234209 0.117609 0.073098 0.083750
0 0.272205 0.220273 0.062660 0.096693
0 0.972271 0.443927 0.055457 0.112938
0 0.160512 0.913706 0.069711 0.095609
0 0.633557 0.520708 0.077801 0.096490
0 0.789654 0.112919 0.076871 0.100349
0 0.280391 0.435917 0.074727 0.137802
0 0.607590 0.364247 0.071523 0.077807
0 0.675863 0.688216 0.064961 0.082141
0 0.419420 0.502974 0.072715 0.106667
0 0.539984 0.378719 0.067734 0.091271
0 0.939732 0.924552 0.071348 0.091177
0 0.211404 0.787089 0.075887 0.074990
0 0.274072 0.649120 0.085098 0.080594
0 0.578111 0.446542 0.056418 0.072896
0 0.992990 0.253365 0.014004 0.092198
0 0.411670 0.747453 0.060699 0.104479
0 0.369736 0.136289 0.063355 0.077370
0 0.292570 0.766724 0.054555 0.073385
0 0.471320 0.444349 0.067102 0.077385
0 0.039381 0.348560 0.064238 0.082609
0 0.386928 0.756146 0.064762 0.100312
0 0.719248 0.988654 0.076965 0.021766
0 0.475400 0.010703 0.067012 0.021406
0 0.035088 0.009622 0.069113 0.018734
0 0.983881 0.337263 0.031598 0.087214
0 0.027854 0.383096 0.054598 0.083057
0 0.982342 0.178406 0.034035 0.072719
0 0.451842 0.414357 0.060590 0.081495
0 0.441939 0.143310 0.076723 0.096151
0 0.013844 0.964352 0.024906 0.070922
0 0.778641 0.035333 0.052609 0.066167
0 0.667797 0.288273 0.084422 0.101161
0 0.204803 0.859102 0.057949 0.075391
0 0.467154 0.597279 0.067832 0.065849
0 0.015223 0.040857 0.030445 0.081714
0 0.572674 0.565138 0.066887 0.081703
