4 0.416437 0.448880 0.096135 0.176259
0 0.014044 0.575120 0.027724 0.135222
0 0.082336 0.736625 0.078255 0.115343
0 0.855271 0.530870 0.080375 0.155556
0 0.480706 0.827333 0.083849 0.153556
0 0.555237 0.473889 0.082724 0.147963
0 0.743372 0.699227 0.089828 0.135731
0 0.501661 0.689829 0.087875 0.143917
0 0.156763 0.439889 0.084682 0.155722
0 0.286234 0.556014 0.084958 0.141491
0 0.633315 0.478583 0.078005 0.148019
0 0.554552 0.855199 0.075375 0.160065
0 0.256573 0.161606 0.084531 0.144306
0 0.865875 0.789778 0.081344 0.140407
0 0.580445 0.199551 0.087057 0.128028
0 0.384935 0.664884 0.078578 0.126269
0 0.777185 0.086620 0.078536 0.132833
0 0.369516 0.554176 0.084927 0.138407
0 0.398060 0.791657 0.083828 0.134574
0 0.783349 0.472556 0.088583 0.154556
0 0.645164 0.952741 0.079505 0.094519
0 0.554937 0.345338 0.087521 0.132639
0 0.109818 0.622681 0.086208 0.125491
0 0.793372 0.913310 0.087109 0.149028
0 0.093815 0.499505 0.084849 0.132231
0 0.442297 0.084282 0.095229 0.144713
0 0.147000 0.303315 0.083250 0.142130
0 0.964130 0.742301 0.070740 0.131787
0 0.613448 0.736625 0.092104 0.138898
0 0.275818 0.295389 0.080229 0.141500
0 0.926849 0.511856 0.088448 0.150954
0 0.965099 0.412171 0.069802 0.162028
0 0.524857 0.087593 0.085901 0.141870
0 0.927927 0.846079 0.071677 0.129546
0 0.443536 0.602611 0.083302 0.151852
0 0.896451 0.676278 0.075214 0.136426
0 0.916794 0.956759 0.071547 0.086481
0 0.711310 0.938667 0.084245 0.122667
0 0.485951 0.466681 0.067255 0.187269
0 0.676844 0.612588 0.081740 0.153046
0 0.299784 0.419051 0.094411 0.144250
0 0.886008 0.370250 0.085755 0.155741
0 0.722289 0.826157 0.090141 0.140574
0 0.715266 0.139861 0.078927 0.139648
0 0.215617 0.395199 0.086661 0.161843
0 0.776484 0.217352 0.099813 0.139019
0 0.427753 0.901051 0.078474 0.132361
0 0.633781 0.337333 0.078458 0.137130
0 0.029276 0.467102 0.057396 0.125426
0 0.813508 0.340361 0.076745 0.153389
0 0.511977 0.941509 0.088849 0.112981
0 0.961375 0.612519 0.075187 0.134259
0 0.700815 0.435167 0.078099 0.143074
0 0.090706 0.379421 0.079620 0.136102
0 0.029315 0.332241 0.058630 0.152204
0 0.740831 0.328384 0.080172 0.146657
0 0.974414 0.961977 0.049161 0.076046
0 0.324016 0.137282 0.069021 0.130731
0 0.491628 0.287194 0.081974 0.148722
0 0.209099 0.254528 0.082396 0.147056
0 0.684375 0.254046 0.080208 0.149889
0 0.274396 0.050273 0.074573 0.099509
0 0.741643 0.564407 0.082026 0.143056
0 0.625148 0.854120 0.077922 0.126259
0 0.376258 0.188699 0.083089 0.149528
0 0.981240 0.858088 0.037521 0.124287
0 0.339018 0.026454 0.073307 0.050833
0 0.409539 0.034616 0.073161 0.067713
0 0.709604 0.017731 0.088427 0.034259
0 0.455917 0.973051 0.097354 0.053898
0 0.994193 0.509917 0.011615 0.146444
0 0.102112 0.852236 0.075036 0.143306
