0 0.207037 0.354411 0.070434 0.119781
0 0.246324 0.478513 0.067164 0.092828
0 0.802723 0.205417 0.063430 0.086271
0 0.137021 0.863518 0.071777 0.094891
0 0.080457 0.801628 0.076203 0.090932
0 0.647393 0.811799 0.070895 0.124068
0 0.703596 0.830573 0.060832 0.098396
0 0.978234 0.450990 0.043273 0.087865
0 0.264760 0.966487 0.066652 0.066953
0 0.263010 0.386878 0.075199 0.092818
0 0.209074 0.933297 0.064820 0.092938
0 0.765805 0.218732 0.075219 0.091047
0 0.318023 0.713352 0.058828 0.106089
0 0.861227 0.228841 0.055281 0.098964
0 0.333670 0.959560 0.070715 0.080880
0 0.774246 0.535529 0.063492 0.092016
0 0.102857 0.900318 0.076496 0.103135
0 0.982410 0.328284 0.034898 0.087630
0 0.757824 0.148326 0.076516 0.092818
0 0.721076 0.660911 0.071145 0.092667
0 0.337826 0.799786 0.074332 0.091323
0 0.960143 0.094065 0.067801 0.091776
0 0.203393 0.218568 0.069113 0.100677
0 0.174428 0.953128 0.075074 0.093745
0 0.947992 0.933802 0.076367 0.103854
0 0.034713 0.904755 0.069426 0.108854
0 0.288361 0.538721 0.095215 0.103734
0 0.864361 0.396557 0.068699 0.094896
0 0.821826 0.096750 0.068652 0.089188
0 0.892061 0.519625 0.067801 0.085875
0 0.688135 0.573133 0.064363 0.083714
0 0.471166 0.912615 0.084691 0.106708
0 0.530400 0.967187 0.076918 0.064500
0 0.505033 0.197242 0.060184 0.087901
0 0.964547 0.533393 0.068602 0.089078
0 0.872863 0.107969 0.072867 0.093729
0 0.443660 0.074812 0.069023 0.095083
0 0.141512 0.356604 0.093133 0.120333
0 0.069660 0.243206 0.072820 0.095484
0 0.279436 0.671531 0.054457 0.086552
0 0.844092 0.477805 0.066160 0.095672
0 0.714277 0.383630 0.098336 0.114219
0 0.279463 0.158102 0.075496 0.102995
0 0.138576 0.559565 0.054598 0.087818
0 0.078279 0.094128 0.072059 0.102609
0 0.567723 0.218969 0.074266 0.097510
0 0.382992 0.422133 0.074133 0.100266
0 0.475539 0.521245 0.079070 0.091490
0 0.505275 0.796578 0.068863 0.092177
0 0.581736 0.471484 0.074035 0.096906
0 0.508174 0.885104 0.074637 0.088156
0 0.194686 0.844362 0.070441 0.089047
0 0.753975 0.298219 0.074801 0.086188
0 0.514982 0.474497 0.071379 0.094307
0 0.485311 0.290667 0.071363 0.094552
0 0.453068 0.605753 0.073395 0.090547
0 0.959602 0.234411 0.076516 0.100937
0 0.097221 0.631956 0.068949 0.087536
0 0.198488 0.544586 0.068125 0.087839
0 0.218287 0.692031 0.074840 0.102125
0 0.382029 0.882604 0.069590 0.091042
0 0.134100 0.257388 0.065043 0.090536
0 0.356918 0.671820 0.065391 0.103620
0 0.761352 0.911247 0.070641 0.091495
0 0.044143 0.438021 0.072660 0.103031
0 0.245986 0.607151 0.070848 0.081562
0 0.396359 0.279365 0.066180 0.093500
0 0.497461 0.028865 0.082586 0.057729
0 0.563193 0.110245 0.070582 0.104750
0 0.142967 0.790867 0.059684 0.084943
0 0.236518 0.133122 0.071801 0.085245
0 0.468062 0.563219 0.076484 0.178250
0 0.227715 0.096034 0.064266 0.090432
0 0.865318 0.020299 0.066020 0.040078
0 0.179680 0.069247 0.077359 0.080964
0 0.149699 0.169328 0.075695 0.111250
0 0.726346 0.499122 0.058066 0.076505
0 0.985236 0.762234 0.029449 0.114719
0 0.134613 0.992167 0.078969 0.014719
0 0.924875 0.734573 0.077750 0.098271
0 0.599072 0.746766 0.086230 0.099667
0 0.641074 0.713935 0.067164 0.113943
0 0.975785 0.742872 0.048430 0.115224
0 0.171156 0.011120 0.076016 0.022240
0 0.337219 0.180367 0.076898 0.093328
0 0.004932 0.119995 0.009863 0.075240
0 0.678145 0.975448 0.071000 0.049104
0 0.743609 0.790443 0.081781 0.098594
0 0.038789 0.528443 0.074453 0.103010
0 0.605584 0.093935 0.094824 0.123693
0 0.322396 0.917406 0.072270 0.078927
0 0.537723 0.581122 0.078328 0.081068
0 0.761850 0.024039 0.074168 0.048078
0 0.826914 0.038846 0.074109 0.077693
0 0.859564 0.848128 0.063098 0.083453
0 0.138996 0.731224 0.070258 0.103406
0 0.904877 0.170464 0.064020 0.093521
0 0.013377 0.630740 0.026754 0.087260
0 0.318357 0.844427 0.078168 0.083229
0 0.512611 0.631388 0.065293 0.085214
0 0.603975 0.673706 0.062020 0.090464
0 0.026877 0.091870 0.052121 0.107781
0 0.979365 0.073849 0.041270 0.113979
0 0.408174 0.985581 0.069074 0.028839
0 0.991629 0.593609 0.016742 0.094906
0 0.120955 0.032234 0.062895 0.064469
0 0.443535 0.974865 0.067063 0.050271
0 0.032188 0.976513 0.064375 0.046974
