0 0.383999 0.907468 0.071706 0.136778
0 0.591563 0.787201 0.086552 0.148625
0 0.096560 0.707403 0.072125 0.120769
0 0.126723 0.203275 0.076461 0.136162
0 0.195872 0.165963 0.074896 0.119278
0 0.675961 0.946553 0.083083 0.106894
0 0.770169 0.738618 0.078411 0.132625
0 0.034411 0.769285 0.068802 0.141606
0 0.545284 0.929868 0.082672 0.137208
0 0.895505 0.954081 0.074932 0.090014
0 0.481007 0.854553 0.063451 0.115301
0 0.975197 0.253685 0.049482 0.143130
0 0.316427 0.079859 0.076229 0.131838
0 0.934576 0.588928 0.084932 0.105421
0 0.796161 0.793556 0.074729 0.109046
0 0.481145 0.924940 0.069336 0.127639
0 0.213569 0.726889 0.091966 0.128333
0 0.406462 0.187329 0.090794 0.162046
0 0.538676 0.295891 0.073174 0.129347
0 0.569098 0.186183 0.072966 0.116190
0 0.103421 0.375412 0.093763 0.163130
0 0.599393 0.479569 0.091708 0.139583
0 0.085828 0.649065 0.078458 0.117333
0 0.111556 0.846477 0.071721 0.129704
0 0.281211 0.062509 0.075328 0.125019
0 0.115872 0.051104 0.078443 0.098514
0 0.376133 0.768787 0.076703 0.116065
0 0.138182 0.937097 0.070156 0.124713
0 0.561862 0.759086 0.080078 0.132032
0 0.673826 0.509618 0.069057 0.122282
0 0.047158 0.960361 0.075883 0.078426
0 0.697628 0.611125 0.070427 0.115065
0 0.897428 0.542301 0.071258 0.117463
0 0.183999 0.842752 0.075716 0.119153
0 0.520617 0.153345 0.080719 0.134606
0 0.485823 0.447718 0.080438 0.108352
0 0.805704 0.868669 0.076299 0.135995
0 0.761491 0.209944 0.082049 0.155241
0 0.145236 0.625162 0.076737 0.124574
0 0.782421 0.568562 0.082253 0.143505
0 0.853973 0.201375 0.069456 0.117361
0 0.371865 0.498338 0.063016 0.115241
0 0.915939 0.729528 0.071206 0.125167
0 0.451736 0.746671 0.072508 0.154991
0 0.719655 0.079597 0.084602 0.149759
0 0.845189 0.088975 0.072174 0.122440
0 0.267979 0.611014 0.086688 0.144954
0 0.893866 0.246921 0.081779 0.142583
0 0.461776 0.569394 0.075526 0.141074
0 0.339607 0.944558 0.069943 0.110690
0 0.844306 0.648037 0.077133 0.137917
0 0.928249 0.122928 0.086232 0.148394
0 0.291921 0.434079 0.094315 0.161620
0 0.648121 0.305174 0.080383 0.134681
0 0.791872 0.320206 0.063917 0.119042
0 0.196165 0.498734 0.090409 0.151153
0 0.302410 0.847822 0.073852 0.138319
0 0.241339 0.937303 0.079156 0.125394
0 0.265806 0.186854 0.068930 0.121227
0 0.230120 0.314611 0.091177 0.142889
0 0.103594 0.527238 0.072188 0.140486
0 0.434560 0.362752 0.077854 0.154329
0 0.881888 0.836183 0.071089 0.128329
3 0.529372 0.630975 0.073984 0.117588
0 0.534053 0.551843 0.070518 0.107333
0 0.722861 0.896340 0.068378 0.127745
0 0.408276 0.628236 0.077781 0.143519
0 0.030109 0.849667 0.060219 0.136963
0 0.044901 0.086347 0.078938 0.133806
0 0.687001 0.883319 0.074898 0.110407
0 0.791941 0.980194 0.077461 0.037676
0 0.899504 0.020653 0.077164 0.038130
0 0.061460 0.834301 0.080706 0.143815
0 0.502725 0.048831 0.077008 0.097005
0 0.596319 0.017563 0.100315 0.034477
0 0.988187 0.877352 0.023427 0.127250
0 0.937344 0.430347 0.086656 0.156296
0 0.017790 0.222183 0.035232 0.133181
0 0.015926 0.342218 0.031852 0.121824
0 0.552979 0.687875 0.078266 0.103056
0 0.192685 0.018752 0.108901 0.036106
0 0.634674 0.124065 0.085214 0.167602
0 0.035272 0.052630 0.070544 0.102250
0 0.158663 0.191229 0.067133 0.107495
0 0.415934 0.041542 0.087336 0.083083
0 0.995052 0.538699 0.009870 0.121074
0 0.011844 0.171123 0.023687 0.122662
0 0.961690 0.810600 0.076620 0.121116
0 0.750733 0.432634 0.074737 0.131657
0 0.332652 0.292377 0.081315 0.138208
0 0.032260 0.460910 0.064406 0.151949
0 0.706677 0.537282 0.074380 0.112454
0 0.916984 0.903426 0.079964 0.148463
0 0.360622 0.617824 0.085510 0.126843
0 0.984341 0.336139 0.030755 0.136620
0 0.568645 0.317519 0.077648 0.137815
0 0.986594 0.125248 0.026813 0.122486
0 0.684665 0.738090 0.086003 0.157690
