0 0.572454 0.984160 0.086810 0.028894
0 0.023915 0.571296 0.047831 0.150648
0 0.399094 0.632002 0.084745 0.151153
0 0.499844 0.682410 0.084859 0.145440
0 0.474090 0.804468 0.089409 0.139620
0 0.059832 0.594748 0.076445 0.123310
0 0.930530 0.191419 0.084883 0.141903
0 0.523348 0.027067 0.087487 0.053560
0 0.018707 0.261278 0.037414 0.144463
0 0.829574 0.121657 0.087872 0.137556
0 0.478210 0.138201 0.063049 0.135319
0 0.783546 0.728333 0.084430 0.153324
0 0.159141 0.567789 0.080589 0.148144
0 0.464259 0.981472 0.084727 0.035769
0 0.790875 0.966359 0.082214 0.067282
0 0.700264 0.453562 0.084070 0.138310
0 0.713036 0.094799 0.085130 0.149866
0 0.991453 0.293458 0.017094 0.138907
0 0.031543 0.157824 0.063086 0.146352
0 0.181160 0.114257 0.086451 0.138755
0 0.387880 0.184218 0.077578 0.132509
2 0.367638 0.721715 0.068781 0.200227
0 0.986201 0.374588 0.027599 0.147343
0 0.899762 0.537766 0.083654 0.139394
0 0.537473 0.873641 0.085268 0.155912
0 0.816103 0.946206 0.080549 0.105736
0 0.812018 0.591799 0.085568 0.145190
0 0.193921 0.935546 0.089846 0.128907
0 0.403781 0.431363 0.078516 0.127144
0 0.666582 0.602954 0.079497 0.128222
0 0.570264 0.480850 0.083794 0.136199
0 0.301828 0.701833 0.083339 0.150380
0 0.899431 0.066354 0.082664 0.132708
0 0.737411 0.615637 0.072589 0.128255
0 0.179671 0.705435 0.087294 0.152065
0 0.767827 0.024627 0.090977 0.049255
0 0.426729 0.921505 0.086068 0.135028
0 0.092743 0.720965 0.092440 0.155773
0 0.705980 0.754104 0.081914 0.137134
0 0.563885 0.256056 0.078818 0.140704
0 0.047493 0.845968 0.084586 0.149463
0 0.639215 0.241738 0.087326 0.157431
0 0.070943 0.508794 0.081849 0.143968
0 0.340092 0.889120 0.076018 0.159269
0 0.810178 0.204361 0.079977 0.132676
0 0.097034 0.372139 0.082417 0.158676
0 0.852456 0.474958 0.085224 0.149806
0 0.659497 0.875523 0.078391 0.144046
0 0.298652 0.842815 0.072799 0.135398
0 0.348960 0.114815 0.086435 0.146935
0 0.709789 0.946109 0.084505 0.106958
0 0.425570 0.362002 0.077516 0.121097
0 0.148224 0.037259 0.070437 0.074037
0 0.454707 0.723447 0.079841 0.136819
0 0.305891 0.226794 0.080411 0.153069
0 0.975702 0.593435 0.048596 0.163778
0 0.420689 0.510956 0.087122 0.133671
0 0.158957 0.284507 0.073919 0.151005
0 0.735874 0.875861 0.084367 0.140491
0 0.077053 0.042785 0.084732 0.085051
0 0.911592 0.903664 0.097013 0.145690
0 0.981253 0.841090 0.037484 0.138412
0 0.328866 0.388366 0.085242 0.147435
0 0.852198 0.340569 0.102307 0.149000
0 0.522546 0.597560 0.087878 0.137148
0 0.567151 0.724127 0.076969 0.156671
0 0.875773 0.801704 0.094146 0.133481
0 0.495267 0.193264 0.085529 0.147815
0 0.179326 0.419192 0.072563 0.120616
0 0.402023 0.257593 0.097432 0.136204
0 0.224186 0.344025 0.081628 0.152681
0 0.240647 0.469326 0.088190 0.132421
0 0.233686 0.584083 0.079190 0.143120
0 0.117073 0.922708 0.077609 0.144389
0 0.585490 0.078512 0.087047 0.154014
0 0.606642 0.814037 0.076961 0.122880
0 0.935620 0.372231 0.082583 0.133593
0 0.203428 0.822949 0.072935 0.125194
0 0.736214 0.477947 0.078578 0.136255
0 0.328603 0.028845 0.075169 0.057569
0 0.639555 0.957595 0.080109 0.083912
0 0.493066 0.419137 0.074372 0.150782
0 0.238430 0.046769 0.069302 0.092481
0 0.932372 0.965956 0.088339 0.068060
0 0.264625 0.239132 0.072161 0.129162
