1 0.324431 0.438014 0.092971 0.141935
0 0.420590 0.639785 0.087534 0.146088
0 0.808855 0.175694 0.081711 0.126148
0 0.064604 0.086315 0.078792 0.162556
0 0.743637 0.119572 0.073669 0.127375
0 0.523137 0.236595 0.089586 0.132662
0 0.039294 0.376326 0.077464 0.143514
0 0.416172 0.238264 0.095354 0.132657
0 0.497646 0.639843 0.081734 0.150083
0 0.541176 0.744183 0.089565 0.146884
0 0.107251 0.420875 0.087878 0.174352
0 0.870767 0.402299 0.091336 0.142116
0 0.415260 0.778507 0.080927 0.138319
0 0.594483 0.640454 0.081680 0.142139
0 0.745513 0.314812 0.079349 0.154440
0 0.036603 0.620088 0.073206 0.134333
0 0.884624 0.284093 0.074898 0.115657
0 0.515060 0.366933 0.081177 0.133745
0 0.106004 0.580919 0.087560 0.150301
0 0.422378 0.907072 0.090109 0.144542
0 0.128607 0.088111 0.072083 0.136972
0 0.705848 0.936553 0.098258 0.126894
0 0.059275 0.847424 0.076112 0.144588
0 0.329525 0.314546 0.083492 0.139398
0 0.169383 0.668046 0.083927 0.151972
0 0.073491 0.235880 0.082523 0.157157
0 0.718242 0.465273 0.078365 0.144537
0 0.344307 0.879292 0.086880 0.153759
0 0.505172 0.855968 0.077016 0.121667
0 0.914368 0.483447 0.087076 0.130894
0 0.961548 0.401595 0.076904 0.156995
0 0.241725 0.946597 0.085206 0.104741
0 0.586475 0.855278 0.078185 0.126972
0 0.683309 0.681641 0.076742 0.131894
0 0.256497 0.844574 0.080026 0.126296
0 0.296905 0.059405 0.090482 0.117644
0 0.547793 0.046806 0.079862 0.092019
0 0.928139 0.588310 0.079607 0.133657
0 0.575750 0.140766 0.081010 0.134097
0 0.688190 0.054894 0.076891 0.107454
0 0.186816 0.813238 0.076388 0.146384
0 0.491087 0.952431 0.087591 0.095139
0 0.619540 0.042245 0.072445 0.080481
0 0.139086 0.896681 0.080745 0.146898
0 0.182755 0.411222 0.096266 0.136361
0 0.951577 0.127988 0.094284 0.173218
0 0.020508 0.129544 0.040911 0.141810
0 0.598493 0.957671 0.084471 0.084657
0 0.387444 0.120488 0.090237 0.143773
0 0.477326 0.035699 0.075026 0.071398
0 0.019930 0.722588 0.039234 0.128148
0 0.804378 0.877363 0.079260 0.143764
0 0.440583 0.360317 0.090823 0.150273
0 0.785831 0.426273 0.080531 0.140935
0 0.758191 0.032933 0.082440 0.065866
0 0.966001 0.045162 0.067997 0.090324
0 0.896958 0.162479 0.088557 0.145097
0 0.855273 0.658366 0.073484 0.129009
0 0.294286 0.546363 0.097047 0.155505
0 0.083046 0.954169 0.081336 0.091662
0 0.499296 0.124456 0.083570 0.132412
0 0.650025 0.174630 0.080815 0.135954
0 0.093529 0.729947 0.080396 0.137755
0 0.482116 0.483535 0.084018 0.140755
0 0.243091 0.728794 0.095870 0.132671
1 0.663862 0.843257 0.080979 0.152060
0 0.349958 0.034720 0.079891 0.065236
1 0.969984 0.935083 0.058531 0.123509
0 0.162289 0.010977 0.087406 0.020852
1 0.404220 0.497845 0.080674 0.139708
1 0.738747 0.808889 0.083484 0.153593
0 0.816212 0.306650 0.073789 0.135671
0 0.869913 0.804623 0.084326 0.146894
0 0.944430 0.826863 0.078516 0.142644
0 0.029497 0.037049 0.058203 0.074079
0 0.022592 0.258764 0.044576 0.141694
0 0.020464 0.957759 0.040115 0.084481
0 0.954931 0.692799 0.089831 0.137773
1 0.238464 0.603919 0.085104 0.144866
0 0.994344 0.471819 0.011313 0.145185
0 0.776323 0.701574 0.085193 0.141556
0 0.004275 0.427690 0.008549 0.158731
0 0.648130 0.549292 0.083214 0.148213
0 0.422760 0.986345 0.089818 0.021736
0 0.014191 0.851502 0.028383 0.141495
0 0.322228 0.970741 0.083346 0.058519
0 0.985344 0.187574 0.028599 0.124639
0 0.890276 0.029449 0.085953 0.058898
0 0.854094 0.939736 0.079453 0.120528
0 0.034629 0.501921 0.067612 0.125880
0 0.569591 0.481826 0.085057 0.144218
0 0.989673 0.810468 0.020654 0.151963
0 0.734185 0.592556 0.080807 0.134537
