0 0.263078 0.048312 0.067977 0.088937
0 0.964967 0.954500 0.068980 0.086625
0 0.293992 0.104206 0.073516 0.092078
0 0.757572 0.545995 0.067043 0.089167
0 0.107467 0.273279 0.079793 0.097953
0 0.093314 0.157703 0.069629 0.106760
0 0.518365 0.415438 0.073809 0.101740
0 0.440279 0.274370 0.074395 0.094188
0 0.079680 0.338161 0.063086 0.085427
0 0.143693 0.212948 0.066324 0.098531
0 0.221457 0.448258 0.073938 0.092276
0 0.194945 0.338151 0.076617 0.099219
0 0.035967 0.458529 0.064020 0.101943
0 0.089561 0.712305 0.082309 0.090193
0 0.439426 0.420542 0.066500 0.100771
0 0.384059 0.314724 0.063359 0.121292
0 0.695529 0.056727 0.070238 0.093693
0 0.296219 0.447745 0.065680 0.088500
0 0.067641 0.083690 0.065867 0.086891
0 0.812006 0.969060 0.060215 0.061880
0 0.204799 0.557594 0.067238 0.106427
0 0.383496 0.448154 0.064039 0.104057
0 0.155592 0.525872 0.067363 0.101172
0 0.712910 0.218930 0.073023 0.089432
0 0.892168 0.160836 0.075367 0.086224
0 0.089309 0.628526 0.080414 0.089500
0 0.205920 0.829159 0.071559 0.088266
0 0.499643 0.494833 0.078176 0.089271
0 0.307492 0.190471 0.060539 0.092766
0 0.124121 0.893352 0.068844 0.093276
0 0.620826 0.840758 0.071074 0.090880
0 0.495523 0.222034 0.061508 0.108047
0 0.355070 0.595036 0.066656 0.089740
0 0.838561 0.740349 0.056598 0.120094
0 0.297672 0.611375 0.064766 0.087115
0 0.202262 0.220417 0.065109 0.091719
0 0.962342 0.601341 0.070637 0.104693
0 0.515045 0.821932 0.065160 0.085583
0 0.532217 0.959604 0.056762 0.078719
0 0.816369 0.366896 0.070973 0.085594
0 0.712836 0.611482 0.067547 0.079401
0 0.378928 0.789081 0.065027 0.093443
0 0.575385 0.522229 0.062324 0.114625
0 0.314086 0.274266 0.065656 0.087469
0 0.599836 0.923143 0.079492 0.085276
0 0.147441 0.394591 0.063000 0.088839
0 0.366791 0.187464 0.062066 0.100490
0 0.388988 0.097328 0.072148 0.092625
0 0.570176 0.773013 0.064633 0.087568
0 0.428484 0.176604 0.070656 0.103979
0 0.420832 0.727781 0.077805 0.087094
0 0.542242 0.286529 0.056680 0.103703
0 0.905781 0.866372 0.076047 0.095214
0 0.023947 0.960815 0.047441 0.072901
0 0.656527 0.792609 0.068141 0.103687
0 0.021861 0.053552 0.042699 0.082427
0 0.241797 0.701219 0.063805 0.096125
0 0.570895 0.359620 0.059180 0.105792
0 0.366852 0.031365 0.073117 0.062729
0 0.631982 0.563805 0.080605 0.090568
0 0.799426 0.038846 0.062250 0.077693
0 0.611404 0.396943 0.073605 0.112396
0 0.227754 0.279839 0.085188 0.079740
0 0.123463 0.031667 0.071723 0.062635
0 0.337799 0.679138 0.078941 0.085839
0 0.632871 0.486328 0.087953 0.080635
0 0.717695 0.681943 0.081211 0.072354
0 0.524326 0.676490 0.058895 0.098594
0 0.851010 0.914328 0.058199 0.106896
0 0.841742 0.486635 0.073828 0.109406
0 0.079299 0.957333 0.061738 0.076219
0 0.432963 0.907690 0.070121 0.085484
0 0.263803 0.788169 0.066730 0.092193
0 0.099928 0.453721 0.069980 0.092161
0 0.485803 0.935883 0.054770 0.126630
0 0.806227 0.441852 0.059422 0.096286
0 0.080449 0.552685 0.074672 0.080599
0 0.704109 0.748849 0.073797 0.086292
0 0.569557 0.619823 0.063598 0.092958
0 0.450373 0.806930 0.061457 0.086797
0 0.021109 0.878292 0.042008 0.107813
0 0.168537 0.763393 0.069699 0.085411
0 0.443332 0.972852 0.071289 0.054297
0 0.319639 0.829326 0.063223 0.088870
0 0.590684 0.713052 0.069320 0.091312
0 0.061895 0.872841 0.065578 0.108443
0 0.402504 0.649859 0.062508 0.086969
0 0.747437 0.965518 0.068352 0.067349
0 0.447201 0.058133 0.069191 0.115380
0 0.222854 0.617375 0.065051 0.099885
0 0.527561 0.892990 0.074277 0.073187
0 0.086779 0.799667 0.079184 0.088542
0 0.648854 0.657271 0.061613 0.099104
0 0.578812 0.038583 0.064297 0.075385
0 0.924727 0.097349 0.058305 0.101125
0 0.503123 0.036208 0.074848 0.072417
0 0.251475 0.191635 0.062059 0.107573
0 0.603295 0.975208 0.076168 0.049583
0 0.755619 0.369654 0.057285 0.124099
0 0.965836 0.103885 0.064523 0.102354
0 0.843814 0.601977 0.066207 0.084859
0 0.366977 0.957693 0.077516 0.079281
0 0.018877 0.540974 0.037191 0.080542
0 0.981861 0.470484 0.034598 0.088635
0 0.309980 0.738784 0.079156 0.094495
0 0.736002 0.291352 0.067105 0.095401
0 0.448861 0.348656 0.079605 0.076688
0 0.881447 0.546943 0.079270 0.083844
0 0.978494 0.778289 0.041676 0.088401
0 0.920551 0.697831 0.082047 0.099297
0 0.156686 0.682357 0.063012 0.118120
0 0.883217 0.786591 0.080566 0.095766
0 0.034908 0.012880 0.069816 0.025760
0 0.700385 0.319768 0.056457 0.112120
0 0.973295 0.865406 0.051293 0.102781
0 0.940586 0.432536 0.086875 0.090396
0 0.887262 0.672000 0.061648 0.095469
0 0.185062 0.016112 0.070977 0.031911
0 0.992264 0.856599 0.015348 0.100063
0 0.800971 0.207901 0.060207 0.095781
0 0.983199 0.211846 0.033203 0.081089
0 0.976701 0.160815 0.046598 0.091526
0 0.010648 0.438768 0.020422 0.104943
0 0.775357 0.133310 0.058988 0.112568
0 0.929047 0.356831 0.077625 0.080005
0 0.008691 0.230677 0.017383 0.087292
0 0.709650 0.013187 0.050277 0.023854
0 0.922389 0.794375 0.064949 0.085333
0 0.866955 0.064513 0.080527 0.110057
0 0.884686 0.488341 0.070340 0.105484
0 0.296275 0.011625 0.074379 0.023250
0 0.891793 0.027786 0.075555 0.055573
0 0.350244 0.888328 0.082770 0.085844
0 0.825766 0.101260 0.055797 0.120937
0 0.883912 0.619612 0.084324 0.091995
0 0.866049 0.224323 0.076152 0.080010
0 0.611453 0.020289 0.060961 0.040578
0 0.678338 0.987169 0.060262 0.025078
0 0.989008 0.725089 0.020172 0.069885
0 0.843514 0.007320 0.065215 0.014641
