0 0.640186 0.167807 0.081113 0.098281
0 0.566650 0.954688 0.068910 0.089375
0 0.348404 0.219701 0.069293 0.093943
0 0.504316 0.395099 0.074812 0.100208
0 0.134174 0.137469 0.075910 0.096146
0 0.519809 0.285815 0.066922 0.090120
0 0.570715 0.772786 0.066156 0.094646
0 0.393334 0.497464 0.082355 0.109448
0 0.521041 0.490995 0.074020 0.092760
0 0.508320 0.721617 0.071125 0.106609
0 0.057055 0.282914 0.079742 0.109203
0 0.737672 0.274443 0.069391 0.090667
0 0.417969 0.595456 0.069836 0.088443
0 0.313854 0.328029 0.069191 0.088589
0 0.466459 0.821372 0.064035 0.079859
0 0.145029 0.440310 0.074824 0.099359
0 0.952223 0.513888 0.082805 0.108286
0 0.626158 0.855297 0.065441 0.095177
0 0.241543 0.781799 0.068969 0.092714
0 0.425309 0.241122 0.071141 0.094630
0 0.115365 0.708224 0.073559 0.093573
0 0.436742 0.413747 0.062875 0.080349
0 0.961469 0.660380 0.077063 0.107073
0 0.710162 0.773867 0.077582 0.102901
0 0.319172 0.684932 0.071203 0.099396
0 0.527104 0.084768 0.074559 0.096359
0 0.655061 0.702615 0.077660 0.091885
0 0.706830 0.109966 0.076340 0.097609
0 0.030549 0.582695 0.061090 0.093026
0 0.180238 0.617065 0.079789 0.107474
0 0.594096 0.508065 0.073270 0.098276
0 0.138348 0.044607 0.073633 0.088651
0 0.741352 0.371083 0.071508 0.095792
0 0.411066 0.070940 0.063766 0.082411
0 0.311254 0.866682 0.071742 0.089521
0 0.165281 0.876768 0.075086 0.103193
0 0.870902 0.527214 0.077266 0.106344
0 0.787430 0.446250 0.071500 0.089344
0 0.661207 0.324883 0.073922 0.098318
0 0.038943 0.052745 0.066574 0.088958
0 0.662137 0.580667 0.065359 0.083021
0 0.826861 0.836068 0.069723 0.090917
0 0.916994 0.203396 0.068855 0.084896
0 0.848371 0.255492 0.073094 0.092286
0 0.206070 0.257271 0.068070 0.090958
0 0.861289 0.927352 0.064523 0.087401
0 0.326445 0.782630 0.070281 0.086292
0 0.370346 0.710138 0.076707 0.100630
0 0.978096 0.073883 0.043754 0.102495
0 0.927637 0.933138 0.062289 0.075849
0 0.867109 0.638771 0.083141 0.103990
0 0.026842 0.764695 0.053418 0.084620
0 0.978049 0.423216 0.043902 0.097818
0 0.864857 0.133299 0.063488 0.084839
0 0.328701 0.133216 0.065629 0.075526
0 0.138229 0.784245 0.079527 0.101781
0 0.017734 0.340633 0.035164 0.082870
0 0.981969 0.816771 0.036063 0.090031
0 0.718320 0.023102 0.067070 0.045849
0 0.465123 0.020648 0.070176 0.041297
0 0.981406 0.317133 0.037031 0.105286
0 0.968361 0.977617 0.062785 0.043849
0 0.009361 0.664661 0.018723 0.091385
0 0.611619 0.990654 0.071309 0.018661
0 0.244070 0.447937 0.080477 0.107146
