0 0.224553 0.973469 0.081613 0.053063
0 0.649820 0.395437 0.072297 0.091990
0 0.743387 0.516828 0.070586 0.108500
0 0.063562 0.630029 0.074680 0.105870
0 0.264523 0.599974 0.072164 0.110708
0 0.219373 0.267461 0.070434 0.093234
0 0.855604 0.070151 0.073988 0.084042
0 0.314799 0.533737 0.059246 0.106703
0 0.018293 0.902687 0.036586 0.084521
0 0.113299 0.519094 0.072676 0.091656
0 0.963021 0.096216 0.072488 0.108109
0 0.287273 0.812990 0.071758 0.099208
0 0.421051 0.596706 0.073445 0.096516
0 0.189062 0.930279 0.073406 0.112307
0 0.217307 0.359057 0.075848 0.096823
0 0.041398 0.973474 0.069008 0.053052
0 0.432004 0.672409 0.078133 0.099974
0 0.503354 0.148724 0.080348 0.094271
0 0.723719 0.942862 0.059945 0.086089
0 0.292834 0.392549 0.070379 0.094422
0 0.887232 0.429802 0.079363 0.108875
0 0.782850 0.703667 0.075754 0.106062
0 0.887631 0.258870 0.082418 0.095635
0 0.718930 0.822263 0.072211 0.095891
0 0.613586 0.970979 0.080820 0.058042
0 0.707352 0.027922 0.063734 0.054240
0 0.291027 0.065203 0.076703 0.099531
0 0.915832 0.174258 0.072398 0.099797
0 0.014590 0.643828 0.027695 0.106510
0 0.274943 0.697023 0.065691 0.090995
0 0.015781 0.074427 0.031563 0.093740
0 0.838088 0.517789 0.073246 0.087099
0 0.785766 0.869206 0.077953 0.105057
0 0.691537 0.509703 0.062762 0.096260
0 0.909846 0.029352 0.052910 0.058703
0 0.636908 0.064901 0.072418 0.093698
0 0.564633 0.667063 0.069141 0.093708
0 0.209791 0.432839 0.074652 0.103052
0 0.450461 0.378315 0.077219 0.093870
0 0.333277 0.153667 0.065984 0.092250
0 0.277332 0.219766 0.065273 0.084490
0 0.673439 0.875172 0.074238 0.093729
0 0.970115 0.020456 0.059770 0.040911
0 0.559104 0.862297 0.072262 0.084188
0 0.587820 0.892737 0.070320 0.092401
0 0.498611 0.905438 0.078348 0.105677
0 0.405266 0.297909 0.077375 0.097776
0 0.331316 0.750529 0.063281 0.095703
0 0.505949 0.701185 0.073406 0.095391
0 0.093117 0.772911 0.069320 0.091448
0 0.917547 0.828008 0.082125 0.101422
0 0.708879 0.232234 0.072500 0.092021
0 0.149355 0.827185 0.072523 0.092932
0 0.194479 0.678456 0.073043 0.098922
0 0.130631 0.194081 0.074035 0.094203
0 0.363145 0.442435 0.075062 0.111578
0 0.714883 0.678247 0.072063 0.116516
0 0.740189 0.308492 0.078520 0.093214
0 0.219377 0.184307 0.067332 0.089781
0 0.533785 0.775435 0.056672 0.078526
0 0.969795 0.464076 0.060410 0.103391
0 0.216865 0.796107 0.069137 0.105661
0 0.342580 0.042375 0.070129 0.084750
0 0.628840 0.546615 0.079180 0.102937
0 0.045086 0.331258 0.076109 0.111068
0 0.474795 0.275081 0.074621 0.097880
0 0.386088 0.775833 0.075449 0.085375
0 0.552021 0.955823 0.078887 0.088354
0 0.656428 0.657633 0.069949 0.117682
0 0.268979 0.313245 0.066105 0.085854
0 0.431477 0.483581 0.068859 0.090161
0 0.906687 0.949073 0.068227 0.101854
0 0.492648 0.511922 0.072266 0.101875
0 0.373602 0.544865 0.070070 0.096031
0 0.920928 0.342818 0.080738 0.097479
0 0.779885 0.172625 0.074004 0.096573
0 0.262771 0.903534 0.074699 0.097120
0 0.140119 0.101727 0.076184 0.098036
0 0.027752 0.239602 0.054512 0.086307
0 0.929445 0.716302 0.076367 0.096625
0 0.269900 0.123247 0.069332 0.099839
0 0.032268 0.553203 0.064535 0.092802
0 0.841412 0.960266 0.085363 0.079469
0 0.071623 0.180734 0.059973 0.121302
0 0.471410 0.784117 0.068813 0.093536
0 0.847631 0.637846 0.075730 0.101516
0 0.855338 0.897224 0.072238 0.083354
0 0.354773 0.931883 0.077188 0.098870
0 0.117775 0.417016 0.074051 0.111250
0 0.518250 0.390094 0.072258 0.105031
0 0.116504 0.680727 0.068727 0.087026
0 0.768418 0.397937 0.078273 0.110927
0 0.528885 0.593818 0.079723 0.096010
0 0.173936 0.579122 0.085293 0.107932
0 0.128682 0.924117 0.064137 0.094099
0 0.641551 0.290359 0.065617 0.085417
0 0.401127 0.090607 0.073559 0.094422
0 0.066883 0.906297 0.065820 0.093687
0 0.487232 0.057391 0.071832 0.088552
0 0.555332 0.095260 0.064070 0.097396
0 0.538100 0.802549 0.067020 0.147818
0 0.006293 0.970628 0.012586 0.058745
1 0.604492 0.725797 0.078398 0.099479
1 0.857111 0.148333 0.075004 0.090177
0 0.254842 0.009065 0.070926 0.018130
0 0.110252 0.978734 0.073895 0.039333
0 0.405652 0.847297 0.076734 0.086094
0 0.008180 0.736711 0.016359 0.093818
0 0.992369 0.129979 0.015090 0.099573
0 0.182402 0.013190 0.082648 0.026380
0 0.754320 0.986013 0.079266 0.027974
0 0.407225 0.984708 0.076660 0.030583
0 0.056863 0.031016 0.081555 0.062031
0 0.988256 0.831253 0.022801 0.103297
0 0.150330 0.979479 0.079176 0.041042
0 0.470164 0.012690 0.073914 0.025380
0 0.409061 0.027185 0.069816 0.054370
0 0.834250 0.024818 0.083734 0.049635
0 0.714377 0.431859 0.075215 0.084229
0 0.959311 0.980648 0.081316 0.038703
0 0.425330 0.168359 0.076043 0.089365
0 0.624217 0.166349 0.080090 0.105698
0 0.572527 0.029885 0.071695 0.058187
0 0.557604 0.503055 0.065934 0.089484
0 0.130965 0.043398 0.085008 0.080359
0 0.474834 0.967133 0.078262 0.065734
0 0.039820 0.821310 0.065031 0.084099
0 0.911598 0.586167 0.071711 0.090448
