0 0.715455 0.794526 0.094512 0.102469
0 0.708025 0.570388 0.069840 0.109984
0 0.979035 0.065096 0.041930 0.100495
0 0.031695 0.109365 0.063391 0.096865
0 0.029789 0.711471 0.059578 0.114318
0 0.109412 0.303221 0.086504 0.126828
0 0.298580 0.463628 0.077527 0.102974
0 0.115484 0.628583 0.085766 0.120469
0 0.314908 0.846349 0.082605 0.121542
0 0.743787 0.895120 0.076590 0.118208
0 0.041162 0.297979 0.077246 0.114740
0 0.698299 0.132625 0.081816 0.113115
0 0.973943 0.933935 0.051035 0.098932
0 0.214328 0.445542 0.072602 0.101156
0 0.285031 0.054661 0.074836 0.100104
0 0.830816 0.263062 0.078398 0.101531
0 0.483744 0.281828 0.083402 0.107333
0 0.048459 0.535602 0.079887 0.091589
0 0.028684 0.035276 0.057367 0.070510
0 0.833768 0.739326 0.079004 0.095797
0 0.901723 0.226320 0.073102 0.107995
0 0.122881 0.430943 0.087793 0.091427
0 0.336492 0.025313 0.081586 0.050469
0 0.174838 0.504815 0.073629 0.103130
0 0.487328 0.227708 0.083250 0.084323
0 0.567145 0.014727 0.077883 0.029453
0 0.555877 0.981607 0.070215 0.035943
0 0.711717 0.043555 0.075590 0.085182
0 0.561039 0.305227 0.092367 0.101932
0 0.018277 0.888547 0.034406 0.104271
0 0.980873 0.745828 0.038230 0.107573
0 0.771221 0.430828 0.083637 0.097625
0 0.017576 0.217443 0.034512 0.110437
0 0.272318 0.985023 0.076270 0.028078
0 0.905312 0.021763 0.078727 0.041036
0 0.150270 0.023557 0.076844 0.047115
0 0.735496 0.982031 0.071273 0.035937
0 0.987969 0.522799 0.023000 0.104526
0 0.675920 0.680630 0.087480 0.110469
0 0.008119 0.976224 0.016004 0.047552
0 0.866988 0.962516 0.082281 0.072604
0 0.188090 0.984651 0.085070 0.029844
0 0.363824 0.307758 0.051289 0.081141
0 0.225342 0.028578 0.084637 0.056510
0 0.377127 0.980451 0.085879 0.039099
0 0.686348 0.933375 0.083445 0.115031
0 0.554604 0.357922 0.075371 0.094677
0 0.780857 0.020875 0.082168 0.039802
0 0.918463 0.986263 0.080902 0.027474
0 0.968082 0.647940 0.063836 0.099474
0 0.419432 0.442786 0.076824 0.203365
0 0.878387 0.558628 0.075969 0.099016
0 0.426963 0.396865 0.073449 0.101979
0 0.290416 0.214693 0.072074 0.097667
0 0.567699 0.560297 0.089789 0.118177
0 0.922820 0.754682 0.071328 0.093969
0 0.847725 0.170885 0.082348 0.097062
0 0.757936 0.234477 0.076816 0.104380
0 0.765045 0.703799 0.077316 0.103443
0 0.853871 0.649615 0.076070 0.099479
0 0.832334 0.494021 0.085129 0.102187
0 0.284361 0.641284 0.075684 0.116307
0 0.259613 0.388984 0.073867 0.108219
0 0.369955 0.909016 0.077809 0.109885
0 0.445604 0.925628 0.081426 0.108995
0 0.416117 0.303964 0.070023 0.092490
0 0.194375 0.647391 0.078047 0.101219
0 0.765314 0.330992 0.075543 0.097380
0 0.380078 0.773370 0.073500 0.104573
0 0.359014 0.185010 0.082707 0.122344
0 0.126533 0.821927 0.085762 0.103198
0 0.159094 0.354740 0.081789 0.104417
0 0.493441 0.043591 0.085531 0.087182
0 0.423680 0.689143 0.078297 0.100672
0 0.466555 0.563232 0.084992 0.105161
0 0.341936 0.546865 0.080613 0.113292
0 0.923514 0.896979 0.072910 0.097187
0 0.183574 0.116164 0.074563 0.107755
0 0.210727 0.249253 0.076547 0.101380
0 0.448322 0.104471 0.083941 0.106943
0 0.107100 0.919492 0.069871 0.117609
0 0.565184 0.206375 0.092000 0.115250
0 0.278389 0.909453 0.069676 0.095885
0 0.555643 0.458247 0.078902 0.109984
0 0.817096 0.892646 0.079910 0.116188
0 0.680092 0.225495 0.081691 0.104729
0 0.124820 0.725521 0.091437 0.113385
0 0.058125 0.446779 0.077109 0.104380
0 0.968475 0.153401 0.063051 0.110552
0 0.205223 0.915161 0.072016 0.114698
0 0.830596 0.094018 0.092465 0.085391
0 0.780188 0.591362 0.078367 0.109568
0 0.958326 0.249357 0.078676 0.099016
0 0.840174 0.030383 0.077441 0.060766
0 0.170869 0.896359 0.067199 0.100396
0 0.344596 0.413023 0.082465 0.100099
0 0.876771 0.813958 0.072012 0.100958
0 0.650334 0.488701 0.083004 0.104901
0 0.062273 0.969719 0.080508 0.058583
0 0.663961 0.313776 0.080867 0.119479
0 0.970465 0.385766 0.056930 0.135792
0 0.453121 0.777234 0.075180 0.098906
0 0.311846 0.313940 0.080738 0.095391
0 0.621326 0.796234 0.081902 0.112146
0 0.545598 0.665357 0.082625 0.100266
0 0.634908 0.045781 0.081449 0.091563
