0 0.423529 0.265190 0.167625 0.138833
2 0.360919 0.452461 0.077828 0.139708
0 0.004521 0.172532 0.008953 0.141852
0 0.783858 0.977285 0.090419 0.042745
0 0.979970 0.978375 0.037497 0.041880
0 0.012642 0.971146 0.025284 0.055560
0 0.062473 0.983153 0.088643 0.030130
0 0.982577 0.523262 0.034846 0.155319
0 0.506014 0.960521 0.076617 0.076458
0 0.242146 0.022752 0.081766 0.045505
0 0.017056 0.054606 0.033846 0.108065
0 0.965013 0.417884 0.069974 0.134185
0 0.018208 0.593449 0.036286 0.151750
0 0.980441 0.842822 0.039029 0.128023
0 0.931385 0.956692 0.079219 0.084468
0 0.327217 0.036079 0.087362 0.072157
0 0.524228 0.908968 0.074518 0.116204
0 0.498410 0.067243 0.070862 0.132616
0 0.277240 0.947206 0.096120 0.105116
0 0.644708 0.947981 0.079286 0.102657
0 0.772418 0.048215 0.077424 0.096014
0 0.971171 0.143984 0.057362 0.151810
0 0.426730 0.051826 0.085461 0.102690
0 0.026161 0.698162 0.052260 0.153519
0 0.644447 0.070954 0.076758 0.141315
0 0.879091 0.563894 0.078339 0.152870
0 0.898760 0.250655 0.083490 0.155014
0 0.459712 0.859572 0.085086 0.134282
0 0.732480 0.912451 0.084586 0.161588
0 0.617073 0.831856 0.076526 0.147380
0 0.844314 0.366961 0.081081 0.155819
0 0.872491 0.708692 0.083466 0.149421
0 0.940185 0.580250 0.076672 0.147519
0 0.547687 0.804581 0.073849 0.149542
0 0.138380 0.786657 0.083005 0.155694
0 0.686595 0.276000 0.081112 0.156426
0 0.839686 0.212294 0.078560 0.153958
0 0.252238 0.729215 0.083565 0.153190
0 0.798414 0.484604 0.071760 0.128958
0 0.540096 0.335273 0.072823 0.151648
0 0.380654 0.893067 0.073984 0.137801
0 0.573228 0.073229 0.081159 0.144514
0 0.438757 0.732887 0.076846 0.137468
0 0.370608 0.764488 0.063029 0.124431
0 0.639842 0.689271 0.081331 0.132106
0 0.179701 0.672639 0.076693 0.134861
0 0.610812 0.270185 0.079849 0.163528
0 0.294275 0.521086 0.078763 0.141495
0 0.167897 0.156671 0.081346 0.144926
0 0.709318 0.133664 0.087505 0.141468
0 0.726603 0.586368 0.085409 0.145727
0 0.966129 0.296745 0.067742 0.144676
0 0.297189 0.841912 0.074451 0.127843
0 0.061008 0.836590 0.083740 0.154903
0 0.597391 0.423100 0.085896 0.154755
0 0.959889 0.723894 0.080086 0.133111
0 0.773212 0.327065 0.083513 0.154889
0 0.277678 0.207479 0.080628 0.134606
0 0.381236 0.254937 0.080951 0.145912
0 0.683906 0.456819 0.085328 0.146917
0 0.095796 0.661542 0.084096 0.156426
0 0.217224 0.438850 0.075271 0.126181
0 0.162530 0.292477 0.090023 0.139157
0 0.140533 0.427713 0.077482 0.129537
0 0.058159 0.169641 0.089177 0.150532
0 0.465988 0.275949 0.083039 0.144306
0 0.220243 0.571889 0.072544 0.130389
