0 0.420309 0.317424 0.105893 0.149134
0 0.475557 0.238847 0.089318 0.191694
0 0.536198 0.217933 0.078161 0.170116
0 0.900708 0.540845 0.111630 0.184977
0 0.923353 0.421863 0.102898 0.165282
0 0.361385 0.070801 0.105688 0.141602
0 0.971242 0.566854 0.057516 0.173792
0 0.978025 0.424757 0.043951 0.173949
0 0.314641 0.184634 0.077734 0.172787
0 0.341187 0.297125 0.080646 0.153704
0 0.423678 0.092493 0.090315 0.163727
2 0.390897 0.188887 0.109414 0.174625
0 0.516818 0.343528 0.085292 0.171917
0 0.459480 0.393356 0.080305 0.163870
0 0.381280 0.413350 0.110393 0.161032
0 0.940779 0.650245 0.108208 0.148278
0 0.494874 0.117604 0.088112 0.174208
