0 0.568612 0.338412 0.072531 0.115796
0 0.148306 0.235028 0.071930 0.118519
0 0.244566 0.050600 0.068721 0.101199
0 0.320292 0.157903 0.078896 0.120417
0 0.011210 0.684079 0.022315 0.112537
0 0.422272 0.906685 0.069174 0.134019
0 0.012641 0.547993 0.025281 0.127708
0 0.979087 0.037287 0.041826 0.074574
0 0.993656 0.441523 0.012672 0.157315
0 0.439632 0.962083 0.077414 0.075833
0 0.178078 0.024345 0.065193 0.048523
0 0.553464 0.023023 0.079776 0.045028
0 0.941145 0.037111 0.061310 0.074185
0 0.558215 0.931481 0.055310 0.127102
0 0.995755 0.749866 0.008490 0.125843
0 0.540694 0.522831 0.082346 0.145264
0 0.708878 0.151757 0.083339 0.125829
0 0.491344 0.746771 0.077651 0.130301
0 0.688224 0.228447 0.066323 0.141301
0 0.556559 0.670343 0.062732 0.139444
0 0.090672 0.841060 0.068198 0.144222
0 0.612520 0.087356 0.064997 0.128176
0 0.147792 0.789757 0.070797 0.127755
0 0.723042 0.803118 0.079297 0.146523
0 0.951844 0.377294 0.074224 0.135495
0 0.704727 0.531609 0.063240 0.121375
0 0.926456 0.227424 0.071885 0.134356
0 0.657947 0.715903 0.075628 0.126083
0 0.116883 0.593935 0.072130 0.132417
0 0.744098 0.280204 0.068492 0.148630
0 0.408637 0.307039 0.071326 0.118458
0 0.856678 0.353926 0.085289 0.128389
0 0.244444 0.436667 0.067940 0.125926
0 0.198760 0.338822 0.070760 0.135625
0 0.644189 0.403111 0.075122 0.122176
0 0.424496 0.180257 0.081659 0.136338
0 0.034284 0.444394 0.067615 0.120769
0 0.551055 0.224042 0.083125 0.142435
0 0.029439 0.801806 0.058878 0.131278
0 0.722820 0.945553 0.075385 0.107671
0 0.525543 0.797993 0.078393 0.133829
0 0.109236 0.453227 0.073779 0.136306
0 0.957939 0.690884 0.083081 0.129046
0 0.967727 0.133977 0.064547 0.114000
0 0.864125 0.663843 0.080010 0.141657
0 0.896414 0.485718 0.062568 0.115954
0 0.891361 0.935808 0.070596 0.122977
0 0.809505 0.240208 0.074109 0.140944
0 0.669467 0.856933 0.075299 0.135921
0 0.489822 0.326044 0.083727 0.166894
0 0.183572 0.923100 0.085013 0.147995
0 0.243245 0.608681 0.068974 0.143019
0 0.182078 0.678410 0.073896 0.143005
0 0.496000 0.928755 0.074557 0.121000
0 0.921068 0.586988 0.082495 0.115644
0 0.334255 0.836657 0.068354 0.136556
0 0.722260 0.414910 0.074438 0.109181
0 0.235332 0.787491 0.081503 0.136731
0 0.838898 0.802002 0.068490 0.125727
0 0.789811 0.894118 0.071758 0.129597
0 0.600836 0.796181 0.071505 0.121704
0 0.909074 0.806403 0.071576 0.130296
0 0.307914 0.717856 0.075031 0.120148
0 0.266828 0.927435 0.075948 0.138417
0 0.031069 0.940799 0.061763 0.115736
0 0.821345 0.478632 0.086258 0.140097
0 0.398323 0.422477 0.080500 0.128593
0 0.038684 0.592718 0.070591 0.122204
0 0.675762 0.045368 0.074237 0.090060
0 0.340195 0.955907 0.081932 0.088185
0 0.178564 0.487847 0.062164 0.146074
0 0.753370 0.684720 0.076719 0.122069
0 0.626790 0.271694 0.068237 0.110528
0 0.627818 0.653887 0.077542 0.131245
0 0.487671 0.611613 0.064664 0.129023
0 0.359378 0.583197 0.069328 0.159116
0 0.255017 0.268375 0.062914 0.120083
0 0.967456 0.849921 0.065026 0.108722
0 0.794462 0.114544 0.086867 0.109412
0 0.035841 0.276567 0.070302 0.136116
0 0.871608 0.196532 0.069216 0.115583
0 0.070767 0.707824 0.078794 0.124407
0 0.322447 0.443924 0.075232 0.135727
0 0.961523 0.955718 0.071687 0.088120
0 0.078137 0.133896 0.071664 0.143792
0 0.030990 0.074803 0.061979 0.136986
0 0.402374 0.763493 0.073685 0.142208
0 0.111510 0.271354 0.074276 0.128181
0 0.462651 0.483368 0.073672 0.138347
0 0.535215 0.093044 0.084044 0.126810
0 0.388368 0.058111 0.071279 0.116222
0 0.424529 0.609245 0.065052 0.141565
0 0.566258 0.405093 0.072677 0.116676
0 0.325478 0.254384 0.071388 0.121694
0 0.315134 0.045176 0.071654 0.090213
0 0.628184 0.520104 0.080008 0.098051
0 0.467178 0.042414 0.073143 0.084829
0 0.867586 0.049127 0.074693 0.093014
0 0.792069 0.631549 0.080383 0.118486
0 0.776460 0.541456 0.070310 0.136190
0 0.314082 0.368692 0.077497 0.113292
0 0.122125 0.087451 0.071927 0.156681
0 0.775727 0.035613 0.075089 0.071227
0 0.614096 0.955824 0.070563 0.088315
0 0.234238 0.138648 0.071112 0.127657
