0 0.980155 0.749597 0.039690 0.136546
0 0.769259 0.542984 0.085419 0.143477
0 0.415160 0.377336 0.092185 0.141875
0 0.966113 0.896604 0.067773 0.130264
0 0.432352 0.632167 0.083896 0.144954
0 0.187517 0.701130 0.072602 0.122963
0 0.283656 0.859486 0.080865 0.156056
0 0.599764 0.110926 0.073518 0.142343
0 0.749445 0.064343 0.075396 0.128685
0 0.282146 0.178275 0.079563 0.144884
0 0.526862 0.127819 0.085370 0.152500
0 0.115777 0.822296 0.083336 0.136676
0 0.842823 0.212713 0.104979 0.134019
0 0.651147 0.204981 0.074107 0.137315
0 0.423340 0.919208 0.083862 0.126009
0 0.224044 0.093986 0.093234 0.158454
0 0.731987 0.692620 0.079161 0.136065
0 0.437026 0.038118 0.081187 0.076236
0 0.978672 0.596215 0.042057 0.142282
0 0.079350 0.035391 0.080206 0.068477
0 0.021010 0.586287 0.042021 0.150556
0 0.828646 0.323523 0.082542 0.127296
0 0.342499 0.039502 0.084721 0.076792
0 0.141464 0.582308 0.084755 0.140208
0 0.176667 0.382394 0.078578 0.145704
0 0.399452 0.506914 0.079117 0.139162
0 0.278246 0.719016 0.077721 0.128162
0 0.919940 0.615671 0.085557 0.147889
0 0.889190 0.732162 0.083531 0.130713
0 0.408184 0.800021 0.087133 0.141042
0 0.293868 0.312731 0.079430 0.134481
0 0.054255 0.710222 0.081443 0.136824
0 0.822728 0.101949 0.085430 0.129481
0 0.820471 0.023252 0.085411 0.046505
0 0.671474 0.858090 0.076859 0.134199
0 0.563915 0.010859 0.073841 0.021718
0 0.799247 0.893847 0.088177 0.143435
0 0.083680 0.495493 0.078714 0.137431
0 0.221052 0.914343 0.082844 0.156352
0 0.898702 0.586225 0.090935 0.173745
0 0.781978 0.774016 0.088904 0.137181
0 0.846798 0.961708 0.075773 0.076324
0 0.472944 0.473275 0.082164 0.146069
0 0.246410 0.616963 0.094023 0.141778
0 0.517316 0.295005 0.078820 0.146907
0 0.608180 0.791313 0.083568 0.152227
0 0.492207 0.837447 0.085779 0.138884
0 0.879272 0.530509 0.083232 0.137417
0 0.225552 0.483988 0.091724 0.150903
0 0.558203 0.978102 0.095161 0.043796
0 0.343723 0.121361 0.077003 0.125870
0 0.670449 0.330345 0.083367 0.136921
0 0.975220 0.285255 0.049560 0.152380
0 0.594930 0.646528 0.082156 0.141250
0 0.581241 0.903475 0.083982 0.135125
0 0.356664 0.704887 0.086484 0.149338
0 0.338806 0.575924 0.080633 0.130884
0 0.722068 0.177262 0.074766 0.128745
0 0.908312 0.930257 0.076854 0.139486
0 0.701949 0.464074 0.074607 0.129426
0 0.016576 0.942866 0.032953 0.113306
0 0.004659 0.715120 0.009318 0.153574
0 0.183259 0.982324 0.090456 0.035352
0 0.702365 0.798998 0.106568 0.197699
0 0.812103 0.669565 0.090070 0.159898
0 0.352871 0.906694 0.075982 0.157167
0 0.831552 0.457405 0.085943 0.144125
0 0.032044 0.832650 0.064089 0.142069
0 0.306201 0.968046 0.083141 0.063907
0 0.250643 0.021463 0.080646 0.040833
1 0.906065 0.353579 0.085828 0.147639
1 0.541727 0.546549 0.081682 0.139144
1 0.582569 0.241954 0.075279 0.134991
