0 0.044680 0.553464 0.075063 0.091865
0 0.919531 0.493961 0.072422 0.100193
0 0.461711 0.759479 0.067953 0.098854
0 0.907521 0.890654 0.075207 0.089609
0 0.595406 0.287799 0.071906 0.091026
0 0.557455 0.209177 0.078152 0.101365
0 0.716311 0.245255 0.069707 0.095406
0 0.847012 0.941195 0.070836 0.098495
0 0.608820 0.410271 0.070828 0.098510
0 0.371271 0.874612 0.073324 0.096964
0 0.923797 0.089539 0.078750 0.101203
0 0.478971 0.957193 0.069738 0.085615
0 0.391928 0.782068 0.069785 0.095969
0 0.937756 0.626937 0.074848 0.092083
0 0.764467 0.592391 0.076879 0.098490
0 0.618695 0.773378 0.081898 0.097203
0 0.666982 0.423979 0.074645 0.098042
0 0.039453 0.276617 0.073391 0.095432
0 0.862887 0.554214 0.074031 0.099958
0 0.227686 0.074844 0.066457 0.092281
0 0.988277 0.629380 0.023039 0.090156
0 0.666270 0.872552 0.065156 0.095990
0 0.217180 0.978555 0.067219 0.042891
0 0.035924 0.719622 0.071848 0.079943
0 0.015723 0.930154 0.030594 0.086005
0 0.511568 0.829633 0.065512 0.090078
0 0.136279 0.122419 0.068395 0.093797
0 0.274713 0.586560 0.070637 0.083234
0 0.786840 0.024516 0.069430 0.049031
0 0.982943 0.962599 0.034113 0.074656
0 0.033156 0.977201 0.062352 0.045599
0 0.482225 0.672919 0.068738 0.084724
0 0.683006 0.963492 0.073215 0.073016
0 0.343105 0.046799 0.076961 0.089797
0 0.601256 0.865404 0.065457 0.087984
0 0.135590 0.063372 0.070453 0.090911
0 0.349596 0.555656 0.062879 0.087344
0 0.985068 0.719909 0.029863 0.093339
0 0.926232 0.966555 0.074754 0.066891
0 0.833178 0.855862 0.069879 0.075818
0 0.639670 0.953596 0.069176 0.084651
0 0.658975 0.291948 0.060410 0.101406
0 0.042801 0.767221 0.074164 0.088526
0 0.871748 0.119372 0.071207 0.083234
0 0.654254 0.029555 0.077078 0.059047
0 0.014436 0.634352 0.028035 0.099641
0 0.103459 0.374503 0.062543 0.089661
0 0.317584 0.534279 0.066637 0.090359
0 0.704236 0.035042 0.073840 0.070083
0 0.447006 0.118768 0.071949 0.098089
0 0.418031 0.566437 0.073484 0.089188
0 0.176000 0.411672 0.067141 0.076281
0 0.243258 0.426888 0.070688 0.080984
0 0.582555 0.976784 0.070531 0.046432
0 0.239477 0.558388 0.070586 0.100120
0 0.683299 0.333531 0.076090 0.095823
0 0.685242 0.704065 0.080297 0.087005
0 0.345609 0.978893 0.082328 0.042214
0 0.275648 0.030539 0.065344 0.060724
0 0.982539 0.062365 0.034906 0.085542
0 0.398672 0.286911 0.064008 0.074146
0 0.944773 0.018568 0.069625 0.034792
0 0.986812 0.313870 0.025172 0.091198
0 0.122449 0.266839 0.066359 0.086573
1 0.496820 0.625680 0.066953 0.088161
0 0.623682 0.521839 0.072559 0.099281
0 0.219652 0.836938 0.070445 0.086875
0 0.016277 0.018719 0.032313 0.037437
0 0.562770 0.014904 0.058953 0.029734
0 0.857484 0.011091 0.078281 0.022182
0 0.991730 0.238284 0.016273 0.088432
1 0.318730 0.184122 0.066344 0.097151
0 0.010957 0.163414 0.020852 0.093089
0 0.342885 0.012120 0.073637 0.024240
1 0.934670 0.727628 0.070809 0.088422
1 0.285213 0.675487 0.073191 0.100599
0 0.844789 0.286940 0.073406 0.094255
0 0.699932 0.507878 0.075348 0.079828
0 0.852016 0.173404 0.067008 0.092995
0 0.659975 0.659052 0.070973 0.079854
0 0.790402 0.699372 0.073234 0.087943
1 0.448953 0.484409 0.072602 0.091693
0 0.949539 0.790396 0.072133 0.093021
0 0.150211 0.785320 0.070758 0.095151
0 0.554992 0.556010 0.071281 0.099031
0 0.607412 0.188935 0.073449 0.100161
0 0.554119 0.364461 0.057355 0.101755
0 0.748879 0.355935 0.066516 0.102026
0 0.750277 0.904096 0.064305 0.090120
0 0.412906 0.958651 0.067203 0.082698
0 0.724629 0.114518 0.069086 0.089807
0 0.786393 0.234680 0.072543 0.087151
0 0.059033 0.642164 0.060387 0.090547
0 0.803006 0.417990 0.072262 0.084292
0 0.311898 0.448786 0.068781 0.077073
0 0.532186 0.872935 0.073957 0.098391
0 0.412346 0.365940 0.068051 0.083203
0 0.121779 0.647065 0.072879 0.109984
0 0.386340 0.214117 0.073781 0.090620
0 0.257564 0.136513 0.069738 0.090526
0 0.467779 0.066867 0.070246 0.095766
0 0.676111 0.577878 0.069777 0.081234
0 0.187119 0.498755 0.070629 0.103885
0 0.947664 0.265594 0.069680 0.086990
0 0.818945 0.337107 0.076148 0.089932
0 0.398523 0.461742 0.072602 0.092870
0 0.271176 0.334206 0.068586 0.091797
0 0.590027 0.045323 0.062445 0.087219
0 0.239430 0.662466 0.072758 0.092193
0 0.030316 0.073461 0.060633 0.083359
0 0.201563 0.305906 0.073148 0.080854
0 0.348650 0.103328 0.069613 0.088594
0 0.503705 0.306422 0.069152 0.098188
0 0.784102 0.146396 0.063383 0.091771
0 0.525002 0.116648 0.069262 0.091943
0 0.336924 0.366930 0.074113 0.096943
0 0.455787 0.870536 0.058934 0.087979
0 0.300014 0.793805 0.079254 0.096203
0 0.352672 0.657523 0.069281 0.088276
0 0.703934 0.763081 0.073906 0.093349
0 0.022900 0.844461 0.045801 0.099193
0 0.329035 0.738997 0.084109 0.080995
0 0.167334 0.615591 0.071840 0.089474
0 0.991771 0.818409 0.016457 0.093370
0 0.841865 0.485536 0.075551 0.095844
0 0.908656 0.357531 0.074320 0.090010
0 0.965314 0.432729 0.069371 0.082448
0 0.287795 0.862333 0.071207 0.106823
0 0.863111 0.747292 0.070996 0.093719
0 0.527479 0.745219 0.064730 0.090208
0 0.112596 0.517724 0.078777 0.101229
0 0.852709 0.645794 0.078270 0.083953
0 0.521969 0.477630 0.071008 0.087906
0 0.080758 0.031383 0.070438 0.061849
0 0.265178 0.239185 0.078223 0.091297
0 0.881572 0.029268 0.058020 0.056370
0 0.744838 0.988060 0.073645 0.021734
0 0.496523 0.014323 0.072469 0.028646
0 0.080176 0.850312 0.072859 0.087625
0 0.036621 0.373305 0.073242 0.100714
0 0.949535 0.178659 0.077508 0.086026
0 0.198410 0.897724 0.075922 0.095927
0 0.193143 0.159326 0.065941 0.093651
0 0.109051 0.181581 0.064812 0.092849
0 0.415570 0.625286 0.066578 0.089885
0 0.738451 0.443758 0.067863 0.074745
0 0.462350 0.308240 0.063027 0.092625
0 0.164236 0.331997 0.070270 0.088495
0 0.787824 0.959370 0.061062 0.081260
0 0.089824 0.949971 0.074383 0.096891
0 0.651678 0.119789 0.073879 0.090286
0 0.208117 0.739201 0.065617 0.089151
0 0.785762 0.788628 0.071695 0.088870
0 0.466451 0.396289 0.076223 0.082214
0 0.858623 0.818289 0.073660 0.087839
0 0.557242 0.672229 0.070156 0.102990
0 0.146555 0.985404 0.069781 0.028974
0 0.167750 0.007781 0.076875 0.015562
0 0.149809 0.916797 0.073078 0.091354
0 0.739010 0.641279 0.067855 0.088911
0 0.052510 0.160375 0.059918 0.100594
0 0.702346 0.858294 0.072324 0.093172
